yellow 243.302 249.4422 16.25866 (0.3218627,5,0.7) (0.3218627,1.987289,0.7)
blue 243.302 249.8533 11.2869 (-0.06857312,5,0.7) (-0.06857312,0.07567163,0.7)
yellow 244.8002 250.0089 13.76981 (-0.09718692,5,0.7) (-0.09718692,1.892567,0.7)
yellow 243.8018 250.6644 14.91615 (-0.6447942,5,0.7) (-0.6447942,1.263132,0.7)
purple 243.8018 250.8089 11.98861 (-0.6881695,5,0.7) (-0.6881695,0.07845834,0.7)
yellow 244.3008 251.0978 15.02807 (-0.5869675,5,0.7) (-0.5869675,1.332437,0.7)
blue 243.8018 251.2422 15.73523 (-0.6561556,5,0.7) (-0.6561556,1.197249,0.7)
yellow 245.2981 252.0422 14.59384 (0.4909086,5,0.7) (0.4909086,1.233845,0.7)
blue 244.8002 252.7533 13.39915 (0.8231936,5,0.7) (0.8231936,0.08221692,0.7)
yellow 246.3082 252.7867 15.14142 (0.7969809,5,0.7) (0.7969809,1.532814,0.7)
yellow 245.8082 252.8533 16.00488 (0.9557755,5,0.7) (0.9557755,1.470326,0.7)
purple 245.2981 253.2311 13.36204 (-0.1385368,5,0.7) (-0.1385368,0.08015752,0.7)
purple 244.3008 253.9978 15.85573 (-0.9370365,5,0.7) (-0.9370365,0.08234015,0.7)
yellow 246.8077 254.0867 14.20834 (-0.2560662,5,0.7) (-0.2560662,0.796402,0.7)
blue 247.3054 254.1978 11.8167 (0.6149633,5,0.7) (0.6149633,0.07689052,0.7)
purple 247.3054 254.3867 12.10393 (-0.1405355,5,0.7) (-0.1405355,0.07745442,0.7)
purple 243.302 254.4533 17.78534 (0.5963085,5,0.7) (0.5963085,0.0827218,0.7)
yellow 247.3054 255.5756 16.93125 (-0.0294193,5,0.7) (-0.0294193,1.128707,0.7)
blue 246.3082 255.6089 18.79844 (0.03114259,5,0.7) (0.03114259,1.173298,0.7)
blue 249.8012 255.8422 10.48897 (0.311584,5,0.7) (0.311584,0.07525536,0.7)
purple 244.8002 256.0978 17.96509 (-0.8016295,5,0.7) (-0.8016295,0.08075874,0.7)
blue 244.3008 256.4422 19.03985 (-0.6267214,5,0.7) (-0.6267214,0.0833071,0.7)
yellow 248.8039 256.6089 13.17945 (0.7233088,5,0.7) (0.7233088,0.07842588,0.7)
blue 251.8082 256.7756 10.14942 (-0.7270839,5,0.7) (-0.7270839,0.806241,0.7)
yellow 248.3048 256.7756 16.19904 (-0.7490015,5,0.7) (-0.7490015,0.8151509,0.7)
yellow 249.8012 256.7867 13.83013 (-0.755456,5,0.7) (-0.755456,0.8411784,0.7)
yellow 247.8063 256.82 14.90971 (-0.808321,5,0.7) (-0.808321,0.0778883,0.7)
blue 245.2981 256.9644 18.44118 (0.1036354,5,0.7) (0.1036354,0.08370134,0.7)
purple 246.8077 257.3311 16.97036 (0.7128789,5,0.7) (0.7128789,0.08161107,0.7)
purple 245.8082 257.7089 18.74968 (0.468486,5,0.7) (0.468486,0.08373415,0.7)
yellow 249.3022 257.7311 14.07632 (0.8984296,5,0.7) (0.8984296,0.07715078,0.7)
blue 246.8077 257.7533 17.53293 (0.9456484,5,0.7) (0.9456484,0.08497329,0.7)
blue 245.8082 257.8422 18.91478 (0.1407365,5,0.7) (0.1407365,0.08320375,0.7)
purple 246.3082 258.0756 18.5759 (-0.573458,5,0.7) (-0.573458,0.08174938,0.7)
purple 251.8082 258.3533 11.28217 (-0.1562554,5,0.7) (-0.1562554,0.07340103,0.7)
purple 248.8039 258.3644 15.67803 (0.9552495,5,0.7) (0.9552495,0.08397055,0.7)
yellow 250.8002 258.4422 16.52057 (0.04770911,5,0.7) (0.04770911,1.31784,0.7)
blue 247.8063 258.5645 17.27736 (0.4687423,5,0.7) (0.4687423,0.08177342,0.7)
yellow 251.8082 259.0756 16.57455 (-0.105317,5,0.7) (-0.105317,1.509557,0.7)
yellow 252.2985 259.6867 14.90204 (-0.7103534,5,0.7) (-0.7103534,0.9720511,0.7)
yellow 251.2996 259.6978 16.46331 (-0.615238,5,0.7) (-0.615238,0.9344214,0.7)
blue 252.2985 259.7089 12.5856 (-0.7246461,5,0.7) (-0.7246461,0.07692993,0.7)
yellow 250.3022 259.8867 15.70014 (-0.924226,5,0.7) (-0.924226,0.0808036,0.7)
blue 250.3022 260.02 15.87801 (0.6177783,5,0.7) (0.6177783,0.07939903,0.7)
purple 252.2985 260.1089 13.18798 (0.002012849,5,0.7) (0.002012849,0.08211565,0.7)
yellow 252.8085 260.2422 15.94644 (-0.1302968,5,0.7) (-0.1302968,1.257843,0.7)
purple 249.3022 260.2645 17.53522 (-0.7786372,5,0.7) (-0.7786372,0.08082478,0.7)
blue 248.3048 260.2867 18.85169 (-0.3059646,5,0.7) (-0.3059646,0.08523516,0.7)
purple 248.3048 260.3755 18.95196 (0.9061239,5,0.7) (0.9061239,0.0817344,0.7)
blue 252.8085 260.5311 13.07124 (0.2888245,5,0.7) (0.2888245,0.08101684,0.7)
purple 247.8063 260.5533 19.7875 (-0.5379629,5,0.7) (-0.5379629,0.08181709,0.7)
blue 248.8039 260.6089 18.61459 (-0.2614962,5,0.7) (-0.2614962,0.08076501,0.7)
blue 249.3022 260.82 18.26084 (-0.9922755,5,0.7) (-0.9922755,0.0847274,0.7)
purple 249.8012 260.92 17.7416 (0.6158433,5,0.7) (0.6158433,0.08255267,0.7)
purple 252.8085 261.1089 13.908 (-0.3433279,5,0.7) (-0.3433279,0.07990837,0.7)
blue 251.2996 261.2089 16.14668 (0.8303294,5,0.7) (0.8303294,0.08413869,0.7)
purple 250.8002 261.4089 17.07629 (-0.2829734,5,0.7) (-0.2829734,0.08284671,0.7)
purple 251.2996 262.1311 17.3688 (0.7862692,5,0.7) (0.7862692,0.08329997,0.7)
purple 250.3022 262.6645 19.32049 (-0.9649737,5,0.7) (-0.9649737,0.08497326,0.7)
blue 250.8002 263.0089 19.12754 (-0.9147356,5,0.7) (-0.9147356,0.08485977,0.7)
0
yellow 272.4932 277.6534 13.99877 (0.5642982,5,0.7) (0.5642982,1.978189,0.7)
yellow 272.9917 277.6978 13.05416 (0.6847084,5,0.7) (0.6847084,2.015257,0.7)
yellow 273.99 279.1756 13.08119 (-0.7746696,5,0.7) (-0.7746696,1.716115,0.7)
blue 272.9917 279.2311 10.80993 (0.7752566,5,0.7) (0.7752566,0.07879496,0.7)
yellow 273.4909 279.5311 15.41199 (-0.9571905,5,0.7) (-0.9571905,1.839827,0.7)
yellow 274.4901 280.6645 14.79019 (-0.337001,5,0.7) (-0.337001,1.607115,0.7)
blue 273.99 280.82 15.24359 (-0.336733,5,0.7) (-0.336733,1.376347,0.7)
purple 274.9882 281.0978 10.59561 (0.1556484,5,0.7) (0.1556484,0.0761403,0.7)
blue 273.4909 281.2422 13.10685 (0.6842384,5,0.7) (0.6842384,0.08229002,0.7)
blue 272.4932 281.3422 14.67883 (0.103017,5,0.7) (0.103017,0.07887059,0.7)
purple 272.4932 281.5533 14.97382 (0.3269684,5,0.7) (0.3269684,0.07871932,0.7)
purple 273.99 281.72 13.0677 (0.1032027,5,0.7) (0.1032027,0.07942595,0.7)
yellow 275.9966 281.7422 13.3349 (0.195793,5,0.7) (0.195793,1.433223,0.7)
yellow 275.4973 281.8867 13.77585 (0.4019828,5,0.7) (0.4019828,1.177146,0.7)
yellow 274.9882 282.2978 16.06394 (0.5685577,5,0.7) (0.5685577,1.357811,0.7)
purple 275.4973 282.3644 11.78878 (0.7128165,5,0.7) (0.7128165,0.07966723,0.7)
blue 275.9966 282.7978 11.69131 (-0.7974215,5,0.7) (-0.7974215,0.08167002,0.7)
purple 275.9966 283.0978 12.14551 (-0.2274019,5,0.7) (-0.2274019,0.0811955,0.7)
purple 276.4867 283.1978 11.53262 (0.8620169,5,0.7) (0.8620169,0.078933,0.7)
yellow 276.4867 283.3533 16.23658 (-0.2172109,5,0.7) (-0.2172109,1.624636,0.7)
purple 273.4909 283.3755 16.10696 (-0.4629384,5,0.7) (-0.4629384,0.08054496,0.7)
blue 275.4973 283.4089 13.34634 (-0.2041024,5,0.7) (-0.2041024,0.08037454,0.7)
purple 276.9968 284.1534 12.22089 (0.7828407,5,0.7) (0.7828407,0.07735851,0.7)
yellow 276.9968 284.1756 16.12557 (0.628222,5,0.7) (0.628222,1.435659,0.7)
yellow 277.9929 284.1756 14.43576 (0.616257,5,0.7) (0.616257,1.502051,0.7)
blue 276.9968 284.1867 12.28007 (-0.08057082,5,0.7) (-0.08057082,0.08152671,0.7)
yellow 277.4948 284.6645 16.43919 (0.9369426,5,0.7) (0.9369426,1.523305,0.7)
blue 278.9914 284.8422 10.18655 (-0.7375705,5,0.7) (-0.7375705,0.07349911,0.7)
yellow 279.4907 284.9422 13.5189 (0.5611022,5,0.7) (0.5611022,1.674591,0.7)
yellow 278.4923 285.0311 16.07441 (0.5000653,5,0.7) (0.5000653,1.744935,0.7)
blue 279.4907 285.2422 10.0281 (0.370934,5,0.7) (0.370934,0.07400246,0.7)
purple 274.4901 285.3644 17.4312 (-0.4110376,5,0.7) (-0.4110376,0.08480814,0.7)
purple 272.9917 285.4422 19.42864 (0.03863966,5,0.7) (0.03863966,0.08453293,0.7)
blue 274.9882 285.4867 16.92379 (-0.2362136,5,0.7) (-0.2362136,0.08071525,0.7)
purple 277.9929 285.9311 13.37116 (0.1587759,5,0.7) (0.1587759,0.07710595,0.7)
yellow 278.9914 286.2756 14.27331 (-0.7600257,5,0.7) (-0.7600257,0.8189335,0.7)
blue 277.4948 286.2978 16.69572 (-0.8028898,5,0.7) (-0.8028898,0.8065705,0.7)
blue 276.4867 286.42 16.17148 (-0.6980603,5,0.7) (-0.6980603,0.08220075,0.7)
purple 279.4907 286.6978 12.28482 (-0.6846793,5,0.7) (-0.6846793,0.07607941,0.7)
blue 279.9906 287.0311 12.03571 (-0.0393976,5,0.7) (-0.0393976,0.07693563,0.7)
blue 274.4901 287.22 19.77059 (0.9319046,5,0.7) (0.9319046,0.08510433,0.7)
yellow 281.4879 287.5533 13.98889 (-0.0931164,5,0.7) (-0.0931164,1.442626,0.7)
purple 279.9906 287.5645 12.84295 (0.9351587,5,0.7) (0.9351587,0.08144329,0.7)
yellow 281.987 287.6311 13.60881 (0.05203688,5,0.7) (0.05203688,1.584554,0.7)
purple 281.4879 287.6422 10.66926 (-0.4769129,5,0.7) (-0.4769129,0.07811806,0.7)
purple 277.4948 287.7867 16.6628 (0.3238976,5,0.7) (0.3238976,0.08217814,0.7)
purple 278.9914 287.8311 14.66445 (-0.4780508,5,0.7) (-0.4780508,0.07941937,0.7)
purple 280.9972 288.0089 12.01299 (-0.02457201,5,0.7) (-0.02457201,0.08201052,0.7)
blue 280.9972 288.52 12.77115 (-0.5537403,5,0.7) (-0.5537403,0.07878888,0.7)
yellow 280.4877 288.5756 15.64417 (-0.8758368,5,0.7) (-0.8758368,0.8367208,0.7)
yellow 280.9972 288.5867 14.49207 (-0.8780868,5,0.7) (-0.8780868,0.7166626,0.7)
blue 281.987 288.9756 11.95938 (0.636251,5,0.7) (0.636251,0.08052506,0.7)
blue 277.9929 289.2089 17.86865 (0.9955888,5,0.7) (0.9955888,0.08184838,0.7)
purple 280.4877 289.4644 14.85184 (-0.5450997,5,0.7) (-0.5450997,0.07955274,0.7)
yellow 279.9906 289.5756 15.69787 (-0.6230459,5,0.7) (-0.6230459,0.07996345,0.7)
purple 278.4923 289.8644 18.07415 (-0.3077348,5,0.7) (-0.3077348,0.08392712,0.7)
blue 278.4923 290.3867 18.73735 (0.002369523,5,0.7) (0.002369523,0.08428016,0.7)
blue 280.4877 291.7645 17.93636 (-0.4666003,5,0.7) (-0.4666003,0.08062957,0.7)
blue 281.4879 292.8089 17.99353 (-0.2518991,5,0.7) (-0.2518991,0.08072338,0.7)
purple 281.987 293.3422 18.04725 (-0.5283689,5,0.7) (-0.5283689,0.08441849,0.7)
0
yellow 301.8949 307.82 15.49389 (-0.8595695,5,0.7) (-0.8595695,1.918038,0.7)
purple 303.3916 309.2089 10.12944 (0.9254856,5,0.7) (0.9254856,0.07129966,0.7)
blue 302.8906 309.52 11.40418 (0.08565128,5,0.7) (0.08565128,0.07449847,0.7)
yellow 302.3925 309.6978 15.4518 (0.5981197,5,0.7) (0.5981197,1.183411,0.7)
blue 303.8907 309.8867 12.68487 (0.5115693,5,0.7) (0.5115693,1.058781,0.7)
yellow 302.8906 310.3089 16.15657 (0.5874977,5,0.7) (0.5874977,1.32765,0.7)
blue 301.8949 310.3755 14.16 (0.8150287,5,0.7) (0.8150287,0.07896402,0.7)
purple 304.3887 310.6978 10.9188 (-0.5925152,5,0.7) (-0.5925152,0.08122486,0.7)
purple 302.8906 311.3755 14.15558 (0.08632815,5,0.7) (0.08632815,0.07716638,0.7)
yellow 304.8878 311.4422 15.39734 (-0.3176035,5,0.7) (-0.3176035,1.566322,0.7)
yellow 303.8907 311.5422 16.42703 (-0.7251546,5,0.7) (-0.7251546,1.286947,0.7)
yellow 304.3887 311.72 14.08651 (-0.9223502,5,0.7) (-0.9223502,0.7274992,0.7)
purple 302.3925 311.7756 16.7596 (-0.8423016,5,0.7) (-0.8423016,0.5508755,0.7)
yellow 303.3916 311.7756 15.23943 (-0.966537,5,0.7) (-0.966537,0.543396,0.7)
purple 304.8878 312.5867 13.0173 (0.2822454,5,0.7) (0.2822454,0.07884374,0.7)
blue 305.387 312.92 12.77722 (-0.2108394,5,0.7) (-0.2108394,0.08147998,0.7)
blue 302.3925 313.1089 17.21881 (0.7061257,5,0.7) (0.7061257,0.08163756,0.7)
blue 304.3887 313.1534 14.55355 (0.5905256,5,0.7) (0.5905256,0.0788095,0.7)
purple 306.3962 313.4867 12.12749 (0.98121,5,0.7) (0.98121,0.08060074,0.7)
purple 301.8949 313.5311 18.41514 (0.397237,5,0.7) (0.397237,0.08445704,0.7)
purple 306.8954 313.6311 11.57291 (0.7709086,5,0.7) (0.7709086,0.07373684,0.7)
blue 308.3932 314.1311 10.00841 (0.9697685,5,0.7) (0.9697685,0.07293586,0.7)
purple 305.8971 314.3978 14.20113 (-0.4406186,5,0.7) (-0.4406186,0.08282939,0.7)
blue 305.8971 314.3978 14.20282 (0.05775869,5,0.7) (0.05775869,0.08347103,0.7)
yellow 306.3962 314.4311 13.52045 (-0.5083103,5,0.7) (-0.5083103,0.07882792,0.7)
blue 307.3957 314.5978 12.28223 (-0.7550287,5,0.7) (-0.7550287,0.07487907,0.7)
yellow 305.8971 314.8533 14.83518 (-0.4876531,5,0.7) (-0.4876531,0.07912582,0.7)
blue 308.897 314.9644 10.54067 (0.7972691,5,0.7) (0.7972691,0.07483844,0.7)
yellow 306.8954 315.2533 13.98442 (0.7584875,5,0.7) (0.7584875,0.07859248,0.7)
purple 303.8907 315.4311 18.28181 (-0.2621275,5,0.7) (-0.2621275,0.08218759,0.7)
blue 304.8878 315.5756 17.18151 (0.2094561,5,0.7) (0.2094561,0.083862,0.7)
yellow 305.387 315.7311 16.72509 (-0.02684176,5,0.7) (-0.02684176,0.08331344,0.7)
yellow 307.3957 315.7533 13.98274 (-0.3794242,5,0.7) (-0.3794242,0.07790528,0.7)
blue 303.3916 315.9089 19.50275 (0.8771002,5,0.7) (0.8771002,0.08199549,0.7)
purple 309.3969 316.0533 11.46228 (-0.8599408,5,0.7) (-0.8599408,0.07783127,0.7)
purple 305.387 316.8311 18.15579 (0.6936641,5,0.7) (0.6936641,0.0826962,0.7)
purple 307.8945 316.8755 14.86354 (-0.1331192,5,0.7) (-0.1331192,0.07802708,0.7)
blue 306.3962 317.3422 17.5296 (-0.755137,5,0.7) (-0.755137,0.08384639,0.7)
yellow 308.3932 317.6756 15.29436 (0.8573723,5,0.7) (0.8573723,0.08340532,0.7)
purple 309.8868 317.7867 13.31179 (0.8845282,5,0.7) (0.8845282,0.07947979,0.7)
yellow 307.8945 318.3978 16.94569 (-0.1130165,5,0.7) (-0.1130165,0.08324981,0.7)
blue 311.3877 318.6978 12.44681 (-0.237825,5,0.7) (-0.237825,0.08164923,0.7)
yellow 308.897 318.8422 16.20483 (-0.03163326,5,0.7) (-0.03163326,0.08343869,0.7)
yellow 309.3969 319.0533 15.81289 (0.29128,5,0.7) (0.29128,0.08332309,0.7)
blue 306.8954 319.2533 19.31327 (-0.149762,5,0.7) (-0.149762,0.08265074,0.7)
yellow 310.3874 319.5311 15.09375 (-0.06908095,5,0.7) (-0.06908095,0.0832041,0.7)
yellow 309.8868 319.5756 15.8416 (0.6269641,5,0.7) (0.6269641,0.08269364,0.7)
purple 308.897 319.6645 17.28927 (-0.01470172,5,0.7) (-0.01470172,0.08083987,0.7)
yellow 310.8873 319.72 14.64459 (-0.2704042,5,0.7) (-0.2704042,0.07767588,0.7)
purple 307.3957 319.7756 19.34303 (0.4848969,5,0.7) (0.4848969,0.08334808,0.7)
purple 308.3932 319.7867 18.10323 (0.2470518,5,0.7) (0.2470518,0.08417469,0.7)
blue 309.3969 320.0089 17.08678 (-0.6907389,5,0.7) (-0.6907389,0.08133822,0.7)
yellow 311.3877 320.1311 14.53267 (-0.4042674,5,0.7) (-0.4042674,0.08304851,0.7)
blue 310.8873 320.2867 15.44377 (-0.5951335,5,0.7) (-0.5951335,0.08185892,0.7)
blue 307.8945 320.7867 19.96959 (-0.7074981,5,0.7) (-0.7074981,0.08390856,0.7)
blue 309.8868 320.8422 17.52111 (0.9976439,5,0.7) (0.9976439,0.08089999,0.7)
blue 310.3874 321.9644 18.32786 (0.4076447,5,0.7) (0.4076447,0.08349497,0.7)
purple 311.3877 322.2978 17.46909 (-0.2729014,5,0.7) (-0.2729014,0.08294136,0.7)
purple 310.3874 322.6756 19.21448 (-0.6854782,5,0.7) (-0.6854782,0.08176562,0.7)
purple 310.8873 323.7422 19.92041 (0.70433,5,0.7) (0.70433,0.08537285,0.7)
0
yellow 331.6169 337.32 14.51163 (-0.9228015,5,0.7) (-0.9228015,1.794498,0.7)
yellow 332.1154 338.42 13.95831 (0.2041105,5,0.7) (0.2041105,1.288377,0.7)
purple 331.6169 338.4533 11.73636 (-0.1667522,5,0.7) (-0.1667522,0.07889423,0.7)
blue 333.1122 338.8644 10.03972 (0.3498134,5,0.7) (0.3498134,0.08032393,0.7)
purple 333.1122 339.0645 10.34671 (0.2064468,5,0.7) (0.2064468,0.07431845,0.7)
yellow 333.6129 339.4644 13.24716 (-0.7939668,5,0.7) (-0.7939668,1.342641,0.7)
yellow 334.1122 339.6089 13.16572 (-0.6637001,5,0.7) (-0.6637001,1.542609,0.7)
purple 332.1154 340.0089 13.31266 (0.1907648,5,0.7) (0.1907648,0.07982399,0.7)
blue 334.1122 340.3867 10.86175 (0.6869071,5,0.7) (0.6869071,0.07867551,0.7)
yellow 332.6136 340.4533 16.76998 (0.1264116,5,0.7) (0.1264116,1.289341,0.7)
purple 333.6129 340.6867 12.08557 (0.5452359,5,0.7) (0.5452359,0.07669991,0.7)
blue 331.6169 341.0089 15.43632 (-0.8161471,5,0.7) (-0.8161471,0.07902843,0.7)
blue 332.1154 341.0867 14.85624 (-0.7799592,5,0.7) (-0.7799592,0.08124667,0.7)
blue 335.6194 341.3533 10.00549 (0.2110142,5,0.7) (0.2110142,0.0713581,0.7)
yellow 333.1122 341.4756 16.95653 (-0.1076936,5,0.7) (-0.1076936,1.094017,0.7)
yellow 334.6114 341.92 13.70929 (-0.525779,5,0.7) (-0.525779,0.6028096,0.7)
yellow 335.1104 342.8644 13.10661 (0.884717,5,0.7) (0.884717,0.08215919,0.7)
blue 335.1104 342.9978 13.28864 (0.947511,5,0.7) (0.947511,0.07647467,0.7)
yellow 336.6182 343.0533 13.27836 (0.2246429,5,0.7) (0.2246429,0.9817374,0.7)
purple 332.6136 343.2422 17.10332 (-0.09843385,5,0.7) (-0.09843385,0.0820398,0.7)
yellow 335.6194 343.4867 16.28714 (0.1258858,5,0.7) (0.1258858,1.138604,0.7)
purple 335.1104 343.8089 14.46964 (0.8533483,5,0.7) (0.8533483,0.08294492,0.7)
blue 332.6136 343.9422 18.01364 (-0.7339208,5,0.7) (-0.7339208,0.08265651,0.7)
yellow 336.1196 344.3311 15.7529 (-0.6339152,5,0.7) (-0.6339152,0.8028176,0.7)
purple 338.6108 344.4644 10.18791 (-0.1461834,5,0.7) (-0.1461834,0.07422839,0.7)
purple 334.1122 344.7978 17.17711 (-0.1888136,5,0.7) (-0.1888136,0.08230884,0.7)
yellow 338.1149 344.9978 14.31857 (-0.2245349,5,0.7) (-0.2245349,1.064985,0.7)
blue 338.6108 345.0756 11.16103 (0.9222834,5,0.7) (0.9222834,0.08142987,0.7)
blue 334.6114 345.4756 17.41439 (0.02925146,5,0.7) (0.02925146,0.08401461,0.7)
blue 333.6129 345.5311 18.75552 (-0.5334313,5,0.7) (-0.5334313,0.08111362,0.7)
yellow 337.6139 345.5533 16.51551 (0.1944977,5,0.7) (0.1944977,1.171028,0.7)
blue 336.6182 345.7756 15.12395 (-0.003856778,5,0.7) (-0.003856778,0.08297026,0.7)
blue 337.6139 345.7978 13.73251 (-0.6481276,5,0.7) (-0.6481276,0.08009849,0.7)
blue 339.109 346.2422 12.17489 (-0.8834772,5,0.7) (-0.8834772,0.07929866,0.7)
purple 336.1196 346.6645 17.00275 (-0.2382468,5,0.7) (-0.2382468,0.0826826,0.7)
yellow 338.6108 346.7756 15.10928 (0.6789916,5,0.7) (0.6789916,0.6175877,0.7)
purple 334.6114 346.7867 19.08735 (0.8789351,5,0.7) (0.8789351,0.08532341,0.7)
blue 336.1196 346.8089 17.18979 (0.8495929,5,0.7) (0.8495929,0.08170344,0.7)
yellow 337.12 346.9756 16.83533 (0.5384583,4.999015,0.7) (0.5384583,0.3490297,0.7)
blue 340.6116 346.9867 11.01477 (0.7021084,5,0.7) (0.7021084,0.0772813,0.7)
purple 340.1122 347.4311 12.461 (0.2387587,5,0.7) (0.2387587,0.08054896,0.7)
yellow 339.109 347.5645 14.11248 (-0.5295269,5,0.7) (-0.5295269,0.07893786,0.7)
blue 337.12 347.6311 16.9582 (-0.1488899,4.999017,0.7) (-0.1488899,0.08249303,0.7)
purple 335.6194 347.8089 19.1147 (0.82795,5,0.7) (0.82795,0.08518108,0.7)
yellow 339.613 348.32 16.29813 (-0.3384515,5,0.7) (-0.3384515,0.7309641,0.7)
yellow 340.1122 348.3978 15.14406 (-0.2241148,5,0.7) (-0.2241148,0.5637233,0.7)
purple 337.6139 349.0645 18.1709 (0.9821169,5,0.7) (0.9821169,0.08305664,0.7)
yellow 340.6116 349.0978 14.1556 (0.778511,5,0.7) (0.778511,0.07716672,0.7)
yellow 341.1104 349.3311 14.76064 (0.3220367,5,0.7) (0.3220367,0.4631477,0.7)
purple 337.12 349.3422 19.14794 (0.3848538,4.999046,0.7) (0.3848538,0.08260101,0.7)
purple 336.6182 349.4422 19.88756 (-0.49255,5,0.7) (-0.49255,0.08360751,0.7)
blue 339.613 349.4978 17.2121 (0.2882495,5,0.7) (0.2882495,0.4633709,0.7)
blue 340.1122 349.4978 15.42786 (-0.1557802,5,0.7) (-0.1557802,0.08160086,0.7)
purple 339.109 350.2089 17.71718 (-0.705792,5,0.7) (-0.705792,0.08396363,0.7)
blue 338.1149 350.3422 19.14933 (0.6679418,5,0.7) (0.6679418,0.08299951,0.7)
blue 341.1104 350.3644 15.24611 (-0.1020597,5,0.7) (-0.1020597,0.0825558,0.7)
purple 338.1149 350.3644 19.17877 (-0.9414239,5,0.7) (-0.9414239,0.08361673,0.7)
purple 341.1104 351.6978 17.04944 (0.0005537271,5,0.7) (0.0005537271,0.08365819,0.7)
purple 339.613 352.1422 19.51821 (0.7133756,5,0.7) (0.7133756,0.08259462,0.7)
purple 340.6116 352.9089 19.2365 (0.7573407,5,0.7) (0.7573407,0.08454825,0.7)
0
