110.689836099906 (0.0373270511627197,0.787734568119049,-0.776727080345154) (0,0,0) (357.7397,182.6599,7.053686) (0.1573797,1.228985,-0.618031) (306.7428,169.7474,6.01083)
1.47926786581537 (0.0437545478343964,0.80102413892746,-0.777674674987793) (0.03732705,0.7877346,-0.7767271) (356.4918,180.9499,6.545333) (0.1612023,1.258499,-0.6033912) (305.7678,167.8943,5.607107)
4.24290605490734 (0.0550442673265934,0.841174960136414,-0.769885003566742) (0.04375455,0.8010241,-0.7776747) (353.0375,178.8881,3.291338) (0.1624745,1.315495,-0.5781631) (300.8352,164.5501,5.362697)
5.88446303753042 (0.0598764233291149,0.898112893104553,-0.755834639072418) (0.05504427,0.841175,-0.769885) (346.1675,176.1358,358.4685) (0.1524817,1.384969,-0.5378948) (295.4069,161.3406,4.869714)
7.56989913574939 (0.0613272190093994,0.967208981513977,-0.724948346614838) (0.05987642,0.8981129,-0.7558346) (336.7219,171.6146,351.5352) (0.1408437,1.430012,-0.4802344) (294.1413,148.9907,10.58033)
7.06693438197173 (0.0695178806781769,1.01340520381927,-0.672099709510803) (0.06132722,0.967209,-0.7249483) (326.665,168.0296,348.1215) (0.1206498,1.45897,-0.4108824) (294.1249,142.0287,8.790355)
6.88231461665906 (0.0881262645125389,1.0422180891037,-0.612432539463043) (0.06951788,1.013405,-0.6720997) (319.5909,162.0814,345.5718) (0.09104764,1.472368,-0.3380521) (294.3701,136.542,2.139558)
7.74202526455884 (0.113161809742451,1.06337261199951,-0.542292654514313) (0.08812626,1.042218,-0.6124325) (314.1803,152.4911,344.3848) (0.06551398,1.489982,-0.2747392) (288.8046,119.2008,3.94168)
8.26487645515308 (0.14648163318634,1.07886731624603,-0.468262106180191) (0.1131618,1.063373,-0.5422927) (312.1938,142.0931,343.7264) (0.034425,1.501715,-0.2242399) (286.4997,105.9228,5.919159)
7.85590292782061 (0.171273410320282,1.10154271125793,-0.397250026464462) (0.1464816,1.078867,-0.4682621) (313.5294,133.1904,342.5693) (0.01102618,1.530664,-0.1707433) (280.7704,110.7192,348.8975)
8.44066851339722 (0.18606036901474,1.13013327121735,-0.31922173500061) (0.1712734,1.101543,-0.39725) (314.2515,126.4584,339.5548) (-0.01732362,1.54489,-0.1239675) (279.6927,90.68122,0.277262)
8.0571127043846 (0.176903411746025,1.14401924610138,-0.240386232733727) (0.1860604,1.130133,-0.3192217) (314.394,117.3466,335.8924) (-0.05890795,1.549988,-0.07892259) (299.8051,86.51678,355.6425)
9.58766128983282 (0.118433997035027,1.14078605175018,-0.164470493793488) (0.1769034,1.144019,-0.2403862) (312.0349,104.832,337.6852) (-0.08116436,1.555282,-0.03695963) (299.2055,75.75298,358.3651)
6.72902553430081 (0.0845663323998451,1.14371800422668,-0.106398440897465) (0.118434,1.140786,-0.1644705) (310.5268,96.73897,334.82) (-0.1100904,1.560746,0.006580693) (307.941,68.38381,358.0117)
6.96415268106033 (0.046444658190012,1.15253472328186,-0.0487881489098072) (0.08456633,1.143718,-0.1063984) (309.2891,87.74074,332.9903) (-0.1421028,1.56677,0.04856923) (317.2886,60.1564,356.5168)
7.47338123643018 (-0.00247970037162304,1.16430234909058,0.00646647112444043) (0.04644466,1.152535,-0.04878815) (306.9171,79.48666,331.9598) (-0.1745453,1.569162,0.08876665) (329.096,50.74538,354.2694)
6.62585351805393 (-0.0483964569866657,1.18184340000153,0.0508979484438896) (-0.0024797,1.164302,0.006466471) (306.0065,75.88261,327.2938) (-0.1984574,1.569232,0.1299894) (334.0777,38.23324,355.9775)
6.03156665385872 (-0.0580303072929382,1.18412327766418,0.110395602881908) (-0.04839646,1.181843,0.05089795) (308.7113,72.85574,320.6533) (-0.2129912,1.573648,0.1647744) (332.7369,29.61727,354.8533)
5.62793386017056 (-0.0657327100634575,1.18432450294495,0.166145011782646) (-0.05803031,1.184123,0.1103956) (310.3828,62.64902,320.0946) (-0.2207927,1.582006,0.184887) (326.9826,24.7862,351.9168)
5.02398744819323 (-0.0731681734323502,1.18594634532928,0.215805143117905) (-0.06573271,1.184325,0.166145) (311.1106,47.81797,325.0324) (-0.2254409,1.592488,0.1902783) (317.4881,22.9797,347.1061)
3.37603849548905 (-0.0768577754497528,1.18838155269623,0.249274834990501) (-0.07316817,1.185946,0.2158051) (310.3245,36.74935,326.7237) (-0.2244049,1.59749,0.1840763) (310.2275,21.17379,343.3551)
1.56411963851522 (-0.0759206414222717,1.1897177696228,0.264830648899078) (-0.07685778,1.188382,0.2492748) (311.2133,30.72383,323.8992) (-0.2130066,1.597913,0.1726507) (306.7526,20.54558,340.1603)
1.09889161536531 (-0.0649524554610252,1.18969309329987,0.265504866838455) (-0.07592064,1.189718,0.2648306) (310.7138,27.21987,318.2001) (-0.1950607,1.597903,0.1529827) (303.8113,17.47047,340.0221)
1.0921249264484 (-0.0540571212768555,1.19043099880219,0.26536038517952) (-0.06495246,1.189693,0.2655049) (308.2653,23.80979,316.5052) (-0.1798921,1.598781,0.1343231) (301.1175,11.39829,342.4879)
1.03613299750278 (-0.0437584035098553,1.19089412689209,0.266399174928665) (-0.05405712,1.190431,0.2653604) (308.0537,18.30109,319.2458) (-0.1667148,1.600593,0.118235) (299.5845,6.888809,345.2663)
4.69462968050644 (-0.0721912831068039,1.19295251369476,0.303699165582657) (-0.0437584,1.190894,0.2663992) (309.881,16.21023,319.9189) (-0.1511817,1.603956,0.1020529) (298.9801,1.308424,349.7384)
1.86874139859882 (-0.0566588900983334,1.19459176063538,0.293438702821732) (-0.07219128,1.192953,0.3036992) (312.347,15.39529,320.2687) (-0.1399161,1.60537,0.09089747) (298.9986,359.9339,350.0267)
1.20033283223484 (-0.0475177094340324,1.19555926322937,0.285719722509384) (-0.05665889,1.194592,0.2934387) (313.6656,14.526,321.6328) (-0.1333435,1.60607,0.08174254) (298.3264,357.1797,351.6946)
0.661527974225853 (-0.0434061139822006,1.19604694843292,0.280560374259949) (-0.04751771,1.195559,0.2857197) (315.1661,12.62514,322.7547) (-0.1314269,1.606843,0.07692192) (298.6443,353.7339,353.5771)
0.325028488119473 (-0.043307900428772,1.1967408657074,0.277386546134949) (-0.04340611,1.196047,0.2805604) (314.5149,9.095904,324.3147) (-0.1302684,1.607386,0.07860118) (300.7982,353.7176,353.1511)
3.1006089821446 (-0.0193922482430935,1.19726133346558,0.257659703493118) (-0.0433079,1.196741,0.2773865) (313.0641,6.396322,325.8117) (-0.1300398,1.605924,0.09067518) (304.5313,356.6292,351.4808)
0.826088952978368 (-0.0133573757484555,1.19744622707367,0.252021580934525) (-0.01939225,1.197261,0.2576597) (312.3153,6.058873,325.6339) (-0.126649,1.60258,0.1033486) (310.606,358.5085,351.3162)
1.11776590963784 (-0.00475981552153826,1.19750916957855,0.244878888130188) (-0.01335738,1.197446,0.2520216) (311.9966,5.353105,326.4348) (-0.123863,1.596,0.1243234) (321.8457,0.47817,351.991)
0.468338545830266 (-0.00261675682850182,1.19748079776764,0.240714684128761) (-0.004759816,1.197509,0.2448789) (312.3615,5.292267,327.7568) (-0.1371728,1.585225,0.1507598) (331.4481,1.435764,353.8137)
0.479422799718078 (-0.00488409120589495,1.19745600223541,0.236490562558174) (-0.002616757,1.197481,0.2407147) (313.2873,5.860389,329.5089) (-0.1556603,1.576994,0.1728459) (337.2066,1.120642,355.5026)
1.26448046508977 (-0.0163431577384472,1.19729518890381,0.241834253072739) (-0.004884091,1.197456,0.2364906) (315.2296,7.279992,331.3019) (-0.1822447,1.577781,0.1902654) (336.1036,359.1336,355.2278)
3.85154092031369 (-0.0460933819413185,1.19664835929871,0.266287118196487) (-0.01634316,1.197295,0.2418343) (318.5866,10.29723,331.3897) (-0.2146135,1.588649,0.2007257) (331.436,357.9776,354.8852)
3.91866983550167 (-0.0770018473267555,1.19661664962769,0.290375769138336) (-0.04609338,1.196648,0.2662871) (321.0385,11.32528,330.6873) (-0.2418545,1.594645,0.2079337) (325.8994,358.4026,354.9343)
3.44762803186028 (-0.105064146220684,1.19674396514893,0.310403376817703) (-0.07700185,1.196617,0.2903758) (321.0728,9.103871,335.2727) (-0.2676554,1.595653,0.2139649) (324.0765,357.3401,356.3201)
3.06182531301422 (-0.131404519081116,1.19438683986664,0.325834065675735) (-0.1050641,1.196744,0.3104034) (322.5916,7.719757,337.317) (-0.2876008,1.592389,0.2221495) (324.1316,357.2237,355.3469)
2.6744342368662 (-0.153373435139656,1.18787527084351,0.339626312255859) (-0.1314045,1.194387,0.3258341) (336.4178,3.679995,349.0375) (-0.3036528,1.584955,0.2293283) (325.9114,357.4977,353.7358)
2.38897062684039 (-0.172371998429298,1.17689824104309,0.349074989557266) (-0.1533734,1.187875,0.3396263) (356.6217,7.539509,6.589276) (-0.312839,1.583947,0.2360645) (326.1183,0.1316116,352.5628)
0.841714473466483 (-0.17309133708477,1.16888606548309,0.351552069187164) (-0.172372,1.176898,0.349075) (7.862379,22.05575,11.89249) (-0.3163795,1.583272,0.2425965) (327.497,3.033235,353.0723)
0.54113511930858 (-0.172868773341179,1.16354048252106,0.350740939378738) (-0.1730913,1.168886,0.3515521) (15.01387,25.42909,22.78335) (-0.3148506,1.582488,0.2483013) (329.2792,3.834836,354.6502)
0.533729137718287 (-0.173584684729576,1.15828680992126,0.350130140781403) (-0.1728688,1.16354,0.3507409) (21.94415,23.46971,33.68237) (-0.3049823,1.57677,0.2519726) (332.4459,3.316891,355.1532)
1.23309212516143 (-0.162743851542473,1.15586042404175,0.344778448343277) (-0.1735847,1.158287,0.3501301) (24.15151,23.65305,36.34795) (-0.2811043,1.570155,0.2546385) (336.8577,1.655551,354.9635)
2.18057849211384 (-0.141233146190643,1.15722036361694,0.341472029685974) (-0.1627439,1.15586,0.3447784) (21.33824,21.29847,30.01206) (-0.2539304,1.560168,0.259092) (342.732,358.2901,355.6908)
2.14587110672905 (-0.119910724461079,1.15905117988586,0.339897632598877) (-0.1412331,1.15722,0.341472) (20.26968,9.105249,18.81311) (-0.224098,1.549567,0.2631395) (347.4721,354.8526,356.4612)
2.39488246293453 (-0.096295140683651,1.16302704811096,0.340104758739471) (-0.1199107,1.159051,0.3398976) (13.70606,354.7406,3.543352) (-0.1960584,1.544178,0.2636386) (350.4355,354.2637,357.0783)
2.51897174920733 (-0.0715040788054466,1.16394364833832,0.335736125707626) (-0.09629514,1.163027,0.3401048) (13.16527,349.2872,5.00553) (-0.1717165,1.536006,0.2651938) (352.9242,354.5358,356.7353)
2.42921415854713 (-0.0477645024657249,1.16039180755615,0.332004487514496) (-0.07150408,1.163944,0.3357361) (17.06407,354.0643,10.94413) (-0.152911,1.534086,0.2621881) (353.4886,355.2709,356.0982)
2.25913042071045 (-0.0259857960045338,1.15692257881165,0.327103525400162) (-0.0477645,1.160392,0.3320045) (22.01819,359.8563,13.88901) (-0.1241663,1.539132,0.2535918) (351.0264,358.0576,354.7138)
3.09047604316864 (0.00299202557653189,1.15373289585114,0.316846042871475) (-0.0259858,1.156923,0.3271035) (24.42954,0.7833905,14.56176) (-0.09687495,1.546616,0.2415802) (347.7129,0.9823981,352.4508)
2.58997208817875 (0.0265007242560387,1.15374994277954,0.305976986885071) (0.002992026,1.153733,0.316846) (22.68857,357.9115,13.82538) (-0.0697085,1.550814,0.2308585) (344.7127,5.258803,348.8897)
2.55152193065229 (0.049957100301981,1.1548820734024,0.295999854803085) (0.02650072,1.15375,0.305977) (19.40775,359.3035,12.31148) (-0.04828504,1.5547,0.2219333) (341.7324,9.657715,346.6383)
2.37929842207931 (0.0712133347988129,1.15613389015198,0.285383284091949) (0.0499571,1.154882,0.2959999) (16.84065,0.5952042,10.27461) (-0.03148025,1.563526,0.2123528) (336.9498,14.61523,345.5095)
1.99495096948404 (0.0886397212743759,1.15694439411163,0.275706142187119) (0.07121333,1.156134,0.2853833) (15.58805,0.9728578,9.546014) (-0.02098917,1.571544,0.1987577) (332.6111,19.32716,344.9123)
1.32059115032878 (0.094976618885994,1.15700912475586,0.264120131731033) (0.08863972,1.156944,0.2757061) (15.74487,0.7622731,9.381886) (-0.01496842,1.574757,0.1877469) (329.9622,23.06595,344.2155)
1.23812883979641 (0.099715881049633,1.15658807754517,0.2526895403862) (0.09497662,1.157009,0.2641201) (16.57165,0.1723526,10.37667) (-0.00826939,1.576943,0.1773789) (327.9962,26.35272,343.6708)
1.10942911785616 (0.104890584945679,1.15608668327332,0.242888808250427) (0.09971588,1.156588,0.2526895) (17.27422,3.652662,11.40233) (-0.001540815,1.577038,0.1709604) (327.5809,29.05465,342.3996)
1.31676827580299 (0.112083941698074,1.15613400936127,0.23185969889164) (0.1048906,1.156087,0.2428888) (17.03958,6.746282,10.87506) (0.003603646,1.576921,0.1656069) (327.3215,31.21877,341.5945)
0.67790223021073 (0.115165814757347,1.15639543533325,0.225827381014824) (0.1120839,1.156134,0.2318597) (16.64775,6.957428,10.49275) (0.006914775,1.573632,0.1618955) (327.7542,32.31853,340.7863)
0.341966075942733 (0.115914456546307,1.15669572353363,0.222504213452339) (0.1151658,1.156395,0.2258274) (16.19949,6.458081,10.4963) (0.008161454,1.569581,0.16008) (329.0132,32.51126,341.0714)
0.226997973948993 (0.115036368370056,1.1583194732666,0.221183151006699) (0.1159145,1.156696,0.2225042) (12.2194,3.014764,8.047982) (0.002003084,1.570493,0.1606143) (327.9589,30.67308,342.1709)
0.475721878966464 (0.113154582679272,1.16264486312866,0.221800416707993) (0.1150364,1.158319,0.2211832) (4.614357,1.553793,0.9700826) (-0.01131007,1.577195,0.1529033) (324.8479,26.86165,344.3434)
0.772000519838674 (0.10852862149477,1.16675233840942,0.226418599486351) (0.1131546,1.162645,0.2218004) (358.2568,2.151396,348.4589) (-0.02353392,1.583458,0.1453127) (322.6605,22.4534,346.3198)
1.15917915311756 (0.101656094193459,1.17339324951172,0.23297880589962) (0.1085286,1.166752,0.2264186) (348.7048,2.429348,335.1156) (-0.03904802,1.587357,0.1400374) (321.1253,17.06717,348.3302)
1.61530685608279 (0.0882145315408707,1.18020558357239,0.23879586160183) (0.1016561,1.173393,0.2329788) (335.9939,1.948104,323.9583) (-0.05692777,1.590763,0.1345964) (320.0585,11.12583,350.8764)
2.14783998381523 (0.0695515349507332,1.18584525585175,0.247807428240776) (0.08821453,1.180206,0.2387959) (326.6776,359.0226,319.3568) (-0.07642467,1.594037,0.1336153) (319.4053,4.38726,353.9229)
2.44069812697612 (0.0504467859864235,1.18751871585846,0.262904077768326) (0.06955153,1.185845,0.2478074) (329.6985,9.90834,310.2068) (-0.09461056,1.596398,0.1349211) (318.2592,358.0186,356.4868)
3.33845736402486 (0.0229290071874857,1.18814218044281,0.281796216964722) (0.05044679,1.187519,0.2629041) (328.5125,1.954354,315.4004) (-0.1155424,1.597679,0.1383603) (318.1426,351.8441,358.6972)
3.92002472558075 (-0.0140245370566845,1.19311046600342,0.29389625787735) (0.02292901,1.188142,0.2817962) (318.5364,347.4101,331.5291) (-0.141507,1.597774,0.1453193) (319.654,345.4756,1.448437)
3.85939581057526 (-0.0496842339634895,1.19415199756622,0.30862021446228) (-0.01402454,1.19311,0.2938963) (319.3688,350.2652,339.1236) (-0.1730473,1.596494,0.1541117) (321.4583,340.7327,2.889207)
4.06394817160253 (-0.0871495977044106,1.19425892829895,0.324365139007568) (-0.04968423,1.194152,0.3086202) (321.5432,356.2996,343.5395) (-0.2118768,1.593952,0.16569) (324.3971,336.984,4.149148)
4.32918999797595 (-0.128438949584961,1.19492959976196,0.337362378835678) (-0.0871496,1.194259,0.3243651) (323.4352,1.755984,338.8482) (-0.2572663,1.589976,0.1799414) (327.904,333.2383,5.046985)
4.42714424483284 (-0.17055943608284,1.19335222244263,0.350902587175369) (-0.1284389,1.19493,0.3373624) (330.2887,7.690979,329.1598) (-0.3037198,1.584711,0.1967317) (331.9653,331.4271,5.392919)
3.69884765391432 (-0.205612421035767,1.18946099281311,0.36205130815506) (-0.1705594,1.193352,0.3509026) (339.3148,11.68715,320.0156) (-0.345361,1.574999,0.2145082) (337.0924,332.6423,5.019731)
3.5592196982096 (-0.240107640624046,1.18576550483704,0.370002895593643) (-0.2056124,1.189461,0.3620513) (347.5775,8.365077,320.6017) (-0.3793761,1.563359,0.2365223) (343.2524,336.0795,4.21822)
2.38620845701633 (-0.26349812746048,1.1817444562912,0.372475832700729) (-0.2401076,1.185766,0.3700029) (354.0461,6.587255,318.4897) (-0.4102996,1.541805,0.2597062) (352.2715,340.0188,4.207481)
2.11578163230528 (-0.283841520547867,1.17595326900482,0.371964246034622) (-0.2634981,1.181744,0.3724758) (1.291397,1.911521,318.2058) (-0.4347135,1.517172,0.2804541) (2.265213,343.9238,4.530081)
1.98529208605415 (-0.302872091531754,1.17132318019867,0.36871799826622) (-0.2838415,1.175953,0.3719642) (7.766702,358.5129,315.3982) (-0.4534277,1.489462,0.2979802) (13.30814,347.3117,5.401138)
0.809384723079696 (-0.310451984405518,1.16966545581818,0.366414189338684) (-0.3028721,1.171323,0.368718) (9.994094,356.8315,314.8234) (-0.4620426,1.469157,0.3063118) (20.54878,348.6735,5.962384)
1.09488212946533 (-0.321260809898376,1.16885650157928,0.367960661649704) (-0.310452,1.169665,0.3664142) (11.48017,356.5055,315.3393) (-0.4709994,1.453406,0.3142568) (25.94711,348.5291,6.318145)
0.991303073685325 (-0.330189794301987,1.16802513599396,0.372185617685318) (-0.3212608,1.168857,0.3679607) (12.73986,357.3341,314.9196) (-0.4813675,1.449955,0.3163948) (26.97992,345.9942,5.207913)
0.835302410750398 (-0.337658643722534,1.1672340631485,0.375841230154037) (-0.3301898,1.168025,0.3721856) (14.03207,355.1419,315.8203) (-0.4879081,1.448094,0.3162158) (27.12875,343.5062,4.102964)
0.576804703302554 (-0.342639356851578,1.16699862480164,0.378740787506104) (-0.3376586,1.167234,0.3758412) (14.17824,355.9134,315.9914) (-0.4896069,1.448819,0.3157085) (27.79794,342.8975,4.363105)
0.175651733155853 (-0.344104588031769,1.1668872833252,0.379703104496002) (-0.3426394,1.166999,0.3787408) (14.10795,356.19,316.1754) (-0.485669,1.4545,0.3115508) (25.43518,344.4497,4.442112)
0.243418019149996 (-0.343678802251816,1.16576790809631,0.377583920955658) (-0.3441046,1.166887,0.3797031) (14.1465,355.6712,316.6937) (-0.4722731,1.471164,0.3110943) (20.18109,347.1855,4.931273)
1.09500519582536 (-0.333954393863678,1.1648656129837,0.37263160943985) (-0.3436788,1.165768,0.3775839) (15.52712,358.2253,315.4144) (-0.4530188,1.491929,0.3096097) (12.63653,349.3701,5.029889)
1.55534271510234 (-0.319587469100952,1.16403818130493,0.366731107234955) (-0.3339544,1.164866,0.3726316) (16.57293,359.9684,314.1568) (-0.42198,1.516037,0.3037608) (2.514712,352.9303,4.232019)
2.25200261207051 (-0.297233730554581,1.16301703453064,0.364197492599487) (-0.3195875,1.164038,0.3667311) (16.86171,2.755334,312.8872) (-0.3960167,1.532391,0.2958604) (354.3533,356.4442,4.034696)
3.18321065202999 (-0.266182363033295,1.15976536273956,0.357990860939026) (-0.2972337,1.163017,0.3641975) (17.22513,3.98009,311.0733) (-0.3637973,1.547831,0.2812521) (347.1449,358.6948,4.029367)
2.92424257881784 (-0.237932607531548,1.15972423553467,0.350436449050903) (-0.2661824,1.159765,0.3579909) (16.17977,3.297242,310.4443) (-0.3306615,1.556755,0.2634861) (340.9999,2.921097,3.995134)
3.92606724185482 (-0.201801121234894,1.16020107269287,0.335084289312363) (-0.2379326,1.159724,0.3504364) (15.09739,4.064446,309.9765) (-0.2957216,1.560374,0.2459148) (338.9832,6.355927,2.896353)
3.95490734290621 (-0.16571256518364,1.16038715839386,0.31890681385994) (-0.2018011,1.160201,0.3350843) (14.70028,6.438954,309.992) (-0.264611,1.561291,0.2327586) (339.6145,5.916033,1.883685)
3.39203116046613 (-0.134816244244576,1.16234791278839,0.305044621229172) (-0.1657126,1.160387,0.3189068) (13.19362,11.49232,310.5009) (-0.2375605,1.556389,0.2231836) (341.0519,3.614104,1.456597)
3.22446839610842 (-0.105275392532349,1.1634749174118,0.292168766260147) (-0.1348162,1.162348,0.3050446) (11.1841,16.13211,309.7568) (-0.2109636,1.546822,0.215251) (346.4729,1.271282,1.507215)
3.06309268890818 (-0.0774241015315056,1.16450214385986,0.279460340738297) (-0.1052754,1.163475,0.2921688) (10.16967,19.79731,307.7949) (-0.1875539,1.532206,0.2145346) (354.2516,0.1310861,0.5608913)
2.88558876587439 (-0.0526936650276184,1.16729617118835,0.26485687494278) (-0.0774241,1.164502,0.2794603) (10.35237,25.77666,302.2318) (-0.1716409,1.515981,0.2164216) (3.505838,358.6488,0.1844383)
1.98085644989165 (-0.0354865044355392,1.1708437204361,0.255707681179047) (-0.05269367,1.167296,0.2648569) (10.61556,26.02548,300.1823) (-0.1596004,1.501758,0.2180507) (9.666551,356.7903,359.6642)
1.03015285410747 (-0.0256067458540201,1.17095589637756,0.252792328596115) (-0.0354865,1.170844,0.2557077) (15.53172,23.79783,299.0174) (-0.151458,1.494398,0.2197717) (13.13747,355.5878,358.4789)
1.10174065678338 (-0.0155881382524967,1.17325937747955,0.248829409480095) (-0.02560675,1.170956,0.2527923) (12.65402,33.54858,296.2416) (-0.1463021,1.490423,0.2191861) (15.07344,354.9764,357.6891)
0.744755324436123 (-0.0118610132485628,1.17946863174438,0.247091665863991) (-0.01558814,1.173259,0.2488294) (1.566707,33.59427,296.2487) (-0.144301,1.48661,0.2178799) (17.50081,354.9491,357.6197)
41.1372871927359 (-0.237698554992676,0.982875645160675,0.529184281826019) (-0.01186101,1.179469,0.2470917) (347.9291,29.88704,297.7364) (-0.1443443,1.482359,0.214194) (19.66489,354.8867,357.8994)
10.8662655388205 (-0.222230270504951,1.02791464328766,0.62685614824295) (-0.2376986,0.9828756,0.5291843) (339.5348,19.92249,309.4747) (-0.143821,1.481708,0.2124469) (20.24316,355.122,358.0696)
5.82656926594603 (-0.219860583543777,1.0694295167923,0.667670249938965) (-0.2222303,1.027915,0.6268561) (340.3815,2.943717,329.8806) (-0.1365697,1.481856,0.2082205) (20.34898,356.0869,358.3748)
2.68049758471978 (-0.195127829909325,1.07746028900146,0.674174427986145) (-0.2198606,1.06943,0.6676702) (342.2969,354.1291,337.4432) (-0.1321186,1.482289,0.2066734) (20.54706,357.3033,358.9777)
10.8485584726018 (-0.119288936257362,1.00000786781311,0.678499639034271) (-0.1951278,1.07746,0.6741744) (0.4103433,32.57951,310.2352) (-0.1251826,1.484541,0.2065446) (18.70506,358.4785,359.3427)
2.44310638054065 (-0.108029246330261,0.994893550872803,0.657429754734039) (-0.1192889,1.000008,0.6784996) (355.5196,40.50766,299.0012) (-0.1186066,1.489894,0.2067091) (16.72123,359.2933,359.0119)
8.92700232086933 (-0.18627755343914,1.03401923179626,0.675192654132843) (-0.1080292,0.9948936,0.6574298) (348.0026,5.4816,328.0609) (-0.1173965,1.504041,0.208499) (10.69187,356.6203,358.3918)
9.2843339205262 (-0.244352728128433,1.09368181228638,0.634113013744354) (-0.1862776,1.034019,0.6751927) (330.7769,350.7414,336.5076) (-0.1281369,1.522793,0.2047845) (2.676053,350.831,357.6957)
6.65126212149669 (-0.269407659769058,1.14594519138336,0.60148298740387) (-0.2443527,1.093682,0.634113) (318.1999,16.34223,303.3647) (-0.1397146,1.537683,0.1949909) (355.9012,345.1305,357.4799)
11.1015703807364 (-0.362211912870407,1.20683073997498,0.599290370941162) (-0.2694077,1.145945,0.601483) (311.2761,10.93945,297.0903) (-0.1476397,1.544444,0.1836289) (352.4061,341.347,357.7046)
12.7296612071189 (-0.482219159603119,1.24817490577698,0.58962869644165) (-0.3622119,1.206831,0.5992904) (308.4615,336.7971,324.8287) (-0.1501344,1.550114,0.1751334) (349.339,339.5207,358.0748)
6.08542632768925 (-0.537813603878021,1.25454723834991,0.565714418888092) (-0.4822192,1.248175,0.5896287) (310.7853,317.9942,340.4469) (-0.1410044,1.553163,0.1724478) (348.0078,343.6037,357.1382)
2.55007746410723 (-0.514661014080048,1.2469699382782,0.55817574262619) (-0.5378136,1.254547,0.5657144) (308.2451,330.3651,327.9469) (-0.1181141,1.548583,0.1789231) (350.5923,355.4015,355.8104)
7.79069677721325 (-0.442915052175522,1.22103488445282,0.573967695236206) (-0.514661,1.24697,0.5581757) (312.8651,347.0471,319.9716) (-0.09088524,1.539439,0.1804435) (355.2741,8.77053,354.6075)
11.6414403175147 (-0.333176136016846,1.18816161155701,0.594680786132813) (-0.4429151,1.221035,0.5739677) (320.199,6.281894,313.1554) (-0.07423977,1.529867,0.1747306) (359.8418,17.2409,355.5883)
13.6722651159695 (-0.197909161448479,1.17043793201447,0.603725135326386) (-0.3331761,1.188162,0.5946808) (325.962,27.06449,306.6216) (-0.06630562,1.521935,0.1698011) (3.286455,22.31314,356.3734)
12.6730281260417 (-0.0712310075759888,1.17376482486725,0.605188608169556) (-0.1979092,1.170438,0.6037251) (325.7401,43.32227,302.8592) (-0.06777994,1.518691,0.1670485) (4.852518,23.37807,356.4631)
9.43257154297337 (0.0206311978399754,1.19127082824707,0.617526233196259) (-0.07123101,1.173765,0.6051886) (324.9828,46.27777,308.8722) (-0.06938256,1.51847,0.1650633) (5.317636,24.5869,356.7374)
6.2014758996203 (0.0801916494965553,1.20517086982727,0.627781569957733) (0.0206312,1.191271,0.6175262) (325.7346,44.81805,315.679) (-0.06594154,1.518974,0.1622587) (5.261645,26.53534,357.1952)
3.04557216559289 (0.110463500022888,1.20293080806732,0.630261123180389) (0.08019165,1.205171,0.6277816) (327.8904,45.68469,316.4412) (-0.05993193,1.521851,0.1588917) (4.145186,29.15733,357.5366)
2.1880052393491 (0.105804935097694,1.18658077716827,0.616487562656403) (0.1104635,1.202931,0.6302611) (328.2825,45.01427,316.9263) (-0.04848624,1.533069,0.1559328) (358.9184,32.78971,357.7011)
6.58074643857626 (0.0731970071792603,1.15097641944885,0.571769833564758) (0.1058049,1.186581,0.6164876) (324.3362,48.73669,315.0188) (-0.03968097,1.541469,0.1514363) (354.7114,36.80085,357.1841)
10.7057611120377 (0.0191487520933151,1.06830024719238,0.530480980873108) (0.07319701,1.150976,0.5717698) (329.4353,51.62982,312.9867) (-0.03697452,1.547256,0.1507656) (351.0546,39.06982,357.0371)
13.8206107353679 (-0.0526541881263256,0.954472899436951,0.499038964509964) (0.01914875,1.0683,0.530481) (343.975,49.81915,313.6078) (-0.03696232,1.55225,0.1515049) (347.8217,40.64561,356.7677)
13.2520232898132 (-0.142271220684052,0.860925137996674,0.47112450003624) (-0.05265419,0.9544729,0.499039) (357.6529,39.30848,314.6291) (-0.03709362,1.552756,0.1526481) (346.6786,40.80497,356.0412)
6.29865392772766 (-0.193459823727608,0.842022895812988,0.439664423465729) (-0.1422712,0.8609251,0.4711245) (3.17653,28.16346,321.2736) (-0.0413156,1.555593,0.1563969) (344.6285,39.0348,355.432)
2.25432390379099 (-0.192918047308922,0.859880030155182,0.425915718078613) (-0.1934598,0.8420229,0.4396644) (1.506332,23.80501,324.7244) (-0.04640201,1.556641,0.1585703) (343.6651,35.72696,354.6755)
4.72599842761542 (-0.146036848425865,0.86475133895874,0.429369658231735) (-0.192918,0.85988,0.4259157) (355.9441,20.49626,333.2435) (-0.05029789,1.558148,0.1585286) (342.6552,32.41556,353.9216)
4.81992485643378 (-0.108017034828663,0.880270302295685,0.454605013132095) (-0.1460368,0.8647513,0.4293697) (347.9962,24.98466,335.5565) (-0.05291239,1.560664,0.154113) (341.5947,30.8227,353.791)
8.82673151840466 (-0.0737826302647591,0.941979765892029,0.507624506950378) (-0.108017,0.8802703,0.454605) (339.1821,33.81614,328.0013) (-0.05216117,1.561219,0.1479013) (341.0956,31.33492,353.4079)
12.93829767514 (-0.0637741982936859,1.05424964427948,0.571148216724396) (-0.07378263,0.9419798,0.5076245) (329.3971,45.20475,304.857) (-0.04586624,1.564083,0.1433266) (339.4215,33.65617,352.2115)
4.64964615593542 (-0.0387495420873165,1.09199249744415,0.560604751110077) (-0.0637742,1.05425,0.5711482) (327.8259,58.08368,286.1308) (-0.03772429,1.569813,0.1327027) (336.2758,38.74129,349.8071)
2.45173328791413 (-0.0165052227675915,1.10223972797394,0.561737954616547) (-0.03874954,1.091992,0.5606048) (331.4958,59.85717,280.349) (-0.03028601,1.574287,0.1206743) (333.6005,44.79253,346.6939)
8.09830141311507 (0.044315479695797,1.15565764904022,0.559368014335632) (-0.01650522,1.10224,0.561738) (331.4883,77.55471,259.8646) (-0.02584882,1.574101,0.1133482) (332.6302,49.35807,344.7047)
7.65403693223918 (0.101600423455238,1.20535850524902,0.549039006233215) (0.04431548,1.155658,0.559368) (334.2072,89.40074,249.0449) (-0.02595735,1.574571,0.109701) (331.858,52.71111,342.2659)
4.51890364529976 (0.13332037627697,1.17621219158173,0.535386681556702) (0.1016004,1.205359,0.549039) (335.8935,92.00235,253.8468) (-0.02801627,1.575499,0.1116267) (331.3628,54.42173,340.9042)
3.12957870603659 (0.134541064500809,1.14514183998108,0.538932025432587) (0.1333204,1.176212,0.5353867) (337.7495,86.70531,263.7477) (-0.03835178,1.57557,0.1258874) (330.3719,54.67006,340.631)
3.82554208359727 (0.12485508620739,1.11590707302094,0.561625361442566) (0.1345411,1.145142,0.538932) (340.0726,82.22968,274.3672) (-0.05386969,1.574503,0.1482629) (329.8493,54.21822,340.5169)
6.52375165089396 (0.0885800868272781,1.07041382789612,0.591128289699554) (0.1248551,1.115907,0.5616254) (345.6192,72.35556,285.9477) (-0.07422193,1.573456,0.1787934) (329.375,54.02318,341.1524)
5.55791743074498 (0.0524943135678768,1.05677103996277,0.631137490272522) (0.08858009,1.070414,0.5911283) (345.0194,61.67676,292.9976) (-0.08878247,1.579625,0.2061745) (328.5991,55.10667,341.875)
2.84480230379668 (0.0446852296590805,1.03552401065826,0.648367464542389) (0.05249431,1.056771,0.6311375) (344.3221,67.46246,294.341) (-0.1057156,1.580895,0.2394215) (327.7986,56.87037,343.9458)
2.69629512672885 (0.0618480518460274,1.04454350471497,0.667104780673981) (0.04468523,1.035524,0.6483675) (339.4896,68.36725,296.3115) (-0.1128956,1.580945,0.2643002) (329.941,60.26945,345.2038)
1.24185175335682 (0.0545728579163551,1.04686081409454,0.676898717880249) (0.06184805,1.044544,0.6671048) (335.2827,65.96026,302.7024) (-0.116546,1.573906,0.2889639) (333.9648,61.69806,347.113)
1.85714787238987 (0.0478954948484898,1.04860436916351,0.694140315055847) (0.05457286,1.046861,0.6768987) (329.0221,63.20123,302.8629) (-0.1196426,1.567207,0.3163165) (337.1982,59.45355,350.7136)
3.50194821880807 (0.0209941603243351,1.04887735843658,0.716559231281281) (0.04789549,1.048604,0.6941403) (325.919,64.85323,305.897) (-0.1136435,1.556497,0.3451075) (344.8681,54.15326,355.7762)
4.42512268777021 (-0.019147701561451,1.05081784725189,0.735080480575562) (0.02099416,1.048877,0.7165592) (319.3886,66.45011,309.1374) (-0.09997968,1.533082,0.3667562) (355.7313,49.4141,358.3733)
46.1080215065588 (0.115924932062626,1.05776238441467,0.294283330440521) (-0.0191477,1.050818,0.7350805) (311.6062,65.19542,314.7835) (-0.0820721,1.513371,0.3771117) (4.753724,46.45739,358.6253)
6.67673827850123 (0.148986667394638,1.11177456378937,0.315437287092209) (0.1159249,1.057762,0.2942833) (309.7914,64.19525,316.6252) (-0.05522213,1.506313,0.3774806) (8.311403,43.00853,358.6115)
3.91421914926021 (0.185874804854393,1.10049879550934,0.322088122367859) (0.1489867,1.111775,0.3154373) (311.5353,61.50712,315.0111) (-0.02463708,1.50488,0.3758577) (10.61597,39.62847,358.736)
3.35971174781176 (0.211416155099869,1.11729490756989,0.336027145385742) (0.1858748,1.100499,0.3220881) (312.1598,57.50295,315.797) (0.0008938108,1.501996,0.3749867) (12.41745,36.80499,359.0019)
2.69578700492161 (0.227074861526489,1.13904571533203,0.338931292295456) (0.2114162,1.117295,0.3360271) (310.6995,53.39034,317.5307) (0.02534988,1.500697,0.3742851) (13.83643,35.06822,359.6151)
1.95961986973469 (0.245144128799438,1.14239823818207,0.33212885260582) (0.2270749,1.139046,0.3389313) (310.1745,51.60735,319.3212) (0.04997385,1.500324,0.3734711) (13.76225,34.08516,0.209118)
2.14440637655497 (0.262338161468506,1.13077032566071,0.326743245124817) (0.2451441,1.142398,0.3321289) (311.2624,48.96711,322.1262) (0.07418055,1.51728,0.3693473) (5.515786,36.31229,0.8045588)
1.16323779439608 (0.266064614057541,1.12272679805756,0.334275007247925) (0.2623382,1.13077,0.3267432) (310.9429,46.01249,324.3132) (0.09308983,1.539369,0.3604464) (354.6176,42.14906,0.3806972)
2.39893578322939 (0.262455135583878,1.1204229593277,0.357879102230072) (0.2660646,1.122727,0.334275) (308.846,38.92428,329.735) (0.1019378,1.554983,0.3518974) (346.3674,47.56874,358.35)
1.47400556660776 (0.261464029550552,1.1279444694519,0.370516896247864) (0.2624551,1.120423,0.3578791) (301.8486,35.85827,340.5667) (0.100535,1.567188,0.3534501) (339.5903,51.79018,356.2292)
2.21635798756388 (0.257378160953522,1.14969730377197,0.37167626619339) (0.261464,1.127944,0.3705169) (289.797,30.50483,349.187) (0.08870672,1.571019,0.3619207) (335.0391,54.97038,354.6241)
1.94279484102295 (0.249030023813248,1.16706871986389,0.374123245477676) (0.2573782,1.149697,0.3716763) (277.5645,27.12663,354.2727) (0.06872188,1.569319,0.3819005) (334.0643,57.19529,353.6512)
2.83937135923455 (0.229807659983635,1.18406331539154,0.38628414273262) (0.24903,1.167069,0.3741232) (272.4947,35.52387,348.4298) (0.0476741,1.576692,0.3991827) (331.492,60.04531,352.3186)
3.52094841332098 (0.204687476158142,1.19792509078979,0.406693339347839) (0.2298077,1.184063,0.3862841) (273.5714,118.2113,265.0092) (0.02098419,1.582494,0.4139796) (327.385,62.85689,351.9035)
2.92115454616548 (0.177410259842873,1.19771814346313,0.417144417762756) (0.2046875,1.197925,0.4066933) (271.1689,26.13404,359.9696) (-0.002917618,1.58601,0.4213603) (324.9121,67.45473,349.4559)
1.28641358165915 (0.170507863163948,1.18953824043274,0.410007745027542) (0.1774103,1.197718,0.4171444) (273.3867,51.78719,341.8896) (-0.01995737,1.584417,0.426344) (324.0264,71.82773,348.0524)
1.35445131375482 (0.16506926715374,1.18257677555084,0.399740636348724) (0.1705079,1.189538,0.4100077) (276.6267,45.89335,356.7344) (-0.03064442,1.58433,0.4238051) (323.2128,76.0217,347.7301)
2.48172449966531 (0.171073704957962,1.16310346126556,0.385576158761978) (0.1650693,1.182577,0.3997406) (285.2737,48.06133,5.551813) (-0.0430177,1.588758,0.4150821) (322.6771,77.91892,349.2345)
2.41230291848512 (0.17620886862278,1.16136384010315,0.362070322036743) (0.1710737,1.163103,0.3855762) (286.0526,62.30201,0.0820429) (-0.05956918,1.592506,0.3985553) (321.3833,79.44632,350.6561)
4.77489658741279 (0.179499074816704,1.16236245632172,0.314445316791534) (0.1762089,1.161364,0.3620703) (287.6767,77.53872,352.2949) (-0.07573152,1.595476,0.3685941) (319.6425,82.87166,349.0356)
4.6787587061174 (0.166885733604431,1.15580093860626,0.269870340824127) (0.1794991,1.162362,0.3144453) (293.5965,86.85426,346.9398) (-0.09406096,1.597736,0.3344841) (317.7912,84.47287,347.5805)
5.37653617605185 (0.147718280553818,1.14263260364532,0.221394389867783) (0.1668857,1.155801,0.2698703) (301.4474,90.5209,344.4787) (-0.1146727,1.597691,0.2815825) (317.1086,93.47665,344.9055)
8.26285239569609 (0.106082603335381,1.12055277824402,0.153523743152618) (0.1477183,1.142633,0.2213944) (310.29,87.2355,350.6372) (-0.1337833,1.596734,0.2247843) (316.9841,103.524,341.349)
8.69098177864183 (0.0544214174151421,1.10354292392731,0.0857365503907204) (0.1060826,1.120553,0.1535237) (316.32,90.33001,346.7248) (-0.1562569,1.59519,0.1690033) (317.0155,111.0868,340.6078)
6.93907443612088 (0.00821536965668201,1.09201037883759,0.0352679751813412) (0.05442142,1.103543,0.08573655) (319.5172,89.42413,347.6604) (-0.176999,1.591509,0.1199644) (316.5281,118.0556,340.1522)
6.10630725394745 (-0.0272642951458693,1.069251537323,-0.0089126480743289) (0.00821537,1.09201,0.03526798) (325.8905,88.06909,353.2617) (-0.1901891,1.595609,0.08976336) (317.3213,122.5011,338.2335)
4.65328067501508 (-0.0483433268964291,1.04030275344849,-0.0386270321905613) (-0.0272643,1.069252,-0.008912648) (340.5598,89.11051,355.6521) (-0.1941347,1.601179,0.07867822) (316.761,117.713,340.7909)
1.60705519460865 (-0.0362596251070499,1.03250277042389,-0.0457969047129154) (-0.04834333,1.040303,-0.03862703) (358.0286,90.92844,357.6183) (-0.1993064,1.602532,0.07991849) (314.126,105.9424,345.4214)
3.97491317361257 (-0.00601355498656631,1.02134919166565,-0.0225425194948912) (-0.03625963,1.032503,-0.0457969) (20.40565,92.19147,356.1881) (-0.2072918,1.607387,0.09217644) (310.9716,91.64935,349.0559)
6.44173657836053 (0.0224856734275818,1.01038491725922,0.0341776311397552) (-0.006013555,1.021349,-0.02254252) (41.61161,91.39767,354.5423) (-0.2224757,1.612111,0.1092809) (307.4645,73.64288,354.6967)
51.3853316254466 (-0.189944565296173,0.592024207115173,-0.175328820943832) (0.02248567,1.010385,0.03417763) (53.03255,72.22094,341.5316) (-0.2360451,1.612425,0.1183354) (304.4063,64.70593,356.3374)
6.11566469718261 (-0.149252012372017,0.590773165225983,-0.129692360758781) (-0.1899446,0.5920242,-0.1753288) (51.32492,52.8901,334.007) (-0.2486177,1.614348,0.1257215) (300.9888,61.18119,354.6752)
8.85378096609855 (-0.0810530409216881,0.591389715671539,-0.0732347294688225) (-0.149252,0.5907732,-0.1296924) (47.3325,47.90696,336.1436) (-0.2626774,1.613745,0.131037) (298.3923,56.41286,353.6643)
10.5128714312984 (-0.0210376922041178,0.594895422458649,0.0130086131393909) (-0.08105304,0.5913897,-0.07323473) (40.36756,44.04,335.1534) (-0.2728989,1.613797,0.1436807) (297.2956,50.43232,353.9033)
8.20402996692473 (0.0171620864421129,0.602091610431671,0.085255429148674) (-0.02103769,0.5948954,0.01300861) (36.11448,40.13999,335.8223) (-0.2796208,1.616033,0.1588585) (296.4744,46.93476,352.5237)
5.27859114626685 (0.0236815456300974,0.60553503036499,0.137523889541626) (0.01716209,0.6020916,0.08525543) (35.23366,33.1498,335.5514) (-0.2850236,1.617412,0.1719961) (295.3985,46.71773,347.9079)
4.18958509103033 (0.0112832756713033,0.604125440120697,0.177518367767334) (0.02368155,0.605535,0.1375239) (36.70633,24.46325,335.2058) (-0.2896351,1.617874,0.188195) (295.1684,46.25311,344.4729)
3.36617095479255 (-0.00345796020701528,0.600901067256927,0.20760840177536) (0.01128328,0.6041254,0.1775184) (39.22716,18.00086,334.7471) (-0.2952421,1.617146,0.2061821) (294.8864,43.93234,344.2788)
2.79825646605096 (-0.00956185907125473,0.600778639316559,0.234916850924492) (-0.00345796,0.6009011,0.2076084) (39.48556,17.19164,334.4303) (-0.3022484,1.615525,0.2239705) (294.562,41.42543,344.3579)
1.42619519843524 (-0.0221065115183592,0.597753345966339,0.240989953279495) (-0.009561859,0.6007786,0.2349169) (42.02956,17.88173,333.3019) (-0.3046568,1.60861,0.2398031) (295.7229,39.15247,344.582)
2.94152466805348 (-0.0148875052109361,0.598650515079498,0.269491493701935) (-0.02210651,0.5977533,0.24099) (39.20917,28.44269,330.5057) (-0.3040639,1.608984,0.2497482) (297.6528,37.72125,343.8435)
0.808765964576495 (-0.0101703526452184,0.598033368587494,0.276031970977783) (-0.01488751,0.5986505,0.2694915) (42.29099,28.73709,331.899) (-0.300503,1.611194,0.2521641) (299.2412,37.5644,343.1035)
2.30207415904839 (-0.0216512400656939,0.600266098976135,0.25620374083519) (-0.01017035,0.5980334,0.276032) (42.54139,27.28419,331.647) (-0.2846449,1.606459,0.2475503) (302.1712,38.51106,343.5897)
9.45962457503345 (-0.0423558130860329,0.593307673931122,0.164163798093796) (-0.02165124,0.6002661,0.2562037) (39.96522,33.82392,333.7102) (-0.2620727,1.605731,0.2359778) (306.9315,42.34072,342.6041)
6.93298884304354 (-0.0185191109776497,0.594628512859344,0.0990738570690155) (-0.04235581,0.5933077,0.1641638) (39.25416,41.94004,348.3205) (-0.2307633,1.598489,0.2164453) (314.0218,51.79744,341.22)
6.8241070494909 (-0.0412554331123829,0.592801749706268,0.0347577109932899) (-0.01851911,0.5946285,0.09907386) (38.33874,47.47328,344.4471) (-0.195429,1.590654,0.1917156) (324.2368,64.53287,344.3802)
8.72364508058514 (-0.085111528635025,0.587488174438477,-0.0404659993946552) (-0.04125543,0.5928017,0.03475771) (39.07333,58.72396,340.4809) (-0.1667446,1.566101,0.1547805) (338.2511,80.03242,349.6171)
10.8955701949976 (-0.17402495443821,0.585670292377472,-0.103413946926594) (-0.08511153,0.5874882,-0.040466) (40.64658,67.46162,342.8307) (-0.1532497,1.545101,0.1125127) (351.3764,98.26952,355.4202)
9.98915232986432 (-0.270768940448761,0.587631344795227,-0.128214597702026) (-0.174025,0.5856703,-0.1034139) (46.14009,80.23528,352.2769) (-0.152112,1.533664,0.07439874) (357.866,115.4218,0.9633948)
8.16573624737817 (-0.347273886203766,0.55910062789917,-0.127257317304611) (-0.2707689,0.5876313,-0.1282146) (48.29383,99.47194,358.671) (-0.1557026,1.532412,0.05274001) (358.7453,126.6853,2.164903)
4.55645524047621 (-0.388675302267075,0.560924649238586,-0.1083173006773) (-0.3472739,0.5591006,-0.1272573) (48.29945,114.4715,3.691594) (-0.1538393,1.524844,0.04834507) (2.70515,135.0965,1.222753)
4.68940093281762 (-0.413497179746628,0.561555445194244,-0.0685363411903381) (-0.3886753,0.5609246,-0.1083173) (47.91842,124.9709,4.986836) (-0.144939,1.501439,0.05223441) (10.82866,143.1541,359.4259)
5.89478828964726 (-0.426669418811798,0.564406335353851,-0.0111497798934579) (-0.4134972,0.5615554,-0.06853634) (41.831,129.232,2.183882) (-0.1366918,1.474401,0.0535161) (22.73492,154.9928,0.2237459)
6.81283408477808 (-0.432328969240189,0.569395780563354,0.0565594956278801) (-0.4266694,0.5644063,-0.01114978) (34.52984,130.9943,356.5177) (-0.135087,1.456014,0.05909525) (25.7149,164.899,4.076538)
4.49344880121585 (-0.439922243356705,0.568325698375702,0.100834831595421) (-0.432329,0.5693958,0.0565595) (28.02044,142.9379,350.6061) (-0.1454515,1.453639,0.06137968) (25.53543,170.0743,5.401319)
2.49929820117936 (-0.4490125477314,0.567589819431305,0.124104425311089) (-0.4399222,0.5683257,0.1008348) (27.02053,148.1409,352.1751) (-0.1594553,1.464375,0.05776384) (22.71552,172.608,4.866261)
1.54632114531983 (-0.460837662220001,0.566061556339264,0.133950337767601) (-0.4490125,0.5675898,0.1241044) (29.61198,150.2232,352.602) (-0.1829939,1.490272,0.0569065) (13.72251,174.695,1.103457)
1.62588472304803 (-0.476272404193878,0.564315736293793,0.138753563165665) (-0.4608377,0.5660616,0.1339503) (32.31704,159.1739,353.6356) (-0.2067349,1.517581,0.0564922) (2.743753,175.5718,357.2596)
2.75003223017517 (-0.500122368335724,0.560370564460754,0.125643163919449) (-0.4762724,0.5643157,0.1387536) (37.02819,171.2041,350.6071) (-0.2369421,1.545683,0.05589104) (350.5443,174.9381,352.433)
3.6765002819652 (-0.530041694641113,0.558655261993408,0.10434628278017) (-0.5001224,0.5603706,0.1256432) (36.76176,185.5416,349.7072) (-0.2680349,1.558714,0.05456384) (342.9716,173.4594,350.5041)
3.18211130075783 (-0.554699957370758,0.558964371681213,0.0842351466417313) (-0.5300417,0.5586553,0.1043463) (34.25555,183.937,351.8331) (-0.2939664,1.560475,0.05044454) (340.678,170.7465,350.4556)
3.71048928483176 (-0.575683057308197,0.561155080795288,0.0537116564810276) (-0.5547,0.5589644,0.08423515) (28.5331,171.5939,354.5484) (-0.3096411,1.55446,0.03979545) (342.3589,164.1575,352.1689)
4.71831926884914 (-0.590351223945618,0.561065793037415,0.00886646937578917) (-0.5756831,0.5611551,0.05371166) (26.69244,163.0241,354.672) (-0.3113739,1.551841,0.02673662) (341.6439,154.8079,353.6803)
5.2822341318667 (-0.581640481948853,0.558809220790863,-0.0431837998330593) (-0.5903512,0.5610658,0.008866469) (28.8993,157.3798,356.2487) (-0.3032285,1.556505,0.02676) (341.123,145.8315,354.6305)
4.42749107290515 (-0.560087144374847,0.557372152805328,-0.0818316489458084) (-0.5816405,0.5588092,-0.0431838) (32.738,147.833,355.8931) (-0.2940854,1.558968,0.0310704) (341.5222,138.3507,355.5123)
3.63429836774765 (-0.531216740608215,0.557736456394196,-0.103903792798519) (-0.5600871,0.5573722,-0.08183165) (34.82687,137.2075,357.239) (-0.2783313,1.557815,0.03719515) (341.9677,133.5302,355.2938)
2.81135430562346 (-0.505500853061676,0.557976007461548,-0.115261919796467) (-0.5312167,0.5577365,-0.1039038) (34.77849,130.8192,354.9947) (-0.2599576,1.554903,0.0465143) (343.0013,130.8236,354.9229)
2.78530612376891 (-0.477655857801437,0.558613836765289,-0.115055896341801) (-0.5055009,0.557976,-0.1152619) (33.85946,122.0318,355.2696) (-0.2378847,1.556699,0.05944985) (343.1484,130.1892,355.0547)
3.0734304023678 (-0.450330018997192,0.559762597084045,-0.101035326719284) (-0.4776559,0.5586138,-0.1150559) (31.84232,118.4765,355.8003) (-0.2076116,1.553758,0.07996453) (341.9502,131.2534,354.5626)
3.56316276523032 (-0.422126740217209,0.559290051460266,-0.0792645961046219) (-0.45033,0.5597626,-0.1010353) (30.1526,123.1579,357.8025) (-0.1762227,1.564151,0.1043619) (337.3596,133.7602,351.8299)
4.12749546972349 (-0.389104783535004,0.558720827102661,-0.0545088239014149) (-0.4221267,0.5592901,-0.0792646) (30.82822,131.2196,359.4382) (-0.1454846,1.568097,0.1332371) (334.9506,134.0125,352.2717)
3.92520309064533 (-0.356175690889359,0.557338058948517,-0.0331901758909225) (-0.3891048,0.5587208,-0.05450882) (32.76627,125.8842,1.316386) (-0.1165288,1.56429,0.153935) (336.8588,130.7499,354.9138)
3.77835989620624 (-0.318974286317825,0.557575821876526,-0.0265871938318014) (-0.3561757,0.5573381,-0.03319018) (31.33711,123.6847,2.029921) (-0.08745746,1.559348,0.1701256) (340.8761,124.8123,356.3842)
4.0317995166583 (-0.279021978378296,0.560585975646973,-0.0310919508337975) (-0.3189743,0.5575758,-0.02658719) (26.10442,122.9766,359.4328) (-0.06315827,1.555918,0.1787062) (343.1975,118.0289,356.6548)
4.92056360118277 (-0.231139734387398,0.563967227935791,-0.0419110357761383) (-0.279022,0.560586,-0.03109195) (23.04585,114.0449,359.3798) (-0.0402343,1.55149,0.1835333) (346.3552,109.3219,357.0783)
6.24292064009231 (-0.170903816819191,0.565513372421265,-0.0582404434680939) (-0.2311397,0.5639672,-0.04191104) (23.4204,102.8256,2.340824) (-0.02052293,1.549855,0.1851629) (347.2998,97.6836,356.5392)
7.76047029236178 (-0.0968131795525551,0.564884722232819,-0.0813201367855072) (-0.1709038,0.5655134,-0.05824044) (25.36807,95.39973,2.533417) (-0.006129333,1.54845,0.1781098) (346.2447,83.14735,355.762)
9.04935256045816 (-0.00829984154552221,0.562911748886108,-0.100043773651123) (-0.09681318,0.5648847,-0.08132014) (28.58157,83.66355,1.790876) (-0.006088362,1.548808,0.1693698) (344.7532,67.25726,355.648)
9.68631424672745 (0.08784419298172,0.557948410511017,-0.0893592983484268) (-0.008299842,0.5629117,-0.1000438) (32.29493,67.16892,359.5405) (-0.01744207,1.559728,0.1584506) (340.0743,45.01982,355.1903)
8.83092513577706 (0.164673611521721,0.556539475917816,-0.0458417236804962) (0.08784419,0.5579484,-0.0893593) (34.69998,53.29049,356.4739) (-0.04081325,1.565692,0.1471895) (335.403,25.85081,353.8136)
7.97067164217566 (0.206642478704453,0.553563475608826,0.0218555331230164) (0.1646736,0.5565395,-0.04584172) (40.18287,40.30344,356.6218) (-0.06971136,1.577681,0.13188) (329.8591,10.39346,352.1344)
6.35218119429073 (0.213360980153084,0.550639808177948,0.0849533528089523) (0.2066425,0.5535635,0.02185553) (46.11577,33.16171,358.3488) (-0.09289281,1.585738,0.1141492) (325.4391,1.344787,352.9919)
4.41036530831616 (0.198806211352348,0.551632106304169,0.126574337482452) (0.213361,0.5506398,0.08495335) (46.43408,28.45957,356.5975) (-0.1190929,1.590543,0.1008629) (322.0018,354.4273,353.8141)
4.15489997458297 (0.171147957444191,0.557052373886108,0.15710237622261) (0.1988062,0.5516321,0.1265743) (41.3526,21.38294,353.9853) (-0.1453107,1.595124,0.09500518) (320.2546,350.6163,354.9492)
4.02967770917226 (0.138477742671967,0.562434077262878,0.180070281028748) (0.171148,0.5570524,0.1571024) (34.73311,15.26194,350.5922) (-0.1864958,1.595065,0.09563165) (320.7948,346.0086,357.7611)
4.57313232880158 (0.0974785462021828,0.566245198249817,0.19996739923954) (0.1384777,0.5624341,0.1800703) (28.94387,8.849454,348.6288) (-0.2364902,1.581238,0.1088647) (329.3847,343.045,0.4802599)
3.99644109107045 (0.0576806850731373,0.567183971405029,0.2034892141819) (0.09747855,0.5662452,0.1999674) (27.84173,7.603577,350.7636) (-0.287346,1.57012,0.1308032) (338.8318,344.8855,1.158096)
4.0262699089138 (0.018806042149663,0.567113161087036,0.19300864636898) (0.05768069,0.567184,0.2034892) (28.04268,11.76967,351.9427) (-0.3293546,1.5496,0.1537681) (349.7442,347.4679,2.102382)
3.40828557697274 (-0.0141250612214208,0.567542970180511,0.184233754873276) (0.01880604,0.5671132,0.1930086) (27.90762,11.38082,352.202) (-0.3512818,1.541361,0.1667506) (353.881,349.0292,2.384097)
2.36478332122574 (-0.0371052697300911,0.569721817970276,0.179097354412079) (-0.01412506,0.567543,0.1842338) (27.1807,10.60101,352.5056) (-0.3681354,1.535506,0.1821519) (357.953,351.0631,2.112734)
1.20685957280379 (-0.048462800681591,0.571388363838196,0.175371751189232) (-0.03710527,0.5697218,0.1790974) (27.81783,14.42083,353.802) (-0.3676332,1.539441,0.1987939) (355.3469,356.3901,1.901265)
1.95371712777265 (-0.0512627586722374,0.569378674030304,0.156140983104706) (-0.0484628,0.5713884,0.1753718) (32.19205,20.50989,356.8151) (-0.332786,1.549505,0.2093856) (351.1834,11.50783,2.524369)
7.82206176952296 (-0.0473903939127922,0.56639152765274,0.0780734047293663) (-0.05126276,0.5693787,0.156141) (37.20599,25.18762,359.2637) (-0.2764233,1.555073,0.201798) (347.8737,32.4952,2.906634)
6.54018034028616 (-0.0616839528083801,0.563803613185883,0.0143051296472549) (-0.04739039,0.5663915,0.0780734) (38.52065,26.32044,1.205653) (-0.2446933,1.556821,0.1958291) (346.47,41.0416,1.207097)
2.58721347907143 (-0.0663926899433136,0.561839938163757,-0.0110590001568198) (-0.06168395,0.5638036,0.01430513) (38.43049,25.38796,0.7937084) (-0.2174342,1.557961,0.1941107) (343.1685,41.79688,0.1958109)
2.6458545144639 (-0.0403116755187511,0.559124350547791,-0.0145890042185783) (-0.06639269,0.5618399,-0.011059) (38.3973,20.02765,358.0027) (-0.1875454,1.559072,0.190069) (341.8055,37.82729,0.2348031)
4.90236936149678 (0.0061128162778914,0.557056307792664,0.00102548068389297) (-0.04031168,0.5591244,-0.014589) (40.05468,10.1316,355.6216) (-0.1556638,1.565424,0.1897975) (338.1631,31.0016,359.7664)
6.07884600439402 (0.058718241751194,0.557797849178314,0.0314780101180077) (0.006112816,0.5570563,0.001025481) (37.58957,1.703217,354.6404) (-0.1296087,1.568769,0.1894184) (335.5071,23.99268,358.2264)
5.50981722936879 (0.103103041648865,0.559040009975433,0.0641009360551834) (0.05871824,0.5577978,0.03147801) (34.95266,358.3735,352.9639) (-0.1079569,1.572533,0.1911193) (334.5796,19.19617,356.661)
4.07753054238383 (0.134660884737968,0.56036901473999,0.0898877903819084) (0.103103,0.55904,0.06410094) (33.02384,356.5572,351.0189) (-0.09186902,1.57463,0.1970619) (333.3954,15.3564,356.9304)
3.73746161646048 (0.159678488969803,0.561821937561035,0.117616303265095) (0.1346609,0.560369,0.08988779) (31.55118,349.693,349.9526) (-0.08086599,1.575436,0.2008081) (331.7413,11.91658,357.3667)
2.54283916090588 (0.173211142420769,0.561571836471558,0.139143213629723) (0.1596785,0.5618219,0.1176163) (32.56809,344.5504,349.1948) (-0.07523715,1.577268,0.2023101) (330.5999,8.904892,357.2952)
2.09396072032583 (0.185074090957642,0.560354888439178,0.156355321407318) (0.1732111,0.5615718,0.1391432) (35.28538,340.7509,346.7112) (-0.07207917,1.578378,0.2034689) (329.5462,5.746778,357.9474)
1.57885695343776 (0.191235780715942,0.558547914028168,0.170779168605804) (0.1850741,0.5603549,0.1563553) (38.82543,336.7009,345.138) (-0.07298855,1.580888,0.2027856) (327.9639,5.811765,358.3792)
0.288067090830626 (0.192426592111588,0.556731462478638,0.17267145216465) (0.1912358,0.5585479,0.1707792) (42.46672,336.7257,344.2296) (-0.0757077,1.583697,0.2025129) (326.0333,10.1783,357.7018)
2.15075517713702 (0.18553663790226,0.555076777935028,0.152364671230316) (0.1924266,0.5567315,0.1726715) (46.01657,340.7465,344.8544) (-0.0761391,1.58524,0.2024054) (325.9222,17.39643,355.5428)
3.11273878685376 (0.172800585627556,0.553763151168823,0.123992472887039) (0.1855366,0.5550768,0.1523647) (48.6868,345.3435,346.4023) (-0.08487991,1.584218,0.2035026) (325.8544,23.92979,353.736)
4.10663421281856 (0.144322127103806,0.553563833236694,0.0944056138396263) (0.1728006,0.5537632,0.1239925) (48.26749,350.9973,348.0597) (-0.10464,1.581001,0.205265) (326.5856,32.00141,351.2688)
5.33521298691158 (0.100810304284096,0.55492901802063,0.0635623410344124) (0.1443221,0.5535638,0.09440561) (45.12026,355.5453,348.9604) (-0.1296055,1.578947,0.2052996) (327.0405,40.63666,349.3987)
6.25014854418099 (0.0447819828987122,0.556448817253113,0.0359045565128326) (0.1008103,0.554929,0.06356234) (41.93431,358.5708,349.4834) (-0.1576886,1.57953,0.2077664) (328.1662,48.69691,348.2002)
6.14730623357664 (-0.0136448806151748,0.55760931968689,0.0168285965919495) (0.04478198,0.5564488,0.03590456) (39.66974,3.36827,350.9137) (-0.1846424,1.578329,0.2121867) (328.857,54.91842,348.2362)
5.20502315272558 (-0.0644106864929199,0.558855831623077,0.00540467537939548) (-0.01364488,0.5576093,0.0168286) (36.96975,6.506843,351.5851) (-0.2045139,1.57316,0.2161603) (329.3482,60.35519,348.3566)
3.97341044017546 (-0.103479012846947,0.559070587158203,-0.0018354122294113) (-0.06441069,0.5588558,0.005404675) (35.12373,9.188272,354.8288) (-0.2147369,1.573108,0.2171462) (329.3588,64.01588,349.4617)
2.33517866633228 (-0.126444965600967,0.558784306049347,-0.00605311756953597) (-0.103479,0.5590706,-0.001835412) (34.6399,9.345034,356.6566) (-0.2200064,1.573798,0.2164218) (330.2234,63.9918,350.4839)
0.845264038642008 (-0.131070539355278,0.558669567108154,-0.0131268743425608) (-0.126445,0.5587843,-0.006053118) (34.37567,22.68149,358.124) (-0.2240532,1.571642,0.2084335) (330.1903,63.41436,351.3195)
0.939800381849887 (-0.129462704062462,0.557649910449982,-0.0223300065845251) (-0.1310705,0.5586696,-0.01312687) (35.07709,32.61417,357.7806) (-0.2240688,1.574204,0.1912624) (329.2537,63.0299,351.4155)
2.05884739135173 (-0.120484843850136,0.556226432323456,-0.0408031493425369) (-0.1294627,0.5576499,-0.02233001) (37.20136,42.53957,356.9456) (-0.2177405,1.575156,0.1697519) (328.8338,61.72022,351.9273)
2.4239996873153 (-0.10427438467741,0.554683089256287,-0.0587591119110584) (-0.1204848,0.5562264,-0.04080315) (39.64823,47.68404,358.5025) (-0.2092292,1.577946,0.1503935) (327.5611,58.1403,354.1301)
5.04456435830401 (-0.0546558313071728,0.555755257606506,-0.0677930861711502) (-0.1042744,0.5546831,-0.05875911) (39.49029,43.9863,358.0733) (-0.2095929,1.584807,0.1392451) (326.535,41.66005,0.3792572)
7.33782256865015 (0.00843902304768562,0.557636380195618,-0.0303783155977726) (-0.05465583,0.5557553,-0.06779309) (40.16959,38.21459,355.6369) (-0.2202984,1.584315,0.1299972) (327.2676,22.17221,3.556675)
7.68496959014265 (0.0498944818973541,0.55692046880722,0.0343272387981415) (0.008439023,0.5576364,-0.03037832) (43.22975,30.21375,353.9021) (-0.2396076,1.581624,0.1172667) (327.5922,3.120529,4.321072)
8.73648294238565 (0.0594526529312134,0.555422127246857,0.121154710650444) (0.04989448,0.5569205,0.03432724) (47.50091,22.53686,352.4249) (-0.2665101,1.584917,0.09977145) (330.3659,343.2463,8.134593)
6.78589374485452 (0.0378641821444035,0.558797299861908,0.185399413108826) (0.05945265,0.5554221,0.1211547) (48.41377,20.29172,352.1584) (-0.2900998,1.575919,0.08145043) (335.7776,328.1269,11.18385)
6.50050766444125 (-0.000658896053209901,0.560185074806213,0.237741619348526) (0.03786418,0.5587973,0.1853994) (46.47968,13.11405,350.9265) (-0.3062046,1.56012,0.06802282) (344.2948,318.8706,12.71707)
2.93630117303728 (-0.0250964779406786,0.561549961566925,0.253962844610214) (-0.0006588961,0.5601851,0.2377416) (44.34417,7.411426,350.176) (-0.3180324,1.540518,0.06003726) (353.903,313.6964,12.47453)
1.60722406183472 (-0.0392611958086491,0.564601302146912,0.260917484760284) (-0.02509648,0.56155,0.2539628) (39.47824,3.098789,349.2297) (-0.3218114,1.529829,0.05779749) (359.2274,311.4476,11.4047)
1.12878411635415 (-0.0489356480538845,0.569009721279144,0.264710396528244) (-0.0392612,0.5646013,0.2609175) (34.53527,356.1359,348.0649) (-0.3242307,1.521418,0.05777524) (3.765754,310.0828,10.0634)
0.709062481048647 (-0.0551156885921955,0.572248995304108,0.263448983430862) (-0.04893565,0.5690097,0.2647104) (31.69165,348.6699,348.065) (-0.3157884,1.519779,0.06576394) (4.308005,315.4937,7.736012)
3.98962941191714 (-0.0268803704530001,0.572661697864532,0.235265463590622) (-0.05511569,0.572249,0.263449) (33.17303,344.2117,348.3176) (-0.2830258,1.535427,0.08327138) (0.02051682,329.0453,7.783812)
7.74450112959651 (0.0268563237041235,0.573703348636627,0.179506942629814) (-0.02688037,0.5726617,0.2352655) (34.80686,349.2443,349.7572) (-0.23626,1.546526,0.09775953) (356.1938,346.5644,9.14572)
10.4309986714688 (0.0799942314624786,0.573597609996796,0.0897465646266937) (0.02685632,0.5737033,0.1795069) (36.47473,0.6474991,348.5937) (-0.183208,1.55186,0.1014075) (352.6806,7.737598,9.768785)
10.2199973175615 (0.0993875488638878,0.572462856769562,-0.0105900960043073) (0.07999423,0.5735976,0.08974656) (38.84683,11.82305,349.5648) (-0.1343448,1.5527,0.09597354) (353.7199,27.42914,7.672037)
8.87127191321928 (0.0816693753004074,0.57123202085495,-0.0975067168474197) (0.09938755,0.5724629,-0.0105901) (40.72217,20.09208,352.0395) (-0.1016388,1.540042,0.09180183) (359.4494,42.0792,5.388448)
6.36979231923608 (0.0496036745607853,0.5703484416008,-0.152537941932678) (0.08166938,0.571232,-0.09750672) (42.85874,27.53147,353.2164) (-0.08246281,1.513649,0.09742422) (9.745511,51.53043,5.491894)
3.39864303120485 (0.0196796227246523,0.569932818412781,-0.168645575642586) (0.04960367,0.5703484,-0.1525379) (44.27764,37.41,354.7727) (-0.07266881,1.490536,0.1208469) (16.84562,56.44445,5.579854)
2.12977185989006 (-0.000576159043703228,0.569491565227509,-0.162080407142639) (0.01967962,0.5699328,-0.1686456) (44.79954,49.56557,356.6094) (-0.06277774,1.477734,0.1538496) (20.4084,60.501,4.267031)
3.05450444810853 (-0.0142203764989972,0.568206071853638,-0.134782373905182) (-0.000576159,0.5694916,-0.1620804) (45.93898,59.35981,359.6795) (-0.05442691,1.468564,0.1945761) (24.72032,65.04308,3.891986)
3.69786114594814 (-0.0282831564545631,0.568075358867645,-0.100582391023636) (-0.01422038,0.5682061,-0.1347824) (45.37809,70.27113,2.400313) (-0.04187942,1.461341,0.2341948) (28.09717,69.6382,2.281352)
3.64791322482396 (-0.0400969609618187,0.570322096347809,-0.0661423951387405) (-0.02828316,0.5680754,-0.1005824) (41.73444,79.14047,3.184263) (-0.02998802,1.450134,0.255811) (32.37815,73.57076,356.2292)
3.04755861575849 (-0.0574066191911697,0.573188722133636,-0.0412241369485855) (-0.04009696,0.5703221,-0.0661424) (37.19551,81.90633,4.390543) (-0.0195213,1.440116,0.2582298) (35.3905,80.13075,352.8261)
2.76782095567531 (-0.0810261219739914,0.576401770114899,-0.0271572005003691) (-0.05740662,0.5731887,-0.04122414) (30.64137,81.66702,3.889577) (-0.01657864,1.435285,0.2499844) (36.83826,86.6546,352.0342)
3.05116614550899 (-0.109982438385487,0.579605996608734,-0.0180893335491419) (-0.08102612,0.5764018,-0.0271572) (25.22047,82.00895,3.432717) (-0.01621325,1.442945,0.2361087) (33.76301,93.18503,352.0708)
3.09872660759926 (-0.140935108065605,0.579269647598267,-0.0195140447467566) (-0.1099824,0.579606,-0.01808933) (25.60428,89.3352,4.162041) (-0.02589706,1.453333,0.2205117) (32.29111,97.10429,352.3958)
2.63907954300706 (-0.165035709738731,0.580131471157074,-0.0302328299731016) (-0.1409351,0.5792696,-0.01951404) (29.37394,99.55808,4.81733) (-0.04075289,1.464236,0.2129072) (30.00117,96.62644,352.9706)
2.06378729176022 (-0.175396144390106,0.579924583435059,-0.0480805300176144) (-0.1650357,0.5801315,-0.03023283) (35.38202,114.3192,7.081736) (-0.05854256,1.472987,0.211282) (28.08317,89.5606,353.3971)
2.64869884986793 (-0.158949866890907,0.57924473285675,-0.0688318759202957) (-0.1753961,0.5799246,-0.04808053) (42.94014,120.579,7.269705) (-0.08006507,1.474792,0.2186039) (28.26066,79.2468,353.3593)
2.25897736836567 (-0.137594640254974,0.578775227069855,-0.0761825069785118) (-0.1589499,0.5792447,-0.06883188) (49.33247,109.3483,4.787558) (-0.1027944,1.470682,0.210183) (29.37828,74.97108,354.0236)
1.2273202416187 (-0.140439569950104,0.579032838344574,-0.0881186500191689) (-0.1375946,0.5787752,-0.07618251) (48.7146,94.57198,359.926) (-0.1319688,1.46943,0.1867617) (31.72462,72.47839,355.8035)
2.07852738107529 (-0.149483248591423,0.582864940166473,-0.106436796486378) (-0.1404396,0.5790328,-0.08811865) (44.06274,86.78441,0.7477189) (-0.1572511,1.463437,0.1641754) (31.89135,69.03648,356.4137)
2.40172694018312 (-0.156191661953926,0.585002958774567,-0.129398837685585) (-0.1494832,0.5828649,-0.1064368) (36.79295,87.67747,2.895278) (-0.1803797,1.459908,0.1442566) (32.18764,66.14806,356.5626)
2.39132776811754 (-0.160799264907837,0.58607941865921,-0.152839317917824) (-0.1561917,0.585003,-0.1293988) (31.09657,92.63763,2.916922) (-0.1951654,1.461296,0.1257491) (31.58125,64.31847,356.9297)
Average= 4.990196440966
Max= 51.3853316254466
Standard Deviation= 7.9825620708317
Right: 3    Miss: 37
0
