red 16.98464 26.44667 15.53519 (-0.807632,5,0.7) (-0.807632,0.08178882,0.7)
red 17.98418 26.53556 14.25839 (0.3760714,5,0.7) (0.3760714,0.08038615,0.7)
red 17.48421 27.15778 15.81695 (-0.5687799,5,0.7) (-0.5687799,0.07915101,0.7)
red 20.48984 27.32445 14.06893 (-0.1055299,5,0.7) (-0.1055299,1.008805,0.7)
red 19.49059 27.39111 16.54348 (-0.2182051,5,0.7) (-0.2182051,1.195042,0.7)
red 18.48252 27.49111 14.90027 (-0.633007,5,0.7) (-0.633007,0.08026895,0.7)
red 19.99078 28.10222 13.62973 (-0.5835054,5,0.7) (-0.5835054,0.07736945,0.7)
red 18.98031 28.15778 15.14114 (0.4291253,5,0.7) (0.4291253,0.08367181,0.7)
red 21.4873 28.95778 16.04074 (0.145856,5,0.7) (0.145856,1.267663,0.7)
red 20.98839 29.96889 14.86935 (-0.6659696,5,0.7) (-0.6659696,0.08031198,0.7)
red 21.98654 31.00222 14.91325 (0.8159354,5,0.7) (0.8159354,0.07928297,0.7)
red 22.48568 31.44667 14.83249 (-0.7709112,5,0.7) (-0.7709112,0.07803117,0.7)
red 23.48356 32.32444 14.66883 (0.5126398,5,0.7) (0.5126398,0.08114475,0.7)
red 22.98394 32.33556 15.37617 (-0.5956142,5,0.7) (-0.5956142,0.07943645,0.7)
red 23.98269 32.59111 14.33042 (0.3938787,5,0.7) (0.3938787,0.07759015,0.7)
red 25.49014 33.45778 13.4301 (0.657829,5,0.7) (0.657829,0.08155951,0.7)
red 25.98038 34.01333 13.50858 (0.231531,5,0.7) (0.231531,0.08059745,0.7)
red 24.99076 34.12445 15.08492 (-0.3019067,5,0.7) (-0.3019067,0.07980734,0.7)
red 24.48165 34.35778 16.09678 (0.2332414,5,0.7) (0.2332414,0.08232403,0.7)
red 26.4886 36.26889 15.97003 (0.453628,5,0.7) (0.453628,0.07988931,0.7)
red 27.98745 36.29111 13.91004 (-0.1384677,5,0.7) (-0.1384677,0.08076754,0.7)
red 28.48534 36.31334 13.21158 (0.42013,5,0.7) (0.42013,0.0782495,0.7)
red 26.98927 37.11333 16.44442 (-0.683944,5,0.7) (-0.683944,0.08364682,0.7)
red 28.98698 37.32444 13.9562 (0.7123339,5,0.7) (0.7123339,0.08010995,0.7)
red 27.48844 37.93555 16.86737 (-0.3309096,5,0.7) (-0.3309096,0.08149571,0.7)
red 29.48513 38.44667 14.8412 (-0.8605604,5,0.7) (-0.8605604,0.08149779,0.7)
red 29.98235 38.91333 14.78536 (0.5259624,5,0.7) (0.5259624,0.07786149,0.7)
red 30.48141 39.43555 14.82193 (-0.0225476,5,0.7) (-0.0225476,0.07999682,0.7)
red 31.49021 40.38 14.74552 (-0.9273112,5,0.7) (-0.9273112,0.08059597,0.7)
red 30.98005 41.13556 16.46356 (-0.3011817,5,0.7) (-0.3011817,0.07982379,0.7)
red 32.98862 41.13556 13.68913 (-0.04631436,5,0.7) (-0.04631436,0.08212011,0.7)
red 32.48889 42.04667 15.66948 (-0.005940557,5,0.7) (-0.005940557,0.080726,0.7)
red 31.99045 42.18 16.52735 (-0.09215128,5,0.7) (-0.09215128,0.0814383,0.7)
red 33.48688 42.44667 14.83896 (-0.9907923,5,0.7) (-0.9907923,0.08056113,0.7)
red 33.98616 42.72445 14.53194 (-0.9560509,5,0.7) (-0.9560509,0.08271886,0.7)
red 34.48531 43.00222 14.20585 (-0.4867731,5,0.7) (-0.4867731,0.07828473,0.7)
red 35.98339 43.75778 13.13385 (-0.6215518,5,0.7) (-0.6215518,0.07986356,0.7)
red 35.48431 44.96889 15.56701 (-0.9963698,5,0.7) (-0.9963698,0.08228232,0.7)
red 34.98495 44.98 16.2562 (0.2784586,5,0.7) (0.2784586,0.08026067,0.7)
red 36.48266 46.94667 16.88921 (0.7636993,5,0.7) (0.7636993,0.08400327,0.7)
0
