34.3867092639799 (-0.274470895528793,0.574287831783295,-0.10128166526556) (-0.01336318,0.7110355,0.07582683) (42.25247,182.1358,25.48385) (0.01052317,1.152443,-0.5413676) (26.67793,188.9989,357.3323)
0.433030873698064 (-0.274179190397263,0.578336834907532,-0.102788999676704) (-0.2744709,0.5742878,-0.1012817) (42.24876,182.1366,25.48448) (0.01423967,1.170928,-0.5431479) (25.16652,188.756,357.6836)
1.63597869639412 (-0.276848435401917,0.592995166778564,-0.109545558691025) (-0.2741792,0.5783368,-0.102789) (41.61282,181.8766,25.58331) (0.01309648,1.205127,-0.5369933) (22.08656,189.1802,358.6342)
4.41360882485262 (-0.293457508087158,0.623132407665253,-0.13718393445015) (-0.2768484,0.5929952,-0.1095456) (40.25435,180.8495,25.96111) (0.01096709,1.247166,-0.52443) (19.56466,190.0038,359.267)
3.9236948185464 (-0.293701559305191,0.658960521221161,-0.121189408004284) (-0.2934575,0.6231324,-0.1371839) (38.38079,179.3136,25.93022) (0.005915533,1.285934,-0.5044175) (18.70985,189.4736,359.3485)
4.4714953194578 (-0.307279139757156,0.699393153190613,-0.10776261985302) (-0.2937016,0.6589605,-0.1211894) (35.46124,175.9911,25.08909) (-0.004082593,1.346156,-0.4773131) (12.19616,186.2904,358.3533)
4.78108064817891 (-0.334999442100525,0.737626433372498,-0.100301094353199) (-0.3072791,0.6993932,-0.1077626) (32.26653,171.7629,23.90662) (-0.01879552,1.396099,-0.4426) (5.815107,182.3813,356.8159)
5.21866349799755 (-0.37403479218483,0.772262632846832,-0.100442878901958) (-0.3349994,0.7376264,-0.1003011) (29.15427,165.8086,22.36734) (-0.03539842,1.4436,-0.4001982) (357.7772,175.549,355.2307)
5.75648077302064 (-0.421548157930374,0.798142433166504,-0.120100528001785) (-0.3740348,0.7722626,-0.1004429) (27.14138,155.8178,20.55382) (-0.0494641,1.483999,-0.3576314) (348.5549,166.2339,353.2559)
6.57029839633507 (-0.464252352714539,0.820704460144043,-0.16464476287365) (-0.4215482,0.7981424,-0.1201005) (25.63758,140.9876,20.13534) (-0.05429344,1.515455,-0.3092614) (339.9786,153.1186,349.6088)
6.60244954127389 (-0.487684011459351,0.839298605918884,-0.223504334688187) (-0.4642524,0.8207045,-0.1646448) (24.64713,128.7161,19.17167) (-0.05561755,1.541395,-0.2595149) (333.791,138.7888,346.4682)
6.749833511003 (-0.480740308761597,0.85678619146347,-0.288327127695084) (-0.487684,0.8392986,-0.2235043) (24.50791,115.7206,18.01573) (-0.06367121,1.561568,-0.2073492) (327.4908,125.1859,343.6898)
5.50936083037735 (-0.455838710069656,0.869911849498749,-0.33568674325943) (-0.4807403,0.8567862,-0.2883271) (24.46605,101.0555,17.05064) (-0.08137043,1.574608,-0.1597176) (321.9551,113.7934,342.0573)
6.08390299186617 (-0.412836641073227,0.875964045524597,-0.378296375274658) (-0.4558387,0.8699118,-0.3356867) (24.49669,88.03306,16.11621) (-0.106385,1.58324,-0.1073265) (315.1462,96.36868,340.4561)
7.88953282616885 (-0.341722100973129,0.879883646965027,-0.412235021591187) (-0.4128366,0.875964,-0.3782964) (24.94687,77.88485,15.513) (-0.1415123,1.587132,-0.05690657) (309.0941,79.10352,339.1104)
8.40432258824959 (-0.257686525583267,0.880699515342712,-0.413022845983505) (-0.3417221,0.8798836,-0.412235) (25.64952,70.02157,15.10218) (-0.1771449,1.585431,-0.01460847) (304.4825,64.12617,338.2594)
8.26057586342459 (-0.181339770555496,0.879644811153412,-0.381498694419861) (-0.2576865,0.8806995,-0.4130228) (27.53689,64.03687,15.90099) (-0.2051614,1.581139,0.01933196) (300.6138,51.43314,338.6673)
8.6525526841873 (-0.109729245305061,0.873980939388275,-0.33326467871666) (-0.1813398,0.8796448,-0.3814987) (29.75365,57.20615,15.26221) (-0.2200247,1.57866,0.04123434) (297.6784,43.50116,337.8311)
24.7251847343812 (0.0858676433563232,0.870865881443024,-0.182050824165344) (-0.1097292,0.8739809,-0.3332647) (30.88071,46.08049,13.79873) (-0.2252142,1.575927,0.05468947) (294.5562,37.32105,334.5613)
6.84722469222393 (0.110517807304859,0.871559381484985,-0.118173308670521) (0.08586764,0.8708659,-0.1820508) (29.8085,32.5214,12.81848) (-0.2230297,1.577783,0.05939989) (292.8893,32.18135,332.7748)
4.6804991038792 (0.127823323011398,0.87543523311615,-0.0748581364750862) (0.1105178,0.8715594,-0.1181733) (27.47088,19.32985,12.9559) (-0.2158328,1.580141,0.05581652) (292.0126,26.60225,334.4208)
2.32882812511364 (0.140022218227386,0.878558337688446,-0.0552679039537907) (0.1278233,0.8754352,-0.07485814) (25.02941,10.03592,12.47534) (-0.2055789,1.580863,0.04602352) (291.2256,23.36924,335.5807)
1.60415878162309 (0.154826357960701,0.882102906703949,-0.0502076633274555) (0.1400222,0.8785583,-0.0552679) (22.03238,1.497139,11.77738) (-0.1928627,1.58456,0.03023257) (290.9226,19.79571,337.2085)
1.67432748980345 (0.170496970415115,0.885313808917999,-0.0551532953977585) (0.1548264,0.8821029,-0.05020766) (22.43561,353.4769,12.52515) (-0.1806715,1.587131,0.01026923) (290.3705,16.21489,339.3049)
1.58821032306484 (0.184150025248528,0.885151207447052,-0.0632655620574951) (0.170497,0.8853138,-0.0551533) (25.8627,349.4216,13.82932) (-0.1700966,1.588236,-0.009230993) (290.06,14.04634,340.6961)
1.75392028625635 (0.196717634797096,0.883660197257996,-0.0754086971282959) (0.18415,0.8851512,-0.06326556) (30.34386,349.4955,14.46361) (-0.1610833,1.588374,-0.02446673) (289.7021,13.2607,341.0703)
1.77130707236732 (0.208816811442375,0.88172847032547,-0.0882005393505096) (0.1967176,0.8836602,-0.0754087) (34.91068,351.2642,15.84161) (-0.1517808,1.589318,-0.03926078) (289.8015,14.37421,339.4148)
1.55733381840021 (0.219273686408997,0.881012976169586,-0.0997188165783882) (0.2088168,0.8817285,-0.08820054) (38.15159,353.0287,16.05749) (-0.1442307,1.590454,-0.05003144) (289.8623,15.77944,337.774)
1.35130532199569 (0.226734161376953,0.881330609321594,-0.110981278121471) (0.2192737,0.881013,-0.09971882) (39.1418,353.4198,16.04082) (-0.1365261,1.590908,-0.0623434) (289.8685,17.80321,335.8326)
1.11333727082269 (0.233721330761909,0.882377028465271,-0.11958572268486) (0.2267342,0.8813306,-0.1109813) (38.65141,353.6384,15.15888) (-0.1310316,1.592099,-0.06797903) (289.8558,18.66466,335.0829)
0.65643853905659 (0.238024950027466,0.884046912193298,-0.124252788722515) (0.2337213,0.882377,-0.1195857) (36.85212,353.2305,14.03415) (-0.1280224,1.59308,-0.07052523) (290.5847,19.05816,334.6072)
0.298485598778357 (0.239724591374397,0.885294854640961,-0.126365423202515) (0.238025,0.8840469,-0.1242528) (35.45219,352.5783,13.12334) (-0.1267596,1.594093,-0.06975827) (290.9277,17.04395,336)
0.325885482267915 (0.242224752902985,0.886630654335022,-0.124757640063763) (0.2397246,0.8852949,-0.1263654) (34.80944,351.5543,12.59213) (-0.1294004,1.596895,-0.06652912) (291.1197,11.6398,339.916)
0.949096895530594 (0.246220216155052,0.88777893781662,-0.116225570440292) (0.2422248,0.8866307,-0.1247576) (35.43157,349.6577,12.31959) (-0.1318234,1.599265,-0.06426239) (291.9702,6.75192,343.1716)
0.789993951638374 (0.248295798897743,0.887718260288239,-0.108603410422802) (0.2462202,0.8877789,-0.1162256) (36.32283,348.6711,12.70048) (-0.1342409,1.599491,-0.0602426) (292.7561,6.093741,343.1186)
0.633021502968435 (0.247651636600494,0.88752007484436,-0.102309174835682) (0.2482958,0.8877183,-0.1086034) (36.83287,348.6241,13.09932) (-0.1343288,1.600111,-0.05253764) (294.0024,5.052556,344.3424)
0.124783440182751 (0.247583881020546,0.887531816959381,-0.1010632365942) (0.2476516,0.8875201,-0.1023092) (36.80782,349.0187,13.32824) (-0.1334879,1.601556,-0.04138939) (297.5729,3.225934,346.5097)
0.0842875724492468 (0.247862249612808,0.887986779212952,-0.100410580635071) (0.2475839,0.8875318,-0.1010632) (35.82693,349.8604,13.24158) (-0.133403,1.598249,-0.02352752) (304.2166,0.1579804,350.005)
8.0888360874025 (0.216647624969482,0.888546466827393,-0.175031363964081) (0.2478622,0.8879868,-0.1004106) (34.93797,349.4799,12.83722) (-0.1385313,1.594509,-1.004245E-05) (313.6973,355.3497,355.3615)
2.91171947258996 (0.228924170136452,0.888932883739471,-0.14863158762455) (0.2166476,0.8885465,-0.1750314) (34.41389,348.9265,12.46993) (-0.143435,1.585685,0.02240215) (324.937,352.6455,358.1994)
1.36710584011508 (0.240653321146965,0.889050126075745,-0.141609400510788) (0.2289242,0.8889329,-0.1486316) (33.93987,348.0364,12.2405) (-0.1505061,1.567349,0.04586609) (339.4374,351.6469,1.562078)
0.612454982887485 (0.246274754405022,0.889894306659698,-0.143889084458351) (0.2406533,0.8890501,-0.1416094) (33.24671,347.3234,12.12757) (-0.1531143,1.551829,0.06197124) (348.2608,351.9221,2.241214)
0.217250805214219 (0.246789738535881,0.891240417957306,-0.14551468193531) (0.2462748,0.8898943,-0.1438891) (31.87396,346.9297,12.55082) (-0.1537887,1.548977,0.06933099) (348.7414,352.9099,0.609129)
1.00827498724793 (0.242835506796837,0.892574429512024,-0.154693260788918) (0.2467897,0.8912404,-0.1455147) (29.49977,346.1647,13.71667) (-0.155394,1.559398,0.07400571) (344.3653,355.2707,359.7434)
1.62433310039835 (0.227755069732666,0.89491593837738,-0.160255953669548) (0.2428355,0.8925744,-0.1546933) (24.38926,346.7689,14.85593) (-0.1549404,1.579919,0.07553691) (333.4053,0.4328386,358.8119)
2.93260444621746 (0.200190186500549,0.899481952190399,-0.169163569808006) (0.2277551,0.8949159,-0.160256) (15.71026,348.9859,15.81026) (-0.157314,1.594948,0.07572906) (324.2807,6.337554,356.3473)
3.2019291325848 (0.170428067445755,0.907497406005859,-0.177835583686829) (0.2001902,0.899482,-0.1691636) (4.019165,351.8649,15.02304) (-0.1687687,1.599017,0.07674889) (319.0906,9.941082,354.6828)
3.41846304126614 (0.138004064559937,0.915322721004486,-0.185321405529976) (0.1704281,0.9074974,-0.1778356) (349.229,354.7704,14.83463) (-0.1869003,1.602603,0.08340314) (314.9019,14.0948,351.7996)
4.70706332173974 (0.0934430807828903,0.924502968788147,-0.197391465306282) (0.1380041,0.9153227,-0.1853214) (331.163,355.3499,15.81479) (-0.2069516,1.603594,0.09133348) (313.0174,18.91788,349.0265)
4.88595043786195 (0.048004612326622,0.931435644626617,-0.213960558176041) (0.09344308,0.924503,-0.1973915) (311.6542,353.371,19.15083) (-0.2271616,1.602873,0.100671) (312.099,22.66705,346.8244)
4.65267245007536 (0.00367354974150658,0.934953093528748,-0.227639764547348) (0.04800461,0.9314356,-0.2139606) (292.5904,345.1265,30.51133) (-0.245557,1.603879,0.1110348) (310.9878,25.64837,344.8831)
3.66559985328172 (-0.0322561599314213,0.934934556484222,-0.23490047454834) (0.00367355,0.9349531,-0.2276398) (279.3641,295.822,82.54829) (-0.2572585,1.602886,0.1225425) (310.9818,26.87564,344.5115)
1.94499242017023 (-0.0515320263803005,0.932663142681122,-0.236157938838005) (-0.03225616,0.9349346,-0.2349005) (283.4575,230.7185,147.4265) (-0.2599755,1.60596,0.1332943) (310.8126,26.9527,344.7528)
89.8186212198807 (-0.0247972775250673,1.58387362957001,0.381862014532089) (-0.05153203,0.9326631,-0.2361579) (292.1265,212.2271,166.1625) (-0.2539752,1.606683,0.1453876) (310.2353,26.75818,344.5438)
5.30960511631168 (-0.00840095430612564,1.63071537017822,0.400735348463058) (-0.02479728,1.583874,0.381862) (298.8672,209.1413,170.3615) (-0.2354713,1.605468,0.1577462) (309.8506,25.968,344.7551)
4.42817413169318 (-0.00140860385727137,1.67085862159729,0.418070256710052) (-0.008400954,1.630715,0.4007353) (304.9401,207.2515,172.949) (-0.2091777,1.605213,0.1701127) (309.7046,24.42234,345.6742)
3.50529402592379 (-0.0161981713026762,1.69955134391785,0.431734263896942) (-0.001408604,1.670859,0.4180703) (310.6535,209.9016,173.6687) (-0.1818339,1.606431,0.1835263) (309.6476,22.66145,346.539)
4.55412682730203 (-0.0570743158459663,1.71411550045013,0.445555746555328) (-0.01619817,1.699551,0.4317343) (318.1319,218.7788,169.2618) (-0.1579206,1.606865,0.1957919) (309.4138,21.0239,346.9998)
4.34404238526171 (-0.0993529409170151,1.72202789783478,0.45163705945015) (-0.05707432,1.714116,0.4455557) (327.5246,223.7167,167.0997) (-0.1392705,1.60788,0.2064133) (309.4942,19.32689,347.2519)
2.74435881751681 (-0.11693799495697,1.74144613742828,0.459813147783279) (-0.09935294,1.722028,0.4516371) (329.5303,221.5286,165.9316) (-0.1270703,1.608656,0.2130949) (308.8072,17.39289,348.1736)
2.60867738807342 (-0.128030508756638,1.75992393493652,0.474511682987213) (-0.116938,1.741446,0.4598131) (329.9478,221.452,165.4274) (-0.1195694,1.609253,0.2165166) (308.6455,15.75418,348.578)
3.04647135857856 (-0.133399218320847,1.7798547744751,0.496917873620987) (-0.1280305,1.759924,0.4745117) (327.9232,222.687,163.7365) (-0.1151354,1.609642,0.2182811) (308.9371,14.66735,348.3724)
3.50917676555439 (-0.136864826083183,1.79532253742218,0.528225541114807) (-0.1333992,1.779855,0.4969179) (323.4109,225.9244,159.9393) (-0.1119501,1.609097,0.2193959) (309.7149,14.45767,348.033)
3.25410996344699 (-0.139901220798492,1.79729783535004,0.560564398765564) (-0.1368648,1.795323,0.5282255) (318.4405,229.0803,156.0881) (-0.1096394,1.607797,0.2215056) (310.8728,14.30516,347.8232)
3.25269851811381 (-0.147662416100502,1.78616762161255,0.590125977993011) (-0.1399012,1.797298,0.5605644) (316.3122,232.5311,151.8353) (-0.1082125,1.60668,0.2233734) (311.9208,14.02706,347.6134)
3.9813595460053 (-0.152824595570564,1.76831674575806,0.625337064266205) (-0.1476624,1.786168,0.590126) (311.9696,236.433,146.7151) (-0.1085478,1.605078,0.2261781) (313.6309,13.30465,348.1877)
4.58253794703607 (-0.175800606608391,1.73482143878937,0.64655339717865) (-0.1528246,1.768317,0.6253371) (312.526,242.1928,141.6613) (-0.110623,1.602901,0.2324922) (315.9782,12.80517,348.866)
3.90676906374618 (-0.181274622678757,1.70130252838135,0.665861487388611) (-0.1758006,1.734821,0.6465534) (308.8477,243.1328,138.2628) (-0.1153272,1.598629,0.2424586) (319.8908,11.97616,350.1089)
3.51841615158307 (-0.175182551145554,1.67182409763336,0.684077799320221) (-0.1812746,1.701303,0.6658615) (306.9066,248.0851,136.3588) (-0.1185983,1.592843,0.2541005) (324.7199,12.02975,350.9817)
3.74360709370536 (-0.142203524708748,1.65574109554291,0.676649451255798) (-0.1751826,1.671824,0.6840778) (297.5367,239.4092,144.059) (-0.1222648,1.58645,0.2634839) (329.0005,12.02334,351.8396)
3.55067262134101 (-0.118517197668552,1.63287675380707,0.663348793983459) (-0.1422035,1.655741,0.6766495) (289.2825,218.9678,160.1187) (-0.1287702,1.583429,0.2701457) (331.7443,7.958552,354.4817)
6.35316600157102 (-0.154906138777733,1.58885633945465,0.635522186756134) (-0.1185172,1.632877,0.6633488) (290.7151,228.4073,146.3336) (-0.1352405,1.580522,0.2737621) (334.1009,5.504284,354.9518)
9.553170767237 (-0.209311008453369,1.52756285667419,0.586435258388519) (-0.1549061,1.588856,0.6355222) (298.4625,232.1868,134.5351) (-0.1384337,1.578529,0.2757254) (334.8811,5.067964,355.153)
5.5701767137093 (-0.235200807452202,1.48515009880066,0.56126457452774) (-0.209311,1.527563,0.5864353) (300.739,235.7872,125.9961) (-0.1383745,1.578371,0.2772673) (334.7646,7.824721,354.2211)
2.34018040560305 (-0.233259662985802,1.47170960903168,0.542205989360809) (-0.2352008,1.48515,0.5612646) (295.7167,234.0645,125.1632) (-0.1340182,1.57807,0.2776256) (336.136,10.79796,353.4592)
4.72019355477831 (-0.208889856934547,1.45354127883911,0.506094396114349) (-0.2332597,1.47171,0.542206) (294.042,219.5645,137.619) (-0.1318182,1.57209,0.2788455) (339.3254,12.26053,353.2866)
3.65880080130706 (-0.172846421599388,1.44726538658142,0.505686640739441) (-0.2088899,1.453541,0.5060944) (285.2123,194.125,158.3296) (-0.1368097,1.563442,0.2860324) (344.517,8.636736,356.5085)
4.63807195615093 (-0.175384193658829,1.43692541122437,0.550828814506531) (-0.1728464,1.447265,0.5056866) (279.8377,215.0732,139.8026) (-0.1436943,1.553017,0.2915958) (349.5393,4.288877,357.4087)
7.01402524145255 (-0.186744198203087,1.41309916973114,0.6158127784729) (-0.1753842,1.436925,0.5508288) (279.3269,276.5049,82.05122) (-0.149539,1.554081,0.2885627) (347.9509,2.065109,356.8156)
1.80906118035328 (-0.192596465349197,1.39811635017395,0.624091446399689) (-0.1867442,1.413099,0.6158128) (283.1955,299.0496,61.1289) (-0.1518271,1.5588,0.2870196) (346.2668,2.157428,356.6645)
4.36321804992042 (-0.19226561486721,1.39678966999054,0.580480694770813) (-0.1925965,1.398116,0.6240914) (280.8064,268.448,86.84403) (-0.1531866,1.559193,0.2881383) (345.6082,3.34216,356.7317)
4.26265620605345 (-0.168094411492348,1.40329575538635,0.545977830886841) (-0.1922656,1.39679,0.5804807) (278.4266,226.5679,128.1069) (-0.1486789,1.563184,0.2903903) (343.1431,5.894499,356.4319)
3.98724050202297 (-0.143534034490585,1.4319041967392,0.533010423183441) (-0.1680944,1.403296,0.5459778) (280.1785,178.3978,176.6522) (-0.1468535,1.567144,0.2884732) (341.5594,4.093652,356.9302)
3.73586290305096 (-0.13983191549778,1.46885001659393,0.528891205787659) (-0.143534,1.431904,0.5330104) (283.3708,160.235,190.6227) (-0.1646564,1.566962,0.2842931) (343.5601,356.5041,358.3264)
3.97299921320267 (-0.177235707640648,1.48199880123138,0.531448185443878) (-0.1398319,1.46885,0.5288912) (282.0452,173.0863,172.216) (-0.1791211,1.557551,0.2841302) (347.9063,351.2047,359.6866)
6.27667269441049 (-0.230278491973877,1.46258139610291,0.558817684650421) (-0.1772357,1.481999,0.5314482) (277.6927,218.9744,123.947) (-0.1860118,1.549617,0.2851759) (351.3419,350.1085,0.08977336)
6.96958438444434 (-0.27093580365181,1.4152752161026,0.589908182621002) (-0.2302785,1.462581,0.5588177) (280.6525,268.5498,73.53912) (-0.1928305,1.545812,0.287541) (352.9681,349.921,0.3756164)
3.39653784598928 (-0.279836654663086,1.38840961456299,0.608687460422516) (-0.2709358,1.415275,0.5899082) (285.0615,289.7805,52.85392) (-0.1968406,1.543725,0.2893744) (353.1654,350.0688,0.2549833)
6.33046711135872 (-0.226930618286133,1.39728212356567,0.575076282024384) (-0.2798367,1.38841,0.6086875) (274.95,234.5464,111.7708) (-0.2001327,1.546867,0.2930562) (351.7298,350.3453,0.02635046)
3.73822482593918 (-0.201834350824356,1.41078901290894,0.550885915756226) (-0.2269306,1.397282,0.5750763) (276.7466,137.9651,206.2066) (-0.201031,1.546531,0.2943111) (351.7404,351.0779,0.4200614)
2.51214595884522 (-0.208360135555267,1.42246878147125,0.529623627662659) (-0.2018344,1.410789,0.5508859) (281.7299,176.2096,172.9074) (-0.1966774,1.556008,0.2916139) (347.4779,352.8188,359.1183)
2.29874058946227 (-0.200525552034378,1.44306862354279,0.523090124130249) (-0.2083601,1.422469,0.5296236) (284.8529,155.0203,189.9478) (-0.1950473,1.560124,0.28967) (345.1454,353.952,358.3844)
2.52370772748928 (-0.214271649718285,1.4640439748764,0.525916695594788) (-0.2005256,1.443069,0.5230901) (286.6629,170.2139,175.4636) (-0.1911699,1.563029,0.2826293) (343.3222,358.1902,357.8601)
3.83682222503054 (-0.245810955762863,1.46968030929565,0.547026515007019) (-0.2142716,1.464044,0.5259167) (284.5007,184.3102,160.7607) (-0.1861542,1.563632,0.2796478) (342.8083,1.187618,357.0716)
2.90335499393719 (-0.263646960258484,1.4586877822876,0.567125976085663) (-0.245811,1.46968,0.5470265) (280.6347,220.744,127.2076) (-0.1848709,1.564654,0.2774152) (341.7533,3.255177,356.0972)
4.31156283229202 (-0.230602785944939,1.44453489780426,0.543319761753082) (-0.263647,1.458688,0.567126) (280.3791,186.1794,160.4946) (-0.1849263,1.567057,0.2763974) (340.0092,4.900272,355.1769)
6.04742493901927 (-0.185317382216454,1.42438364028931,0.508674502372742) (-0.2306028,1.444535,0.5433198) (283.5039,164.7608,182.6584) (-0.1814029,1.568393,0.2741438) (339.7718,8.176991,354.2731)
4.91268004176849 (-0.153082489967346,1.39650857448578,0.484234064817429) (-0.1853174,1.424384,0.5086745) (284.5914,176.1202,176.3691) (-0.1640371,1.565268,0.2750304) (341.8973,16.4311,352.4228)
4.03143813881692 (-0.125162690877914,1.36945712566376,0.47355917096138) (-0.1530825,1.396509,0.4842341) (281.1423,196.7202,162.1534) (-0.1388788,1.558277,0.2724736) (344.7619,26.96082,351.7529)
4.60314692811553 (-0.0854123085737228,1.34838712215424,0.463819652795792) (-0.1251627,1.369457,0.4735592) (276.837,202.9121,161.2834) (-0.1155414,1.553965,0.2650267) (346.103,36.54948,350.9172)
4.47506303239633 (-0.0460855737328529,1.34017527103424,0.444106906652451) (-0.08541231,1.348387,0.4638197) (275.6761,179.807,189.1242) (-0.09853318,1.547075,0.2576953) (349.011,42.77842,350.4033)
3.64910465618904 (-0.0193151012063026,1.33961665630341,0.419315248727798) (-0.04608557,1.340175,0.4441069) (277.1392,165.2904,208.2803) (-0.08824297,1.539626,0.2526823) (352.4847,46.42293,350.3744)
2.54225160027305 (-0.000829152471851557,1.33726131916046,0.402022868394852) (-0.0193151,1.339617,0.4193152) (279.1866,158.2193,219.5889) (-0.0843164,1.53881,0.2486077) (351.379,48.03432,350.0322)
1.05126075302895 (0.00829868484288454,1.33567774295807,0.397053986787796) (-0.0008291525,1.337261,0.4020229) (279.5035,152.0645,226.92) (-0.08808427,1.558425,0.2417613) (342.5346,48.0882,348.3342)
0.315451198350511 (0.0102960960939527,1.33329701423645,0.396512299776077) (0.008298685,1.335678,0.397054) (279.0968,150.4709,228.7406) (-0.09897873,1.579551,0.2310597) (332.2567,47.25422,346.8854)
0.520945842407332 (0.00998509209603071,1.32809865474701,0.396649390459061) (0.0102961,1.333297,0.3965123) (278.804,154.2153,224.6991) (-0.1161693,1.591526,0.2189329) (323.9569,44.91618,345.9444)
0.780463859277716 (0.0109619395807385,1.32343673706055,0.402832001447678) (0.009985092,1.328099,0.3966494) (278.7098,161.9144,215.9227) (-0.1312637,1.596281,0.2092343) (318.3195,42.08039,344.6033)
0.863147129621172 (0.0152535671368241,1.32345938682556,0.410320907831192) (0.01096194,1.323437,0.402832) (279.4725,170.3026,207.7584) (-0.1420261,1.598732,0.2017474) (315.2439,39.8424,344.6203)
1.07114255672305 (0.0164609346538782,1.33391308784485,0.412320166826248) (0.01525357,1.323459,0.4103209) (281.8415,175.4193,202.6636) (-0.1502724,1.601079,0.1969051) (312.7819,38.01426,345.0932)
1.26920129943138 (0.0183219611644745,1.34612286090851,0.41524338722229) (0.01646093,1.333913,0.4123202) (284.2096,179.4853,198.8753) (-0.1588628,1.602627,0.1941956) (310.7099,34.18139,346.1103)
1.29989712987165 (0.0210535880178213,1.35286104679108,0.426018744707108) (0.01832196,1.346123,0.4152434) (285.9167,183.8182,194.6228) (-0.1697583,1.604708,0.1946991) (308.8381,28.38267,348.9211)
1.72574397363449 (0.0133063225075603,1.36197471618652,0.438458204269409) (0.02105359,1.352861,0.4260187) (289.7127,194.0747,185.121) (-0.1767654,1.605057,0.1964714) (308.4089,23.76506,351.5492)
2.78452630577926 (-0.00306583452038467,1.38288533687592,0.446828216314316) (0.01330632,1.361975,0.4384582) (294.933,194.0891,183.0609) (-0.178678,1.605243,0.197417) (308.9169,21.67627,352.3553)
2.16865975830955 (-0.0190451852977276,1.39753937721252,0.447305649518967) (-0.003065835,1.382885,0.4468282) (297.5338,187.1395,185.3774) (-0.1767084,1.60414,0.1999359) (309.6026,20.20468,353.0471)
2.20405176415531 (-0.0397650934755802,1.39379930496216,0.440787851810455) (-0.01904519,1.397539,0.4473056) (297.2592,174.0312,189.8659) (-0.1733824,1.60342,0.2037017) (310.7205,18.53037,353.4823)
7.12278595730421 (-0.028891533613205,1.45479929447174,0.475918680429459) (-0.03976509,1.393799,0.4407879) (297.0162,165.792,193.5159) (-0.1699252,1.60235,0.2087521) (311.79,17.31891,353.3849)
6.22816397142246 (-0.0256235767155886,1.50488889217377,0.512788116931915) (-0.02889153,1.454799,0.4759187) (295.1605,167.2146,192.3483) (-0.1671497,1.601812,0.2133165) (312.4603,16.53815,352.799)
12.1222183850971 (0.00533016491681337,1.60832405090332,0.567904829978943) (-0.02562358,1.504889,0.5127881) (294.8743,167.2898,192.7423) (-0.1646029,1.601603,0.2179002) (313.1299,16.08834,352.3535)
3.29189387910378 (-0.0171228405088186,1.61508190631866,0.59101003408432) (0.005330165,1.608324,0.5679048) (291.8921,165.7259,192.5468) (-0.1619832,1.600687,0.2224343) (313.9097,15.64948,351.921)
2.67469724762344 (-0.0363708175718784,1.61503505706787,0.609581887722015) (-0.01712284,1.615082,0.59101) (290.16,168.2959,189.6311) (-0.159682,1.600759,0.2272352) (314.5202,15.52919,351.4286)
2.06417598081081 (-0.0508579239249229,1.60938656330109,0.623157620429993) (-0.03637082,1.615035,0.6095819) (288.7556,171.2189,186.1922) (-0.158243,1.600577,0.230855) (314.9118,15.80614,350.6524)
1.53211399854834 (-0.0622822754085064,1.60489535331726,0.632325530052185) (-0.05085792,1.609387,0.6231576) (287.2912,175.4411,181.2563) (-0.1547166,1.600519,0.232513) (314.8658,16.4945,349.6895)
0.788645310473077 (-0.0669272616505623,1.60257458686829,0.638261377811432) (-0.06228228,1.604895,0.6323255) (286.8851,177.5598,179.2251) (-0.1503381,1.600491,0.2324139) (314.6777,17.72441,348.5227)
0.171788808182375 (-0.067613922059536,1.60154676437378,0.639454364776611) (-0.06692726,1.602575,0.6382614) (286.7867,177.4493,178.9584) (-0.1450483,1.600659,0.2328356) (314.6148,19.59066,347.1784)
0.333297830751421 (-0.0660688728094101,1.60064506530762,0.636642158031464) (-0.06761392,1.601547,0.6394544) (287.1662,178.3145,178.211) (-0.1394415,1.601183,0.2333104) (314.7996,21.69411,346.1461)
2.23530879696572 (-0.0451877005398273,1.59666168689728,0.629730582237244) (-0.06606887,1.600645,0.6366422) (288.8625,174.6225,183.9988) (-0.1338271,1.600114,0.2344779) (315.475,23.81631,344.8025)
4.91099205811246 (0.0015311730094254,1.58339619636536,0.622439622879028) (-0.0451877,1.596662,0.6297306) (291.9846,157.1192,205.7242) (-0.1290322,1.599236,0.2361657) (315.9671,25.16967,344.2478)
7.39382369576551 (0.0706501975655556,1.55747544765472,0.61825168132782) (0.001531173,1.583396,0.6224396) (300.7897,135.5338,232.2168) (-0.126104,1.598997,0.2371217) (315.5177,25.08643,344.4342)
7.65163829681488 (0.138058826327324,1.52127003669739,0.618208169937134) (0.0706502,1.557475,0.6182517) (315.1675,126.8161,250.7528) (-0.1216215,1.599331,0.2383469) (315.4854,24.93492,344.2337)
3.28960802523486 (0.165768057107925,1.51154148578644,0.633030652999878) (0.1380588,1.52127,0.6182082) (321.2562,120.1003,254.6734) (-0.116201,1.599948,0.2402106) (315.6353,25.09159,344.0356)
2.67847111216746 (0.151312559843063,1.52389538288116,0.651894390583038) (0.1657681,1.511541,0.6330307) (315.0904,117.8996,252.6355) (-0.1097355,1.600065,0.2409852) (315.8358,25.30701,344.1258)
4.81583354553079 (0.108987301588058,1.54539632797241,0.659988045692444) (0.1513126,1.523895,0.6518944) (306.0386,120.5689,244.3968) (-0.1050153,1.599604,0.2407502) (315.9427,25.1171,343.5071)
4.47671203075293 (0.0689515322446823,1.55248129367828,0.641252100467682) (0.1089873,1.545396,0.659988) (300.9527,126.3124,235.6727) (-0.1023794,1.599405,0.2408492) (315.7434,24.40622,343.356)
3.72099777703667 (0.0421662069857121,1.54874289035797,0.615695238113403) (0.06895153,1.552481,0.6412521) (300.6834,135.2107,223.4936) (-0.1003564,1.598844,0.2420272) (314.9267,22.91436,343.7253)
1.2287555399045 (0.0368873253464699,1.53768944740295,0.614726305007935) (0.04216621,1.548743,0.6156952) (300.6532,130.3234,225.727) (-0.09860216,1.599421,0.2425812) (314.7473,21.53922,344.4841)
2.7440407561812 (0.0358501970767975,1.51062774658203,0.619149506092072) (0.03688733,1.537689,0.6147263) (296.4377,119.5848,238.3665) (-0.09644771,1.600215,0.2430895) (314.5322,19.96668,344.6739)
7.47373794875144 (0.0219291765242815,1.46195101737976,0.564172625541687) (0.0358502,1.510628,0.6191495) (296.0157,140.543,221.3811) (-0.09462772,1.601192,0.2428405) (313.5528,16.67567,345.6148)
10.6417068783651 (0.0172648001462221,1.40080142021179,0.477203875780106) (0.02192918,1.461951,0.5641726) (304.6938,160.1818,204.4644) (-0.09212352,1.60045,0.2471964) (315.2738,13.11809,346.4335)
6.30959202674928 (0.0195544324815273,1.35565745830536,0.433182567358017) (0.0172648,1.400801,0.4772039) (306.5049,172.2054,197.4252) (-0.08404655,1.592319,0.2626675) (321.8754,9.773682,347.8394)
1.40991172712536 (0.0310461297631264,1.35155713558197,0.440247505903244) (0.01955443,1.355657,0.4331826) (299.2289,173.5078,197.1787) (-0.07889488,1.581064,0.275258) (329.6617,7.265509,349.813)
1.5787326147127 (0.0429418310523033,1.35334026813507,0.450472593307495) (0.03104613,1.351557,0.4402475) (297.7336,176.4643,197.7061) (-0.07912438,1.574023,0.2822762) (334.5294,6.120291,351.1586)
1.91844554992014 (0.0605501309037209,1.35315775871277,0.458085596561432) (0.04294183,1.35334,0.4504726) (297.1706,175.1415,202.5073) (-0.09043095,1.5683,0.2879298) (338.7451,4.81602,353.1368)
0.433192503612339 (0.0604164972901344,1.34910941123962,0.459621369838715) (0.06055013,1.353158,0.4580856) (295.2193,178.3974,201.4919) (-0.1108008,1.565864,0.2908714) (341.0307,4.572435,353.8991)
2.27950780331454 (0.0486790835857391,1.33072197437286,0.466235816478729) (0.0604165,1.349109,0.4596214) (291.3472,186.3783,197.7709) (-0.1412442,1.561207,0.2931816) (342.1518,5.813392,353.5515)
1.56980384621902 (0.0364812463521957,1.321169257164,0.468763023614883) (0.04867908,1.330722,0.4662358) (289.4939,189.8325,198.5155) (-0.1823114,1.557159,0.2949689) (343.1057,7.906865,352.9196)
2.18686373633564 (0.016509959474206,1.31588125228882,0.461592108011246) (0.03648125,1.321169,0.468763) (289.031,198.3016,197.094) (-0.2234713,1.55288,0.3009935) (347.2696,13.57156,351.4246)
4.97523965537489 (-0.0191949661821127,1.33734750747681,0.434395432472229) (0.01650996,1.315881,0.4615921) (293.131,194.5828,204.4619) (-0.2454789,1.539982,0.3105778) (353.3438,22.49368,351.366)
5.07033917427882 (-0.0355116054415703,1.3655344247818,0.395535439252853) (-0.01919497,1.337348,0.4343954) (299.96,195.3327,209.0861) (-0.2519694,1.521812,0.3131104) (359.5636,31.06214,352.2935)
6.23793825811356 (-0.0538187585771084,1.37682402133942,0.336981356143951) (-0.03551161,1.365534,0.3955354) (307.9157,209.8772,205.1147) (-0.2492497,1.508916,0.3101108) (6.332694,39.46707,353.6501)
23.181601160005 (-0.105428896844387,1.41439366340637,0.114128075540066) (-0.05381876,1.376824,0.3369814) (310.4695,225.6504,202.4133) (-0.2537262,1.479777,0.2972159) (16.95216,44.2817,359.2198)
8.93885115950073 (-0.14131136238575,1.43075168132782,0.0339085608720779) (-0.1054289,1.414394,0.1141281) (316.381,239.4495,200.5851) (-0.2621556,1.455494,0.2853387) (26.06632,44.14914,3.856367)
7.61148490835379 (-0.166280031204224,1.42615950107574,-0.0378476083278656) (-0.1413114,1.430752,0.03390856) (320.9003,247.9535,202.8709) (-0.2668101,1.447072,0.2732806) (29.27777,42.61635,5.14367)
4.63084909591672 (-0.183246642351151,1.42866718769073,-0.0808629766106606) (-0.16628,1.42616,-0.03784761) (321.9551,253.4872,202.0482) (-0.2688962,1.438287,0.2505182) (32.33725,42.82907,5.913245)
4.39388542009427 (-0.202244117856026,1.4429327249527,-0.117825299501419) (-0.1832466,1.428667,-0.08086298) (323.7247,259.6338,199.116) (-0.2664506,1.433512,0.2214095) (34.41866,43.2695,5.956482)
3.27558433581146 (-0.217706248164177,1.45292031764984,-0.144919872283936) (-0.2022441,1.442933,-0.1178253) (326.4039,262.7952,196.5298) (-0.2580924,1.430149,0.1936181) (35.12518,42.97097,6.012855)
2.15054677559693 (-0.219029396772385,1.45786118507385,-0.165808200836182) (-0.2177062,1.45292,-0.1449199) (325.4546,264.1859,194.0686) (-0.2536599,1.427911,0.1689826) (34.90113,42.90536,4.844159)
1.67066901714426 (-0.21642941236496,1.45804917812347,-0.18231026828289) (-0.2190294,1.457861,-0.1658082) (325.0518,263.9173,194.5637) (-0.2525762,1.430418,0.1523876) (35.30851,42.21011,4.143083)
1.41885405073685 (-0.208497509360313,1.45920991897583,-0.194017201662064) (-0.2164294,1.458049,-0.1823103) (324.1168,261.0259,196.2493) (-0.2535091,1.439805,0.1441134) (33.09203,38.57036,3.270908)
1.20462399967548 (-0.197704717516899,1.45829856395721,-0.199289485812187) (-0.2084975,1.45921,-0.1940172) (324.9467,260.9231,195.9651) (-0.2630531,1.441153,0.1421666) (32.95631,33.86149,1.137924)
1.32914917379109 (-0.185937777161598,1.45458924770355,-0.204233556985855) (-0.1977047,1.458299,-0.1992895) (325.9572,256.9492,197.1371) (-0.2710089,1.440327,0.1409288) (34.01262,29.90627,1.167114)
1.65841117105006 (-0.169808924198151,1.45442533493042,-0.200377911329269) (-0.1859378,1.454589,-0.2042336) (325.9769,253.1811,197.0672) (-0.2826559,1.434577,0.1420588) (35.73627,26.55518,3.01167)
1.71710551513781 (-0.156994193792343,1.46105623245239,-0.191068828105927) (-0.1698089,1.454425,-0.2003779) (326.5301,249.9332,195.8534) (-0.2942159,1.425145,0.145423) (38.23659,23.48067,4.17153)
1.67415183144048 (-0.150577083230019,1.47175920009613,-0.179908826947212) (-0.1569942,1.461056,-0.1910688) (328.1752,247.8299,193.9942) (-0.3036179,1.415574,0.148961) (40.36576,21.50278,5.324592)
1.61084911551479 (-0.145916789770126,1.47759199142456,-0.165634945034981) (-0.1505771,1.471759,-0.1799088) (330.3878,247.3059,191.8097) (-0.3095622,1.410286,0.1538665) (41.28783,19.75047,6.632191)
0.845026039443105 (-0.143637508153915,1.48297536373138,-0.159533217549324) (-0.1459168,1.477592,-0.1656349) (331.0186,246.323,189.8697) (-0.3149588,1.404407,0.1570024) (41.93686,17.80591,8.798736)
0.423919137047844 (-0.142371669411659,1.48667430877686,-0.161172181367874) (-0.1436375,1.482975,-0.1595332) (331.1636,244.967,188.6389) (-0.321708,1.397003,0.1620109) (43.37251,16.90938,11.70824)
0.774410639808363 (-0.13908340036869,1.4918065071106,-0.156395256519318) (-0.1423717,1.486674,-0.1611722) (330.8146,246.2053,187.0224) (-0.3244092,1.39077,0.1638049) (44.93391,17.25313,12.33475)
1.04908681423145 (-0.138208568096161,1.49612677097321,-0.146875366568565) (-0.1390834,1.491807,-0.1563953) (330.5258,246.7826,185.6535) (-0.3225806,1.38993,0.1602344) (45.15802,18.29878,11.71006)
0.783276386230844 (-0.145047500729561,1.49468290805817,-0.143340334296227) (-0.1382086,1.496127,-0.1468754) (332.5827,247.3085,184.4921) (-0.321994,1.390288,0.16049) (45.08525,16.61783,10.18547)
0.266317002413167 (-0.145081266760826,1.49336814880371,-0.141024574637413) (-0.1450475,1.494683,-0.1433403) (332.9719,248.2586,184.0062) (-0.3247208,1.396282,0.1613287) (43.44272,13.29365,7.846482)
0.334736433214976 (-0.142534479498863,1.49371945858002,-0.143168240785599) (-0.1450813,1.493368,-0.1410246) (331.8645,248.3313,184.466) (-0.330459,1.398868,0.1642903) (42.77144,11.07802,6.517249)
0.485340059590452 (-0.139285042881966,1.49407947063446,-0.146755307912827) (-0.1425345,1.493719,-0.1431682) (331.5466,246.6374,185.8612) (-0.3317363,1.400457,0.1640915) (42.42516,10.86411,6.689452)
0.153904884016954 (-0.138855323195457,1.49373841285706,-0.148193255066872) (-0.139285,1.494079,-0.1467553) (331.7673,245.7314,186.5479) (-0.3345229,1.401204,0.163098) (42.36056,11.57543,7.631544)
0.307250653808335 (-0.141722604632378,1.49342703819275,-0.147133991122246) (-0.1388553,1.493738,-0.1481933) (331.9298,245.9595,186.5364) (-0.3358452,1.401168,0.1616544) (42.66119,11.01114,7.809486)
0.495934606799111 (-0.145081877708435,1.49293029308319,-0.150748357176781) (-0.1417226,1.493427,-0.147134) (332.4809,247.3875,187.1136) (-0.3394246,1.409153,0.1585351) (39.92406,10.19202,6.374687)
0.962466740610291 (-0.148626610636711,1.49067151546478,-0.159406706690788) (-0.1450819,1.49293,-0.1507484) (332.6178,246.6852,188.0566) (-0.3417224,1.41915,0.1568957) (37.58638,8.990347,5.110566)
0.940473580720697 (-0.151855334639549,1.48653888702393,-0.16721348464489) (-0.1486266,1.490672,-0.1594067) (332.755,246.6159,188.9377) (-0.3453353,1.426412,0.150414) (35.63119,7.495314,3.675746)
1.12190536751734 (-0.154418274760246,1.48250269889832,-0.177362754940987) (-0.1518553,1.486539,-0.1672135) (332.7349,245.7158,190.8928) (-0.3473897,1.432921,0.1444464) (33.67791,6.423714,2.688601)
1.31857672881618 (-0.152421802282333,1.47862386703491,-0.189805954694748) (-0.1544183,1.482503,-0.1773628) (332.5467,244.0242,192.8991) (-0.349125,1.450242,0.1392087) (27.81746,5.62697,2.041414)
0.786593524443027 (-0.153813615441322,1.47258400917053,-0.194649085402489) (-0.1524218,1.478624,-0.189806) (332.9362,243.6312,194.1762) (-0.3493618,1.482749,0.1373606) (15.43513,5.628397,1.650133)
0.746684689334959 (-0.158171966671944,1.46675038337708,-0.192997604608536) (-0.1538136,1.472584,-0.1946491) (333.2481,243.7572,195.0644) (-0.3490507,1.519728,0.1327821) (0.205151,6.90115,0.9911897)
1.83245824872151 (-0.168436661362648,1.4646452665329,-0.177964478731155) (-0.158172,1.46675,-0.1929976) (333.4276,244.1111,195.5259) (-0.3506808,1.536331,0.115877) (352.9621,7.90711,0.1078765)
1.47135724672945 (-0.177088975906372,1.46426749229431,-0.166069775819778) (-0.1684367,1.464645,-0.1779645) (333.9099,244.3334,196.245) (-0.3505925,1.53613,0.105288) (351.3811,8.057961,359.231)
0.237279139776243 (-0.17575116455555,1.46402037143707,-0.168013826012611) (-0.177089,1.464267,-0.1660698) (333.9413,244.1115,197.3647) (-0.3558119,1.517512,0.1018048) (0.2399777,5.723794,1.105868)
1.1931526483596 (-0.169461205601692,1.46416640281677,-0.178151696920395) (-0.1757512,1.46402,-0.1680138) (333.9939,243.6348,199.0462) (-0.3637289,1.464298,0.106434) (19.75682,5.142155,4.665449)
2.31187520514718 (-0.161520630121231,1.46250212192535,-0.199800118803978) (-0.1694612,1.464166,-0.1781517) (333.8948,241.2154,201.7296) (-0.3643844,1.429808,0.1118595) (30.01696,6.577141,5.938115)
0.946457205162314 (-0.154377475380898,1.46659743785858,-0.19513301551342) (-0.1615206,1.462502,-0.1998001) (331.675,238.1513,201.1264) (-0.3636001,1.417513,0.1153016) (34.08084,8.300851,6.585387)
3.02263377372402 (-0.160321563482285,1.4748729467392,-0.166675761342049) (-0.1543775,1.466597,-0.195133) (330.8651,238.9817,197.3537) (-0.3653315,1.411845,0.118188) (35.6493,8.56149,8.063294)
3.4199185771334 (-0.170285478234291,1.47814965248108,-0.134124755859375) (-0.1603216,1.474873,-0.1666758) (333.6394,242.3779,193.5004) (-0.3699527,1.411309,0.1214972) (36.10545,7.397467,8.888405)
3.66007965695299 (-0.174902409315109,1.48138689994812,-0.09796092659235) (-0.1702855,1.47815,-0.1341248) (335.0549,244.8131,190.1305) (-0.3737795,1.410791,0.1216078) (35.6979,5.589688,8.190375)
1.44390990877549 (-0.175176799297333,1.48336315155029,-0.0836603417992592) (-0.1749024,1.481387,-0.09796093) (335.2178,245.2032,189.0008) (-0.3780728,1.419925,0.1198026) (34.25827,4.533661,7.778337)
0.0315235758966523 (-0.175200417637825,1.48360145092011,-0.0838653519749641) (-0.1751768,1.483363,-0.08366034) (335.2061,244.0992,189.5324) (-0.3816837,1.427263,0.1150657) (32.96682,3.790341,7.817607)
0.0364112275636308 (-0.175219133496284,1.483962059021,-0.0838185623288155) (-0.1752004,1.483601,-0.08386535) (334.9774,243.4652,190.5203) (-0.3830023,1.431371,0.1131865) (31.85544,4.07549,7.348409)
0.0605311920010548 (-0.175337284803391,1.48436737060547,-0.083384782075882) (-0.1752191,1.483962,-0.08381856) (334.6163,243.703,191.4769) (-0.3847837,1.436627,0.1114812) (30.12712,4.87599,7.071909)
0.0393229828740841 (-0.175398647785187,1.48466622829437,-0.0831366926431656) (-0.1753373,1.484367,-0.08338478) (334.4535,243.436,192.7852) (-0.3859075,1.450132,0.1124809) (25.8419,5.427624,6.573227)
0.0525880987593574 (-0.175501301884651,1.48498606681824,-0.0827320739626884) (-0.1753986,1.484666,-0.08313669) (334.1653,243.8142,193.6316) (-0.3875415,1.466236,0.1138671) (20.51306,5.948061,5.89567)
0.0829369883457673 (-0.175747632980347,1.48513042926788,-0.0819533988833427) (-0.1755013,1.484986,-0.08273207) (334.2169,245.0792,193.9461) (-0.3889647,1.486341,0.1186947) (13.10489,6.842442,5.231154)
0.0809530287788056 (-0.175959140062332,1.48521542549133,-0.0811766237020493) (-0.1757476,1.48513,-0.0819534) (334.1878,246.1848,194.5367) (-0.3883787,1.505081,0.1222447) (5.54056,7.300416,3.879693)
0.06339085443413 (-0.176106587052345,1.48531448841095,-0.0805681124329567) (-0.1759591,1.485215,-0.08117662) (334.2744,246.5373,195.9496) (-0.3882991,1.518377,0.1254573) (359.778,7.333642,2.415714)
0.0839445869907955 (-0.175938040018082,1.48612833023071,-0.0806861072778702) (-0.1761066,1.485314,-0.08056811) (332.8226,245.5954,197.0532) (-0.3881998,1.52851,0.1333583) (354.5882,8.353431,1.236261)
0.0748586072481977 (-0.175813153386116,1.48686575889587,-0.0807174667716026) (-0.175938,1.486128,-0.08068611) (331.7108,245.154,197.8329) (-0.3884698,1.535413,0.1453316) (351.0786,9.277044,0.507234)
0.0272618049274504 (-0.175900027155876,1.48702156543732,-0.0805113166570663) (-0.1758132,1.486866,-0.08071747) (331.6916,245.4819,197.7899) (-0.3975869,1.537105,0.1709922) (348.3379,8.61944,359.9524)
0.264736988863148 (-0.175240606069565,1.48698675632477,-0.077947624027729) (-0.1759,1.487022,-0.08051132) (331.7908,246.5565,196.9203) (-0.4068865,1.543943,0.1967737) (345.0065,9.463996,0.2963133)
1.20570709299909 (-0.173466444015503,1.48734939098358,-0.0660273134708405) (-0.1752406,1.486987,-0.07794762) (330.8936,244.6671,197.082) (-0.4145292,1.553124,0.2267224) (340.5715,12.57892,1.567096)
2.50339393155091 (-0.188182756304741,1.4885128736496,-0.0458091385662556) (-0.1734664,1.487349,-0.06602731) (328.295,244.9743,194.4798) (-0.4185688,1.563688,0.2478385) (335.1551,16.53084,2.893094)
2.52616611158862 (-0.208294361829758,1.49148917198181,-0.0308152567595243) (-0.1881828,1.488513,-0.04580914) (321.9426,247.2086,188.828) (-0.4195043,1.574383,0.261064) (328.6173,23.81083,3.327432)
3.57205069059764 (-0.243589907884598,1.49519777297974,-0.0348680764436722) (-0.2082944,1.491489,-0.03081526) (316.8951,247.7217,188.0672) (-0.4047374,1.57936,0.262194) (325.1184,38.65866,0.1816194)
6.93324910648935 (-0.306653410196304,1.50004041194916,-0.0632676929235458) (-0.2435899,1.495198,-0.03486808) (307.4073,244.3324,189.7777) (-0.3860865,1.579618,0.2564559) (326.2722,55.08644,356.4792)
8.47471620858382 (-0.389250755310059,1.50627493858337,-0.0811811238527298) (-0.3066534,1.50004,-0.06326769) (296.5459,246.1173,188.687) (-0.3712263,1.56914,0.2471481) (331.7389,71.30911,354.2866)
9.46425365780813 (-0.483423590660095,1.51001071929932,-0.0725364163517952) (-0.3892508,1.506275,-0.08118112) (284.7618,286.5134,154.645) (-0.358206,1.549725,0.2342912) (342.9934,85.40491,355.6727)
7.31963448335727 (-0.553258240222931,1.51281154155731,-0.0507882609963417) (-0.4834236,1.510011,-0.07253642) (282.2105,28.16618,58.09786) (-0.3445511,1.527164,0.2231564) (353.4738,94.71522,358.9254)
55.0931698872838 (-0.151397526264191,1.15300905704498,0.0613539479672909) (-0.5532582,1.512812,-0.05078826) (296.1613,71.69467,21.31931) (-0.3290912,1.51646,0.2150169) (357.3883,96.18752,0.5612081)
5.50758981333391 (-0.128477141261101,1.1034677028656,0.068679578602314) (-0.1513975,1.153009,0.06135395) (307.5778,63.04017,34.81548) (-0.3104686,1.514883,0.2026616) (358.3741,94.67182,359.6148)
1.26310413895404 (-0.12529993057251,1.09233617782593,0.0636260956525803) (-0.1284771,1.103468,0.06867958) (307.9926,61.7911,33.20973) (-0.2892741,1.515775,0.1805746) (357.1934,91.16644,358.6395)
2.11250030484224 (-0.106007903814316,1.08995389938354,0.0553551688790321) (-0.1252999,1.092336,0.0636261) (306.5136,63.31289,29.18759) (-0.2695541,1.517837,0.1518799) (356.1505,87.01215,358.4565)
2.62528027294423 (-0.0871333777904511,1.07612407207489,0.0434514805674553) (-0.1060079,1.089954,0.05535517) (306.6976,58.93404,30.13722) (-0.2573705,1.53482,0.1297327) (351.1293,80.53471,357.1681)
1.62268484858475 (-0.0764828398823738,1.06559038162231,0.0372130498290062) (-0.08713338,1.076124,0.04345148) (306.9877,47.30605,35.9499) (-0.254035,1.553613,0.115062) (343.0255,68.22213,355.0683)
1.63979089101495 (-0.0610662885010242,1.06423711776733,0.0426343083381653) (-0.07648284,1.06559,0.03721305) (309.5171,40.54406,37.19017) (-0.2608733,1.564582,0.1144208) (338.0863,53.47784,353.7395)
4.05134780268072 (-0.0490239188075066,1.07408571243286,0.0800419077277184) (-0.06106629,1.064237,0.04263431) (312.607,28.00013,44.32357) (-0.2740118,1.568482,0.1225865) (335.6122,36.4855,352.8574)
6.41095865633286 (-0.0533200204372406,1.07720685005188,0.143931195139885) (-0.04902392,1.074086,0.08004191) (316.3704,4.972829,56.82347) (-0.2928172,1.568118,0.1268698) (333.546,20.30126,352.7788)
6.61269362593484 (-0.0674812644720078,1.07736587524414,0.208523809909821) (-0.05332002,1.077207,0.1439312) (314.3962,358.247,50.43072) (-0.3072001,1.566132,0.1286975) (333.1109,8.415466,352.8056)
3.91818987553367 (-0.0577711462974548,1.08330583572388,0.246015831828117) (-0.06748126,1.077366,0.2085238) (311.1219,28.6288,11.40115) (-0.3161197,1.561049,0.1316216) (335.9148,1.121389,352.5021)
2.51447062144749 (-0.0505892783403397,1.08176589012146,0.270063817501068) (-0.05777115,1.083306,0.2460158) (314.7441,34.52356,5.751247) (-0.3255567,1.555157,0.1407679) (339.6838,355.6934,353.5744)
2.14087801760431 (-0.0685513243079185,1.08210110664368,0.281708061695099) (-0.05058928,1.081766,0.2700638) (311.5149,23.80312,10.63565) (-0.3220239,1.532232,0.1632263) (352.348,358.0967,353.344)
3.6403624883453 (-0.101157531142235,1.08751022815704,0.29696586728096) (-0.06855132,1.082101,0.2817081) (309.9205,24.91438,8.96511) (-0.3062494,1.482561,0.1952529) (13.54395,6.398312,355.6851)
3.12573617032794 (-0.0772730186581612,1.08793640136719,0.276807218790054) (-0.1011575,1.08751,0.2969659) (305.8115,30.46991,10.16087) (-0.2933744,1.423666,0.2300074) (33.64476,15.99609,4.541461)
2.62471804221199 (-0.0522888749837875,1.08712160587311,0.268804520368576) (-0.07727302,1.087936,0.2768072) (304.4292,35.32639,11.92811) (-0.284526,1.38912,0.2795139) (40.16866,22.64119,10.17288)
2.97667684492816 (-0.0376121923327446,1.07326555252075,0.290682941675186) (-0.05228887,1.087122,0.2688045) (308.7745,30.21833,23.84455) (-0.2781614,1.377051,0.3375949) (40.20216,29.95605,11.40702)
10.4138223359278 (-0.0238747745752335,1.13879370689392,0.210920080542564) (-0.03761219,1.073266,0.2906829) (314.5793,25.26247,35.10527) (-0.2777768,1.36911,0.3730639) (45.18993,34.80514,18.02844)
3.20151553511811 (-0.0350982025265694,1.15029895305634,0.238608241081238) (-0.02387477,1.138794,0.2109201) (313.3027,24.94427,32.37489) (-0.2842611,1.361242,0.4019688) (49.40142,31.21748,19.10809)
5.47953113786063 (-0.0447100400924683,1.14906394481659,0.292539805173874) (-0.0350982,1.150299,0.2386082) (317.5121,22.38654,24.99798) (-0.3019802,1.357653,0.4192138) (52.6244,21.24072,16.50675)
5.158147069932 (-0.0528238527476788,1.14705562591553,0.343439519405365) (-0.04471004,1.149064,0.2925398) (319.3614,20.52021,12.60968) (-0.3181173,1.356454,0.4305472) (52.20855,9.632204,13.94067)
4.97116868074135 (-0.0698600262403488,1.13662970066071,0.388962268829346) (-0.05282385,1.147056,0.3434395) (319.9808,5.62458,16.63066) (-0.334249,1.350904,0.4106375) (54.99427,356.9782,11.89648)
4.00096951197884 (-0.0739968940615654,1.12195646762848,0.425953596830368) (-0.06986003,1.13663,0.3889623) (323.0899,359.6441,8.634094) (-0.3484724,1.352899,0.3748769) (54.74014,339.6889,6.889879)
3.55791407841898 (-0.0924232602119446,1.11232197284698,0.454824358224869) (-0.07399689,1.121956,0.4259536) (325.5983,350.1054,6.042057) (-0.358898,1.363052,0.337084) (52.311,324.7815,5.424098)
3.48911734281881 (-0.121552333235741,1.10393381118774,0.472102373838425) (-0.09242326,1.112322,0.4548244) (326.0056,337.7347,5.789627) (-0.3645634,1.365575,0.2919928) (52.4579,308.8553,3.011097)
3.69483293113406 (-0.154867887496948,1.09530365467072,0.485547572374344) (-0.1215523,1.103934,0.4721024) (327.0462,325.6894,8.12763) (-0.3665496,1.366979,0.2556477) (52.50225,300.3559,3.794675)
3.84176820693233 (-0.19172865152359,1.103142619133,0.493014365434647) (-0.1548679,1.095304,0.4855476) (327.9877,320.0429,5.809815) (-0.3681158,1.375945,0.2293194) (50.62621,295.9947,7.418285)
4.13169712041398 (-0.225860461592674,1.12374663352966,0.482170641422272) (-0.1917287,1.103143,0.4930144) (322.5961,308.0273,9.469896) (-0.3676252,1.386448,0.2152276) (47.47988,301.0077,15.73291)
5.28222002686844 (-0.261580586433411,1.14221966266632,0.447921484708786) (-0.2258605,1.123747,0.4821706) (319.2636,283.1679,29.28339) (-0.3619146,1.396965,0.2284111) (43.08964,308.0622,19.27691)
3.47069562903352 (-0.269689798355103,1.1650515794754,0.423071593046188) (-0.2615806,1.14222,0.4479215) (313.9199,272.3307,34.57337) (-0.3609369,1.421145,0.2571915) (32.98494,315.0684,17.43155)
0.566269026353399 (-0.267058312892914,1.16791105270386,0.418952763080597) (-0.2696898,1.165052,0.4230716) (311.6839,273.3046,38.07031) (-0.3486419,1.461927,0.2952527) (21.22929,325.8535,15.49551)
2.04791407673765 (-0.25038555264473,1.15999567508698,0.427827507257462) (-0.2670583,1.167911,0.4189528) (312.0397,282.5154,36.40041) (-0.3208692,1.506499,0.3415547) (4.511193,346.4435,14.16198)
3.12552070562058 (-0.229345768690109,1.1484569311142,0.447854310274124) (-0.2503856,1.159996,0.4278275) (313.3105,294.978,36.72429) (-0.2623881,1.535109,0.3619986) (351.3779,16.61867,11.1744)
2.70107781137722 (-0.205176636576653,1.14983606338501,0.459834843873978) (-0.2293458,1.148457,0.4478543) (313.7231,307.9181,43.83314) (-0.21707,1.542299,0.3495156) (351.1842,45.68864,5.863789)
4.77780334486686 (-0.163920372724533,1.16707181930542,0.442994713783264) (-0.2051766,1.149836,0.4598348) (309.2918,328.6085,46.05522) (-0.1925235,1.508253,0.3243481) (0.3800919,68.01743,4.586048)
6.7997337172452 (-0.127030894160271,1.15439248085022,0.387298762798309) (-0.1639204,1.167072,0.4429947) (307.1724,352.1454,40.54196) (-0.1773131,1.470667,0.2907849) (8.612826,84.22697,5.467834)
9.07838796340265 (-0.113515935838223,1.10857725143433,0.310097575187683) (-0.1270309,1.154392,0.3872988) (313.0054,10.48601,42.49398) (-0.1727843,1.441609,0.244391) (17.00455,96.82413,7.732893)
10.6296013055082 (-0.116689406335354,1.07578206062317,0.209036961197853) (-0.1135159,1.108577,0.3100976) (316.79,31.31873,38.03078) (-0.1765762,1.433444,0.2060597) (19.59933,105.774,9.836856)
10.5681331595711 (-0.134038522839546,1.04044926166534,0.110959716141224) (-0.1166894,1.075782,0.209037) (324.2712,50.46236,38.06929) (-0.1841332,1.422475,0.16767) (24.95413,113.3072,13.95884)
6.97226909585743 (-0.156217604875565,1.03463160991669,0.0451152287423611) (-0.1340385,1.040449,0.1109597) (327.0149,63.95837,34.36716) (-0.1870098,1.414605,0.1285133) (27.73746,116.5149,15.00979)
3.91768994756755 (-0.169881224632263,1.03360795974731,0.00841254275292158) (-0.1562176,1.034632,0.04511523) (326.7557,69.07906,32.4633) (-0.1845082,1.415199,0.09305684) (26.43753,114.186,13.52021)
1.33077055767598 (-0.172568008303642,1.03532731533051,-0.00450721150264144) (-0.1698812,1.033608,0.008412543) (326.4207,68.44997,28.38376) (-0.1845551,1.41716,0.06906974) (26.6739,103.9478,13.02844)
1.16553808053863 (-0.170746609568596,1.04331266880035,-0.0127996504306793) (-0.172568,1.035327,-0.004507212) (324.6451,60.67932,28.40548) (-0.1911173,1.418235,0.09339378) (26.91414,81.86573,11.04725)
1.36146265482203 (-0.162132307887077,1.05225169658661,-0.0183894317597151) (-0.1707466,1.043313,-0.01279965) (324.2082,53.93884,28.55263) (-0.2192635,1.421886,0.1341878) (28.40118,64.22333,8.764228)
1.58048931601007 (-0.147563263773918,1.05165338516235,-0.0122919222339988) (-0.1621323,1.052252,-0.01838943) (326.7656,50.26325,27.36477) (-0.2535117,1.431588,0.1720264) (27.51181,49.96529,10.04569)
4.80245283948828 (-0.134030982851982,1.05610084533691,0.0335714928805828) (-0.1475633,1.051653,-0.01229192) (325.4285,41.25061,25.53309) (-0.2922739,1.434143,0.2088172) (26.89437,37.46257,13.23657)
7.69587509310797 (-0.133149817585945,1.06113469600677,0.110360383987427) (-0.134031,1.056101,0.03357149) (324.2395,24.61173,29.29383) (-0.3425859,1.426954,0.2466678) (26.48544,23.05852,15.20164)
8.72527299456564 (-0.142622590065002,1.06469511985779,0.197024270892143) (-0.1331498,1.061135,0.1103604) (321.0273,8.45554,32.70546) (-0.4066759,1.423695,0.281611) (27.10337,5.778755,17.26666)
9.40457869340804 (-0.170073375105858,1.08229064941406,0.285236865282059) (-0.1426226,1.064695,0.1970243) (321.4243,356.7507,34.33714) (-0.4613333,1.419841,0.2876483) (29.14969,350.0886,18.95095)
9.30011350422072 (-0.223489314317703,1.10452365875244,0.358049243688583) (-0.1700734,1.082291,0.2852369) (317.8991,340.5267,28.78699) (-0.5051076,1.41014,0.2761822) (32.68139,333.359,17.27888)
5.78485015375015 (-0.261182695627213,1.11294913291931,0.401115119457245) (-0.2234893,1.104524,0.3580492) (319.6381,331.2984,27.05176) (-0.5317463,1.400061,0.2520145) (34.4268,319.5387,16.28038)
4.89259971434946 (-0.299060314893723,1.11607575416565,0.431925237178802) (-0.2611827,1.112949,0.4011151) (319.0446,323.7257,19.04209) (-0.5454372,1.386695,0.209754) (37.89913,304.2639,15.37811)
4.77639479015489 (-0.344847172498703,1.11445021629334,0.445427685976028) (-0.2990603,1.116076,0.4319252) (320.3236,309.9092,18.26091) (-0.5370809,1.380892,0.1500022) (41.41097,286.4764,12.95491)
5.69956635470738 (-0.400869935750961,1.11621379852295,0.435091078281403) (-0.3448472,1.11445,0.4454277) (321.7713,296.2216,12.25371) (-0.5105751,1.378832,0.098808) (42.63686,267.2936,7.896562)
2.6953744565917 (-0.425032377243042,1.12642228603363,0.428888857364655) (-0.4008699,1.116214,0.4350911) (318.8175,286.1123,13.84375) (-0.4663547,1.37802,0.05745684) (41.00537,248.8708,355.257)
0.597885064221129 (-0.425910264253616,1.13125705718994,0.432294875383377) (-0.4250324,1.126422,0.4288889) (317.3559,290.552,7.076388) (-0.4385406,1.388868,0.04833499) (39.07083,244.1859,352.9967)
2.03727310705037 (-0.409497082233429,1.1272246837616,0.443670094013214) (-0.4259103,1.131257,0.4322949) (318.3991,290.558,5.696997) (-0.415185,1.407177,0.07430596) (35.60191,252.5207,358.0682)
5.17632230976831 (-0.36268362402916,1.13146317005157,0.465348809957504) (-0.4094971,1.127225,0.4436701) (315.4291,294.1552,8.086037) (-0.4140049,1.443774,0.1442791) (26.18044,272.9451,5.067734)
6.69851445119801 (-0.301760196685791,1.13213884830475,0.493185639381409) (-0.3626836,1.131463,0.4653488) (313.3616,307.1914,6.735047) (-0.406739,1.47731,0.2227588) (15.80898,295.383,9.543716)
Average= 4.18012944680947
Max= 89.8186212198807
Standard Deviation= 7.0898199213658
Right: 4    Wrong: 9
0
8.2021910185202 (-0.225612968206406,1.11697208881378,0.519627332687378) (-0.3017602,1.132139,0.4931856) (316.4738,330.5618,2.408909) (-0.3543892,1.512075,0.3183257) (4.619822,331.0783,11.2844)
6.65804692406116 (-0.160239234566689,1.10559225082397,0.514174520969391) (-0.225613,1.116972,0.5196273) (319.8118,354.8392,354.4969) (-0.2764632,1.526057,0.3606549) (358.3255,5.102006,4.988395)
6.72410971261027 (-0.106520712375641,1.08664834499359,0.47844198346138) (-0.1602392,1.105592,0.5141745) (318.1146,10.70493,358.6023) (-0.2083153,1.509895,0.3519266) (3.703779,41.14849,358.3084)
8.60373191644026 (-0.0812643393874168,1.07813370227814,0.396637111902237) (-0.1065207,1.086648,0.478442) (316.0122,27.51454,359.6066) (-0.1782579,1.487502,0.294493) (7.880338,74.8272,359.4023)
10.3528353327009 (-0.0822508409619331,1.05552685260773,0.295611977577209) (-0.08126434,1.078134,0.3966371) (318.078,47.33294,358.8984) (-0.1928423,1.484047,0.2163751) (5.922185,100.0371,1.401284)
10.5248095223725 (-0.106718741357327,1.03359234333038,0.195625171065331) (-0.08225084,1.055527,0.295612) (322.5757,63.18908,3.534404) (-0.2217331,1.484816,0.143086) (7.853281,120.102,4.859231)
10.4790838539921 (-0.144435927271843,1.01936411857605,0.0988982766866684) (-0.1067187,1.033592,0.1956252) (325.6298,79.48647,4.013443) (-0.251928,1.484723,0.08023015) (9.482586,131.4765,5.910357)
9.20983736762687 (-0.182863369584084,1.0119696855545,0.0155270304530859) (-0.1444359,1.019364,0.09889828) (326.466,92.78936,4.12488) (-0.2710336,1.4816,0.03568449) (11.70057,135.7254,4.792446)
8.70927530586575 (-0.226304590702057,1.00670349597931,-0.0597742013633251) (-0.1828634,1.01197,0.01552703) (328.1123,106.7896,3.12003) (-0.28306,1.474326,-0.01240634) (14.58455,137.0194,5.324944)
6.82056322866949 (-0.259917676448822,1.01130366325378,-0.118943512439728) (-0.2263046,1.006703,-0.0597742) (329.3161,112.6206,3.439767) (-0.2989494,1.467036,-0.05265644) (14.35505,139.3556,3.6795)
5.83427169038998 (-0.284007579088211,1.01636528968811,-0.171838968992233) (-0.2599177,1.011304,-0.1189435) (327.9079,110.7577,11.49426) (-0.3104033,1.476033,-0.07707023) (14.24624,141.6701,3.600758)
5.23838509865419 (-0.298965930938721,1.03639662265778,-0.217872232198715) (-0.2840076,1.016365,-0.171839) (326.1024,120.1494,8.413317) (-0.30996,1.482332,-0.09545322) (14.55834,140.9065,3.739647)
2.80855345623907 (-0.299340516328812,1.05363059043884,-0.240045353770256) (-0.2989659,1.036397,-0.2178722) (322.2549,124.9475,5.894637) (-0.3049409,1.483172,-0.1086134) (15.74368,140.0803,2.824315)
0.996547391194875 (-0.292804032564163,1.0566486120224,-0.246935680508614) (-0.2993405,1.053631,-0.2400454) (320.5089,127.7006,5.305146) (-0.2817858,1.477739,-0.1179868) (15.49212,142.9813,1.814258)
1.30661164492475 (-0.281960934400558,1.05102503299713,-0.251575291156769) (-0.292804,1.056649,-0.2469357) (322.2727,130.8908,4.007146) (-0.2490695,1.473954,-0.1237686) (12.72188,147.4729,1.551412)
2.02475129901235 (-0.263769656419754,1.04216265678406,-0.250869959592819) (-0.2819609,1.051025,-0.2515753) (323.9665,132.3902,7.361019) (-0.2011101,1.469779,-0.1217979) (6.068411,151.8465,1.125387)
2.5916906851171 (-0.238374829292297,1.04621207714081,-0.25409346818924) (-0.2637697,1.042163,-0.25087) (323.9528,136.8005,10.31493) (-0.1507413,1.481762,-0.1147671) (4.993261,156.8728,1.33942)
3.26314452544226 (-0.208180949091911,1.05858623981476,-0.253948539495468) (-0.2383748,1.046212,-0.2540935) (325.9117,147.0659,8.509952) (-0.1033464,1.497396,-0.1128142) (357.1105,159.5995,1.118164)
4.23245852141205 (-0.167954295873642,1.06336426734924,-0.241686508059502) (-0.2081809,1.058586,-0.2539485) (323.3829,144.1052,9.355227) (-0.08133861,1.508092,-0.1069962) (353.5122,165.1407,1.220576)
3.89828594450541 (-0.147543400526047,1.09275162220001,-0.226212590932846) (-0.1679543,1.063364,-0.2416865) (319.0934,136.6947,23.44569) (-0.06799515,1.516858,-0.1073323) (347.815,172.0603,2.635907)
2.6330041598338 (-0.153408110141754,1.11807250976563,-0.222002014517784) (-0.1475434,1.092752,-0.2262126) (317.0461,144.0506,17.37385) (-0.0618748,1.522103,-0.1067465) (344.0961,176.7272,3.487541)
2.39604359669416 (-0.177293449640274,1.11640655994415,-0.22290626168251) (-0.1534081,1.118073,-0.222002) (318.457,149.1816,19.2228) (-0.06205392,1.529462,-0.1163712) (337.0105,180.6313,3.452807)
3.47180117681466 (-0.206095457077026,1.10034680366516,-0.233763009309769) (-0.1772934,1.116407,-0.2229063) (321.2974,161.3368,13.48475) (-0.06708622,1.537197,-0.1172835) (337.708,182.7713,3.88953)
1.14272889013257 (-0.217170983552933,1.10131943225861,-0.231123000383377) (-0.2060955,1.100347,-0.233763) (323.5059,166.9593,8.86725) (-0.0756245,1.542543,-0.1182129) (339.9107,182.7267,5.211864)
0.580200177687899 (-0.222784996032715,1.102623462677,-0.231790527701378) (-0.217171,1.101319,-0.231123) (326.3535,167.8164,3.639609) (-0.08352605,1.548195,-0.1251316) (339.0352,179.9437,4.42749)
1.40769553033604 (-0.223579093813896,1.11295998096466,-0.241313472390175) (-0.222785,1.102623,-0.2317905) (326.7113,168.5999,354.8004) (-0.1034339,1.551775,-0.1407602) (337.4789,178.4889,1.974312)
3.18540072431862 (-0.235554113984108,1.13145649433136,-0.264316856861115) (-0.2235791,1.11296,-0.2413135) (324.4347,173.8828,341.6344) (-0.1412448,1.545805,-0.1656937) (339.7106,179.2392,359.8121)
4.63341508578298 (-0.270530700683594,1.1583057641983,-0.278550922870636) (-0.2355541,1.131456,-0.2643169) (321.9422,180.6156,320.6957) (-0.1843898,1.538504,-0.2023882) (338.2107,181.0351,357.6007)
2.37595230078299 (-0.283033490180969,1.171635389328,-0.293733686208725) (-0.2705307,1.158306,-0.2785509) (318.0852,175.2194,319.9689) (-0.2249448,1.535928,-0.2521744) (338.1896,180.5237,357.8075)
5.48161959634067 (-0.313231587409973,1.1675192117691,-0.339296251535416) (-0.2830335,1.171635,-0.2937337) (315.9026,165.4658,332.7271) (-0.254813,1.528355,-0.299399) (339.7827,181.9762,356.115)
5.40563759313086 (-0.345100820064545,1.16230511665344,-0.382646650075912) (-0.3132316,1.167519,-0.3392963) (320.4182,170.7213,321.5786) (-0.2774911,1.514248,-0.3496253) (343.4616,184.1371,354.8745)
5.41150703359012 (-0.355902463197708,1.12239754199982,-0.417562991380692) (-0.3451008,1.162305,-0.3826467) (327.8938,168.7,328.5937) (-0.2748919,1.488386,-0.3901477) (348.0679,184.1273,356.045)
6.73378632412309 (-0.382020711898804,1.09783506393433,-0.47456219792366) (-0.3559025,1.122398,-0.417563) (327.1893,177.507,331.3293) (-0.2502661,1.452864,-0.4195818) (351.4983,179.4662,356.8137)
5.76764375404324 (-0.397947609424591,1.07068407535553,-0.522891581058502) (-0.3820207,1.097835,-0.4745622) (324.7898,189.6691,333.8805) (-0.2225093,1.402236,-0.441426) (354.9568,179.5221,356.5966)
6.22906111107341 (-0.39744371175766,1.01409792900085,-0.54892760515213) (-0.3979476,1.070684,-0.5228916) (324.5008,192.6541,342.0457) (-0.2028195,1.343931,-0.4673761) (0.04369342,184.1542,357.9152)
6.23250586120689 (-0.401016891002655,0.952337920665741,-0.556500375270844) (-0.3974437,1.014098,-0.5489276) (326.3218,195.6703,347.5798) (-0.1953638,1.284238,-0.4857671) (2.952006,187.4961,359.9228)
3.81046970766503 (-0.402278631925583,0.914692938327789,-0.562265038490295) (-0.4010169,0.9523379,-0.5565004) (325.6836,200.5334,342.9822) (-0.1956629,1.225207,-0.4932646) (6.008117,187.9854,0.2157477)
5.93416867735076 (-0.408027321100235,0.855755865573883,-0.566113412380219) (-0.4022786,0.9146929,-0.562265) (329.0401,203.4912,342.0346) (-0.204998,1.174794,-0.4954256) (4.729867,188.9153,359.2585)
5.79246013488881 (-0.414523333311081,0.798379182815552,-0.570693552494049) (-0.4080273,0.8557559,-0.5661134) (332.9889,204.4913,347.4985) (-0.2097075,1.130836,-0.4966751) (2.840974,189.2433,359.47)
5.31979854470683 (-0.418880164623261,0.745581924915314,-0.575540542602539) (-0.4145233,0.7983792,-0.5706936) (335.165,203.5938,356.741) (-0.2142921,1.09197,-0.4938423) (357.874,189.9947,359.2406)
4.83963344893852 (-0.425309538841248,0.697614967823029,-0.57573926448822) (-0.4188802,0.7455819,-0.5755405) (333.5405,204.6507,0.779157) (-0.2249502,1.059781,-0.4790754) (353.2079,194.6855,356.9382)
5.1096915499625 (-0.445822894573212,0.655927956104279,-0.554472148418427) (-0.4253095,0.697615,-0.5757393) (328.1976,208.0267,1.20775) (-0.2369055,1.03012,-0.4665626) (349.1946,199.4568,355.5963)
4.23729862361385 (-0.454631686210632,0.619042336940765,-0.535569071769714) (-0.4458229,0.655928,-0.5544721) (325.6595,210.8763,359.2994) (-0.2364165,1.000889,-0.4589738) (347.5443,201.3289,355.5452)
3.21923814012532 (-0.458096265792847,0.590147256851196,-0.521806061267853) (-0.4546317,0.6190423,-0.5355691) (323.8611,209.0842,1.915449) (-0.2356716,0.9875309,-0.4504965) (344.7784,202.4971,356.433)
1.69017253318221 (-0.462556511163712,0.576382517814636,-0.513070702552795) (-0.4580963,0.5901473,-0.5218061) (323.2505,208.6943,2.255775) (-0.2402464,0.9900575,-0.4408934) (341.9875,203.5902,357.1222)
1.52108873578429 (-0.472265094518662,0.573390305042267,-0.501749873161316) (-0.4625565,0.5763825,-0.5130707) (319.2921,209.705,1.467304) (-0.255001,1.008978,-0.4234737) (338.5994,205.3333,355.328)
2.76357992319259 (-0.489684969186783,0.583914995193481,-0.483054518699646) (-0.4722651,0.5733903,-0.5017499) (319.0793,214.856,353.7798) (-0.265092,1.022215,-0.4081426) (336.0572,206.2615,352.8737)
1.28280587597247 (-0.497277051210403,0.589539647102356,-0.47437795996666) (-0.489685,0.583915,-0.4830545) (320.0847,218.1356,351.6974) (-0.2684034,1.029507,-0.3977711) (334.4565,206.163,351.2059)
0.685587110068256 (-0.500149130821228,0.593374609947205,-0.469474166631699) (-0.4972771,0.5895396,-0.474378) (320.1604,219.2086,352.2604) (-0.2679,1.030791,-0.3946969) (334.1565,205.5914,350.912)
0.0374384108446645 (-0.500077784061432,0.593669056892395,-0.46969410777092) (-0.5001491,0.5933746,-0.4694742) (320.682,218.2907,353.2245) (-0.2619457,1.03196,-0.3971291) (334.4164,204.9934,351.4149)
0.148390304080758 (-0.498880505561829,0.593971014022827,-0.470517098903656) (-0.5000778,0.5936691,-0.4696941) (320.1696,217.2476,353.9582) (-0.2578003,1.03249,-0.3985324) (334.7376,204.7943,352.5042)
0.123991638078807 (-0.498015075922012,0.594194948673248,-0.471376329660416) (-0.4988805,0.593971,-0.4705171) (319.7191,216.5639,354.566) (-0.2572851,1.031351,-0.3987503) (334.6735,205.2629,352.5119)
0.059068898578309 (-0.497574537992477,0.594552516937256,-0.471212059259415) (-0.4980151,0.5941949,-0.4713763) (318.6665,216.037,354.5077) (-0.257416,1.027525,-0.4002672) (334.9858,205.4979,352.3247)
0.0112107450348962 (-0.497500896453857,0.594557166099548,-0.471127659082413) (-0.4975745,0.5945525,-0.4712121) (318.6053,216.0321,354.5871) (-0.2583954,1.026043,-0.401179) (334.8623,205.3096,352.1591)
0.147904815316127 (-0.497552543878555,0.593079686164856,-0.471172034740448) (-0.4975009,0.5945572,-0.4711277) (318.8362,216.1498,354.5988) (-0.2588196,1.023746,-0.4023788) (335.0303,205.0754,352.1676)
0.159239536364889 (-0.497911483049393,0.591833353042603,-0.472095906734467) (-0.4975525,0.5930797,-0.471172) (319.4439,216.2617,354.5738) (-0.2584876,1.023218,-0.4056607) (335.3719,205.5041,351.8876)
0.261799898237976 (-0.497407764196396,0.591363310813904,-0.474621623754501) (-0.4979115,0.5918334,-0.4720959) (320.1877,215.6998,355.1068) (-0.2578831,1.021851,-0.4078375) (335.5833,205.8754,351.9253)
0.115964398192019 (-0.496620565652847,0.59083491563797,-0.47528937458992) (-0.4974078,0.5913633,-0.4746216) (320.2664,215.5962,355.2044) (-0.2562839,1.021179,-0.4087292) (335.3268,205.5171,352.2378)
0.235722881824381 (-0.495755195617676,0.58881664276123,-0.476146250963211) (-0.4966206,0.5908349,-0.4752894) (320.2952,215.6443,355.0789) (-0.2543311,1.0186,-0.4066126) (334.967,205.5164,351.8847)
