red 89.39713 96.24667 16.48425 (0.01766431,5,0.7) (0.01766431,1.691487,0.7)
black 91.89195 97.06889 12.37411 (-0.1245905,5,0.7) (-0.1245905,1.507168,0.7)
blue 89.39713 97.18 13.14567 (-0.1822432,5,0.7) (-0.1822432,0.07791648,0.7)
black 89.39713 97.50223 13.62435 (-0.6131957,5,0.7) (-0.6131957,0.08190686,0.7)
red 90.89194 97.84667 16.01344 (-0.3021439,5,0.7) (-0.3021439,1.522957,0.7)
black 91.40199 97.95778 11.30024 (-0.7520738,5,0.7) (-0.7520738,0.0738178,0.7)
blue 89.89578 98.03556 18.34195 (-0.3254508,5,0.7) (-0.3254508,1.550198,0.7)
red 89.89578 98.45778 14.27416 (-0.5525613,5,0.7) (-0.5525613,0.08035733,0.7)
red 92.40146 98.65778 14.72863 (-0.2710325,5,0.7) (-0.2710325,1.540825,0.7)
black 92.89857 98.99111 10.58318 (0.7425494,5,0.7) (0.7425494,0.07874534,0.7)
black 90.39275 99.02444 14.36945 (0.06095111,5,0.7) (0.06095111,0.08064074,0.7)
blue 91.40199 99.20222 13.1751 (0.007261157,5,0.7) (0.007261157,0.07657998,0.7)
blue 92.40146 99.25778 11.76661 (0.817081,5,0.7) (0.817081,0.07717764,0.7)
blue 91.89195 99.48 12.85736 (-0.6515696,5,0.7) (-0.6515696,0.08056211,0.7)
blue 92.89857 99.75778 11.77286 (0.5533323,5,0.7) (0.5533323,0.08010419,0.7)
blue 90.39275 99.91334 15.60799 (-0.4523553,5,0.7) (-0.4523553,0.08044744,0.7)
red 90.39275 99.98 15.70856 (-0.7002547,5,0.7) (-0.7002547,0.08402304,0.7)
red 91.89195 100.0022 13.61388 (-0.6532853,5,0.7) (-0.6532853,0.07747644,0.7)
blue 90.89194 100.9133 16.28684 (0.1512693,5,0.7) (0.1512693,0.08057867,0.7)
blue 93.89761 100.9244 12.01727 (0.7311094,5,0.7) (0.7311094,0.0761174,0.7)
blue 94.89384 101.0244 10.63086 (0.4192974,5,0.7) (0.4192974,0.07629801,0.7)
black 90.89194 101.0356 16.45059 (0.6608996,5,0.7) (0.6608996,0.08049839,0.7)
black 95.89428 101.1467 13.20264 (-0.09843934,5,0.7) (-0.09843934,1.70879,0.7)
blue 96.39439 101.2467 12.48426 (-0.04203165,5,0.7) (-0.04203165,1.760492,0.7)
red 92.89857 101.2578 13.98615 (-0.7897737,5,0.7) (-0.7897737,0.07931977,0.7)
black 94.89384 101.3578 11.1499 (-0.3629223,5,0.7) (-0.3629223,0.07589154,0.7)
blue 94.39708 101.58 17.47381 (-0.03094375,5,0.7) (-0.03094375,1.768515,0.7)
red 91.40199 101.78 16.77792 (0.2323359,5,0.7) (0.2323359,0.08108909,0.7)
black 93.39751 102.0356 14.38875 (0.540725,5,0.7) (0.540725,0.08202147,0.7)
red 94.89384 102.1244 16.87118 (0.2402822,5,0.7) (0.2402822,1.605315,0.7)
black 93.89761 102.1467 18.1547 (0.2529032,5,0.7) (0.2529032,1.457877,0.7)
red 93.89761 102.2578 13.98017 (-0.7135785,5,0.7) (-0.7135785,0.07684337,0.7)
blue 97.3913 102.3022 12.32797 (0.1356326,5,0.7) (0.1356326,1.675372,0.7)
red 93.39751 102.3244 14.79813 (-0.6859007,5,0.7) (-0.6859007,0.08290398,0.7)
black 89.89578 102.5689 19.69959 (-0.6866112,5,0.7) (-0.6866112,0.08397596,0.7)
black 98.40215 102.58 10.59079 (-0.07028878,5,0.7) (-0.07028878,1.644593,0.7)
blue 98.40215 102.7244 11.0155 (0.1257609,5,0.7) (0.1257609,1.675514,0.7)
red 94.39708 103.48 15.00882 (-0.4790252,5,0.7) (-0.4790252,0.0802996,0.7)
blue 95.39409 103.7022 13.90644 (-0.9395983,5,0.7) (-0.9395983,0.07924233,0.7)
black 92.40146 103.7689 18.06852 (-0.9285593,5,0.7) (-0.9285593,0.08201653,0.7)
red 95.39409 103.8911 14.17403 (0.9973743,5,0.7) (0.9973743,0.07823078,0.7)
black 94.39708 104.0133 15.7413 (0.9186528,5,0.7) (0.9186528,0.07913983,0.7)
black 96.89181 104.5689 12.97854 (-0.5093441,5,0.7) (-0.5093441,0.07618284,0.7)
blue 93.39751 104.7578 18.05215 (0.6997685,5,0.7) (0.6997685,0.08123146,0.7)
red 96.39439 104.9244 14.22015 (-0.9132552,5,0.7) (-0.9132552,0.07769541,0.7)
red 95.89428 105.88 16.24861 (-0.9679136,5,0.7) (-0.9679136,0.08302015,0.7)
blue 97.89188 105.9022 13.47508 (-0.1252185,5,0.7) (-0.1252185,0.08009291,0.7)
black 97.89188 106.1133 13.78009 (-0.53883,5,0.7) (-0.53883,0.07989135,0.7)
red 96.89181 106.5022 15.72485 (-0.6963389,5,0.7) (-0.6963389,0.0786914,0.7)
black 97.3913 107.1356 15.90992 (0.2708122,5,0.7) (0.2708122,0.0799921,0.7)
red 98.40215 107.2689 14.71611 (0.3602459,5,0.7) (0.3602459,0.08130085,0.7)
black 96.39439 107.5022 17.72855 (0.6701853,5,0.7) (0.6701853,0.08295437,0.7)
black 98.89944 107.6022 14.47743 (0.5537887,5,0.7) (0.5537887,0.0797845,0.7)
red 97.3913 107.7244 16.70336 (-0.6603489,5,0.7) (-0.6603489,0.080822,0.7)
blue 95.89428 107.9133 18.88903 (-0.4187206,5,0.7) (-0.4187206,0.0838121,0.7)
black 95.39409 107.9689 19.57296 (-0.9278457,5,0.7) (-0.9278457,0.08263721,0.7)
red 97.89188 108.1133 16.55333 (-0.3192431,5,0.7) (-0.3192431,0.08006794,0.7)
red 98.89944 108.8244 16.1692 (-0.4004604,5,0.7) (-0.4004604,0.08135857,0.7)
blue 96.89181 109.2911 19.35331 (-0.3694009,5,0.7) (-0.3694009,0.08226943,0.7)
blue 98.89944 111.7022 19.85451 (-0.9366698,5,0.7) (-0.9366698,0.0816372,0.7)
0
black 5.092899 0 19.13569 (0,0.336,0) (0,-46.95627,0)
