compute 35.472046510595(0.0423986241221428,1.23937487602234,0.273028045892715) (-0.009941882,0.8899329,0.3042908) (346.8002,244.7348,207.9034) (-0.04059976,1.27721,-0.02129019) (319.0016,318.0428,1.009478)
compute 1.12986630468454(0.0312598571181297,1.23959982395172,0.274908751249313) (0.04239862,1.239375,0.273028) (350.1436,246.6387,208.0954) (-0.04475375,1.277124,-0.01099542) (318.2953,323.1626,358.242)
compute 0.924391852276143(0.0282032024115324,1.24737787246704,0.278859555721283) (0.03125986,1.2396,0.2749088) (352.2607,248.6746,209.3479) (-0.04484811,1.278235,-0.01000044) (318.5733,326.3634,357.4847)
compute 1.16509339960966(0.0282108560204506,1.25896167755127,0.277610689401627) (0.0282032,1.247378,0.2788596) (351.7302,249.1174,210.7287) (-0.04229734,1.283155,-0.01617787) (313.7746,326.8259,358.7332)
compute 1.15772861427042(0.0314877890050411,1.26660537719727,0.269556552171707) (0.02821086,1.258962,0.2776107) (351.0744,248.7884,213.1019) (-0.03097573,1.288338,-0.03687748) (307.7309,327.815,359.8179)
compute 3.07425962875447(0.0578867942094803,1.27687108516693,0.257606029510498) (0.03148779,1.266605,0.2695566) (347.6199,247.2074,213.7642) (-0.001650974,1.291138,-0.06042219) (300.125,334.2935,359.2637)
compute 0.774121134534745(0.0536247864365578,1.27140510082245,0.261053442955017) (0.05788679,1.276871,0.257606) (346.0467,245.4823,213.9197) (0.01199609,1.290605,-0.08102891) (295.0346,335.0574,359.8367)
compute 1.06685664868179(0.0594907030463219,1.26255249977112,0.262073636054993) (0.05362479,1.271405,0.2610534) (345.0069,244.8539,213.3006) (0.02290715,1.28299,-0.0932292) (291.7098,335.868,359.9568)
compute 0.486378288481389(0.0633450224995613,1.25978362560272,0.261008769273758) (0.0594907,1.262552,0.2620736) (345.0923,244.7493,213.2191) (0.02966221,1.277636,-0.09823244) (290.4599,338.2891,359.5059)
compute 0.448707012406539(0.0666960775852203,1.257364153862,0.262755304574966) (0.06334502,1.259784,0.2610088) (345.7035,244.5676,213.1342) (0.03889252,1.275983,-0.09944844) (290.4746,340.8288,357.8812)
compute 0.970562354097678(0.0753282755613327,1.25675177574158,0.267149537801743) (0.06669608,1.257364,0.2627553) (346.0448,244.1852,213.1893) (0.04763544,1.276439,-0.09901084) (291.0619,340.4615,358.8332)
compute 1.06738789635154(0.0855821371078491,1.25970506668091,0.267410486936569) (0.07532828,1.256752,0.2671495) (347.4992,245.1872,213.7809) (0.05318465,1.276344,-0.09283883) (290.8554,339.9294,359.9262)
compute 2.55487448169977(0.0917132422327995,1.27584898471832,0.248581737279892) (0.08558214,1.259705,0.2674105) (349.4633,247.4219,215.1693) (0.05940171,1.277162,-0.09293193) (290.232,341.7831,358.7983)
compute 1.13477118136767(0.10254080593586,1.27747237682343,0.251564860343933) (0.09171324,1.275849,0.2485817) (349.9579,248.2907,215.7719) (0.0622412,1.277427,-0.09397297) (289.7986,342.3245,359.0091)
compute 0.897806675562095(0.108844622969627,1.27685368061066,0.257927626371384) (0.1025408,1.277472,0.2515649) (350.3784,248.4585,216.1368) (0.06491077,1.277294,-0.09436662) (289.8594,344.5776,358.164)
compute 0.070634415274477(0.108165517449379,1.27690398693085,0.257739990949631) (0.1088446,1.276854,0.2579276) (351.2206,248.756,215.9833) (0.06531637,1.277576,-0.09406085) (290.7225,344.3515,358.2987)
compute 0.328935912188343(0.106784962117672,1.27981078624725,0.258421510457993) (0.1081655,1.276904,0.25774) (351.8945,249.0025,215.8078) (0.06459855,1.277679,-0.09307247) (291.2841,344.3464,358.6879)
compute 0.402225226440625(0.104330942034721,1.28237020969391,0.256522655487061) (0.106785,1.279811,0.2584215) (352.627,248.5735,216.1388) (0.06289055,1.277017,-0.09115823) (291.0886,348.7753,356.1205)
compute 0.147217954817365(0.1045036688447,1.28252756595612,0.255069136619568) (0.1043309,1.28237,0.2565227) (352.7934,248.2563,216.4307) (0.06312409,1.277599,-0.09111462) (290.777,351.0194,354.7552)
compute 0.182320634899025(0.104776404798031,1.28264582157135,0.256867945194244) (0.1045037,1.282528,0.2550691) (352.0771,248.4223,216.7901) (0.0590857,1.277957,-0.09202413) (290.8192,349.0379,356.5617)
compute 0.237658534999059(0.106133788824081,1.28241813182831,0.258805423974991) (0.1047764,1.282646,0.2568679) (351.2968,248.9048,216.8613) (0.05400358,1.278254,-0.09124088) (291.2517,347.938,358.0417)
compute 0.0614382626409175(0.106329202651978,1.28231585025787,0.258231997489929) (0.1061338,1.282418,0.2588054) (350.9573,249.0249,216.8526) (0.04930611,1.278376,-0.08883519) (291.7046,346.9623,359.475)
compute 0.215292559865148(0.106126703321934,1.28301250934601,0.25620499253273) (0.1063292,1.282316,0.258232) (350.4772,248.3761,217.1547) (0.04565528,1.278625,-0.08869895) (292.0066,345.6268,0.4660903)
compute 0.762679139633891(0.104930125176907,1.28662943840027,0.249597877264023) (0.1061267,1.283013,0.256205) (349.7993,246.8236,217.5295) (0.04316152,1.278826,-0.08897807) (292.0439,344.9852,1.566477)
compute 0.870158396624534(0.104556493461132,1.29515850543976,0.247914731502533) (0.1049301,1.286629,0.2495979) (349.3619,245.5736,218.3601) (0.04201235,1.278622,-0.09068017) (291.5118,345.8133,1.489681)
compute 1.24551078955768(0.104894749820232,1.30736899375916,0.24548177421093) (0.1045565,1.295159,0.2479147) (347.1887,242.5057,218.2933) (0.04109108,1.278763,-0.09202391) (291.7416,346.2966,1.345461)
compute 0.869748244789633(0.106580458581448,1.31580674648285,0.246750205755234) (0.1048947,1.307369,0.2454818) (345.7828,240.6857,218.1459) (0.04073106,1.278797,-0.09156659) (292.082,347.0246,1.247635)
compute 1.28656170381587(0.111854143440723,1.32622396945953,0.252153337001801) (0.1065805,1.315807,0.2467502) (343.7862,237.9814,218.0083) (0.03838083,1.279024,-0.08979619) (292.3833,344.9557,2.842103)
compute 1.33154786056686(0.112578846514225,1.33947134017944,0.251020222902298) (0.1118541,1.326224,0.2521533) (342.206,235.9092,218.7707) (0.03633413,1.278538,-0.08909743) (292.0945,344.0714,3.61293)
compute 0.936003377680302(0.112354405224323,1.34882354736328,0.251330196857452) (0.1125788,1.339471,0.2510202) (341.7926,234.5206,220.2297) (0.03178629,1.278666,-0.08847821) (292.3707,343.3432,4.315275)
compute 1.57422455210899(0.112071566283703,1.36197209358215,0.259982019662857) (0.1123544,1.348824,0.2513302) (340.3902,234.2988,221.0812) (0.02507278,1.278417,-0.08637004) (292.3643,343.4175,4.424131)
compute 1.35738103355418(0.111000746488571,1.37469565868378,0.264587730169296) (0.1120716,1.361972,0.259982) (338.6476,233.877,222.0372) (0.01759958,1.279831,-0.08297434) (292.1456,343.5753,4.88038)
compute 1.56958098215438(0.111287578940392,1.38961029052734,0.269469320774078) (0.1110007,1.374696,0.2645877) (335.9722,232.9671,222.1615) (0.01221169,1.282065,-0.07663605) (291.6747,344.255,4.965547)
compute 1.76986041498593(0.116829939186573,1.40366899967194,0.278682112693787) (0.1112876,1.38961,0.2694693) (333.3804,231.6667,223.3207) (0.01008283,1.28351,-0.06810441) (292.1239,345.4321,4.237811)
compute 2.8420816261678(0.13142503798008,1.41349911689758,0.301000148057938) (0.1168299,1.403669,0.2786821) (330.7778,230.6809,223.9371) (0.007132247,1.283688,-0.05658764) (292.6946,346.0752,3.970893)
compute 1.71092253014029(0.135232448577881,1.41962873935699,0.316513270139694) (0.131425,1.413499,0.3010001) (329.8508,230.671,224.1579) (0.005152311,1.283496,-0.04745489) (293.535,346.4029,4.009175)
compute 0.325423507801405(0.132988303899765,1.42162644863129,0.31526306271553) (0.1352324,1.419629,0.3165133) (329.0429,228.9533,224.3857) (0.004019577,1.28412,-0.0420619) (294.3816,347.3453,3.156197)
compute 0.478393829475531(0.128747224807739,1.4221076965332,0.317423552274704) (0.1329883,1.421626,0.3152631) (329.3904,228.3131,224.2841) (-0.0006705634,1.28482,-0.03797302) (294.8922,347.0946,3.394561)
compute 1.08086895854433(0.117943800985813,1.42244493961334,0.317432135343552) (0.1287472,1.422108,0.3174236) (330.0016,227.524,224.1593) (-0.004472736,1.284482,-0.03471427) (295.2648,347.7467,2.88501)
compute 1.29427982321179(0.106139436364174,1.42474460601807,0.312648355960846) (0.1179438,1.422445,0.3174321) (330.1458,226.0302,224.3194) (-0.009354401,1.284407,-0.03322919) (295.9374,349.2955,2.248061)
compute 2.58425304638917(0.0881887003779411,1.43488943576813,0.297069847583771) (0.1061394,1.424745,0.3126484) (329.7533,222.2617,225.922) (-0.01734622,1.28371,-0.03228457) (296.4088,351.446,359.5626)
compute 2.96135482394443(0.0701299980282784,1.45529663562775,0.285477101802826) (0.0881887,1.434889,0.2970698) (328.5,218.6897,228.0901) (-0.02978497,1.280684,-0.0312937) (297.0191,353.9701,356.4189)
compute 4.34502204056879(0.0428149476647377,1.48726165294647,0.274520486593246) (0.07013,1.455297,0.2854771) (328.0105,216.9463,231.2796) (-0.0408808,1.280337,-0.02709338) (297.5444,355.6972,354.8832)
compute 3.79353683554319(0.0175537671893835,1.5146735906601,0.26748126745224) (0.04281495,1.487262,0.2745205) (326.4191,214.6071,233.5131) (-0.04906084,1.281272,-0.01645959) (299.1153,356.6104,353.5132)
compute 3.04378426555848(-0.00366026978008449,1.53470647335052,0.276147902011871) (0.01755377,1.514674,0.2674813) (324.7854,216.367,232.5391) (-0.05953057,1.284187,-0.01005637) (300.7826,355.4652,355.353)
compute 3.31572708967264(-0.0312514714896679,1.54266679286957,0.292723894119263) (-0.00366027,1.534706,0.2761479) (325.663,221.2412,231.4455) (-0.06975302,1.286681,-0.00590736) (300.9005,354.7881,356.9461)
compute 3.14884249841519(-0.0613926574587822,1.54086923599243,0.301656901836395) (-0.03125147,1.542667,0.2927239) (327.8067,222.8626,230.1686) (-0.07763851,1.287745,-0.002442676) (300.8867,355.0792,356.9916)
compute 2.47096545719358(-0.0828469693660736,1.5415952205658,0.313894242048264) (-0.06139266,1.540869,0.3016569) (328.5304,222.3064,230.5352) (-0.08574901,1.288958,0.002072577) (302.0326,354.6819,357.4564)
compute 1.59336272151256(-0.0932499542832375,1.54434168338776,0.325646489858627) (-0.08284697,1.541595,0.3138942) (324.9454,224.3543,228.0402) (-0.09252869,1.291866,0.006502029) (302.9485,356.3283,356.2849)
compute 1.54121561672685(-0.100943304598331,1.54797089099884,0.338498562574387) (-0.09324995,1.544342,0.3256465) (325.2488,225.9225,228.5016) (-0.09678902,1.291394,0.01473651) (303.5526,358.4052,355.0927)
compute 0.862743554001779(-0.100050747394562,1.54727208614349,0.347051203250885) (-0.1009433,1.547971,0.3384986) (326.5617,223.7245,230.1693) (-0.09906352,1.290694,0.02238948) (303.55,359.9663,355.3536)
compute 2.25404696244645(-0.0858188048005104,1.54299759864807,0.363999754190445) (-0.1000507,1.547272,0.3470512) (324.9807,221.9482,232.4984) (-0.09294099,1.284143,0.03472573) (302.4778,3.802827,353.0891)
compute 4.43145833617636(-0.0427843853831291,1.54371690750122,0.374549806118011) (-0.0858188,1.542998,0.3639998) (320.2074,211.9683,237.3918) (-0.07935306,1.276894,0.05296538) (302.8321,6.607868,351.1383)
compute 6.76147632678317(0.0178505685180426,1.549760222435,0.403852313756943) (-0.04278439,1.543717,0.3745498) (312.002,198.7975,241.751) (-0.05456927,1.272252,0.07615193) (303.741,7.134896,350.5476)
compute 6.74405738723451(0.069252036511898,1.56763935089111,0.443682670593262) (0.01785057,1.54976,0.4038523) (304.6592,186.5718,245.2185) (-0.0265428,1.268168,0.1032164) (304.6688,8.114217,349.5704)
compute 6.32877944858007(0.111966826021671,1.59041154384613,0.484452992677689) (0.06925204,1.567639,0.4436827) (302.762,167.3143,251.0446) (-0.006160622,1.268616,0.1320533) (304.8108,9.200345,348.6002)
compute 3.36233774078496(0.122564695775509,1.60236740112305,0.514038026332855) (0.1119668,1.590412,0.484453) (303.2755,165.8009,247.9288) (0.006654296,1.275918,0.1571437) (304.5602,6.881868,349.4313)
compute 2.50306815686583(0.122567169368267,1.61204075813293,0.53712397813797) (0.1225647,1.602367,0.514038) (303.3745,167.6448,244.4501) (0.01153935,1.283681,0.174343) (304.3826,3.309141,351.1019)
compute 0.32490129904057(0.12457812577486,1.609818816185,0.535868942737579) (0.1225672,1.612041,0.537124) (306.5095,163.8416,245.6939) (0.01102867,1.285695,0.1784802) (305.3103,4.807548,349.2746)
compute 2.77908711048183(0.135180756449699,1.59059643745422,0.518827319145203) (0.1245781,1.609819,0.5358689) (308.4527,158.7261,250.2879) (0.006001681,1.279869,0.179528) (305.103,6.848392,346.191)
compute 3.4155802728346(0.165172412991524,1.59069764614105,0.535170793533325) (0.1351808,1.590596,0.5188273) (306.7259,148.7278,258.4637) (0.01167513,1.280478,0.1879267) (306.1125,4.104581,350.119)
compute 3.81850756157748(0.199551865458488,1.60113203525543,0.548104345798492) (0.1651724,1.590698,0.5351708) (306.0313,148.5663,259.4766) (0.02630621,1.28032,0.2062921) (307.0859,3.905973,349.8101)
compute 2.86798698529853(0.224301412701607,1.61231422424316,0.55732136964798) (0.1995519,1.601132,0.5481043) (306.0304,146.7291,260.8147) (0.03543777,1.28335,0.2232515) (306.7241,1.216207,351.4574)
compute 2.83697931169489(0.230922907590866,1.627481341362,0.580363929271698) (0.2243014,1.612314,0.5573214) (300.9605,146.0357,257.4185) (0.04001955,1.293575,0.2359147) (307.7542,358.1389,353.6424)
compute 3.79692233789385(0.245749428868294,1.63591873645782,0.614285111427307) (0.2309229,1.627481,0.5803639) (298.3245,134.3645,263.6077) (0.03489283,1.298727,0.2427988) (309.1415,349.7042,358.6889)
compute 3.87405203124479(0.259026825428009,1.63893496990204,0.650554120540619) (0.2457494,1.635919,0.6142851) (297.7275,115.2902,278.9525) (0.0212927,1.294348,0.2398764) (309.5988,343.8168,1.954045)
compute 4.23612230065683(0.224594861268997,1.63070714473724,0.673818171024323) (0.2590268,1.638935,0.6505541) (290.2677,114.6198,278.3805) (-0.0001720861,1.284799,0.2343817) (310.4519,343.7343,1.882278)
compute 11.4494874896123(0.113130241632462,1.60567128658295,0.666207551956177) (0.2245949,1.630707,0.6738182) (283.9485,161.7443,234.6189) (-0.02616758,1.264632,0.2305634) (312.1867,346.762,359.2966)
compute 11.8482989067025(0.0154112465679646,1.55563497543335,0.621647655963898) (0.1131302,1.605671,0.6662076) (294.5035,159.8202,229.8486) (-0.06886644,1.254807,0.2267038) (313.4102,347.7292,359.2874)
compute 9.84081915814729(-0.0793178007006645,1.52897834777832,0.621710658073425) (0.01541125,1.555635,0.6216477) (296.7279,177.911,224.4449) (-0.107421,1.257658,0.220339) (313.8533,345.8821,357.6717)
compute 5.06943079272594(-0.108782120049,1.54256927967072,0.660660028457642) (-0.0793178,1.528978,0.6217107) (292.9572,164.8802,237.6632) (-0.1417589,1.265335,0.2152437) (314.5257,340.2743,0.7327164)
compute 3.7415349870309(-0.138030380010605,1.53346109390259,0.682142317295074) (-0.1087821,1.542569,0.66066) (290.5436,158.0631,254.6839) (-0.1794098,1.260642,0.2009046) (316.9502,332.445,5.603647)
compute 15.966698061263(-0.270279049873352,1.47086560726166,0.618223309516907) (-0.1380304,1.533461,0.6821423) (308.3693,199.1925,217.7573) (-0.2122483,1.255394,0.1878188) (317.784,326.2382,9.804159)
compute 10.0237784012156(-0.367415696382523,1.4463711977005,0.621703147888184) (-0.270279,1.470866,0.6182233) (312.3925,206.007,213.5085) (-0.237835,1.239791,0.1816894) (319.3466,323.1812,11.15393)
compute 8.36513552321092(-0.420884966850281,1.45546770095825,0.685388624668121) (-0.3674157,1.446371,0.6217031) (296.1408,221.4449,194.9212) (-0.2747405,1.228713,0.1818136) (320.0491,320.5037,12.72871)
compute 8.24671657156694(-0.498590618371964,1.43605959415436,0.705035269260406) (-0.420885,1.455468,0.6853886) (293.6051,226.4287,184.0932) (-0.3160537,1.220679,0.1799334) (322.5717,315.8798,14.99925)
compute 12.638622583032(-0.584623634815216,1.37446069717407,0.635916709899902) (-0.4985906,1.43606,0.7050353) (309.9729,211.3732,196.9378) (-0.3482591,1.22963,0.1828478) (325.2328,312.8275,16.34858)
compute 10.2344058054641(-0.658582985401154,1.32230746746063,0.588121712207794) (-0.5846236,1.374461,0.6359167) (319.2118,209.5398,195.8977) (-0.359679,1.2545,0.1967545) (327.9482,313.4502,14.89422)
compute 6.95310442986679(-0.717756688594818,1.28837966918945,0.574633061885834) (-0.658583,1.322307,0.5881217) (319.8948,214.3152,188.3332) (-0.3578488,1.277434,0.2109964) (328.5305,313.3749,16.52238)
compute 10.0522297460758(-0.789959132671356,1.21907567977905,0.584040343761444) (-0.7177567,1.28838,0.5746331) (331.4142,221.0039,186.8055) (-0.3660645,1.244204,0.2308634) (333.1683,310.0694,12.85601)
compute 9.11413830894911(-0.852885603904724,1.15814197063446,0.609221577644348) (-0.7899591,1.219076,0.5840403) (333.9334,224.879,186.6937) (-0.4219038,1.218564,0.241898) (327.8589,308.4954,14.24633)
compute 13.0300865319657(-0.948177754878998,1.08943104743958,0.665582299232483) (-0.8528856,1.158142,0.6092216) (338.4177,237.7847,183.7286) (-0.4831768,1.170187,0.2579343) (330.1391,309.612,10.01903)
compute 12.7085490119115(-1.01147222518921,0.990415990352631,0.713961541652679) (-0.9481778,1.089431,0.6655823) (0.8402499,259.565,175.0762) (-0.5091264,1.161704,0.2526343) (326.3621,311.3768,13.24556)
compute 6.56976434139708(-0.980769872665405,0.971398532390594,0.659080922603607) (-1.011472,0.990416,0.7139615) (356.6213,251.2539,176.4817) (-0.5009944,1.186005,0.2414062) (316.6229,319.3734,12.42226)
compute 17.6589224178372(-0.855925381183624,1.01399302482605,0.541678547859192) (-0.9807699,0.9713985,0.6590809) (347.599,223.7234,179.4034) (-0.4774536,1.223352,0.2243442) (309.087,326.379,11.54381)
compute 18.6732716228047(-0.707707285881042,1.10302519798279,0.471153527498245) (-0.8559254,1.013993,0.5416785) (344.0821,208.1254,187.2701) (-0.4473669,1.249676,0.2131004) (303.4388,336.3891,8.362194)
compute 12.194194729404(-0.626378834247589,1.19387853145599,0.472246110439301) (-0.7077073,1.103025,0.4711535) (345.1215,202.7654,201.176) (-0.4129431,1.263586,0.2146447) (304.7286,358.8293,356.1682)
compute 8.70390981544857(-0.579933941364288,1.26595962047577,0.487179070711136) (-0.6263788,1.193879,0.4722461) (339.689,202.9435,208.6776) (-0.3768142,1.27064,0.211515) (304.4322,15.12308,347.8116)
compute 11.1100091311495(-0.499588161706924,1.33973062038422,0.466069221496582) (-0.5799339,1.26596,0.4871791) (330.3579,198.4692,211.2636) (-0.3606566,1.277323,0.2027044) (304.1941,20.78262,345.2988)
compute 8.12203156418799(-0.460599392652512,1.39430153369904,0.420258402824402) (-0.4995882,1.339731,0.4660692) (323.6342,198.2846,202.5562) (-0.3452387,1.279517,0.1976392) (307.8736,27.79517,341.0809)
compute 5.94681437181427(-0.415285587310791,1.41246020793915,0.386296927928925) (-0.4605994,1.394302,0.4202584) (323.0626,206.5351,199.0347) (-0.3344066,1.263855,0.2056712) (319.589,31.06914,338.7353)
compute 25.2582868194757(-0.203571885824203,1.31956338882446,0.488010227680206) (-0.4152856,1.41246,0.3862969) (303.9501,226.752,222.6585) (-0.336817,1.214601,0.206924) (336.2354,28.84023,343.1608)
compute 28.4578033374747(-0.0508152805268765,1.11383283138275,0.611804485321045) (-0.2035719,1.319563,0.4880102) (272.9808,119.5938,333.4295) (-0.3249172,1.192443,0.2072084) (338.1547,26.41312,346.4755)
compute 2.89062924201377(-0.0632016360759735,1.10617208480835,0.636773765087128) (-0.05081528,1.113833,0.6118045) (275.176,205.1821,244.3524) (-0.3135348,1.194095,0.1981582) (330.2314,30.45724,340.3502)
compute 6.09336973433325(-0.0739493370056152,1.1614910364151,0.659951686859131) (-0.06320164,1.106172,0.6367738) (277.0307,201.0809,247.6346) (-0.2921078,1.201069,0.1838709) (335.0783,41.00886,336.1665)
compute 10.0341192080365(-0.0412815921008587,1.16127157211304,0.565077424049377) (-0.07394934,1.161491,0.6599517) (297.6173,162.6627,277.324) (-0.2549524,1.204454,0.1851345) (339.8358,50.56643,330.5326)
compute 15.6068360193314(0.0918464809656143,1.09219670295715,0.521915972232819) (-0.04128159,1.161272,0.5650774) (311.5316,141.7469,298.3175) (-0.2133731,1.178781,0.2044376) (345.7138,54.68961,330.4045)
compute 19.8390977064746(0.241436988115311,0.962880790233612,0.538011133670807) (0.09184648,1.092197,0.521916) (319.1106,119.9612,316.0883) (-0.1655986,1.151524,0.2267645) (348.2569,53.46359,332.6474)
compute 20.3792782594246(0.370968133211136,0.810513138771057,0.577219307422638) (0.241437,0.9628808,0.5380111) (342.4449,98.06257,324.1946) (-0.1002032,1.118895,0.2483607) (346.6136,52.16005,332.4116)
compute 12.3091381270832(0.443353235721588,0.721393585205078,0.62159937620163) (0.3709681,0.8105131,0.5772193) (356.0606,89.46371,319.9225) (-0.0299187,1.098323,0.2604873) (342.9792,51.32508,332.1162)
compute 6.01271639855622(0.457948356866837,0.771966934204102,0.650661289691925) (0.4433532,0.7213936,0.6215994) (342.337,86.58575,313.8071) (0.006189123,1.100683,0.2674932) (341.644,49.94072,331.8081)
compute 9.61969911526192(0.460676282644272,0.864960610866547,0.675127506256104) (0.4579484,0.7719669,0.6506613) (333.2575,86.22192,301.509) (0.03937175,1.121143,0.2689804) (339.4248,46.60919,332.8661)
compute 10.0960334131491(0.46330738067627,0.965579092502594,0.68300074338913) (0.4606763,0.8649606,0.6751275) (326.796,90.90813,301.4706) (0.06009047,1.150883,0.2643101) (335.8488,45.73503,331.0595)
compute 11.109334300543(0.474498748779297,1.07542932033539,0.670777320861816) (0.4633074,0.9655791,0.6830007) (317.8244,96.14513,295.869) (0.07549231,1.167263,0.2689891) (335.9829,43.98982,333.1147)
compute 10.2259421119306(0.572901964187622,1.09915995597839,0.656263411045074) (0.4744987,1.075429,0.6707773) (332.9969,95.86289,315.1382) (0.08432262,1.174077,0.2713113) (335.5393,42.97252,333.5003)
compute 8.42785107647192(0.632401347160339,1.14129590988159,0.613987505435944) (0.572902,1.09916,0.6562634) (309.289,83.43253,26.94349) (0.07277641,1.192362,0.2732101) (334.977,42.36697,336.7599)
compute 6.55118679716149(0.635068356990814,1.19953048229218,0.584097266197205) (0.6324013,1.141296,0.6139875) (303.7835,69.11774,21.6391) (0.03861434,1.21357,0.2674957) (327.3771,36.38583,340.7629)
compute 14.7469290768602(0.560228943824768,1.31421434879303,0.529381036758423) (0.6350684,1.19953,0.5840973) (284.4724,100.0158,29.58927) (-0.01008066,1.230917,0.263456) (320.4579,25.72441,342.8384)
compute 22.91886256076(0.383274465799332,1.44430708885193,0.463879734277725) (0.5602289,1.314214,0.529381) (296.0589,213.4331,278.5963) (-0.0555738,1.242935,0.2565721) (312.6056,15.85738,346.68)
compute 19.3705294625787(0.214292362332344,1.50974428653717,0.395434409379959) (0.3832745,1.444307,0.4638797) (320.2181,203.258,276.8473) (-0.1056255,1.245075,0.255065) (311.9641,9.310831,348.8929)
compute 14.8267948090286(0.0721847340464592,1.51144957542419,0.353174537420273) (0.2142924,1.509744,0.3954344) (331.7225,184.9674,260.0329) (-0.1541726,1.256061,0.2530989) (313.8866,352.3387,359.1538)
compute 16.3462806294239(-0.0762815698981285,1.48757922649384,0.417268633842468) (0.07218473,1.51145,0.3531745) (311.303,196.2303,234.2052) (-0.1758386,1.265336,0.2517227) (319.2405,357.2503,357.6557)
compute 26.755766844207(-0.168423816561699,1.41207385063171,0.656842947006226) (-0.07628157,1.487579,0.4172686) (300.4112,289.8033,139.7058) (-0.2050156,1.249021,0.2558162) (325.0527,0.8529291,357.0056)
compute 21.3711735518905(-0.225192680954933,1.20847392082214,0.625266492366791) (-0.1684238,1.412074,0.6568429) (306.743,256.0352,171.1156) (-0.2428489,1.221249,0.2555813) (329.4221,357.9724,0.1234991)
compute 12.7037847138979(-0.280358523130417,1.09657442569733,0.64922159910202) (-0.2251927,1.208474,0.6252665) (322.9547,263.7458,167.2741) (-0.2555898,1.226602,0.2419501) (324.7305,351.2162,359.1995)
compute 7.15715340524783(-0.272974610328674,1.14411914348602,0.702207088470459) (-0.2803585,1.096574,0.6492216) (320.6208,263.3873,175.1697) (-0.282028,1.247693,0.2260165) (316.2655,336.1129,6.292862)
compute 12.0156295496391(-0.277208745479584,1.25632536411285,0.659435927867889) (-0.2729746,1.144119,0.7022071) (317.5258,240.7784,201.9308) (-0.2976806,1.254339,0.2049998) (314.9958,326.2171,14.02406)
compute 14.1939796306252(-0.29723733663559,1.35198867321014,0.556507349014282) (-0.2772087,1.256325,0.6594359) (314.7119,209.9103,219.1199) (-0.3019283,1.251517,0.1856631) (310.8058,326.0912,14.25917)
compute 10.4816129149271(-0.310210138559341,1.41072130203247,0.470666766166687) (-0.2972373,1.351989,0.5565073) (324.29,193.2054,231.2942) (-0.2895201,1.255705,0.163918) (304.2569,332.1322,12.1099)
compute 4.68606174749096(-0.330866783857346,1.44707882404327,0.449516087770462) (-0.3102101,1.410721,0.4706668) (323.9836,195.2806,228.5015) (-0.2663156,1.259564,0.1512428) (300.0461,350.8577,0.6449316)
compute 2.35801773613301(-0.349368840456009,1.46148633956909,0.451990395784378) (-0.3308668,1.447079,0.4495161) (326.8471,206.6424,225.1788) (-0.254405,1.259621,0.1440259) (299.9092,356.7067,356.1028)
compute 0.826807746284653(-0.353127926588058,1.46847343444824,0.454316526651382) (-0.3493688,1.461486,0.4519904) (325.5156,211.3873,221.8197) (-0.2502992,1.260487,0.1447641) (299.9581,348.6203,2.291512)
compute 1.13494159495448(-0.35429060459137,1.45808362960815,0.458733469247818) (-0.3531279,1.468473,0.4543165) (325.2407,213.0258,218.7644) (-0.2407467,1.249987,0.1568863) (301.8293,345.4322,7.546996)
compute 2.98024878977314(-0.355128318071365,1.42855298519135,0.454805672168732) (-0.3542906,1.458084,0.4587335) (328.0054,213.96,216.0273) (-0.2376953,1.238302,0.1607444) (301.2026,345.5123,5.156795)
compute 2.60071418662299(-0.3676817715168,1.4058552980423,0.456702321767807) (-0.3551283,1.428553,0.4548057) (328.8422,217.2682,213.3427) (-0.2734779,1.23537,0.1681573) (306.6503,343.2136,8.786867)
compute 5.95272634594436(-0.424156993627548,1.38774371147156,0.461802810430527) (-0.3676818,1.405855,0.4567023) (334.0903,226.8273,210.4611) (-0.3230935,1.220436,0.1688462) (305.6794,339.1645,11.39255)
compute 7.61285885948899(-0.500116944313049,1.38297462463379,0.463506937026978) (-0.424157,1.387744,0.4618028) (337.7538,229.1239,213.7591) (-0.3690788,1.214483,0.1848093) (305.2064,340.7823,6.60223)
compute 8.53622798979266(-0.583330035209656,1.38939762115479,0.481424689292908) (-0.5001169,1.382975,0.4635069) (340.7686,234.6165,215.7134) (-0.42172,1.224382,0.2028748) (306.9315,344.9659,2.350961)
compute 7.57264865815632(-0.643102407455444,1.42171776294708,0.514848828315735) (-0.58333,1.389398,0.4814247) (338.8844,240.9742,215.3728) (-0.46228,1.239404,0.2103709) (308.5124,343.1583,3.462371)
compute 5.90613927211993(-0.671567618846893,1.46283292770386,0.546273708343506) (-0.6431024,1.421718,0.5148488) (335.6784,241.9822,216.4966) (-0.488922,1.261753,0.2161179) (309.6049,345.095,2.463846)
compute 6.18768289556445(-0.670946478843689,1.50712072849274,0.589481890201569) (-0.6715676,1.462833,0.5462737) (329.8498,244.1212,216.9752) (-0.511994,1.277322,0.219299) (311.9613,344.9356,4.391676)
compute 3.33241171115953(-0.668010771274567,1.51040899753571,0.622513175010681) (-0.6709465,1.507121,0.5894819) (329.2113,252.2777,215.0012) (-0.523044,1.281811,0.2231591) (314.0233,345.619,5.247922)
compute 4.29649304288465(-0.676168441772461,1.50443720817566,0.664271712303162) (-0.6680108,1.510409,0.6225132) (330.9193,262.381,210.7502) (-0.5260593,1.278509,0.2254817) (313.924,347.9757,4.31657)
compute 7.67465081488355(-0.68905770778656,1.45909416675568,0.72483491897583) (-0.6761684,1.504437,0.6642717) (341.1973,269.6524,206.997) (-0.5180234,1.278173,0.2257309) (312.848,352.6544,0.8861359)
compute 15.679640958675(-0.574702560901642,1.40712511539459,0.63098806142807) (-0.6890577,1.459094,0.7248349) (340.7191,240.4156,220.141) (-0.5068027,1.280794,0.2243558) (315.014,359.3814,359.5159)
compute 17.4238623109219(-0.412701159715652,1.4707111120224,0.639441847801209) (-0.5747026,1.407125,0.6309881) (309.694,217.4747,233.8184) (-0.4746226,1.275422,0.236998) (315.6142,359.0638,357.2796)
compute 5.85877565669144(-0.416439831256866,1.49647855758667,0.691926002502441) (-0.4127012,1.470711,0.6394418) (313.0785,255.2082,214.8741) (-0.4369639,1.278273,0.2440848) (314.0823,1.664852,354.7862)
compute 2.03892935828108(-0.433508932590485,1.48768413066864,0.685068368911743) (-0.4164398,1.496479,0.691926) (317.5957,244.9175,216.8221) (-0.4130002,1.281003,0.2388644) (308.9172,7.224832,354.1239)
compute 6.59073387405213(-0.47115570306778,1.45484066009521,0.642082273960114) (-0.4335089,1.487684,0.6850684) (326.9881,239.8315,215.6237) (-0.3943631,1.279616,0.2280947) (307.8711,14.62703,348.2791)
compute 13.8754952031666(-0.518494367599487,1.39659774303436,0.525378584861755) (-0.4711557,1.454841,0.6420823) (341.6898,233.856,212.196) (-0.3880639,1.279467,0.2184081) (306.3869,15.60682,347.1775)
compute 13.7201531044158(-0.552013456821442,1.38385200500488,0.392946422100067) (-0.5184944,1.396598,0.5253786) (349.9531,222.5083,207.2729) (-0.4007537,1.281001,0.2138674) (302.1454,0.8499099,357.3831)
compute 8.79606722935928(-0.604806125164032,1.44101619720459,0.351930946111679) (-0.5520135,1.383852,0.3929464) (347.0644,222.7281,204.7621) (-0.425434,1.279508,0.212309) (304.0818,355.0186,1.732656)
compute 8.54295586255432(-0.647788166999817,1.51272392272949,0.369502395391464) (-0.6048061,1.441016,0.3519309) (337.816,225.1578,208.0586) (-0.4477128,1.284417,0.211604) (304.3982,355.2019,0.7227416)
compute 6.35855682969932(-0.664857745170593,1.55013394355774,0.418002337217331) (-0.6477882,1.512724,0.3695024) (334.8776,231.2627,214.1503) (-0.4784192,1.29144,0.2129705) (305.3347,350.1859,3.802506)
compute 5.69268848063362(-0.668226420879364,1.57160794734955,0.470615923404694) (-0.6648577,1.550134,0.4180023) (333.6025,234.2258,218.6926) (-0.5018691,1.289596,0.2163327) (307.6082,348.4468,4.78797)
compute 6.1050223441854(-0.667360782623291,1.58629870414734,0.529865920543671) (-0.6682264,1.571608,0.4706159) (327.817,239.9692,215.8306) (-0.5229432,1.28897,0.2162242) (307.6311,346.911,6.326686)
compute 6.15545045188199(-0.66981303691864,1.58308064937592,0.591287314891815) (-0.6673608,1.586299,0.5298659) (324.7688,245.6683,210.9433) (-0.5385762,1.285039,0.2199915) (308.9197,346.2411,7.443794)
compute 4.86128249361296(-0.679647386074066,1.56482815742493,0.635257065296173) (-0.669813,1.583081,0.5912873) (326.4272,252.1674,208.7774) (-0.5492116,1.284108,0.2303409) (309.8597,346.2478,7.489104)
compute 2.47032015639148(-0.681762456893921,1.56765007972717,0.659707248210907) (-0.6796474,1.564828,0.6352571) (325.4541,252.0185,210.2436) (-0.5585389,1.287776,0.238026) (310.516,347.1101,6.167902)
compute 2.58803352117387(-0.691192448139191,1.58452475070953,0.676915168762207) (-0.6817625,1.56765,0.6597072) (323.6392,249.6701,211.0586) (-0.5614687,1.293601,0.2422834) (314.0787,349.6878,5.969095)
compute 5.55702213290227(-0.722919404506683,1.55316340923309,0.710049986839294) (-0.6911924,1.584525,0.6769152) (335.2992,269.6352,205.4436) (-0.5393772,1.291206,0.2423749) (312.21,4.419303,358.7036)
compute 9.22370650500517(-0.701866388320923,1.52504634857178,0.624762952327728) (-0.7229194,1.553163,0.71005) (333.1767,245.8847,210.9386) (-0.4935206,1.288927,0.23506) (312.7465,32.77665,348.4214)
compute 15.0118356190889(-0.605275928974152,1.46849262714386,0.524725556373596) (-0.7018664,1.525046,0.624763) (338.0098,228.3298,216.2326) (-0.4715776,1.274829,0.2269975) (315.104,40.3942,344.0522)
compute 12.4382162963621(-0.515409648418427,1.42462587356567,0.450761497020721) (-0.6052759,1.468493,0.5247256) (339.5501,227.7203,214.5349) (-0.4445709,1.267198,0.2264689) (318.63,37.72261,345.2764)
compute 15.1194761169307(-0.372800141572952,1.39668416976929,0.409028470516205) (-0.5154096,1.424626,0.4507615) (329.03,227.1433,223.3214) (-0.4145072,1.253081,0.2229491) (324.7955,41.53821,342.1773)
compute 24.5634244270687(-0.136716112494469,1.33939290046692,0.44533583521843) (-0.3728001,1.396684,0.4090285) (305.601,209.2025,245.5497) (-0.377413,1.236645,0.2203398) (327.0496,43.09558,341.2272)
compute 21.0165595150352(0.042412705719471,1.30004811286926,0.547973215579987) (-0.1367161,1.339393,0.4453358) (288.7668,150.3186,303.0591) (-0.3316414,1.234328,0.2183517) (325.7291,42.86601,337.8851)
compute 10.8320137580478(0.107119932770729,1.30602121353149,0.634636640548706) (0.04241271,1.300048,0.5479732) (291.8065,122.1656,316.8526) (-0.2931194,1.243824,0.2156192) (326.4119,44.43154,334.9724)
compute 6.81999517248279(0.12986159324646,1.30920660495758,0.698854267597198) (0.1071199,1.306021,0.6346366) (302.3767,91.70144,329.7487) (-0.2684729,1.238039,0.2147222) (327.0413,45.16076,333.514)
compute 3.14095876683716(0.112674966454506,1.30093967914581,0.723811030387878) (0.1298616,1.309207,0.6988543) (307.4248,80.2411,338.5587) (-0.2366428,1.235891,0.2181892) (324.1078,47.04436,330.646)
compute 10.4734481443927(0.0402385666966438,1.33245849609375,0.655044436454773) (0.112675,1.30094,0.723811) (289.0032,139.6319,287.9424) (-0.2094129,1.250243,0.2174592) (323.7094,45.09564,333.5474)
compute 9.77186227664465(-0.0048808129504323,1.37052392959595,0.577171504497528) (0.04023857,1.332458,0.6550444) (298.2613,196.4949,239.407) (-0.1888608,1.259279,0.2139244) (324.0737,47.0976,333.9859)
compute 8.11356392418963(0.0242328587919474,1.40064167976379,0.507685482501984) (-0.004880813,1.370524,0.5771715) (307.7238,184.4218,249.906) (-0.1710623,1.259746,0.2115205) (326.0928,48.20304,333.375)
compute 8.10120469845554(0.101544633507729,1.40731906890869,0.484420627355576) (0.02423286,1.400642,0.5076855) (310.4014,173.3096,261.6786) (-0.1533095,1.229527,0.2100081) (327.0695,48.69947,332.8752)
compute 14.133555768885(0.240914270281792,1.3885303735733,0.498521327972412) (0.1015446,1.407319,0.4844206) (311.8487,145.5947,282.9466) (-0.1098866,1.214307,0.2172082) (329.0323,44.82672,334.8642)
compute 12.7073471113612(0.362362742424011,1.35664856433868,0.518052995204926) (0.2409143,1.38853,0.4985213) (316.9257,125.0126,296.7266) (-0.04443675,1.204327,0.2240895) (328.7764,42.32487,335.6132)
compute 9.53456699248054(0.444554537534714,1.32453179359436,0.554161429405212) (0.3623627,1.356649,0.518053) (321.4774,113.2082,294.1158) (0.02144646,1.203665,0.2263951) (331.8215,38.38168,336.3911)
compute 7.75698416193403(0.485635071992874,1.30122482776642,0.615693986415863) (0.4445545,1.324532,0.5541614) (319.2798,104.377,295.4734) (0.06190351,1.211243,0.2275169) (329.023,37.53451,334.8781)
compute 4.60957782509829(0.491397887468338,1.28678917884827,0.659090101718903) (0.4856351,1.301225,0.615694) (319.0812,98.98794,294.5962) (0.0831067,1.21238,0.2311428) (328.2297,33.31794,335.0589)
compute 2.69012252425402(0.488269627094269,1.30518794059753,0.678464710712433) (0.4913979,1.286789,0.6590901) (313.4604,98.62572,293.2449) (0.0763481,1.223022,0.2369397) (322.1766,23.78238,337.8918)
compute 5.1025579230261(0.471188336610794,1.3389949798584,0.712654232978821) (0.4882696,1.305188,0.6784647) (306.1979,85.05805,313.0417) (0.01964352,1.235554,0.2208901) (310.405,356.8022,348.7115)
compute 10.4927882165304(0.370826959609985,1.36019122600555,0.690559566020966) (0.4711883,1.338995,0.7126542) (294.3904,107.1279,299.9653) (-0.04347643,1.240302,0.1902336) (307.9626,324.8408,7.897112)
compute 18.1137071336024(0.201269015669823,1.36097931861877,0.626840472221375) (0.370827,1.360191,0.6905596) (293.6266,180.0035,244.5508) (-0.09480523,1.231329,0.1688812) (310.8085,316.5772,13.72093)
compute 15.5755103349537(0.0555497482419014,1.35331785678864,0.572371661663055) (0.201269,1.360979,0.6268405) (304.1182,211.1628,226.536) (-0.1250704,1.229555,0.1620705) (312.3201,316.191,15.4526)
compute 14.0234296403862(-0.0724181309342384,1.31766331195831,0.527442455291748) (0.05554975,1.353318,0.5723717) (315.7817,220.4878,217.1663) (-0.1613833,1.232064,0.1619174) (314.7096,316.2348,16.14221)
compute 9.31785908161779(-0.150577664375305,1.27123308181763,0.507007896900177) (-0.07241813,1.317663,0.5274425) (324.7038,218.9378,211.647) (-0.2025441,1.232759,0.1684228) (311.6217,326.0685,13.31506)
compute 6.88526499966125(-0.206769376993179,1.23170971870422,0.50241631269455) (-0.1505777,1.271233,0.5070079) (324.3017,218.2868,207.4109) (-0.2273343,1.252921,0.1739947) (306.5495,0.590093,356.8347)
compute 5.00626932784333(-0.25626665353775,1.22492074966431,0.499222129583359) (-0.2067694,1.23171,0.5024163) (327.2531,225.2015,203.3732) (-0.2486453,1.269539,0.1743879) (308.7182,28.94733,339.5895)
compute 2.85804874518362(-0.278859734535217,1.24237394332886,0.500557422637939) (-0.2562667,1.224921,0.4992221) (323.2418,225.6654,206.3314) (-0.2608417,1.27819,0.1817815) (313.5376,39.6851,336.909)
compute 1.36784988863604(-0.272527664899826,1.2542759180069,0.502870261669159) (-0.2788597,1.242374,0.5005574) (318.5986,228.2628,206.1119) (-0.2634691,1.281065,0.1871842) (317.119,42.81062,338.3987)
compute 2.89601591817999(-0.243906602263451,1.25668299198151,0.506575882434845) (-0.2725277,1.254276,0.5028703) (315.2477,231.9109,203.6377) (-0.2459797,1.278896,0.1903131) (321.0479,44.93105,339.7367)
compute 4.64910406337825(-0.197509720921516,1.25416743755341,0.505020797252655) (-0.2439066,1.256683,0.5065759) (312.5284,235.9947,200.8191) (-0.188018,1.268188,0.1911771) (328.4106,49.30963,339.3687)
compute 5.3760866518664(-0.144230380654335,1.25145518779755,0.498373508453369) (-0.1975097,1.254167,0.5050208) (309.4382,236.1118,202.4794) (-0.1613015,1.262486,0.1923095) (334.1521,52.05492,340.0544)
compute 4.67317865049716(-0.100723631680012,1.24164354801178,0.48441806435585) (-0.1442304,1.251455,0.4983735) (308.0489,238.0556,202.6896) (-0.1416744,1.253217,0.1953317) (340.0844,52.25985,342.5984)
compute 3.58540985912796(-0.0670087039470673,1.23734641075134,0.473000764846802) (-0.1007236,1.241644,0.4844181) (305.899,240.7607,203.7361) (-0.1240557,1.238027,0.1967348) (348.6015,52.2802,344.0482)
compute 2.50240415212583(-0.0426577180624008,1.23458850383759,0.467938542366028) (-0.0670087,1.237346,0.4730008) (302.9169,248.1855,200.366) (-0.1148996,1.213147,0.198441) (358.3419,52.98048,346.2371)
compute 3.25554296756547(-0.0234382282942533,1.24706435203552,0.44481235742569) (-0.04265772,1.234589,0.4679385) (303.6337,249.9168,203.1228) (-0.1161794,1.199596,0.2038048) (4.234537,51.28597,348.275)
compute 4.14693977279279(-0.00688188662752509,1.26595604419708,0.411816865205765) (-0.02343823,1.247064,0.4448124) (306.4116,256.4178,203.455) (-0.1398886,1.182216,0.2119296) (14.37539,48.50819,349.3208)
compute 3.52750989265678(0.00467270519584417,1.28241145610809,0.382833361625671) (-0.006881887,1.265956,0.4118169) (310.8262,266.6532,200.715) (-0.1535428,1.167321,0.2231644) (20.33691,47.69186,352.1874)
compute 3.50137589353128(0.017665084451437,1.29908156394959,0.354917973279953) (0.004672705,1.282411,0.3828334) (311.8271,273.374,200.8053) (-0.1651284,1.154028,0.2332822) (25.90867,47.222,354.4101)
compute 2.72974337470413(0.0287729315459728,1.29853308200836,0.329988777637482) (0.01766508,1.299082,0.354918) (310.6169,277.7459,200.0513) (-0.1735113,1.153001,0.2440666) (29.25495,45.86233,355.0245)
compute 1.74601212411706(0.038260143250227,1.29222428798676,0.316758215427399) (0.02877293,1.298533,0.3299888) (308.4618,280.7359,197.0904) (-0.178189,1.152164,0.2532764) (31.49567,43.45226,355.9705)
compute 1.00821159055941(0.0477108061313629,1.28896021842957,0.315462112426758) (0.03826014,1.292224,0.3167582) (306.941,283.3229,192.9818) (-0.1844919,1.154713,0.2568496) (30.95191,39.39324,355.6844)
compute 0.292158071890947(0.0505195111036301,1.28965842723846,0.315861254930496) (0.04771081,1.28896,0.3154621) (308.3114,284.2791,192.6622) (-0.1910477,1.171805,0.2598414) (25.81221,35.06073,355.3545)
compute 1.41711462616689(0.05578787997365,1.30281138420105,0.316116988658905) (0.05051951,1.289658,0.3158613) (307.7675,281.3915,194.6013) (-0.2068177,1.205825,0.2604178) (15.84865,27.33622,353.7502)
compute 2.30803140609309(0.0551865175366402,1.32530832290649,0.321238219738007) (0.05578788,1.302811,0.316117) (307.8966,274.0549,201.1744) (-0.2389869,1.238216,0.2611199) (2.221734,15.62712,351.749)
compute 3.55301414078632(0.0381590612232685,1.35353362560272,0.334496766328812) (0.05518652,1.325308,0.3212382) (308.7329,266.9371,206.2769) (-0.2562123,1.259485,0.2496186) (347.6725,6.173997,352.192)
compute 2.54763735570451(0.0223429594188929,1.36257183551788,0.352307081222534) (0.03815906,1.353534,0.3344968) (310.9131,258.9047,211.8489) (-0.2464393,1.258613,0.2373613) (346.6404,3.849066,355.03)
compute 2.50237461086911(0.0233504250645638,1.35933887958527,0.377100646495819) (0.02234296,1.362572,0.3523071) (311.2477,255.7964,212.4749) (-0.2334596,1.256724,0.2337793) (344.424,2.119157,356.6365)
compute 3.13477565721318(0.030498530715704,1.34017181396484,0.400853753089905) (0.02335043,1.359339,0.3771006) (311.163,257.0629,207.7505) (-0.233582,1.254137,0.2288575) (341.4015,354.7535,359.1441)
compute 3.00774958323499(0.0341098271310329,1.31693971157074,0.419612318277359) (0.03049853,1.340172,0.4008538) (309.2511,253.9769,202.6198) (-0.219877,1.253718,0.2228103) (338.856,342.0516,1.535766)
compute 5.04198641802641(0.0376793257892132,1.28283762931824,0.456578105688095) (0.03410983,1.31694,0.4196123) (303.6019,258.14,181.6437) (-0.2116746,1.255433,0.2040441) (337.3661,329.8448,4.567257)
compute 5.31285938603651(0.0409311950206757,1.2522566318512,0.49990102648735) (0.03767933,1.282838,0.4565781) (291.9283,268.6961,149.9107) (-0.2023641,1.247905,0.1865447) (339.5228,320.6898,7.093606)
compute 6.34616898288424(0.0125862285494804,1.20922064781189,0.536939561367035) (0.0409312,1.252257,0.499901) (292.9229,284.1588,121.094) (-0.1989588,1.245235,0.172738) (343.1771,315.3904,7.126207)
compute 5.4030569752679(-0.0363236665725708,1.18685781955719,0.542138457298279) (0.01258623,1.209221,0.5369396) (298.0602,280.5115,120.8755) (-0.1931673,1.248921,0.1657525) (345.2523,312.3705,6.374653)
compute 4.70635345842127(-0.0790959894657135,1.17305552959442,0.528174161911011) (-0.03632367,1.186858,0.5421385) (304.6982,265.4419,140.3753) (-0.1857124,1.253262,0.1589283) (347.6305,311.1325,4.816123)
compute 3.69671503088031(-0.0841894969344139,1.1716068983078,0.491588264703751) (-0.07909599,1.173056,0.5281742) (306.6679,250.4173,156.5221) (-0.1905315,1.24798,0.1486211) (349.5356,311.0911,3.459631)
compute 4.65529393039988(-0.0785106495022774,1.16731607913971,0.445582658052444) (-0.0841895,1.171607,0.4915883) (310.9086,233.051,176.2466) (-0.2119524,1.237199,0.1330936) (352.4156,310.3464,3.072461)
compute 2.52898026390916(-0.0794233530759811,1.15829610824585,0.42197373509407) (-0.07851065,1.167316,0.4455827) (314.0023,234.9294,178.6521) (-0.244137,1.240089,0.1216914) (353.9712,311.7083,2.469577)
compute 1.17521299350545(-0.0809477046132088,1.16401541233063,0.411820977926254) (-0.07942335,1.158296,0.4219737) (304.3029,244.6292,166.3428) (-0.2624694,1.240904,0.106596) (355.9774,312.0916,2.685475)
compute 1.94342181909091(-0.0859901905059814,1.16503357887268,0.393079966306686) (-0.0809477,1.164015,0.411821) (304.2708,250.7757,161.8355) (-0.2716291,1.241673,0.1010816) (355.3816,314.7463,2.669658)
compute 1.41924501084043(-0.0857922807335854,1.16667175292969,0.37898376584053) (-0.08599019,1.165034,0.39308) (303.14,250.6999,162.851) (-0.2518509,1.256314,0.09395622) (351.5063,321.539,3.342443)
compute 1.70036892083441(-0.0751392990350723,1.17406868934631,0.367987185716629) (-0.08579228,1.166672,0.3789838) (299.9958,246.1914,166.3047) (-0.2253307,1.267276,0.08592118) (345.4281,330.6662,2.490935)
compute 2.82966699960353(-0.0510274581611156,1.18571794033051,0.35884302854538) (-0.0751393,1.174069,0.3679872) (295.0788,239.2038,171.3663) (-0.1940653,1.268452,0.08558717) (341.9664,338.371,2.873632)
compute 3.93620532898015(-0.0122855836525559,1.18486702442169,0.351935476064682) (-0.05102746,1.185718,0.358843) (292.92,233.6937,177.0379) (-0.1578628,1.267489,0.09073331) (341.3255,345.8481,3.241936)
compute 5.01912571737126(0.0321796722710133,1.1628874540329,0.344260722398758) (-0.01228558,1.184867,0.3519355) (292.5887,235.2025,177.5349) (-0.1219278,1.2687,0.09536828) (340.9449,352.3703,1.731799)
compute 5.87572826902755(0.0871866568922997,1.15288412570953,0.32618910074234) (0.03217967,1.162887,0.3442607) (291.3314,238.2061,179.5853) (-0.08890367,1.261212,0.09824493) (345.3731,0.7238101,358.4613)
compute 5.10190559790484(0.134274199604988,1.15202748775482,0.30656835436821) (0.08718666,1.152884,0.3261891) (289.329,244.6595,178.3618) (-0.05743414,1.255834,0.09918684) (346.8423,10.81834,357.4041)
compute 4.27066050238048(0.171891123056412,1.15010833740234,0.286440312862396) (0.1342742,1.152027,0.3065684) (286.9098,248.9968,178.375) (-0.04246012,1.254348,0.09251831) (347.028,15.586,356.4944)
compute 1.78854160493525(0.185675606131554,1.15032184123993,0.275045990943909) (0.1718911,1.150108,0.2864403) (285.9597,253.1097,177.4794) (-0.04038676,1.253932,0.08778546) (347.6716,14.93014,356.8987)
compute 0.725018129092325(0.182515561580658,1.14380180835724,0.275307565927505) (0.1856756,1.150322,0.275046) (286.0495,261.1551,170.8098) (-0.05252232,1.251008,0.08727634) (348.0097,12.32476,356.9677)
compute 1.57129484943519(0.173843994736671,1.13153505325317,0.279914885759354) (0.1825156,1.143802,0.2753076) (285.415,266.0502,165.5266) (-0.06185271,1.251578,0.08114479) (347.9914,10.06712,357.4427)
compute 1.7815086861415(0.158030211925507,1.12820017337799,0.287410229444504) (0.173844,1.131535,0.2799149) (285.6786,266.4503,165.1181) (-0.06163341,1.251741,0.07975233) (348.1678,9.28494,356.7272)
compute 2.02110290251661(0.149079203605652,1.11793375015259,0.302342265844345) (0.1580302,1.1282,0.2874102) (284.6448,271.9861,156.7914) (-0.07099214,1.251658,0.08067624) (348.3104,6.770742,356.7438)
compute 2.02487713970708(0.13836133480072,1.10528087615967,0.313963145017624) (0.1490792,1.117934,0.3023423) (285.3895,278.5722,148.9783) (-0.08189061,1.253798,0.08232526) (347.3941,4.579021,356.617)
compute 2.50839161901548(0.128765419125557,1.08734333515167,0.32863849401474) (0.1383613,1.105281,0.3139631) (284.8057,284.8908,140.3596) (-0.0839605,1.25548,0.08361104) (347.1656,2.055642,357.8968)
compute 1.0960413418807(0.121093310415745,1.08349180221558,0.335452824831009) (0.1287654,1.087343,0.3286385) (284.8821,286.4788,138.3664) (-0.08574448,1.25398,0.08521671) (347.719,358.4332,358.3616)
compute 0.452068337427251(0.117249958217144,1.08297944068909,0.337777197360992) (0.1210933,1.083492,0.3354528) (284.4466,286.7697,136.3419) (-0.09090027,1.256779,0.08388168) (347.009,356.0708,359.0461)
compute 0.379896298930609(0.116579495370388,1.085333943367,0.340682178735733) (0.11725,1.082979,0.3377772) (284.4047,285.9482,136.2729) (-0.09447025,1.257191,0.08202606) (346.9793,354.663,359.5712)
compute 1.33289914837496(0.118481948971748,1.09852159023285,0.341040879487991) (0.1165795,1.085334,0.3406822) (283.6983,273.1549,148.82) (-0.09490234,1.256812,0.078917) (346.4383,353.9397,359.7241)
compute 2.95742873652124(0.119478613138199,1.12740767002106,0.334776729345322) (0.1184819,1.098522,0.3410409) (283.6862,256.9343,165.3839) (-0.09547476,1.257701,0.07520249) (346.3744,354.2132,0.1028959)
compute 3.05661877892865(0.122576504945755,1.15509533882141,0.322203427553177) (0.1194786,1.127408,0.3347767) (284.757,240.9937,182.78) (-0.09508422,1.260321,0.0728045) (344.3361,354.6896,0.4291629)
compute 2.5163310027979(0.127952665090561,1.17657697200775,0.310252338647842) (0.1225765,1.155095,0.3222034) (284.2614,226.7947,197.4631) (-0.08941164,1.263224,0.06505111) (343.6407,356.1077,0.3838887)
compute 3.92451109873027(0.164907738566399,1.18142771720886,0.297965288162231) (0.1279527,1.176577,0.3102523) (284.1313,184.7784,233.3754) (-0.08829807,1.262637,0.06123244) (343.1721,357.0683,359.8656)
compute 2.97892281860587(0.193960785865784,1.1875239610672,0.300446093082428) (0.1649077,1.181428,0.2979653) (281.2426,166.6738,253.9165) (-0.07882384,1.25743,0.0570917) (346.5257,358.8897,359.4363)
compute 3.11249988746856(0.201700270175934,1.17543578147888,0.328063875436783) (0.1939608,1.187524,0.3004461) (274.8649,187.1245,238.4316) (-0.07302733,1.254433,0.06062157) (347.1791,0.2714789,359.2599)
compute 1.53202200831392(0.190110579133034,1.16829586029053,0.335093080997467) (0.2017003,1.175436,0.3280639) (279.2321,224.683,198.33) (-0.07028531,1.251529,0.06463413) (349.2499,359.8459,359.7373)
compute 1.78055821311786(0.172445699572563,1.17052316665649,0.335265964269638) (0.1901106,1.168296,0.3350931) (287.1509,245.8675,180.2787) (-0.06915233,1.249336,0.06541631) (349.248,358.7343,359.3032)
compute 1.17986438649668(0.164880558848381,1.17306482791901,0.343955993652344) (0.1724457,1.170523,0.335266) (288.7597,254.7844,174.3736) (-0.06791417,1.250332,0.06478554) (349.2622,358.5971,359.4688)
compute 3.13130386428958(0.194244205951691,1.17898166179657,0.334830552339554) (0.1648806,1.173065,0.343956) (284.5639,243.5151,189.6032) (-0.06672271,1.250465,0.06395312) (349.3122,358.5124,359.2706)
compute 1.51380244827647(0.184121012687683,1.17851650714874,0.323584914207459) (0.1942442,1.178982,0.3348306) (286.0888,248.0277,187.5773) (-0.06735423,1.250737,0.06383808) (349.6903,358.6141,358.7999)
compute 14.3585686159731(0.059127788990736,1.23560345172882,0.36523374915123) (0.184121,1.178517,0.3235849) (290.7635,267.0435,172.597) (-0.06310663,1.251116,0.06440827) (350.0441,358.9952,358.5275)
compute 2.0736604203114(0.0488775856792927,1.23336982727051,0.38312092423439) (0.05912779,1.235603,0.3652337) (294.8476,271.3538,167.3816) (-0.06085681,1.251737,0.06559705) (350.4545,358.3593,358.9362)
compute 5.93558765915481(0.0494613982737064,1.19530963897705,0.428664326667786) (0.04887759,1.23337,0.3831209) (295.6292,273.4993,164.3109) (-0.05971962,1.251445,0.06812671) (350.564,357.68,358.4437)
compute 3.0372008780303(0.0383849330246449,1.17551338672638,0.448860347270966) (0.0494614,1.19531,0.4286643) (296.2856,276.142,160.9373) (-0.05890822,1.251936,0.06907324) (351.0256,357.1241,358.4492)
compute 0.975006122836683(0.0322292074561119,1.18174493312836,0.444577991962433) (0.03838493,1.175513,0.4488603) (296.9961,276.0973,159.8666) (-0.05868501,1.249328,0.07093894) (350.3422,357.1645,358.0537)
compute 0.94502538819929(0.0402316153049469,1.18342769145966,0.439841210842133) (0.03222921,1.181745,0.444578) (295.1548,272.351,161.1387) (-0.05808174,1.249934,0.07106604) (349.209,357.5504,358.6471)
compute 2.45606488439363(0.0513169467449188,1.18753600120544,0.418313026428223) (0.04023162,1.183428,0.4398412) (292.5388,263.5247,169.1558) (-0.05838363,1.252463,0.07204051) (347.8292,357.6917,359.0254)
compute 1.80002291402614(0.0582776740193367,1.188640832901,0.401749938726425) (0.05131695,1.187536,0.418313) (290.066,253.9931,175.9378) (-0.05986178,1.251064,0.07476234) (346.0746,358.7554,358.9849)
compute 0.767530136808206(0.0647295862436295,1.1849148273468,0.399906039237976) (0.05827767,1.188641,0.4017499) (290.0072,255.5295,173.7538) (-0.06024905,1.251526,0.07735795) (343.7024,358.696,359.1743)
Average= 6.06858635775214
Max= 28.4578033374747
Standard Deviation= 5.92934670291526
Right: 15    Wrong: 5
0
