compute 78.9805249223975(0.0885957852005959,0.765965759754181,0.170995965600014) (0,0,0) (30.41148,350.9919,26.06207) (-0.07997065,1.581225,0.09037815) (350.639,7.157249,357.8171)
compute 1.2518870904616(0.0969418808817863,0.763373970985413,0.179959639906883) (0.08859579,0.7659658,0.170996) (39.73874,0.2222575,25.33157) (-0.06348461,1.582084,0.09445515) (351.8247,3.069408,358.1975)
compute 2.33015145249842(0.108824133872986,0.763071596622467,0.200001627206802) (0.09694188,0.763374,0.1799596) (43.37767,359.0482,33.28441) (-0.03527942,1.580674,0.1103948) (354.6805,356.5052,358.9219)
compute 3.18555512963278(0.126048654317856,0.764861106872559,0.226739048957825) (0.1088241,0.7630716,0.2000016) (40.4587,358.7418,37.79666) (-0.006202202,1.568442,0.1322413) (358.8506,352.1555,358.1067)
compute 2.93122942005995(0.144283249974251,0.765143513679504,0.249687477946281) (0.1260487,0.7648611,0.226739) (33.69381,357.7461,38.80674) (0.0159623,1.540248,0.1523475) (7.082407,349.8236,357.4419)
compute 2.73210350461742(0.166615143418312,0.763558804988861,0.265346795320511) (0.1442832,0.7651435,0.2496875) (30.77606,354.1933,32.92691) (0.03167075,1.516423,0.1698654) (15.53757,350.3559,358.2689)
compute 1.23189230778192(0.178404584527016,0.766838312149048,0.266764461994171) (0.1666151,0.7635588,0.2653468) (31.30914,349.9243,34.26119) (0.03426891,1.515799,0.1730805) (18.41563,353.0472,359.3453)
compute 0.574059459595508(0.182039126753807,0.769859135150909,0.263505756855011) (0.1784046,0.7668383,0.2667645) (25.42254,344.8532,38.99305) (0.03139839,1.514292,0.1722194) (19.46635,354.9697,359.1209)
compute 0.380306299929653(0.183916583657265,0.773065805435181,0.262695997953415) (0.1820391,0.7698591,0.2635058) (21.64504,350.9069,39.82636) (0.01678581,1.516662,0.1801776) (17.82264,355.3243,359.1747)
compute 1.15762038696964(0.176172122359276,0.772672891616821,0.271291196346283) (0.1839166,0.7730658,0.262696) (21.11155,357.2982,36.95289) (-0.002911482,1.51876,0.1796295) (17.18218,352.8802,359.6132)
compute 3.3202141014045(0.143203526735306,0.769745886325836,0.273915410041809) (0.1761721,0.7726729,0.2712912) (27.2206,335.792,46.16516) (-0.0272397,1.529104,0.1731195) (14.71342,349.0576,357.8696)
compute 2.80904180167002(0.115116089582443,0.770034611225128,0.274205476045609) (0.1432035,0.7697459,0.2739154) (31.03394,337.9505,43.58593) (-0.04641527,1.537388,0.1612023) (12.76091,347.2042,357.2168)
compute 1.70985716438551(0.0980464592576027,0.770958006381989,0.274574548006058) (0.1151161,0.7700346,0.2742055) (31.13416,348.5584,41.3518) (-0.06192054,1.542838,0.1494165) (10.49702,345.8252,356.8027)
compute 1.81280680778391(0.0802829191088676,0.769750118255615,0.271165072917938) (0.09804646,0.770958,0.2745745) (30.42824,349.8029,38.07419) (-0.07346563,1.542132,0.1386886) (9.254974,344.4191,356.5712)
compute 1.77524671838248(0.0645431876182556,0.768036127090454,0.263135552406311) (0.08028292,0.7697501,0.2711651) (31.00557,344.2301,37.78613) (-0.08166359,1.55248,0.1218126) (4.809178,342.5615,356.8836)
compute 1.52037311612446(0.0503093972802162,0.766837894916534,0.257928162813187) (0.06454319,0.7680361,0.2631356) (30.72307,339.5993,44.48056) (-0.07959896,1.57778,0.1050726) (355.1984,340.0351,356.8248)
compute 0.668481877966351(0.0436574183404446,0.76710569858551,0.258533358573914) (0.0503094,0.7668379,0.2579282) (30.75953,336.9724,39.32916) (-0.06803502,1.601618,0.08960363) (343.6447,338.7983,357.1543)
compute 0.714912321460722(0.0434619449079037,0.766371428966522,0.265641987323761) (0.04365742,0.7671057,0.2585334) (33.08197,334.2682,34.93748) (-0.04496886,1.62739,0.07170882) (329.6102,341.1158,355.9998)
compute 1.65495968333515(0.059530321508646,0.770314812660217,0.265259683132172) (0.04346194,0.7663714,0.265642) (33.93622,328.725,31.95887) (-0.01941052,1.635669,0.05208421) (321.777,345.6075,355.0397)
compute 2.7213187904088(0.0858183205127716,0.76898592710495,0.258350789546967) (0.05953032,0.7703148,0.2652597) (33.40781,325.1216,30.41368) (-0.001146488,1.63578,0.03939173) (316.8092,349.9857,354.3817)
compute 2.85617066782132(0.112415939569473,0.764330923557281,0.249041184782982) (0.08581832,0.7689859,0.2583508) (32.85441,322.3684,29.33047) (0.01102073,1.630427,0.03063001) (313.2631,355.6389,352.9835)
compute 2.92641512200611(0.138395622372627,0.764132916927338,0.235572427511215) (0.1124159,0.7643309,0.2490412) (34.12059,327.2195,31.23214) (0.02263851,1.642064,0.02391075) (309.5169,3.376227,346.3972)
compute 3.20423902373273(0.164914354681969,0.765249967575073,0.217621833086014) (0.1383956,0.7641329,0.2355724) (38.7974,338.1719,31.36802) (0.02973849,1.641897,0.012983) (307.5905,8.071845,340.7432)
compute 2.17564739921848(0.177274137735367,0.767272174358368,0.199831649661064) (0.1649144,0.76525,0.2176218) (42.34822,343.3355,32.41112) (0.02854121,1.644802,0.000848704) (304.7409,11.59802,337.5058)
compute 1.8353906517607(0.186554774641991,0.766592502593994,0.184011608362198) (0.1772741,0.7672722,0.1998316) (45.46952,352.2173,33.79009) (0.02601393,1.6443,-0.00987346) (302.8838,15.06107,334.8904)
compute 1.33169604373874(0.191608071327209,0.766648352146149,0.171690791845322) (0.1865548,0.7665925,0.1840116) (44.3449,0.1582577,32.37589) (0.02033906,1.643751,-0.01891854) (301.1686,16.86742,333.6256)
compute 0.714684336518399(0.193178102374077,0.767871916294098,0.164826735854149) (0.1916081,0.7666484,0.1716908) (42.66058,3.231432,28.30001) (0.01227829,1.643912,-0.02512151) (299.3404,16.47209,334.1148)
compute 12.808603631609(0.0982196405529976,0.780277073383331,0.249885752797127) (0.1931781,0.7678719,0.1648267) (40.45066,1.487971,27.09659) (0.003263168,1.644974,-0.02701861) (298.4113,14.79704,336.3171)
compute 0.211160633548712(0.0965994745492935,0.781094551086426,0.248806089162827) (0.09821964,0.7802771,0.2498858) (39.21976,0.9102058,28.60098) (-0.002028324,1.645174,-0.02645981) (297.9611,13.95297,337.3026)
compute 0.308750475693588(0.0936530381441116,0.781938850879669,0.249178051948547) (0.09659947,0.7810946,0.2488061) (37.38168,359.4868,28.85867) (-0.005006228,1.645574,-0.02538991) (297.3911,12.58869,338.2953)
compute 0.324380310382583(0.0905188620090485,0.782391667366028,0.249881014227867) (0.09365304,0.7819389,0.2491781) (36.08664,357.211,30.96835) (-0.004885823,1.645853,-0.02438019) (297.0336,10.5112,339.5466)
compute 0.220383143694626(0.0885836780071259,0.782841444015503,0.250834763050079) (0.09051886,0.7823917,0.249881) (34.12192,355.9295,32.33006) (0.00055971,1.645549,-0.02219563) (297.1573,9.916127,339.9673)
compute 0.647562407548816(0.0940545648336411,0.785523772239685,0.253027528524399) (0.08858368,0.7828414,0.2508348) (27.19958,352.7413,33.73706) (0.02200286,1.644495,-0.02032546) (298.2903,17.02608,335.7713)
compute 2.61625728978455(0.119273371994495,0.791497051715851,0.249448150396347) (0.09405456,0.7855238,0.2530275) (15.80148,350.1458,36.05833) (0.05004515,1.643725,-0.01697925) (299.9707,25.64349,331.648)
compute 16.955197038484(0.240352332592011,0.79670512676239,0.13087061047554) (0.1192734,0.7914971,0.2494482) (2.048523,349.3471,38.21336) (0.07728616,1.642715,-0.01365346) (300.7411,29.09052,330.5449)
compute 2.56184647184829(0.264619916677475,0.802456378936768,0.12501285970211) (0.2403523,0.7967051,0.1308706) (349.3306,348.6959,40.26963) (0.1004672,1.642584,-0.008218213) (301.3596,28.64262,331.4854)
compute 2.29733215357816(0.286482781171799,0.807807147502899,0.120413079857826) (0.2646199,0.8024564,0.1250129) (337.8529,346.338,43.32649) (0.1278589,1.642148,0.005244584) (306.627,33.1131,329.5864)
compute 3.14298734523882(0.309873461723328,0.816385388374329,0.101252526044846) (0.2864828,0.8078071,0.1204131) (324.9098,342.1967,48.25008) (0.1542774,1.637358,0.02802357) (317.4955,38.43762,329.9265)
compute 2.49515597352011(0.318619638681412,0.817378759384155,0.0779051929712296) (0.3098735,0.8163854,0.1012525) (312.4913,341.127,51.61968) (0.1767312,1.605398,0.06628726) (341.017,42.17308,335.714)
compute 2.34714298693471(0.312043726444244,0.81315690279007,0.0557728335261345) (0.3186196,0.8173788,0.07790519) (303.3663,344.1955,53.42693) (0.1756865,1.560943,0.08787762) (359.5486,44.70216,344.0971)
compute 54.9322827063289(0.367143571376801,1.25099802017212,0.382903933525085) (0.3120437,0.8131569,0.05577283) (300.6346,0.141145,43.40752) (0.1645704,1.555787,0.09269563) (2.660553,51.83652,348.7562)
compute 3.33179943210344(0.376944988965988,1.22731292247772,0.361619263887405) (0.3671436,1.250998,0.3829039) (303.3329,16.52963,33.43241) (0.1511168,1.559369,0.09985387) (358.0914,55.08714,348.9032)
compute 3.91964843895435(0.414543360471725,1.23096811771393,0.372077107429504) (0.376945,1.227313,0.3616193) (303.2095,35.20841,22.21574) (0.1431858,1.575817,0.1066845) (351.0639,54.97395,348.611)
compute 5.00276443487709(0.449631333351135,1.26658976078033,0.373719692230225) (0.4145434,1.230968,0.3720771) (300.7741,44.52972,21.57942) (0.1470233,1.592097,0.1069396) (343.8231,54.03296,348.062)
compute 7.2149394832814(0.480130046606064,1.33074235916138,0.386361211538315) (0.4496313,1.26659,0.3737197) (291.187,40.27471,26.53547) (0.166941,1.595847,0.1072971) (339.453,52.78266,346.6381)
compute 9.24051993928074(0.519104063510895,1.40708458423615,0.420880943536758) (0.48013,1.330742,0.3863612) (285.1909,18.11825,46.05116) (0.201644,1.595679,0.108804) (335.7122,52.13437,345.618)
compute 9.73384344179228(0.564357697963715,1.48615419864655,0.455157399177551) (0.5191041,1.407085,0.4208809) (279.9045,357.5246,67.45762) (0.2413954,1.601751,0.1177444) (334.2671,50.2836,344.6952)
compute 9.19358881475512(0.610135495662689,1.55674433708191,0.49221995472908) (0.5643577,1.486154,0.4551574) (275.8136,350.071,74.97649) (0.2766845,1.599811,0.1325139) (333.7043,48.60326,343.7104)
compute 7.72589441900018(0.645188868045807,1.61533510684967,0.528376936912537) (0.6101355,1.556744,0.49222) (274.3204,339.6268,85.65284) (0.301382,1.606007,0.1474162) (333.8313,48.27688,342.5524)
compute 7.12679729716537(0.677546858787537,1.66827940940857,0.563433825969696) (0.6451889,1.615335,0.5283769) (274.3955,21.07497,38.93765) (0.3210827,1.607948,0.1601146) (334.0606,47.22377,342.249)
compute 6.31481505511727(0.714202702045441,1.70457124710083,0.599861025810242) (0.6775469,1.668279,0.5634338) (277.5095,39.92889,13.13553) (0.3360603,1.609874,0.1696552) (333.5969,46.23523,341.3212)
compute 5.22475969922401(0.75626540184021,1.72006607055664,0.62670224905014) (0.7142027,1.704571,0.599861) (283.4335,60.96498,347.502) (0.3423896,1.619677,0.1767818) (328.6862,41.1534,340.4506)
compute 4.26840228812374(0.793801307678223,1.72067034244537,0.64701521396637) (0.7562654,1.720066,0.6267022) (289.9285,68.71505,335.7207) (0.3263227,1.641725,0.1833908) (315.6653,26.15894,343.5635)
compute 5.15863386487954(0.827309191226959,1.70569062232971,0.683264076709747) (0.7938013,1.72067,0.6470152) (297.5439,63.52163,335.0365) (0.3051586,1.65349,0.1750746) (306.2993,8.723617,350.9897)
compute 2.02390851815766(0.829861760139465,1.70064043998718,0.702696025371552) (0.8273092,1.705691,0.6832641) (303.1118,60.20363,332.6856) (0.3051726,1.652619,0.1712554) (305.6011,7.729987,350.6866)
compute 8.27384605433412(0.757170259952545,1.74002468585968,0.705933332443237) (0.8298618,1.70064,0.702696) (287.2829,47.94166,342.2517) (0.3230767,1.650189,0.1747056) (306.0096,15.03009,345.5296)
compute 11.3372004217146(0.661026120185852,1.79475855827332,0.681159973144531) (0.7571703,1.740025,0.7059333) (276.5694,313.4808,78.51613) (0.3387979,1.650699,0.1799109) (307.2251,20.74521,341.5276)
compute 9.06192221588914(0.594428718090057,1.84800040721893,0.65046900510788) (0.6610261,1.794759,0.68116) (284.0504,262.4477,132.2159) (0.3472696,1.650322,0.185187) (308.0168,22.0244,340.1555)
compute 6.42055457473337(0.557560443878174,1.89583230018616,0.6286700963974) (0.5944287,1.848,0.650469) (286.4967,247.9741,147.1429) (0.3521014,1.65002,0.1887391) (308.7148,21.87778,339.0677)
compute 4.4733920865972(0.538284003734589,1.93559765815735,0.621723234653473) (0.5575604,1.895832,0.6286701) (286.8604,241.7325,153.7009) (0.3564901,1.649459,0.1891885) (309.104,22.1948,338.0331)
compute 3.11143700707987(0.526877045631409,1.96415817737579,0.62644362449646) (0.538284,1.935598,0.6217232) (286.4306,238.9391,157.1114) (0.3596419,1.649756,0.1917548) (309.8784,22.13712,338.0697)
compute 2.46413672555099(0.518389225006104,1.98189401626587,0.641296029090881) (0.526877,1.964158,0.6264436) (287.3839,250.5782,148.696) (0.361033,1.650238,0.1940811) (310.8985,21.97754,337.5787)
compute 1.85711809677516(0.521586298942566,1.98676443099976,0.658929705619812) (0.5183892,1.981894,0.641296) (286.3242,255.6443,144.0993) (0.3570734,1.65102,0.1978273) (310.9168,20.50929,338.3579)
compute 1.8758899096536(0.518140494823456,1.98153328895569,0.676611840724945) (0.5215863,1.986764,0.6589297) (285.2012,259.4698,138.6298) (0.3432119,1.65275,0.1969756) (310.0612,15.7525,341.2794)
compute 5.74960942941753(0.46467450261116,1.96059143543243,0.679549098014832) (0.5181405,1.981533,0.6766118) (288.3419,259.6306,134.7961) (0.3140406,1.655389,0.1955637) (308.8556,1.251857,349.4784)
compute 10.1221445783544(0.368353724479675,1.93387198448181,0.663606703281403) (0.4646745,1.960591,0.6795491) (296.5556,252.8135,134.4906) (0.2881659,1.654049,0.1938037) (310.2941,349.3537,355.9837)
compute 9.67604401065589(0.276833087205887,1.90297424793243,0.669253468513489) (0.3683537,1.933872,0.6636067) (302.9066,256.2551,127.5036) (0.2374827,1.650617,0.1873824) (314.6951,325.1709,7.229111)
compute 7.26674983268584(0.210111558437347,1.87420248985291,0.668258965015411) (0.2768331,1.902974,0.6692535) (304.9963,253.5234,126.194) (0.1724669,1.630604,0.169655) (327.1474,303.6873,14.0784)
compute 7.55562499572296(0.143934085965157,1.83797633647919,0.664141297340393) (0.2101116,1.874202,0.668259) (306.1808,250.3435,124.2924) (0.1225979,1.61037,0.1550008) (336.277,295.2881,13.96599)
compute 6.27190459874313(0.088072694838047,1.81108403205872,0.673627495765686) (0.1439341,1.837976,0.6641413) (306.0542,251.0359,120.8412) (0.07668761,1.599665,0.1562155) (340.8005,298.0913,11.86979)
compute 5.67047327488741(0.0338545963168144,1.7960524559021,0.680689811706543) (0.08807269,1.811084,0.6736275) (306.5562,253.1133,118.0536) (0.03890496,1.616006,0.1631673) (332.879,308.8555,9.686104)
compute 5.59912726579111(-0.018430233001709,1.78178584575653,0.666626274585724) (0.0338546,1.796052,0.6806898) (309.0507,251.679,121.7989) (0.009470426,1.6237,0.1666113) (332.5029,319.3957,7.066601)
compute 8.37374610309133(-0.0710048750042915,1.72020435333252,0.645281732082367) (-0.01843023,1.781786,0.6666263) (303.1599,249.5517,115.5515) (-0.03192914,1.584788,0.1873774) (354.1126,326.5552,5.425747)
compute 18.8026857427648(-0.171356335282326,1.56119930744171,0.644243359565735) (-0.07100488,1.720204,0.6452817) (314.5215,268.5948,75.88461) (-0.07109271,1.538702,0.2056363) (11.81771,329.6969,6.406215)
compute 20.7195213964692(-0.26163849234581,1.37698471546173,0.615192115306854) (-0.1713563,1.561199,0.6442434) (339.0737,266.715,74.24635) (-0.08506829,1.53039,0.211618) (15.23003,331.0307,6.081135)
compute 20.9223170972732(-0.340111345052719,1.18319523334503,0.607319116592407) (-0.2616385,1.376985,0.6151921) (356.069,269.1275,63.34822) (-0.09810711,1.529672,0.225703) (18.12656,329.8296,5.988776)
compute 14.2890833335942(-0.372907996177673,1.04421579837799,0.602133810520172) (-0.3401113,1.183195,0.6073191) (11.48683,269.5171,55.27172) (-0.105251,1.515916,0.2401634) (22.56265,326.6889,5.632017)
compute 12.2696906834587(-0.378068804740906,0.921669483184814,0.605342924594879) (-0.372908,1.044216,0.6021338) (23.66559,270.5428,48.26826) (-0.1095427,1.50661,0.2618276) (23.28845,323.1495,5.158847)
compute 9.83592606613452(-0.363416492938995,0.824992895126343,0.594689667224884) (-0.3780688,0.9216695,0.6053429) (34.76976,267.626,42.15605) (-0.1064218,1.52889,0.2882205) (9.801622,323.2812,3.443455)
compute 3.12435317611635(-0.361724644899368,0.842689990997314,0.568997085094452) (-0.3634165,0.8249929,0.5946897) (31.06641,264.0039,43.4734) (-0.07899273,1.579307,0.2940696) (349.3278,331.3925,3.36472)
compute 11.4708969843134(-0.368808776140213,0.95717990398407,0.56915020942688) (-0.3617246,0.84269,0.5689971) (17.25232,262.3372,49.86016) (-0.03094734,1.608167,0.2694393) (339.2076,335.7858,2.876272)
compute 17.8674055625407(-0.362763106822968,1.13438105583191,0.591232359409332) (-0.3688088,0.9571799,0.5691502) (6.406236,260.1628,68.01572) (-0.00247667,1.621615,0.2445251) (333.2641,337.5269,1.317519)
compute 20.0261999785042(-0.34690648317337,1.33199048042297,0.619586408138275) (-0.3627631,1.134381,0.5912324) (350.2402,261.675,81.91918) (0.01486821,1.628854,0.2181851) (328.4558,338.8544,1.216756)
compute 17.2091675460332(-0.342788428068161,1.50339543819427,0.634382605552673) (-0.3469065,1.33199,0.6195864) (341.7065,262.6702,94.90973) (0.02870024,1.629481,0.1981674) (328.3621,341.0536,0.2435208)
compute 14.2038438793958(-0.324635118246078,1.64374661445618,0.646503806114197) (-0.3427884,1.503395,0.6343826) (329.2267,265.0128,102.9729) (0.03090508,1.627433,0.1844254) (329.1278,341.825,359.4463)
compute 12.9593668820775(-0.223990142345428,1.72494184970856,0.63799250125885) (-0.3246351,1.643747,0.6465038) (308.1871,269.3548,94.43188) (0.02841517,1.625836,0.1686273) (328.7731,346.5597,358.0671)
compute 19.2471398649741(-0.0335008427500725,1.7227338552475,0.610529899597168) (-0.2239901,1.724942,0.6379925) (273.8086,243.244,118.3419) (0.01096302,1.620988,0.1459047) (331.2922,341.335,1.211626)
compute 21.6463447967877(0.140167430043221,1.59617531299591,0.584478139877319) (-0.03350084,1.722734,0.6105299) (310.0046,98.93419,269.5007) (-0.03622193,1.610834,0.1199027) (338.0074,319.9614,7.722072)
compute 13.6724939893522(0.167273461818695,1.46218490600586,0.582123816013336) (0.1401674,1.596175,0.5844781) (333.6307,93.62234,276.556) (-0.06516099,1.594971,0.09858656) (346.1364,304.3742,8.297658)
compute 11.7068673771837(0.0608303509652615,1.42359006404877,0.611879110336304) (0.1672735,1.462185,0.5821238) (320.4557,71.61214,292.4528) (-0.07503649,1.585294,0.08989727) (350.842,298.3864,6.679319)
compute 18.8157238193817(-0.115397155284882,1.44334101676941,0.548975110054016) (0.06083035,1.42359,0.6118791) (292.2554,34.46874,311.0969) (-0.0724339,1.582943,0.09849698) (352.6347,301.0729,5.301989)
compute 21.6019703399587(-0.291583508253098,1.43514442443848,0.42425262928009) (-0.1153972,1.443341,0.5489751) (292.2256,263.3708,61.39296) (-0.07051931,1.573992,0.1161319) (357.6995,303.7268,5.306079)
compute 17.7331318066943(-0.408016949892044,1.35412311553955,0.317832708358765) (-0.2915835,1.435144,0.4242526) (321.2225,236.4315,80.36905) (-0.08535894,1.558632,0.1328117) (0.04957597,303.7116,3.631299)
compute 9.93485011797091(-0.484021246433258,1.32237827777863,0.26228329539299) (-0.4080169,1.354123,0.3178327) (329.0894,227.383,87.44645) (-0.1127664,1.566762,0.1325549) (354.6715,304.1276,1.544084)
compute 8.59758999140207(-0.556519091129303,1.36190247535706,0.238330096006393) (-0.4840212,1.322378,0.2622833) (324.012,226.482,83.61034) (-0.1476902,1.572235,0.1237529) (351.8657,305.2755,1.757952)
compute 11.6712368196801(-0.647100806236267,1.43271458148956,0.258389413356781) (-0.5565191,1.361902,0.2383301) (323.4801,227.0698,93.24557) (-0.1949773,1.567565,0.110999) (350.7111,306.6868,2.186449)
compute 16.2645582500321(-0.768828272819519,1.48218989372253,0.354244530200958) (-0.6471008,1.432715,0.2583894) (323.3204,245.7771,83.16983) (-0.2575787,1.568845,0.1015276) (349.5571,309.3331,1.985039)
compute 14.3249685121893(-0.867604792118073,1.48210394382477,0.457992613315582) (-0.7688283,1.48219,0.3542445) (330.0121,261.5692,73.99313) (-0.3170143,1.570722,0.1075838) (345.6859,309.3912,1.878829)
compute 11.6758876235083(-0.92544949054718,1.44320130348206,0.551658034324646) (-0.8676048,1.482104,0.4579926) (339.7214,270.7618,82.15774) (-0.3621437,1.570725,0.1212268) (342.5386,309.4711,359.1508)
compute 8.97008637785911(-0.950910329818726,1.37859570980072,0.608439266681671) (-0.9254495,1.443201,0.551658) (346.7745,279.7488,71.56598) (-0.3832695,1.563846,0.1337736) (343.0543,313.9584,358.6643)
compute 3.50643298795462(-0.942158579826355,1.34521579742432,0.602218687534332) (-0.9509103,1.378596,0.6084393) (343.1608,278.7914,64.95028) (-0.3793777,1.57052,0.1523787) (340.9373,322.6938,0.5582935)
compute 11.7673876089651(-0.86111056804657,1.37902116775513,0.523888885974884) (-0.9421586,1.345216,0.6022187) (327.7742,273.1557,57.99917) (-0.3289936,1.598129,0.1773146) (333.3523,345.6803,357.8937)
compute 21.7776154134154(-0.68912136554718,1.44411766529083,0.407232910394669) (-0.8611106,1.379021,0.5238889) (310.0376,246.5654,76.80204) (-0.2642068,1.611753,0.177707) (331.7889,4.931965,353.7153)
compute 18.1258134589125(-0.525452315807343,1.46367943286896,0.331838667392731) (-0.6891214,1.444118,0.4072329) (321.6238,223.6995,109.5744) (-0.2200477,1.616688,0.1677402) (331.6811,15.07853,350.2827)
compute 12.7570162070371(-0.409673094749451,1.49921095371246,0.371923953294754) (-0.5254523,1.463679,0.3318387) (329.1849,233.4749,120.4701) (-0.1879723,1.616045,0.1640451) (332.7648,19.47139,350.0536)
compute 19.7036106265826(-0.27930149435997,1.57697784900665,0.497537583112717) (-0.4096731,1.499211,0.371924) (315.7017,257.1521,111.5956) (-0.1519519,1.612295,0.1608656) (333.4735,23.47667,348.4021)
compute 16.843205997255(-0.195185869932175,1.57183468341827,0.643371284008026) (-0.2793015,1.576978,0.4975376) (304.1983,297.4104,74.41985) (-0.1111139,1.611175,0.1627734) (334.0843,26.33504,348.4437)
compute 6.80168894766343(-0.170270055532455,1.50855565071106,0.642247200012207) (-0.1951859,1.571835,0.6433713) (315.6161,292.6951,89.14725) (-0.06906204,1.609797,0.1702019) (334.7895,31.79152,346.413)
compute 12.8527067246791(-0.120811007916927,1.40752232074738,0.580075860023499) (-0.1702701,1.508556,0.6422472) (321.7836,283.8433,86.92216) (-0.02670619,1.601568,0.1815164) (340.0318,34.79221,345.5824)
compute 17.5937591034878(0.0164665225893259,1.30365228652954,0.616406738758087) (-0.120811,1.407522,0.5800759) (338.9984,302.7951,88.05734) (0.00796346,1.591323,0.1971868) (345.7586,35.20956,346.0063)
compute 22.8442902547682(0.229295015335083,1.27283322811127,0.693480610847473) (0.01646652,1.303652,0.6164067) (346.6142,335.3189,94.72466) (0.04349115,1.580676,0.2082983) (353.1463,34.45573,348.1151)
compute 10.3201301928161(0.317148208618164,1.32667863368988,0.699225008487701) (0.229295,1.272833,0.6934806) (342.1379,345.0411,105.0962) (0.06685652,1.576634,0.2185486) (356.2469,32.79279,348.9073)
compute 7.0355308545268(0.27211320400238,1.37915599346161,0.686269521713257) (0.3171482,1.326679,0.699225) (337.3172,331.2058,117.2253) (0.08231519,1.571954,0.2296598) (359.0529,31.02135,349.6785)
compute 4.90062675305175(0.237700805068016,1.35610973834991,0.66007274389267) (0.2721132,1.379156,0.6862695) (341.3862,324.0927,118.4206) (0.08802952,1.565963,0.2375827) (2.491251,31.21729,349.3623)
compute 8.7551553020587(0.246831849217415,1.27567958831787,0.626712739467621) (0.2377008,1.35611,0.6600727) (347.6938,325.0615,106.9289) (0.09225713,1.561628,0.2470516) (3.617511,33.60926,350.1559)
compute 12.6694443172806(0.333319574594498,1.18535244464874,0.606406033039093) (0.2468318,1.27568,0.6267127) (354.2131,339.7898,85.46983) (0.1100611,1.557622,0.244762) (4.869255,41.97715,350.5354)
compute 13.4641636672732(0.460383653640747,1.14171814918518,0.61530202627182) (0.3333196,1.185352,0.606406) (355.4469,359.9857,74.4838) (0.1324448,1.554534,0.2446383) (6.385064,45.79781,350.7923)
compute 11.3935192734889(0.548536717891693,1.0803998708725,0.653385281562805) (0.4603837,1.141718,0.615302) (6.229915,8.270673,73.87519) (0.1601389,1.552093,0.257453) (4.379412,42.42295,350.7154)
compute 7.27683912524595(0.58866423368454,1.04412078857422,0.702056109905243) (0.5485367,1.0804,0.6533853) (7.292613,12.08295,68.04183) (0.1518372,1.570576,0.2883101) (357.8357,24.28794,349.3427)
compute 7.25113090308973(0.525728583335876,1.0257111787796,0.733008980751038) (0.5886642,1.044121,0.7020561) (6.05018,2.088766,64.1749) (0.1027422,1.571458,0.3101807) (359.6027,0.3764475,350.8594)
compute 21.6487652182379(0.327269405126572,0.960279941558838,0.676443874835968) (0.5257286,1.025711,0.733009) (21.73958,332.4224,60.87026) (0.07321632,1.547771,0.3098007) (9.16387,350.461,353.0682)
compute 19.7216648110673(0.145887076854706,0.929430246353149,0.605428695678711) (0.3272694,0.9602799,0.6764439) (24.57628,301.0361,49.14579) (0.0668618,1.520565,0.3041002) (19.06259,353.4273,357.49)
compute 11.5750911221889(0.0476101450622082,0.990375816822052,0.610484063625336) (0.1458871,0.9294302,0.6054287) (11.16343,303.7691,56.30064) (0.07322811,1.519697,0.3021581) (18.80017,355.7961,358.8148)
compute 16.2499908630068(-0.0606121122837067,1.01272857189178,0.491343319416046) (0.04761015,0.9903758,0.6104841) (14.36175,279.3746,43.40245) (0.05196321,1.546021,0.2975949) (10.71109,345.3186,355.0894)
compute 14.3874141671108(-0.136077135801315,1.07651042938232,0.386764764785767) (-0.06061211,1.012729,0.4913433) (4.268233,254.2526,38.03957) (-0.01499101,1.583207,0.2722427) (355.8293,318.3049,351.7959)
compute 15.758202101808(-0.215493604540825,1.2126030921936,0.384788274765015) (-0.1360771,1.07651,0.3867648) (340.1949,252.4078,38.33054) (-0.05503036,1.588089,0.2238953) (354.7011,301.4011,355.1581)
compute 10.923830762713(-0.292568743228912,1.27967190742493,0.423443228006363) (-0.2154936,1.212603,0.3847883) (334.4485,250.0828,61.95463) (-0.07832539,1.580603,0.216722) (357.1974,308.4097,358.1642)
compute 14.372997655956(-0.316344738006592,1.36445772647858,0.537040650844574) (-0.2925687,1.279672,0.4234432) (330.9267,261.6359,88.63327) (-0.1031452,1.580168,0.2302439) (355.9991,324.5321,359.4117)
compute 15.3726995845277(-0.233848765492439,1.47725749015808,0.601092338562012) (-0.3163447,1.364458,0.5370407) (293.1699,281.7447,75.56168) (-0.1323497,1.581737,0.2386565) (355.7299,332.381,0.1633849)
compute 10.7759502714011(-0.318672478199005,1.47736632823944,0.534631550312042) (-0.2338488,1.477257,0.6010923) (295.9091,262.0997,82.84588) (-0.1629349,1.59006,0.238139) (347.2984,334.0547,0.217075)
compute 7.96689026818971(-0.393447637557983,1.5020592212677,0.546717524528503) (-0.3186725,1.477366,0.5346316) (312.3524,251.7508,107.5639) (-0.1837207,1.612159,0.2275927) (338.8574,339.0527,356.7229)
compute 15.607578346408(-0.36067795753479,1.6287442445755,0.631786346435547) (-0.3934476,1.502059,0.5467175) (279.4805,273.1892,82.105) (-0.1985798,1.617747,0.2197691) (335.4298,346.0418,356.1272)
compute 11.3629339012067(-0.474207520484924,1.62964403629303,0.636461317539215) (-0.360678,1.628744,0.6317863) (311.0652,272.8718,78.04099) (-0.1834411,1.623885,0.2192014) (331.3878,1.338621,353.0141)
compute 6.73057789960201(-0.441027253866196,1.6074059009552,0.582289338111877) (-0.4742075,1.629644,0.6364613) (320.3722,258.9464,108.8362) (-0.1563036,1.623172,0.2075679) (332.9857,19.33791,345.4682)
compute 16.6439925381475(-0.277877569198608,1.59350728988647,0.552435398101807) (-0.4410273,1.607406,0.5822893) (289.5161,249.2711,107.2954) (-0.1150887,1.600327,0.2048618) (342.738,34.2721,339.7722)
compute 11.3650999359011(-0.183728322386742,1.53005039691925,0.557504117488861) (-0.2778776,1.593507,0.5524354) (283.4714,266.9146,93.94247) (-0.08417535,1.584194,0.208337) (348.7078,40.82351,339.7835)
compute 10.8403762583296(-0.0915696322917938,1.47498095035553,0.572521030902863) (-0.1837283,1.53005,0.5575041) (303.5145,281.8589,114.9155) (-0.03704684,1.571731,0.2094764) (352.622,49.38686,342.1288)
compute 17.2355686942757(0.0799330398440361,1.49046170711517,0.579846322536469) (-0.09156963,1.474981,0.572521) (293.649,296.232,110.4948) (0.007493019,1.569394,0.2074578) (352.6924,54.23119,342.9315)
compute 22.8480341073254(0.306677460670471,1.50873839855194,0.601205229759216) (0.07993304,1.490462,0.5798463) (284.6511,340.3403,80.97884) (0.0586438,1.569876,0.2155967) (353.2376,55.4543,343.8146)
compute 23.7831602522133(0.541529774665833,1.49403178691864,0.635730266571045) (0.3066775,1.508738,0.6012052) (299.704,37.93193,29.86027) (0.1152531,1.568731,0.2335048) (353.2749,54.01608,344.0106)
compute 14.7730811853837(0.670621871948242,1.43451392650604,0.675945281982422) (0.5415298,1.494032,0.6357303) (319.2121,41.72944,32.91188) (0.1562899,1.572518,0.2510867) (352.2778,51.227,343.4633)
compute 6.46201402153603(0.712473213672638,1.38977515697479,0.696504235267639) (0.6706219,1.434514,0.6759453) (330.4084,41.26263,31.75542) (0.1637859,1.586932,0.2670148) (347.2262,40.45789,344.1907)
compute 11.1417373231163(0.605255901813507,1.41802513599396,0.707468628883362) (0.7124732,1.389775,0.6965042) (317.9592,26.52657,36.22885) (0.1083382,1.620062,0.2905039) (335.0499,9.334515,346.6546)
compute 23.8342914618888(0.371610134840012,1.43150067329407,0.662353098392487) (0.6052559,1.418025,0.7074686) (301.4813,352.7037,43.31624) (0.04030063,1.632271,0.2611005) (331.7008,335.6677,354.7177)
compute 24.0366973086797(0.140196815133095,1.43111312389374,0.597360730171204) (0.3716101,1.431501,0.6623531) (298.685,310.7571,67.01563) (0.002333745,1.618837,0.2287395) (336.5995,318.2814,359.8702)
compute 18.5125089649284(-0.0391278304159641,1.43874394893646,0.55202043056488) (0.1401968,1.431113,0.5973607) (300.9909,283.2872,76.06866) (-0.03146747,1.60272,0.2143088) (344.4361,313.4835,2.990315)
compute 15.1221812389269(-0.185274660587311,1.40033578872681,0.557847380638123) (-0.03912783,1.438744,0.5520204) (313.1428,265.3613,84.49121) (-0.06778104,1.588455,0.2110231) (350.8388,315.085,3.375184)
compute 8.73538114598052(-0.259327441453934,1.38674557209015,0.602143883705139) (-0.1852747,1.400336,0.5578474) (310.4752,273.7982,77.06319) (-0.109411,1.577497,0.2122489) (355.2946,319.4196,2.990615)
compute 9.64464336109294(-0.312292724847794,1.3080438375473,0.584747612476349) (-0.2593274,1.386746,0.6021439) (317.8386,290.472,42.80261) (-0.1648176,1.57508,0.2109578) (356.9285,321.9221,0.5500819)
compute 21.078400541291(-0.408969551324844,1.16545975208282,0.463284581899643) (-0.3122927,1.308044,0.5847476) (344.3052,267.4435,49.83196) (-0.2217431,1.571811,0.2092822) (356.8187,321.117,1.158082)
compute 13.3461409788302(-0.528278648853302,1.14200758934021,0.408263832330704) (-0.4089696,1.16546,0.4632846) (350.9058,254.3787,48.04136) (-0.2670473,1.572919,0.2107848) (355.5219,321.5026,359.7926)
compute 18.681074374974(-0.6608025431633,1.21939468383789,0.514785706996918) (-0.5282786,1.142008,0.4082638) (344.0824,263.9984,54.45166) (-0.3020666,1.593909,0.212235) (347.0364,322.8383,358.9871)
compute 18.0288581790311(-0.713985502719879,1.32810699939728,0.648416459560394) (-0.6608025,1.219395,0.5147857) (333.4904,284.7116,50.87694) (-0.3211775,1.61662,0.2013709) (335.766,324.6453,358.3346)
compute 11.6238020167955(-0.737176358699799,1.44073593616486,0.665392458438873) (-0.7139855,1.328107,0.6484165) (328.2258,278.8009,67.66807) (-0.3258264,1.631902,0.1862063) (327.3303,327.915,358.46)
compute 7.6574598618867(-0.736178755760193,1.51555800437927,0.649134159088135) (-0.7371764,1.440736,0.6653925) (313.8717,282.9021,58.04752) (-0.3091123,1.641935,0.1764685) (322.645,339.245,354.7795)
compute 7.24338547209326(-0.721391260623932,1.4780535697937,0.588955998420715) (-0.7361788,1.515558,0.6491342) (328.8087,268.8164,73.97256) (-0.2924033,1.642235,0.169932) (322.7304,347.6313,351.2476)
compute 11.3040279694545(-0.648007214069366,1.42390811443329,0.522164106369019) (-0.7213913,1.478054,0.588956) (333.8781,258.2212,75.86012) (-0.2896789,1.642419,0.1619317) (322.5729,345.8987,354.4096)
compute 9.68990087538577(-0.6095951795578,1.50376653671265,0.482965052127838) (-0.6480072,1.423908,0.5221641) (321.0089,251.3899,89.37693) (-0.2995201,1.640823,0.1526904) (324.0814,336.9936,359.7486)
compute 14.8646625513988(-0.595934689044952,1.64961504936218,0.457717835903168) (-0.6095952,1.503767,0.4829651) (303.3311,236.8201,103.6363) (-0.3043697,1.63659,0.1413452) (326.2212,335.0619,359.2)
compute 12.9464585625031(-0.564313650131226,1.77155482769012,0.487582176923752) (-0.5959347,1.649615,0.4577178) (287.7316,219.8982,126.939) (-0.3122613,1.635482,0.1286021) (326.8882,337.1295,357.8022)
compute 15.4291705872499(-0.487005323171616,1.80491137504578,0.616875231266022) (-0.5643137,1.771555,0.4875822) (294.2178,44.66401,295.8011) (-0.3246469,1.635571,0.1095199) (326.6547,334.1735,358.4555)
compute 11.5024430264963(-0.598480105400085,1.81692719459534,0.591192305088043) (-0.4870053,1.804911,0.6168752) (288.9904,343.2837,350.6492) (-0.3327966,1.637242,0.0959562) (324.5892,328.0938,359.5018)
compute 19.3208893117965(-0.743037521839142,1.80111217498779,0.463981002569199) (-0.5984801,1.816927,0.5911923) (307.1768,250.6856,82.92696) (-0.331007,1.640048,0.090836) (321.7539,327.3481,0.3929247)
compute 7.42002409129967(-0.787338733673096,1.79089844226837,0.522621929645538) (-0.7430375,1.801112,0.463981) (314.4688,275.2105,64.60587) (-0.3184057,1.646823,0.08964309) (317.3484,338.9852,353.938)
compute 15.951804955088(-0.648917257785797,1.82340395450592,0.594933032989502) (-0.7873387,1.790898,0.5226219) (296.1685,355.3464,336.9052) (-0.2898445,1.647484,0.09354539) (318.1644,358.1687,346.0199)
compute 15.0467918633297(-0.501017034053802,1.81630384922028,0.568180322647095) (-0.6489173,1.823404,0.594933) (280.5736,51.17115,288.9792) (-0.2495153,1.641766,0.09888828) (321.7947,13.9826,339.0572)
compute 12.1675269926303(-0.382069259881973,1.80181300640106,0.547054171562195) (-0.501017,1.816304,0.5681803) (273.9995,200.0561,148.3693) (-0.2206458,1.637903,0.1018591) (321.85,20.18811,337.105)
compute 5.30851794272138(-0.354773670434952,1.84041285514832,0.522907972335815) (-0.3820693,1.801813,0.5470542) (289.5697,246.2043,111.1428) (-0.1889257,1.639891,0.1134038) (320.5172,19.92422,339.6359)
compute 10.9043157012573(-0.351973623037338,1.91693329811096,0.445272982120514) (-0.3547737,1.840413,0.522908) (304.6113,227.7228,146.6087) (-0.1564601,1.641701,0.1232625) (319.3084,20.09792,339.6582)
compute 12.4811259103822(-0.261588364839554,2.00148487091064,0.429167479276657) (-0.3519736,1.916933,0.445273) (293.088,201.9422,163.0161) (-0.1256197,1.642556,0.1316663) (317.7541,22.08828,338.0833)
compute 18.9070046034083(-0.104140609502792,2.03211379051209,0.529265224933624) (-0.2615884,2.001485,0.4291675) (282.8438,122.0968,245.5688) (-0.09002197,1.639571,0.1440139) (317.1288,23.78676,336.7493)
compute 20.4856059000211(0.0649749115109444,1.97237050533295,0.628243446350098) (-0.1041406,2.032114,0.5292652) (308.9101,73.008,286.822) (-0.04294443,1.6364,0.1566962) (318.0061,31.61743,333.4063)
compute 8.64444042382815(0.134562611579895,1.92125010490417,0.63235342502594) (0.06497491,1.972371,0.6282434) (302.0729,69.65491,283.8722) (0.01559802,1.632306,0.1761991) (320.6823,39.13627,330.8149)
compute 12.8767999543463(0.23262657225132,1.86507105827332,0.570639789104462) (0.1345626,1.92125,0.6323534) (287.8845,125.152,252.0122) (0.05477121,1.628446,0.1906411) (322.7924,43.68167,328.8376)
compute 18.1259275243889(0.410750985145569,1.84041500091553,0.593414723873138) (0.2326266,1.865071,0.5706398) (301.3986,110.7237,272.7136) (0.08806962,1.63547,0.2023242) (322.7682,45.25192,329.0002)
compute 9.71636972393996(0.484438508749008,1.86824071407318,0.650306403636932) (0.410751,1.840415,0.5934147) (294.3083,83.035,310.0287) (0.1186331,1.642078,0.2122614) (321.8181,48.1944,328.3234)
compute 3.90811854747706(0.495598614215851,1.90150940418243,0.667510628700256) (0.4844385,1.868241,0.6503064) (281.9786,27.54333,26.60415) (0.1390958,1.648257,0.2214859) (320.5724,49.71672,329.3759)
compute 4.27576217249944(0.535764515399933,1.90262830257416,0.652893424034119) (0.4955986,1.901509,0.6675106) (287.7358,81.21894,322.5348) (0.1499526,1.646386,0.2293331) (321.7842,49.79124,329.9462)
compute 0.937341472394915(0.53742653131485,1.89344465732574,0.652022063732147) (0.5357645,1.902628,0.6528934) (279.3607,73.18341,346.4893) (0.1513143,1.641671,0.2305972) (323.2584,53.45333,328.7274)
compute 4.5770862838021(0.57651150226593,1.87287330627441,0.640015542507172) (0.5374265,1.893445,0.6520221) (286.2313,90.66539,335.9594) (0.147851,1.62409,0.2370491) (323.9684,55.58872,328.7821)
compute 4.13753292878206(0.613617837429047,1.85509932041168,0.635642528533936) (0.5765115,1.872873,0.6400155) (290.0543,79.51743,345.9008) (0.1570685,1.626442,0.247748) (322.9326,56.24193,328.6384)
compute 5.02092202965726(0.659574449062347,1.85180580615997,0.655595183372498) (0.6136178,1.855099,0.6356425) (291.5125,72.53797,351.0676) (0.1696944,1.636088,0.2777479) (314.9105,34.20398,339.2054)
compute 6.01203018719149(0.719064235687256,1.85709130764008,0.648704648017883) (0.6595744,1.851806,0.6555952) (292.2801,85.9703,333.0596) (0.163608,1.645105,0.2969375) (311.1819,4.192931,351.43)
compute 4.63400197246775(0.763172447681427,1.87076735496521,0.644853830337524) (0.7190642,1.857091,0.6487046) (303.3495,95.92057,313.7386) (0.1677038,1.654302,0.2914067) (310.9167,358.2228,353.7597)
compute 19.0334860937547(0.574906587600708,1.89666986465454,0.655455112457275) (0.7631724,1.870767,0.6448538) (274.0826,92.8642,309.652) (0.1814099,1.65468,0.2862514) (314.8775,1.439132,355.4963)
compute 31.7509676849069(0.274244278669357,1.79591715335846,0.67168664932251) (0.5749066,1.89667,0.6554551) (316.5271,279.4359,121.7157) (0.1901244,1.649883,0.2795248) (316.9973,1.126238,355.4484)
compute 19.5312239597386(0.108070492744446,1.69455373287201,0.687767744064331) (0.2742443,1.795917,0.6716866) (344.0035,277.2728,119.7543) (0.1956822,1.649771,0.266416) (315.5264,3.167977,354.7094)
compute 6.31960309167965(0.12717267870903,1.74606323242188,0.719002604484558) (0.1080705,1.694554,0.6877677) (343.2431,285.8072,129.0587) (0.1951102,1.657666,0.250313) (310.5258,12.28134,345.9283)
compute 21.8544630461066(0.283980548381805,1.89828646183014,0.720068335533142) (0.1271727,1.746063,0.7190026) (307.1132,291.5659,121.6068) (0.1793136,1.661455,0.2389037) (307.6078,7.397466,347.9835)
compute 17.4991877774191(0.433956027030945,1.98306548595428,0.689375817775726) (0.2839805,1.898286,0.7200683) (271.0965,132.1747,273.3089) (0.1418329,1.661345,0.2406848) (309.2879,342.4223,2.275288)
compute 4.18245225116545(0.435046702623367,2.01713371276855,0.665138304233551) (0.433956,1.983065,0.6893758) (285.9686,120.2477,274.7432) (0.09076931,1.644346,0.2438992) (322.2341,318.2454,13.77632)
compute 21.3857891230126(0.248914331197739,1.986203789711,0.564474105834961) (0.4350467,2.017134,0.6651383) (292.2424,206.3737,183.8018) (0.04298404,1.607504,0.2401002) (341.7155,305.4513,15.42644)
compute 32.8679644249127(0.0139309950172901,1.78211843967438,0.458822280168533) (0.2489143,1.986204,0.5644741) (319.4603,227.868,140.7006) (0.01319846,1.587404,0.2392801) (349.6953,307.6785,10.62561)
compute 32.4759728056348(-0.147313550114632,1.50128316879272,0.434314548969269) (0.013931,1.782118,0.4588223) (350.637,238.0635,115.5461) (-0.01833253,1.568901,0.2383271) (358.829,316.5692,7.799617)
compute 21.4505203120853(-0.240951493382454,1.32666075229645,0.516481637954712) (-0.1473136,1.501283,0.4343145) (4.86128,247.7635,98.52722) (-0.05408546,1.558696,0.2401468) (1.576483,322.0134,5.988057)
compute 18.0582159283807(-0.29618301987648,1.2268191576004,0.656449675559998) (-0.2409515,1.326661,0.5164816) (10.7471,272.394,89.42707) (-0.09519839,1.584322,0.2347323) (350.4795,322.489,2.322468)
compute 10.1915775175486(-0.367168545722961,1.29539120197296,0.631037950515747) (-0.296183,1.226819,0.6564497) (6.445139,269.7285,90.17283) (-0.1184402,1.623151,0.2230005) (333.672,321.5537,359.6174)
compute 21.1026575952409(-0.430001467466354,1.48528528213501,0.563773691654205) (-0.3671685,1.295391,0.631038) (338.1669,257.0639,99.78996) (-0.1347723,1.634197,0.2075172) (328.1404,321.9517,359.4927)
compute 17.8741616543619(-0.490130543708801,1.65014910697937,0.529818117618561) (-0.4300015,1.485285,0.5637737) (323.3673,245.682,105.1414) (-0.1531107,1.634977,0.2011473) (325.915,322.6856,359.1145)
compute 13.2447728579537(-0.579437911510468,1.74792659282684,0.527336299419403) (-0.4901305,1.650149,0.5298181) (323.9603,244.5766,109.8282) (-0.1737542,1.636555,0.194802) (323.5128,321.653,0.2523855)
compute 9.91631483741482(-0.662243008613586,1.79539096355438,0.554239451885223) (-0.5794379,1.747927,0.5273363) (332.38,253.2519,111.3616) (-0.1983752,1.637371,0.1890638) (321.3031,319.7176,0.3199696)
compute 7.20565667383203(-0.707201242446899,1.8254029750824,0.601885914802551) (-0.662243,1.795391,0.5542395) (324.122,264.538,97.72449) (-0.2167918,1.640168,0.1854659) (317.8242,320.7151,357.8638)
compute 6.79602062142168(-0.761514127254486,1.78489303588867,0.596628069877625) (-0.7072012,1.825403,0.6018859) (320.692,278.3699,80.37536) (-0.2143443,1.645609,0.1848015) (315.4777,331.7037,354.127)
compute 20.8646364146293(-0.803461730480194,1.64931118488312,0.443686038255692) (-0.7615141,1.784893,0.5966281) (352.0727,245.2073,123.1932) (-0.1863595,1.655148,0.1804215) (310.7879,344.1857,349.2824)
compute 20.5618026502189(-0.711741209030151,1.55009889602661,0.288692355155945) (-0.8034617,1.649311,0.443686) (17.71762,232.5179,164.1667) (-0.1599115,1.656641,0.1754102) (309.414,353.0114,346.865)
compute 21.6688555423464(-0.541837096214294,1.55021119117737,0.15420626103878) (-0.7117412,1.550099,0.2886924) (27.85103,201.9131,172.6966) (-0.1362891,1.654156,0.1669541) (307.4463,358.5626,346.1136)
compute 20.4077939823117(-0.36897537112236,1.64600479602814,0.103312104940414) (-0.5418371,1.550211,0.1542063) (35.93695,181.8945,189.2404) (-0.1102401,1.653051,0.1616626) (306.4145,2.441171,344.0767)
compute 20.4988575083444(-0.293202012777328,1.83641231060028,0.0984444990754128) (-0.3689754,1.646005,0.1033121) (14.94012,205.2103,204.9346) (-0.09282145,1.653765,0.1643233) (306.6228,3.553511,343.0908)
compute 22.5600176876519(-0.155124515295029,2.00754547119141,0.148877486586571) (-0.293202,1.836412,0.0984445) (339.1935,217.5314,197.8915) (-0.0838515,1.650608,0.1818563) (313.3327,0.1027434,347.1314)
compute 18.321567251935(0.0218102484941483,2.05412721633911,0.158480331301689) (-0.1551245,2.007545,0.1488775) (323.4932,196.7286,196.6739) (-0.07932808,1.634561,0.2240686) (328.6048,354.7833,352.9661)
compute 15.5513557448272(0.17562398314476,2.03761744499207,0.1425671428442) (0.02181025,2.054127,0.1584803) (330.7362,167.7424,218.2473) (-0.07315874,1.616105,0.2575041) (338.7047,351.8603,355.737)
compute 10.606608794954(0.255540430545807,1.97457349300385,0.11275377869606) (0.175624,2.037617,0.1425671) (352.2472,159.319,231.5108) (-0.06422117,1.605221,0.2807656) (344.3947,350.4371,356.7374)
compute 4.88767279349569(0.252424448728561,1.93229591846466,0.0884261801838875) (0.2555404,1.974573,0.1127538) (3.270803,165.1411,231.1092) (-0.04444216,1.60192,0.298476) (346.893,352.2001,356.4228)
compute 6.06989364800693(0.205448791384697,1.89615738391876,0.0753244608640671) (0.2524244,1.932296,0.08842618) (11.40482,177.4892,229.8587) (-0.02596832,1.600251,0.3087974) (346.5691,353.5187,356.3399)
compute 6.27747091935618(0.146971330046654,1.87710130214691,0.0878909453749657) (0.2054488,1.896157,0.07532446) (14.78432,187.7931,227.505) (-0.01000782,1.60179,0.3122675) (345.0241,356.8265,356.156)
compute 5.12966712306945(0.103341221809387,1.874267578125,0.114718772470951) (0.1469713,1.877101,0.08789095) (16.41563,195.2209,229.4755) (-0.0001438782,1.602479,0.3090719) (344.254,1.883969,356.1178)
compute 3.87189744708614(0.0842938050627708,1.88677823543549,0.146021142601967) (0.1033412,1.874268,0.1147188) (12.61948,195.324,229.0099) (-0.00250975,1.601851,0.3053067) (343.859,4.899947,356.3861)
compute 3.82561496530279(0.0728478133678436,1.91252934932709,0.171893954277039) (0.08429381,1.886778,0.1460211) (3.475983,195.6304,221.9884) (-0.01676371,1.595036,0.2938144) (345.9937,8.341359,356.33)
compute 5.75666055578377(0.031570240855217,1.94028449058533,0.200872018933296) (0.07284781,1.912529,0.171894) (349.6583,200.4737,213.4905) (-0.04125536,1.585896,0.2795251) (348.7776,12.22395,355.5857)
compute 5.58647661686286(7.17896036803722E-05,1.95979559421539,0.242681547999382) (0.03157024,1.940284,0.200872) (336.869,202.7298,206.0721) (-0.06734882,1.588326,0.255107) (346.4984,18.47908,353.9352)
compute 1.37985159730745(-0.00172954541631043,1.96928381919861,0.25253689289093) (7.17896E-05,1.959796,0.2426815) (322.313,195.6697,200.1917) (-0.09400104,1.59079,0.2299251) (345.1275,23.69516,354.9777)
compute 2.84425778298406(-0.00594283314421773,1.99586081504822,0.243323221802711) (-0.001729545,1.969284,0.2525369) (312.1939,188.7395,205.8419) (-0.115953,1.604266,0.2182288) (339.1015,23.53185,356.997)
compute 4.9661410828084(-0.00802965648472309,2.00729155540466,0.29160612821579) (-0.005942833,1.995861,0.2433232) (299.648,187.0154,207.8972) (-0.1261723,1.607713,0.2122001) (338.2715,21.00846,357.091)
compute 3.03223310549394(0.0181982144713402,2.02128720283508,0.297578096389771) (-0.008029656,2.007292,0.2916061) (300.0486,164.8454,226.0672) (-0.1288638,1.596092,0.210942) (338.7986,19.75193,359.083)
compute 5.4806672288359(0.0117589635774493,2.02914452552795,0.243721157312393) (0.01819821,2.021287,0.2975781) (306.3315,160.9848,208.6069) (-0.1217347,1.58405,0.2089307) (344.5457,20.63758,359.8347)
compute 4.05638837092743(0.0192581377923489,2.0238516330719,0.204209432005882) (0.01175896,2.029145,0.2437212) (317.1374,159.7014,206.9812) (-0.1136033,1.583876,0.2035931) (345.0782,20.41003,359.145)
compute 5.04688886857242(0.059326596558094,2.01673531532288,0.174360051751137) (0.01925814,2.023852,0.2042094) (321.8785,153.0279,209.7059) (-0.1092723,1.589616,0.1928124) (343.9402,17.21042,358.0169)
compute 1.21456286946797(0.067449077963829,2.00829291343689,0.171155765652657) (0.0593266,2.016735,0.1743601) (321.9753,152.3977,208.37) (-0.09902723,1.593059,0.1830951) (342.9108,12.67098,357.7864)
compute 2.23502858795292(0.0507704839110374,2.00122046470642,0.184245467185974) (0.06744908,2.008293,0.1711558) (315.997,151.1981,203.6952) (-0.08348402,1.595178,0.1771166) (343.1008,6.069009,358.6087)
compute 4.30348948236769(0.0413754247128963,2.0089430809021,0.225526168942451) (0.05077048,2.00122,0.1842455) (308.6211,154.3962,203.3674) (-0.05082024,1.597447,0.1708153) (344.606,2.828964,359.192)
compute 1.92011305220552(0.041011106222868,2.01356387138367,0.244159445166588) (0.04137542,2.008943,0.2255262) (305.8596,161.2757,201.8728) (-0.007637504,1.582398,0.1674176) (349.2866,5.068902,356.5203)
compute 4.65087983817926(0.0870372578501701,2.01108241081238,0.237954273819923) (0.04101111,2.013564,0.2441594) (304.7465,163.5874,203.8114) (0.04399357,1.570196,0.1634616) (354.1397,7.896049,354.0553)
compute 4.99320824375932(0.135056897997856,2.00074434280396,0.228984802961349) (0.08703726,2.011082,0.2379543) (299.3058,156.2576,213.6952) (0.08638974,1.557021,0.1627117) (355.5832,9.880795,350.9256)
compute 3.50009625937647(0.170040637254715,2.00028443336487,0.229981750249863) (0.1350569,2.000744,0.2289848) (295.6224,140.6384,228.4273) (0.1070264,1.571943,0.1610394) (352.5494,9.950538,351.1308)
compute 2.77274435894709(0.196588128805161,2.00456142425537,0.236745566129684) (0.1700406,2.000284,0.2299818) (296.4967,125.6082,244.6815) (0.122778,1.590249,0.1570342) (346.2454,11.03979,351.7393)
compute 1.90665611113705(0.214886516332626,2.00551009178162,0.242018401622772) (0.1965881,2.004561,0.2367456) (297.826,126.8523,242.6165) (0.1333019,1.592349,0.1542467) (341.0677,10.3814,350.813)
compute 1.26300436526506(0.223573297262192,2.00309705734253,0.250863462686539) (0.2148865,2.00551,0.2420184) (297.0374,132.5602,239.2156) (0.1348426,1.599451,0.1533536) (335.7776,11.30284,349.4602)
compute 0.96370524276506(0.228747680783272,2.00124764442444,0.258780419826508) (0.2235733,2.003097,0.2508635) (298.0281,126.578,243.0807) (0.1260395,1.602368,0.1517275) (331.9574,11.65416,350.9262)
compute 0.796979720188912(0.224466323852539,1.99847412109375,0.264903753995895) (0.2287477,2.001248,0.2587804) (294.604,127.8427,239.1081) (0.1108046,1.603685,0.15402) (327.7407,10.80622,350.5052)
compute 2.36454725760438(0.206666827201843,1.99465358257294,0.279993146657944) (0.2244663,1.998474,0.2649038) (291.7793,133.3078,235.9467) (0.08924626,1.608344,0.155397) (320.6837,10.51362,349.894)
compute 3.4276985066089(0.185124054551125,1.9906165599823,0.306346952915192) (0.2066668,1.994654,0.2799931) (291.5183,129.6447,238.6985) (0.0589985,1.610487,0.1657042) (308.2613,10.9752,348.4679)
compute 9.38641613929311(0.135675817728043,1.98817121982574,0.386092633008957) (0.1851241,1.990617,0.306347) (291.5273,129.4376,238.8172) (0.02273548,1.624434,0.195416) (284.6173,23.82613,332.9672)
compute 9.74232980152663(0.0691911056637764,2.00364804267883,0.455601990222931) (0.1356758,1.988171,0.3860926) (292.1747,123.2663,243.5523) (-0.0176148,1.630944,0.2017679) (280.9968,29.67198,323.9752)
compute 7.97464129376868(0.0048820897936821,2.02391910552979,0.498180449008942) (0.06919111,2.003648,0.455602) (290.5516,118.7952,243.6521) (-0.0680384,1.641835,0.2106139) (277.2365,112.6652,235.2163)
compute 8.7114046473806(-0.0676232501864433,2.05560708045959,0.534618139266968) (0.00488209,2.023919,0.4981804) (289.4805,122.3793,238.8595) (-0.1128817,1.656528,0.2033951) (284.6154,144.7387,197.5312)
compute 7.69746477410831(-0.139100149273872,2.08251762390137,0.544208347797394) (-0.06762325,2.055607,0.5346181) (289.5564,111.7849,243.5049) (-0.1492559,1.664862,0.1923913) (287.2903,146.7112,190.3735)
compute 6.25893868166343(-0.200523972511292,2.09380555152893,0.540069758892059) (-0.1391001,2.082518,0.5442083) (287.5939,105.4256,245.7022) (-0.176223,1.663486,0.1853882) (286.3803,146.0992,187.1751)
compute 4.80680984443978(-0.247834131121635,2.09527611732483,0.531695485115051) (-0.200524,2.093806,0.5400698) (286.0406,98.14565,248.6418) (-0.1956396,1.66587,0.1796232) (287.6725,145.8328,184.5947)
compute 3.63175474528096(-0.282969176769257,2.10181307792664,0.525233209133148) (-0.2478341,2.095276,0.5316955) (285.0186,76.67981,264.9304) (-0.2048685,1.670333,0.1719566) (288.6285,137.6414,189.4317)
compute 3.36887363907692(-0.314582645893097,2.10408854484558,0.513816475868225) (-0.2829692,2.101813,0.5252332) (283.9361,68.94707,270.5175) (-0.2145453,1.660292,0.1689966) (285.2904,132.9673,190.2123)
compute 3.22472761043063(-0.341174811124802,2.09085440635681,0.501262545585632) (-0.3145826,2.104089,0.5138165) (284.3972,66.17745,271.8048) (-0.2230987,1.655312,0.1726142) (283.4319,130.2165,191.711)
compute 1.10638280732775(-0.349717974662781,2.08393955230713,0.50253039598465) (-0.3411748,2.090854,0.5012625) (285.4546,57.11759,281.5853) (-0.2267718,1.65386,0.1837772) (282.1116,128.271,195.135)
compute 1.23684920067068(-0.354477524757385,2.08060169219971,0.51344758272171) (-0.349718,2.08394,0.5025304) (287.5306,10.06114,342.2761) (-0.2312726,1.648971,0.1908206) (281.177,125.4805,200.737)
compute 1.98058439867319(-0.3454509973526,2.07461190223694,0.530028164386749) (-0.3544775,2.080602,0.5134476) (296.5602,17.87071,339.3167) (-0.232062,1.645043,0.1923111) (279.8083,130.7101,197.8139)
compute 1.43074555482123(-0.334279865026474,2.06586241722107,0.531859993934631) (-0.345451,2.074612,0.5300282) (296.3209,5.56876,351.0061) (-0.2304154,1.641834,0.1900571) (277.7985,131.4944,197.6447)
compute 0.529584656842489(-0.329937160015106,2.06321382522583,0.53038626909256) (-0.3342799,2.065862,0.53186) (296.4834,341.9565,10.1953) (-0.2172332,1.640507,0.1842746) (277.616,130.0999,199.4992)
compute 1.62358738611486(-0.315812140703201,2.05936050415039,0.523369193077087) (-0.3299372,2.063214,0.5303863) (299.5327,334.6956,14.24159) (-0.1976726,1.639649,0.1760008) (277.5723,127.4242,201.4687)
compute 1.91295430410615(-0.298911333084106,2.05711674690247,0.51469349861145) (-0.3158121,2.059361,0.5233692) (302.5495,330.606,13.70492) (-0.1709897,1.641423,0.1632812) (277.8745,124.6905,203.4818)
compute 2.47153051652842(-0.276874929666519,2.05681252479553,0.503506422042847) (-0.2989113,2.057117,0.5146935) (305.993,331.3803,7.42083) (-0.1406146,1.639775,0.1482299) (277.9488,119.1524,207.7973)
compute 2.77059144655279(-0.252376735210419,2.05583381652832,0.490602999925613) (-0.2768749,2.056813,0.5035064) (310.7205,336.5048,356.638) (-0.1105444,1.646271,0.1369218) (278.5539,128.4552,196.5326)
compute 2.03926277340095(-0.23497961461544,2.06134295463562,0.481500864028931) (-0.2523767,2.055834,0.490603) (310.7746,337.6475,354.9197) (-0.08869404,1.647198,0.1279416) (279.5199,130.759,192.2052)
compute 1.62634469577696(-0.227861762046814,2.06177353858948,0.466884076595306) (-0.2349796,2.061343,0.4815009) (310.6134,337.9639,0.9446387) (-0.08082364,1.638717,0.1213726) (276.6651,121.738,197.8653)
compute 2.46598846134258(-0.23954302072525,2.05270838737488,0.44714879989624) (-0.2278618,2.061774,0.4668841) (320.7625,332.9121,0.1760659) (-0.08893985,1.637277,0.1035341) (274.8907,108.4987,206.3745)
compute 6.34140504352394(-0.283950001001358,2.04405093193054,0.402714461088181) (-0.239543,2.052708,0.4471488) (333.3978,311.2159,6.122515) (-0.1088722,1.636114,0.07420879) (274.3913,94.89426,211.7662)
compute 7.07028819709315(-0.334049314260483,2.0363175868988,0.353428035974503) (-0.28395,2.044051,0.4027145) (347.1005,305.1258,11.53483) (-0.1317911,1.636023,0.05210996) (273.7852,116.3097,187.0878)
compute 4.99569950097062(-0.372938215732574,2.02103137969971,0.326047629117966) (-0.3340493,2.036318,0.353428) (5.41677,316.4575,14.49468) (-0.1689224,1.624943,0.02934319) (271.9084,183.6865,116.5922)
compute 5.54563860443842(-0.414974331855774,1.99817800521851,0.298010170459747) (-0.3729382,2.021031,0.3260476) (22.71809,333.0095,20.31991) (-0.2172238,1.614044,0.00440953) (273.397,229.805,66.46515)
compute 7.04935335522393(-0.467901110649109,1.97324085235596,0.258688002824783) (-0.4149743,1.998178,0.2980102) (43.27459,343.6603,39.39812) (-0.2726251,1.605024,-0.02075674) (273.9459,238.8584,54.85981)
compute 7.0775832283766(-0.52500456571579,1.95666778087616,0.220298588275909) (-0.4679011,1.973241,0.258688) (56.10442,348.7869,57.48599) (-0.3298961,1.606651,-0.03876315) (274.2308,249.641,44.22585)
compute 4.95180118625803(-0.571996986865997,1.95081269741058,0.205825716257095) (-0.5250046,1.956668,0.2202986) (53.38647,337.2025,45.4938) (-0.3713731,1.597075,-0.05346105) (278.0022,251.3224,44.77533)
compute 3.99561852800899(-0.609297752380371,1.94820582866669,0.191741898655891) (-0.571997,1.950813,0.2058257) (49.38673,311.8134,35.5619) (-0.3953781,1.600506,-0.06459183) (277.2415,251.9876,45.08789)
compute 2.20875580236758(-0.629390180110931,1.95728921890259,0.190458700060844) (-0.6092978,1.948206,0.1917419) (38.05872,308.3025,43.12774) (-0.4036396,1.620746,-0.06163448) (276.3161,211.3376,91.13242)
compute 4.98658246344317(-0.623192846775055,1.99368929862976,0.223973289132118) (-0.6293902,1.957289,0.1904587) (13.37274,309.7742,31.08678) (-0.3998652,1.634203,-0.05568925) (276.579,179.3257,129.6438)
compute 3.91647588959284(-0.605212688446045,2.0167818069458,0.249998822808266) (-0.6231928,1.993689,0.2239733) (6.840451,301.0828,26.19263) (-0.3921887,1.640966,-0.04741671) (277.1031,158.7617,154.4617)
compute 1.95422250555769(-0.588610887527466,2.0202910900116,0.259692311286926) (-0.6052127,2.016782,0.2499988) (15.28094,284.9505,40.31599) (-0.3844298,1.642594,-0.03573616) (277.3744,143.2433,172.5537)
Average= 9.65202804361524
Max= 54.9322827063289
Standard Deviation= 8.60496354375019
Right: 26    Wrong: 3
0
