compute 31.2989633448948(0.123616732656956,0.807209432125092,0.395701378583908) (0.1528202,1.10159,0.2934761) (302.595,328.8835,95.23053) (-0.04736473,0.8959517,0.2018011) (32.46483,347.6516,353.1568)
compute 0.391838926251408(0.121797069907188,0.808755457401276,0.392594546079636) (0.1236167,0.8072094,0.3957014) (302.4681,328.3109,95.58085) (-0.04737194,0.8960072,0.2011985) (32.4466,347.6284,353.2591)
compute 0.297056502624355(0.12155395001173,0.809655070304871,0.389773935079575) (0.1217971,0.8087555,0.3925945) (302.3195,328.0578,95.61233) (-0.04799677,0.8955795,0.2005729) (32.18092,347.5043,353.3814)
compute 0.278773370160222(0.121421337127686,0.810295522212982,0.387064009904861) (0.121554,0.8096551,0.3897739) (302.1914,327.9003,95.59627) (-0.05006326,0.8953378,0.2004391) (32.21343,348.1613,353.5633)
compute 0.223681781579054(0.121000871062279,0.810059070587158,0.38487982749939) (0.1214213,0.8102955,0.387064) (302.1868,327.9059,95.55998) (-0.04867971,0.894964,0.2008409) (32.49915,352.0551,354.2846)
compute 0.49743861863848(0.119609221816063,0.805283427238464,0.384912401437759) (0.1210009,0.8100591,0.3848798) (302.632,329.4344,94.2329) (-0.03542629,0.8938719,0.2057354) (31.99501,358.7738,355.7701)
compute 0.919228093770359(0.119052566587925,0.797375559806824,0.389565765857697) (0.1196092,0.8052834,0.3849124) (303.7527,330.4166,94.2848) (-0.01700566,0.8916824,0.2241945) (31.29837,5.69417,356.4626)
compute 2.68592654390635(0.120041340589523,0.785785555839539,0.413775563240051) (0.1190526,0.7973756,0.3895658) (306.3164,329.945,97.20957) (0.002012566,0.879194,0.2526519) (31.2684,10.40615,356.9182)
compute 3.39917648713981(0.128791108727455,0.772147297859192,0.443656653165817) (0.1200413,0.7857856,0.4137756) (307.5475,329.8071,98.73721) (0.01555955,0.8683625,0.2862236) (31.65745,12.78265,356.133)
compute 4.69625438287961(0.136695936322212,0.753426611423492,0.485994935035706) (0.1287911,0.7721473,0.4436567) (307.9823,329.8416,100.0107) (0.02398041,0.8577707,0.3163586) (32.47612,13.37094,355.762)
compute 5.59729584213216(0.136569023132324,0.723940253257751,0.533571302890778) (0.1366959,0.7534266,0.4859949) (307.2856,328.234,101.5628) (0.02807973,0.8406557,0.3466416) (32.89056,12.72987,354.4133)
compute 10.6621821793813(0.128656685352325,0.651201844215393,0.611126005649567) (0.136569,0.7239403,0.5335713) (312.4736,328.3957,101.4901) (0.03328526,0.8057415,0.38714) (34.65307,10.85746,351.7963)
compute 17.5304569234001(0.127540215849876,0.515290856361389,0.721844792366028) (0.1286567,0.6512018,0.611126) (325.9266,335.5672,94.74951) (0.04425563,0.767161,0.4373494) (36.16566,9.104177,347.888)
compute 27.028330920639(0.147289901971817,0.262322723865509,0.814958393573761) (0.1275402,0.5152909,0.7218448) (10.72196,346.6902,86.38245) (0.05429223,0.7438388,0.4684418) (38.14283,9.440288,345.9773)
compute 11.6994430770422(0.188580006361008,0.17511260509491,0.748797833919525) (0.1472899,0.2623227,0.8149584) (54.31577,357.0319,99.51892) (0.05491463,0.7358576,0.4769263) (37.33868,10.58351,345.0364)
compute 5.54645262335572(0.192278161644936,0.17867773771286,0.80402398109436) (0.18858,0.1751126,0.7487978) (45.26065,355.1648,95.90005) (0.05340121,0.7385558,0.4615821) (37.60244,10.63185,344.835)
compute 10.2446167347717(0.159091413021088,0.271226823329926,0.832808077335358) (0.1922782,0.1786777,0.804024) (31.94928,343.7841,91.19362) (0.05199357,0.7661107,0.4349791) (37.88015,11.77267,347.6163)
compute 10.567460299577(0.125904753804207,0.361948877573013,0.789967954158783) (0.1590914,0.2712268,0.8328081) (13.84228,339.3691,77.3853) (0.0467151,0.8030811,0.3995304) (35.37724,13.01801,349.0336)
compute 10.0924314718983(0.109237305819988,0.384701520204544,0.693064749240875) (0.1259048,0.3619489,0.789968) (6.963043,337.0667,78.12938) (0.03843126,0.8232443,0.3800507) (33.75594,13.38289,349.5277)
compute 9.93984864284262(0.108753375709057,0.381605535745621,0.593715667724609) (0.1092373,0.3847015,0.6930647) (8.369189,335.1057,79.38715) (0.03032726,0.8342199,0.3615348) (33.18328,13.20003,350.2858)
compute 7.60910498808089(0.115667529404163,0.398196935653687,0.519778072834015) (0.1087534,0.3816055,0.5937157) (7.338399,337.137,77.52329) (0.02500846,0.8409476,0.3476542) (33.18573,12.2454,351.0033)
compute 4.73686827519104(0.114670909941196,0.414898484945297,0.475462645292282) (0.1156675,0.3981969,0.5197781) (3.364561,337.9779,79.78508) (0.01501039,0.8475406,0.3351873) (32.70516,9.886309,351.5735)
compute 2.358220884902(0.106963217258453,0.43014058470726,0.4592025578022) (0.1146709,0.4148985,0.4754626) (0.671376,339.2833,76.28606) (0.006770494,0.8508669,0.3272297) (32.34224,7.32486,351.801)
compute 0.984597477509381(0.102678462862968,0.421294808387756,0.459782510995865) (0.1069632,0.4301406,0.4592026) (358.9362,338.9174,74.95986) (0.0001047067,0.8527383,0.3215705) (31.69893,6.156262,351.69)
compute 0.513673590664901(0.0995547473430634,0.417251914739609,0.460314929485321) (0.1026785,0.4212948,0.4597825) (358.2276,338.4056,74.3531) (-0.001216244,0.8541381,0.3154726) (32.47734,8.46415,353.2391)
compute 1.26433677684438(0.108976431190968,0.423851490020752,0.465562045574188) (0.09955475,0.4172519,0.4603149) (358.2436,338.2257,73.67505) (0.01874723,0.8452702,0.3200842) (33.33557,15.43569,354.4537)
compute 10.043385349226(0.180436417460442,0.450378060340881,0.530959069728851) (0.1089764,0.4238515,0.465562) (352.7253,342.5032,80.85406) (0.05439857,0.8098911,0.3687641) (33.99027,21.64517,353.7111)
compute 15.4642885795547(0.270762175321579,0.460408478975296,0.656079292297363) (0.1804364,0.4503781,0.5309591) (345.1246,350.0517,91.49572) (0.1045828,0.7570993,0.4345547) (34.34348,26.41593,349.7751)
compute 16.2559416442355(0.347094774246216,0.431285560131073,0.796616673469543) (0.2707622,0.4604085,0.6560793) (332.0055,355.4275,95.22176) (0.1359477,0.7147872,0.4872357) (36.70299,28.68032,348.5157)
compute 24.0513581462059(0.408411651849747,0.201046854257584,0.829436838626862) (0.3470948,0.4312856,0.7966167) (28.8302,14.04101,86.70795) (0.1466085,0.7066489,0.5071461) (36.4723,29.18423,347.9737)
compute 14.336594137243(0.368898570537567,0.110526062548161,0.72552102804184) (0.4084117,0.2010469,0.8294368) (58.77273,357.281,70.09026) (0.1398208,0.7171438,0.5001751) (35.65599,26.89108,347.5828)
compute 5.57803032033527(0.370675981044769,0.107769533991814,0.669837236404419) (0.3688986,0.1105261,0.725521) (50.99578,0.7165087,74.63953) (0.1283301,0.745131,0.4455402) (35.18192,27.58682,348.0722)
compute 9.8320910169401(0.366788059473038,0.18977764248848,0.615739583969116) (0.370676,0.1077695,0.6698372) (28.54517,2.262689,69.26232) (0.1100324,0.7758991,0.3952915) (34.95636,27.94499,348.7143)
compute 13.1603387119731(0.34405380487442,0.29176053404808,0.535726487636566) (0.3667881,0.1897776,0.6157396) (11.88318,5.927299,71.13113) (0.08496428,0.810057,0.3633327) (34.01605,26.73234,349.2178)
compute 14.9128033265894(0.28484895825386,0.409161627292633,0.465363562107086) (0.3440538,0.2917605,0.5357265) (0.336289,3.804502,67.32175) (0.0551588,0.8348666,0.3408889) (32.77698,21.23909,349.0693)
compute 10.1393654070307(0.218683481216431,0.475033968687058,0.425820708274841) (0.284849,0.4091616,0.4653636) (351.5257,359.1886,63.25348) (0.02782191,0.8462514,0.3239677) (31.83122,14.65785,349.255)
compute 6.03765883559307(0.15938712656498,0.480868011713028,0.416061669588089) (0.2186835,0.475034,0.4258207) (349.7005,351.5334,65.14189) (0.005680319,0.8517247,0.3096176) (31.82588,7.212584,349.1293)
compute 5.53135515042782(0.104086510837078,0.480580240488052,0.414900600910187) (0.1593871,0.480868,0.4160617) (347.937,343.1345,66.08096) (-0.01386249,0.8555579,0.3006724) (32.36004,358.0785,347.9467)
compute 4.59721706764259(0.0592728406190872,0.490756005048752,0.413624137639999) (0.1040865,0.4805802,0.4149006) (346.7039,335.2116,65.66407) (-0.02714055,0.8564469,0.2963222) (32.09966,350.2071,346.5175)
compute 3.72051281167567(0.024738933891058,0.504055559635162,0.409783214330673) (0.05927284,0.490756,0.4136241) (345.3428,325.2803,71.04369) (-0.03767357,0.8575178,0.2939203) (32.05251,343.6302,345.0571)
compute 3.40947726187881(-0.00683592958375812,0.516764104366302,0.407789617776871) (0.02473893,0.5040556,0.4097832) (345.6368,318.7502,72.22179) (-0.04181537,0.8576635,0.2969772) (31.96232,339.7423,345.7849)
compute 7.65750820684057(-0.0803689733147621,0.53556615114212,0.417944312095642) (-0.00683593,0.5167641,0.4077896) (344.8251,306.6322,76.15727) (-0.06697428,0.8535776,0.3191698) (31.45633,336.7562,346.1322)
compute 14.3207075154206(-0.218760967254639,0.55300098657608,0.450378060340881) (-0.08036897,0.5355662,0.4179443) (337.8853,290.0356,82.20589) (-0.1240331,0.8362323,0.3526976) (30.64319,332.0191,347.7861)
compute 18.3865758899108(-0.388327866792679,0.530664563179016,0.517867088317871) (-0.218761,0.553001,0.4503781) (337.9442,279.0021,89.21973) (-0.1932395,0.8103015,0.3903209) (30.42006,328.8163,345.5706)
compute 21.541928129367(-0.540395796298981,0.421503156423569,0.624471962451935) (-0.3883279,0.5306646,0.5178671) (343.7404,279.8291,90.40919) (-0.2728084,0.7713879,0.4254574) (32.5391,326.8372,347.6024)
compute 23.1181115223636(-0.516847431659698,0.194699823856354,0.662556529045105) (-0.5403958,0.4215032,0.624472) (43.94623,296.8116,72.39969) (-0.3067051,0.7429313,0.4429171) (34.07011,322.7856,344.6113)
compute 11.6832021394497(-0.450876951217651,0.111874260008335,0.613185048103333) (-0.5168474,0.1946998,0.6625565) (54.70378,282.5307,67.65218) (-0.315897,0.7299323,0.444774) (34.06598,324.2383,350.3983)
compute 4.90862240358844(-0.402512103319168,0.106856092810631,0.606468141078949) (-0.450877,0.1118743,0.613185) (43.92194,283.7653,64.03383) (-0.3034484,0.736889,0.4233956) (35.28764,325.2203,353.0182)
compute 9.9692542202916(-0.351345002651215,0.191549494862556,0.594320774078369) (-0.4025121,0.1068561,0.6064681) (26.46869,287.4007,64.69214) (-0.2640498,0.7725509,0.3923303) (35.00751,330.5806,355.5953)
compute 16.8071651809279(-0.286890476942062,0.343145281076431,0.560967922210693) (-0.351345,0.1915495,0.5943208) (6.216031,287.8397,72.00507) (-0.2308638,0.792306,0.3681139) (34.46497,333.8033,357.8896)
compute 14.3638272960328(-0.248968601226807,0.479961216449738,0.539166867733002) (-0.2868905,0.3431453,0.5609679) (341.7853,287.5805,79.62022) (-0.2081161,0.8024656,0.3561367) (34.3558,336.2151,359.682)
compute 5.42728843255676(-0.296568810939789,0.499386489391327,0.556557238101959) (-0.2489686,0.4799612,0.5391669) (338.9427,286.1332,80.52147) (-0.2081762,0.7880087,0.3694199) (34.27962,334.4472,358.6843)
compute 18.456206457182(-0.420196235179901,0.402588993310928,0.653560638427734) (-0.2965688,0.4993865,0.5565572) (359.9696,289.7985,78.1928) (-0.2440476,0.7497022,0.4161) (33.22731,332.095,358.6763)
compute 18.3322469997563(-0.479723751544952,0.293508499860764,0.788338422775269) (-0.4201962,0.402589,0.6535606) (4.081163,296.931,96.87785) (-0.284492,0.7089171,0.4596231) (35.20085,329.0586,357.4104)
compute 18.3726168926756(-0.406610429286957,0.126071915030479,0.768980264663696) (-0.4797238,0.2935085,0.7883384) (61.29402,304.7637,64.88594) (-0.3076021,0.6820045,0.4869425) (36.83764,324.8008,352.9267)
compute 6.54508809945934(-0.371194243431091,0.075063519179821,0.789660096168518) (-0.4066104,0.1260719,0.7689803) (48.17442,326.3937,84.55241) (-0.301796,0.6783193,0.4883672) (38.15731,329.5063,355.6675)
compute 4.95233130142606(-0.391884475946426,0.104571186006069,0.755692899227142) (-0.3711942,0.07506352,0.7896601) (43.6604,305.694,72.83713) (-0.2811757,0.7063183,0.4713286) (37.94453,332.6236,355.9913)
compute 14.2169639470444(-0.406557112932205,0.223581984639168,0.679316520690918) (-0.3918845,0.1045712,0.7556929) (20.91401,296.0941,50.97191) (-0.2585759,0.757192,0.4428693) (34.7149,336.8585,356.77)
compute 13.8727705368735(-0.366409778594971,0.318756699562073,0.586713373661041) (-0.4065571,0.223582,0.6793165) (8.317266,289.6979,54.25031) (-0.2287094,0.7919776,0.4119879) (32.08513,344.9017,0.8285565)
compute 12.663810043393(-0.290347218513489,0.386358588933945,0.511336445808411) (-0.3664098,0.3187567,0.5867134) (4.52505,289.5504,56.87384) (-0.2049817,0.8132143,0.381808) (31.76469,351.3141,3.1329)
compute 9.98042933445596(-0.21121509373188,0.428532510995865,0.467514485120773) (-0.2903472,0.3863586,0.5113364) (4.789884,297.3541,55.5722) (-0.186171,0.820648,0.3611312) (32.05895,354.7829,3.983924)
compute 6.59230114522086(-0.151481702923775,0.441619098186493,0.442887127399445) (-0.2112151,0.4285325,0.4675145) (5.923201,305.4911,57.54963) (-0.166532,0.8260635,0.3509878) (32.73804,0.5478354,5.16924)
compute 4.19678916467715(-0.112802922725677,0.447664201259613,0.427763879299164) (-0.1514817,0.4416191,0.4428871) (6.22674,310.7727,59.65033) (-0.141945,0.8335387,0.3417054) (32.21656,9.696815,7.814268)
compute 2.28798033720215(-0.0988918170332909,0.431269079446793,0.41994297504425) (-0.1128029,0.4476642,0.4277639) (6.754368,312.5544,62.18109) (-0.1136396,0.8373439,0.3337819) (32.16061,18.71932,9.102043)
compute 1.74832754430902(-0.0970710963010788,0.413928031921387,0.418663144111633) (-0.09889182,0.4312691,0.419943) (5.511503,314.2965,61.30533) (-0.09850137,0.8380849,0.328151) (32.22029,24.86365,10.46731)
compute 0.922007541060095(-0.0994201451539993,0.405027389526367,0.419183075428009) (-0.0970711,0.413928,0.4186631) (3.271741,314.7045,61.64526) (-0.08998165,0.8426343,0.3226248) (30.67364,27.29228,9.780806)
compute 1.9234375161655(-0.105814591050148,0.42311429977417,0.417791694402695) (-0.09942015,0.4050274,0.4191831) (1.289184,314.7664,61.30185) (-0.08249222,0.8440163,0.3199365) (30.15864,28.93062,9.384862)
compute 3.18484882402214(-0.10732514411211,0.454926133155823,0.417564362287521) (-0.1058146,0.4231143,0.4177917) (359.6271,315.0569,62.18864) (-0.07722972,0.8438155,0.3192516) (29.93139,30.19962,8.849298)
compute 2.27514617846211(-0.103471957147121,0.477154046297073,0.4205142557621) (-0.1073251,0.4549261,0.4175644) (357.6768,316.3321,62.94719) (-0.06596368,0.8454153,0.3192265) (30.23859,34.18537,9.259716)
compute 4.7307654566364(-0.0604237280786037,0.480576485395432,0.439831376075745) (-0.103472,0.477154,0.4205143) (356.1101,321.5523,62.97031) (-0.0321512,0.844467,0.324243) (29.76969,39.42331,8.16874)
compute 14.1580854278112(0.0732451900839806,0.480672478675842,0.486497759819031) (-0.06042373,0.4805765,0.4398314) (353.9921,335.3932,70.71825) (0.03605305,0.838469,0.3345051) (29.6312,46.34741,4.916966)
compute 21.6051492477526(0.282300293445587,0.474685281515121,0.540704488754272) (0.07324519,0.4806725,0.4864978) (353.8084,356.7903,80.22935) (0.1200894,0.8145747,0.3663307) (29.52376,51.89214,359.8516)
compute 20.4203326271154(0.484833240509033,0.485672563314438,0.564341008663177) (0.2823003,0.4746853,0.5407045) (345.012,17.36977,85.68513) (0.2083243,0.768206,0.3964359) (32.86539,56.24928,356.3311)
compute 16.0866144400255(0.642679274082184,0.455789566040039,0.57268089056015) (0.4848332,0.4856726,0.564341) (338.6331,33.95509,91.57436) (0.2835163,0.7231268,0.4251539) (37.49057,60.65889,355.9601)
compute 19.8114858673916(0.767480373382568,0.302708834409714,0.557173728942871) (0.6426793,0.4557896,0.5726809) (355.4114,51.71331,93.62994) (0.3204,0.6698079,0.4457679) (40.36992,61.31548,353.3971)
compute 17.3736100628505(0.722719430923462,0.145443722605705,0.498450845479965) (0.7674804,0.3027088,0.5571737) (52.19063,61.86361,99.40698) (0.3275513,0.635847,0.4574094) (41.27387,59.92753,351.4453)
compute 14.4538870595972(0.649850845336914,0.0379045233130455,0.435071229934692) (0.7227194,0.1454437,0.4984508) (65.48141,67.34551,108.0473) (0.3153751,0.6191854,0.4570937) (45.79934,59.80899,353.0102)
compute 3.4410800052694(0.622084558010101,0.0279838889837265,0.452811509370804) (0.6498508,0.03790452,0.4350712) (48.31701,49.35656,98.31659) (0.2901014,0.6354992,0.4527891) (46.37649,58.25141,352.5349)
compute 13.4096514316875(0.569603800773621,0.146735519170761,0.486362904310226) (0.6220846,0.02798389,0.4528115) (14.86401,39.82184,83.93366) (0.2499682,0.6919568,0.4543316) (43.82944,48.80133,349.7111)
compute 17.4326159173764(0.458199977874756,0.280271530151367,0.498484522104263) (0.5696038,0.1467355,0.4863629) (357.2476,28.15907,70.98476) (0.1932856,0.7424433,0.456671) (40.16626,25.08478,341.3164)
compute 18.6256654520369(0.314434587955475,0.397872060537338,0.512383043766022) (0.4582,0.2802715,0.4984845) (349.3884,9.605285,57.90306) (0.1038609,0.7919605,0.4312172) (35.28944,358.2453,333.3821)
compute 14.7343744689543(0.180077999830246,0.458337366580963,0.513943374156952) (0.3144346,0.3978721,0.512383) (343.9533,350.8949,54.97554) (0.05949722,0.816077,0.391974) (34.32954,351.1689,334.3626)
compute 6.29491416304339(0.13399712741375,0.499934136867523,0.524376809597015) (0.180078,0.4583374,0.5139434) (339.4579,347.5777,49.45242) (0.05856775,0.8239931,0.3762679) (34.40656,2.733404,341.6479)
compute 8.21404257603679(0.137906223535538,0.502134740352631,0.606394648551941) (0.1339971,0.4999341,0.5243768) (335.0263,345.2911,59.07073) (0.059823,0.7774267,0.4005051) (35.2914,9.748037,345.78)
compute 17.398492039887(0.151155576109886,0.411971777677536,0.754603445529938) (0.1379062,0.5021347,0.6063946) (353.7882,345.3185,75.12149) (0.08680886,0.7314793,0.4834597) (36.43507,12.86278,343.2026)
compute 15.5568565818076(0.142002180218697,0.380346417427063,0.906648278236389) (0.1511556,0.4119718,0.7546034) (350.6943,336.5274,86.75834) (0.1045071,0.7027147,0.5350197) (35.62571,13.51159,340.7244)
compute 15.9333672925936(0.192875102162361,0.248864158987999,0.980888307094574) (0.1420022,0.3803464,0.9066483) (9.50753,351.2141,72.82247) (0.1068384,0.6784688,0.5653157) (35.60835,9.194502,335.1689)
compute 15.9062896167715(0.196196019649506,0.120172381401062,0.887462377548218) (0.1928751,0.2488642,0.9808883) (51.50774,342.6346,97.60603) (0.09922047,0.6885676,0.5608321) (34.46119,8.3746,334.6066)
compute 11.3258723738552(0.189713642001152,0.0815952122211456,0.781173527240753) (0.196196,0.1201724,0.8874624) (53.89548,324.2272,56.59865) (0.09823077,0.7102237,0.5147414) (35.25435,9.157956,337.0096)
compute 7.05890537543446(0.187144249677658,0.115305714309216,0.719207286834717) (0.1897136,0.08159521,0.7811735) (38.38638,329.8184,68.76249) (0.0882956,0.7499754,0.4602671) (35.34937,7.994462,338.2813)
compute 15.3575797473922(0.183721736073494,0.250483393669128,0.646400630474091) (0.1871442,0.1153057,0.7192073) (16.79129,336.1274,58.04512) (0.03645538,0.7970937,0.4194313) (36.33903,356.7149,338.2141)
compute 18.3976957746895(0.154561966657639,0.415826380252838,0.571174800395966) (0.1837217,0.2504834,0.6464006) (2.029207,339.0579,52.1222) (-0.02041875,0.827378,0.388402) (33.49919,337.6664,336.6637)
compute 11.9158046049253(0.0944410711526871,0.502586662769318,0.515886723995209) (0.154562,0.4158264,0.5711748) (347.0559,337.8553,39.69035) (-0.0601976,0.8431638,0.363933) (31.29831,325.0577,337.7355)
compute 9.01385980784247(0.0141051532700658,0.505840480327606,0.475137233734131) (0.09444107,0.5025867,0.5158867) (345.3081,326.7334,42.33569) (-0.08620497,0.8450317,0.3574109) (32.53046,320.0585,340.1123)
compute 9.02539856320268(-0.0714256167411804,0.477840632200241,0.481940001249313) (0.01410515,0.5058405,0.4751372) (346.5623,308.8935,62.17075) (-0.1052014,0.8247361,0.3683863) (33.85713,327.4655,345.2032)
compute 13.4731203393315(-0.172620892524719,0.445036858320236,0.564619660377502) (-0.07142562,0.4778406,0.48194) (345.7211,304.484,61.01791) (-0.1435434,0.7885666,0.4102744) (34.73534,333.334,349.2093)
compute 19.499676643468(-0.320102006196976,0.379612416028976,0.674130856990814) (-0.1726209,0.4450369,0.5646197) (355.1668,300.114,66.49051) (-0.2014627,0.7467147,0.4586094) (35.1455,337.3992,352.9349)
compute 19.6700302930791(-0.410441666841507,0.27165150642395,0.811514258384705) (-0.320102,0.3796124,0.6741309) (2.320471,300.6524,89.15988) (-0.2569167,0.7026399,0.4887193) (35.73507,337.1053,355.1548)
compute 17.3171800208747(-0.340040117502213,0.117940552532673,0.848998069763184) (-0.4104417,0.2716515,0.8115143) (43.36107,333.2365,76.21166) (-0.2920735,0.6749139,0.4981138) (37.34191,332.2885,353.0981)
compute 13.5890918350831(-0.285898447036743,0.0297680720686913,0.760903596878052) (-0.3400401,0.1179406,0.8489981) (66.66297,302.5378,48.66047) (-0.3012661,0.6702629,0.4872721) (40.09232,327.6733,353.3379)
compute 5.72001908708587(-0.244764909148216,0.0486101992428303,0.725905478000641) (-0.2858984,0.02976807,0.7609036) (49.82185,306.0832,54.29338) (-0.2873713,0.7001659,0.453181) (39.42921,325.2242,351.7742)
compute 17.4641157155129(-0.204019829630852,0.200448125600815,0.649848818778992) (-0.2447649,0.0486102,0.7259055) (21.05265,304.3474,53.28142) (-0.2657382,0.7496741,0.4202379) (36.95023,321.617,350.7445)
compute 17.0746689773574(-0.155018195509911,0.337692737579346,0.560870230197906) (-0.2040198,0.2004481,0.6498488) (5.232336,306.2364,42.29327) (-0.2409033,0.7909557,0.3799097) (35.48166,317.0659,349.2035)
compute 11.2646832252457(-0.125681728124619,0.4127317070961,0.48214390873909) (-0.1550182,0.3376927,0.5608702) (358.1843,301.7149,40.08318) (-0.224638,0.8171802,0.3498367) (34.39738,314.639,349.6133)
compute 5.08366742402799(-0.145729303359985,0.441908031702042,0.44565823674202) (-0.1256817,0.4127317,0.4821439) (358.7573,295.6375,50.02371) (-0.2211214,0.8270013,0.3297087) (33.64354,313.4758,350.5934)
compute 10.973462355393(-0.25042587518692,0.474559903144836,0.449422627687454) (-0.1457293,0.441908,0.4456582) (350.1596,283.976,66.2998) (-0.2562934,0.8112223,0.3274274) (33.21352,313.7759,351.9948)
compute 17.3040144473616(-0.412028044462204,0.476407170295715,0.511262893676758) (-0.2504259,0.4745599,0.4494226) (344.4138,282.3566,66.16962) (-0.3269948,0.7625929,0.3497196) (33.8412,314.8842,353.2831)
compute 21.3109338357228(-0.590583384037018,0.415664374828339,0.610479295253754) (-0.412028,0.4764072,0.5112629) (340.5033,285.3078,76.00246) (-0.3845851,0.7073322,0.3840505) (34.17828,314.5348,354.1611)
compute 22.9852066133881(-0.693772315979004,0.227617800235748,0.693077743053436) (-0.5905834,0.4156644,0.6104793) (356.0592,292.4565,71.28664) (-0.4249243,0.6461725,0.4120402) (38.9584,312.7358,355.0429)
compute 21.4897015909141(-0.588253498077393,0.0413474254310131,0.674373269081116) (-0.6937723,0.2276178,0.6930777) (53.19487,298.1571,92.39562) (-0.4331451,0.631789,0.4185759) (41.80698,314.7999,356.406)
compute 13.1484975423785(-0.483305275440216,0.000571020471397787,0.606465578079224) (-0.5882535,0.04134743,0.6743733) (68.58892,259.757,37.1539) (-0.4281638,0.635628,0.4088335) (43.61332,315.7902,356.9116)
compute 6.1576768139243(-0.45134299993515,0.0530662313103676,0.602675557136536) (-0.4833053,0.0005710205,0.6064656) (49.90854,275.7631,58.13997) (-0.4086284,0.6870527,0.3888807) (40.86105,317.0384,357.0728)
compute 16.4839344763808(-0.408946663141251,0.211889818310738,0.590443193912506) (-0.451343,0.05306623,0.6026756) (22.8008,286.8867,53.05467) (-0.3753749,0.7325454,0.370293) (38.01159,318.6377,357.3582)
compute 17.3497520611707(-0.324995011091232,0.351726144552231,0.531288206577301) (-0.4089467,0.2118898,0.5904432) (3.721177,286.8184,59.96363) (-0.3463906,0.7708305,0.3459819) (35.96719,317.6962,355.9452)
compute 11.1213146214801(-0.24327763915062,0.403554141521454,0.476474940776825) (-0.324995,0.3517261,0.5312882) (1.596345,287.9179,69.93229) (-0.3188304,0.7950019,0.3284269) (35.10158,318.8456,355.2325)
compute 7.97447691646989(-0.169051140546799,0.424110263586044,0.455808520317078) (-0.2432776,0.4035541,0.4764749) (2.615009,296.2712,70.95462) (-0.2704738,0.8168051,0.3184058) (34.14877,327.1746,356.9438)
compute 6.63212334298961(-0.106315664947033,0.440145224332809,0.441468149423599) (-0.1690511,0.4241103,0.4558085) (3.356268,304.6362,71.34197) (-0.2181908,0.8256588,0.3204135) (32.256,342.6869,1.153527)
compute 4.52412564649148(-0.0650010034441948,0.445022106170654,0.423689335584641) (-0.1063157,0.4401452,0.4414681) (3.212035,309.1682,73.03287) (-0.1556494,0.8354011,0.3230284) (30.15358,4.047943,6.185115)
compute 1.93065356993693(-0.0474535599350929,0.443688869476318,0.415748804807663) (-0.065001,0.4450221,0.4236893) (2.265165,314.1067,71.91297) (-0.09871098,0.8461697,0.3179763) (26.08322,27.72365,11.30863)
compute 1.30432943407056(-0.0485667623579502,0.430798888206482,0.417403101921082) (-0.04745356,0.4436889,0.4157488) (0.6247322,317.8752,71.04745) (-0.06405009,0.8506508,0.3075421) (23.77055,46.44652,15.54582)
compute 1.96945697913628(-0.0637696161866188,0.430184543132782,0.429907977581024) (-0.04856676,0.4307989,0.4174031) (357.4798,320.508,71.15237) (-0.04935706,0.8500175,0.303253) (23.45075,51.83359,15.42304)
compute 2.41881524560982(-0.0498476549983025,0.438315510749817,0.447939425706863) (-0.06376962,0.4301845,0.429908) (355.5718,325.3194,72.28587) (-0.03247287,0.8421959,0.3184734) (25.49299,48.55738,10.80371)
compute 12.4442831334998(0.0673540309071541,0.426213204860687,0.487980872392654) (-0.04984765,0.4383155,0.4479394) (355.7471,336.1479,78.51756) (0.02042203,0.8268802,0.3479781) (27.75762,46.11044,5.042443)
compute 20.3956284607021(0.261789321899414,0.42637711763382,0.549568653106689) (0.06735403,0.4262132,0.4879809) (354.4943,357.898,79.92761) (0.1050393,0.7923973,0.3958552) (28.44439,45.43291,358.5482)
compute 19.9018028372338(0.448772668838501,0.445809960365295,0.614896833896637) (0.2617893,0.4263771,0.5495687) (346.8542,13.41613,87.12962) (0.1959387,0.7388867,0.4496607) (32.33754,44.78608,353.6506)
compute 15.8231730285116(0.596840739250183,0.447709411382675,0.670659899711609) (0.4487727,0.44581,0.6148968) (332.9567,26.0264,92.35181) (0.2555787,0.6897963,0.4863969) (37.09695,48.05559,352.7812)
compute 23.0087138717322(0.722417950630188,0.256630629301071,0.696337819099426) (0.5968407,0.4477094,0.6706599) (0.99831,43.37968,79.36697) (0.2767535,0.6451528,0.4964876) (40.91316,48.36607,351.9843)
compute 18.8384253039807(0.645280301570892,0.105302311480045,0.614862978458405) (0.722418,0.2566306,0.6963378) (53.31385,47.76632,105.0414) (0.2755491,0.6295888,0.4935561) (42.3935,48.35624,352.4159)
compute 14.6236028963229(0.531698882579803,0.0434729345142841,0.546588778495789) (0.6452803,0.1053023,0.614863) (60.09034,24.44583,73.61261) (0.2530903,0.6341786,0.4763221) (44.10104,46.89104,351.5006)
compute 9.0109177739906(0.466717422008514,0.0491557866334915,0.48442143201828) (0.5316989,0.04347293,0.5465888) (49.52946,23.68702,79.78901) (0.2252553,0.6932985,0.4317516) (42.15874,44.67677,350.1666)
compute 12.7751610398585(0.435211539268494,0.154288873076439,0.41903880238533) (0.4667174,0.04915579,0.4844214) (26.43907,33.9074,72.4053) (0.1896398,0.7492447,0.4070114) (40.12426,34.65353,348.0994)
compute 19.3082010391629(0.37976410984993,0.337974101305008,0.397452145814896) (0.4352115,0.1542889,0.4190388) (4.490526,30.21866,65.32438) (0.1257223,0.7891203,0.3858591) (39.09815,9.960462,340.2792)
compute 14.681060484676(0.303314208984375,0.46326419711113,0.400792568922043) (0.3797641,0.3379741,0.3974521) (344.396,18.22322,55.29206) (0.0576495,0.8243119,0.3606024) (32.0461,347.8866,335.4651)
compute 10.8480472381866(0.215215176343918,0.525454699993134,0.412578791379929) (0.3033142,0.4632642,0.4007926) (333.8321,3.647655,54.95053) (0.0002422482,0.8543084,0.3296517) (26.97256,330.5806,334.1378)
compute 10.3824508461992(0.1212013438344,0.555923223495483,0.444400131702423) (0.2152152,0.5254547,0.4125788) (331.3059,346.2015,57.90581) (-0.007954601,0.8572985,0.3278785) (30.17205,333.5,339.1038)
compute 10.7888438026544(0.0488469377160072,0.538205504417419,0.522443950176239) (0.1212013,0.5559232,0.4444001) (335.9659,332.4496,62.29025) (-0.01807589,0.8286591,0.3792615) (32.40408,346.7888,347.8596)
compute 17.9289363700035(-0.0310410428792238,0.451821118593216,0.657722651958466) (0.04884694,0.5382055,0.522444) (344.2093,322.1407,70.17826) (-0.0401273,0.7829522,0.4446875) (32.27987,354.3174,349.7885)
compute 19.1988562388876(-0.0910592898726463,0.388549894094467,0.828761160373688) (-0.03104104,0.4518211,0.6577227) (342.4861,317.7428,86.74259) (-0.07713936,0.7438412,0.498482) (32.13679,357.2981,351.3194)
compute 17.5765585231586(-0.120992101728916,0.269643038511276,0.954692602157593) (-0.09105929,0.3885499,0.8287612) (3.252593,331.0064,84.84279) (-0.109102,0.7147987,0.5221037) (32.80019,354.0154,350.5362)
compute 20.4801460607127(-0.0877865254878998,0.112528614699841,0.827585995197296) (-0.1209921,0.269643,0.9546926) (68.98392,316.0557,78.55747) (-0.1401892,0.7104911,0.5269047) (33.75235,348.2062,348.9747)
compute 6.49637805065899(-0.0797903016209602,0.0833562314510345,0.770094037055969) (-0.08778653,0.1125286,0.827586) (51.00941,315.221,59.55216) (-0.145202,0.7301127,0.497546) (34.91152,345.4322,350.7795)
compute 8.6750016392381(-0.070900671184063,0.130621910095215,0.697896420955658) (-0.0797903,0.08335623,0.770094) (31.58941,314.6292,53.99831) (-0.1463959,0.7606566,0.4393146) (34.39537,337.341,348.2248)
compute 16.1954349366972(-0.0546630844473839,0.239515215158463,0.57912015914917) (-0.07090067,0.1306219,0.6978964) (16.97768,313.9864,50.0308) (-0.150052,0.7856859,0.3910855) (35.99924,326.104,345.1137)
compute 14.0116977204125(-0.0399802029132843,0.344702839851379,0.487726807594299) (-0.05466308,0.2395152,0.5791202) (3.237207,312.612,45.60228) (-0.156704,0.8049206,0.3611681) (34.28423,318.6175,345.3429)
compute 6.54852607118478(-0.034308236092329,0.399105876684189,0.45172044634819) (-0.0399802,0.3447028,0.4877268) (356.2042,313.6126,43.71411) (-0.1575213,0.8152114,0.3402512) (34.78276,315.2348,347.3792)
compute 3.09442246487494(-0.0496576577425003,0.425799816846848,0.448658764362335) (-0.03430824,0.3991059,0.4517204) (351.6537,308.7897,49.81469) (-0.1636098,0.8198165,0.3268964) (34.46588,311.5577,346.9287)
compute 3.67120894248997(-0.0752756148576736,0.45177498459816,0.452756136655808) (-0.04965766,0.4257998,0.4486588) (345.2807,306.0959,51.19225) (-0.1704996,0.8190774,0.3253246) (34.61633,309.6068,347.0238)
compute 3.04374305424264(-0.104295775294304,0.460290282964706,0.449327260255814) (-0.07527561,0.451775,0.4527561) (342.5838,298.4718,57.2861) (-0.1784553,0.8184676,0.3253614) (34.52617,308.6672,347.7309)
compute 2.54929818500219(-0.127457141876221,0.467996209859848,0.441974580287933) (-0.1042958,0.4602903,0.4493273) (339.5583,293.3953,58.86243) (-0.186342,0.8142769,0.3264458) (34.45294,306.7402,347.332)
compute 4.13974990589873(-0.160461977124214,0.480580687522888,0.420386046171188) (-0.1274571,0.4679962,0.4419746) (337.6664,286.8003,62.55401) (-0.2011573,0.8123066,0.3201588) (33.61247,299.8072,343.6344)
compute 4.17620924605379(-0.185538470745087,0.501139283180237,0.394069015979767) (-0.160462,0.4805807,0.420386) (333.3265,281.3905,61.70726) (-0.1949074,0.8190722,0.3177667) (32.98555,300.8943,342.079)
compute 1.2889735990753(-0.188477218151093,0.505870223045349,0.382444590330124) (-0.1855385,0.5011393,0.394069) (332.8498,279.7825,63.08697) (-0.1793517,0.8243312,0.3357416) (33.82026,317.1479,346.9355)
compute 0.914767373378753(-0.185183137655258,0.503578186035156,0.390665024518967) (-0.1884772,0.5058702,0.3824446) (336.6718,285.0487,65.17101) (-0.117287,0.825027,0.3598946) (35.90795,345.3284,355.0695)
compute 4.5942502808241(-0.146657794713974,0.49794739484787,0.41505366563797) (-0.1851831,0.5035782,0.390665) (339.4733,294.2938,65.50093) (-0.01407235,0.8299328,0.3673976) (28.52564,28.01185,9.796618)
compute 6.79109603955131(-0.0823394581675529,0.490817666053772,0.435650199651718) (-0.1466578,0.4979474,0.4150537) (342.5399,305.2896,68.45937) (0.04206013,0.8438179,0.3357801) (24.24854,50.37491,12.87507)
compute 7.05243458532092(-0.0148655017837882,0.475627481937408,0.449441760778427) (-0.08233946,0.4908177,0.4356502) (345.3283,319.0562,70.01042) (0.05687034,0.8495135,0.3155707) (24.61009,55.64916,10.06811)
compute 7.32660148532725(0.0569151863455772,0.463967263698578,0.458356976509094) (-0.0148655,0.4756275,0.4494418) (346.0322,334.6602,71.89506) (0.07102114,0.8415502,0.3172732) (26.50492,54.57711,5.486548)
compute 13.0024264539425(0.183387115597725,0.464821010828018,0.488530308008194) (0.05691519,0.4639673,0.458357) (344.8087,349.823,77.00788) (0.1078348,0.8125675,0.353735) (27.10309,50.81025,0.5267281)
compute 16.8944891026814(0.339823961257935,0.493200212717056,0.545666217803955) (0.1833871,0.464821,0.4885303) (338.6437,4.716466,84.00522) (0.1690262,0.7631322,0.4048223) (29.23969,49.67039,356.7245)
compute 15.9167556035085(0.483155995607376,0.516991436481476,0.610660195350647) (0.339824,0.4932002,0.5456662) (326.7005,13.63843,92.24773) (0.2324241,0.7113575,0.4561799) (34.68495,49.68486,356.1244)
compute 14.6169117609945(0.618220269680023,0.490913093090057,0.660086631774902) (0.483156,0.5169914,0.6106602) (316.0887,29.35756,85.07586) (0.275017,0.6582808,0.4891973) (38.78763,50.58575,354.9919)
compute 26.3405414055988(0.715062439441681,0.248893722891808,0.697910368442535) (0.6182203,0.4909131,0.6600866) (5.127582,41.12647,80.5171) (0.2897931,0.611362,0.5023486) (43.28439,49.27045,352.5361)
compute 20.4089585703746(0.634583234786987,0.0865028500556946,0.604076147079468) (0.7150624,0.2488937,0.6979104) (48.58321,40.59625,94.01863) (0.278992,0.6033667,0.5007986) (45.84309,47.91707,353.561)
compute 11.2221801676253(0.560829520225525,0.0398366563022137,0.533532619476318) (0.6345832,0.08650285,0.6040761) (53.37724,27.64585,76.86344) (0.2539175,0.6265361,0.472093) (47.16648,46.56277,351.6078)
compute 8.61588102713089(0.518941283226013,0.0795609056949615,0.46957403421402) (0.5608295,0.03983666,0.5335326) (36.79931,32.14702,67.13493) (0.2269091,0.7003598,0.4328706) (43.21383,44.63099,350.7135)
compute 13.5683731181159(0.47917577624321,0.191472262144089,0.40396437048912) (0.5189413,0.07956091,0.469574) (20.28556,37.28117,66.14098) (0.1881536,0.7541723,0.4052387) (39.1816,33.49426,345.0472)
compute 16.6911772580396(0.408853441476822,0.340889185667038,0.379697263240814) (0.4791758,0.1914723,0.4039644) (3.342587,33.6812,60.82679) (0.1318511,0.7951211,0.3767205) (37.37966,18.79575,343.4023)
compute 13.4297627470134(0.325554251670837,0.446111589670181,0.384731471538544) (0.4088534,0.3408892,0.3796973) (347.0822,25.90902,52.55133) (0.05860452,0.8305002,0.3573942) (31.70709,353.6797,339.1087)
compute 9.10372897320994(0.25309032201767,0.494265407323837,0.411526560783386) (0.3255543,0.4461116,0.3847315) (338.6229,20.84406,41.86304) (-0.005509697,0.8514981,0.3313224) (26.24611,335.7998,336.5006)
compute 11.8914289717672(0.15903402864933,0.53117448091507,0.474230170249939) (0.2530903,0.4942654,0.4115266) (332.9329,0.1184417,49.16431) (-0.02010409,0.856217,0.3216172) (29.30995,341.2715,343.0206)
compute 9.72534249466564(0.107754543423653,0.535125255584717,0.556771278381348) (0.159034,0.5311745,0.4742302) (331.485,337.5909,77.26151) (-0.01354286,0.8244125,0.3683717) (31.31437,354.1181,348.3723)
compute 12.5944486468976(0.10715951025486,0.499539434909821,0.677582323551178) (0.1077545,0.5351253,0.5567713) (325.6401,335.6888,81.55027) (0.002196841,0.7760386,0.4443849) (31.70221,3.876963,349.9028)
compute 13.9125108088639(0.0854305773973465,0.458359360694885,0.808684766292572) (0.1071595,0.4995394,0.6775823) (314.8448,334.5751,85.1006) (0.002162013,0.7287979,0.5018159) (34.10035,8.77667,351.2739)
compute 27.7109661075811(0.0565736368298531,0.219357848167419,0.945926606655121) (0.08543058,0.4583594,0.8086848) (18.13102,344.3033,77.20123) (-0.01029104,0.6981664,0.5359679) (35.95927,6.972386,348.932)
compute 13.3183079524265(0.0238791760057211,0.109536215662956,0.878044247627258) (0.05657364,0.2193578,0.9459266) (48.39252,318.9605,83.06248) (-0.02176645,0.6941649,0.5421258) (36.1742,3.104448,348.9915)
compute 9.38793458238507(0.017105994746089,0.0773245692253113,0.790124595165253) (0.02387918,0.1095362,0.8780442) (54.66561,296.0275,69.98791) (-0.02612843,0.7162493,0.5115702) (37.27083,1.137825,348.3847)
compute 7.64907332251165(0.0276260618120432,0.136089473962784,0.742303609848022) (0.01710599,0.07732457,0.7901246) (33.99304,310.2578,65.89651) (-0.03417534,0.7646555,0.448922) (35.83025,354.8936,348.5066)
compute 14.9977827420882(0.0822705402970314,0.25781112909317,0.673811495304108) (0.02762606,0.1360895,0.7423036) (12.11674,331.2412,54.81458) (-0.08223968,0.8007835,0.396066) (33.59436,330.7184,339.8113)
compute 15.7638658968433(0.11391869187355,0.383875012397766,0.584613740444183) (0.08227054,0.2578111,0.6738115) (357.5564,343.0619,34.65979) (-0.1160953,0.8313335,0.3500848) (27.57614,317.4924,337.8182)
compute 9.89212440232877(0.0945076793432236,0.457564949989319,0.521539032459259) (0.1139187,0.383875,0.5846137) (354.0498,340.0682,41.74443) (-0.1261305,0.8409269,0.3269591) (30.89709,317.6345,341.7658)
compute 5.88473703272969(0.0405221991240978,0.480859816074371,0.519103825092316) (0.09450768,0.4575649,0.521539) (350.1534,333.1631,50.47532) (-0.1297783,0.8385553,0.3235777) (32.25848,327.7586,349.6881)
compute 10.4325971811714(-0.0567683465778828,0.475475877523422,0.556379437446594) (0.0405222,0.4808598,0.5191038) (346.2728,315.4626,66.1235) (-0.1468575,0.8156385,0.356684) (32.60815,336.1323,354.965)
compute 15.7326889038938(-0.150421425700188,0.427171736955643,0.673202216625214) (-0.05676835,0.4754759,0.5563794) (345.3209,309.356,77.5458) (-0.1874693,0.7757726,0.4064445) (32.24232,341.499,358.6682)
compute 16.9862235435206(-0.226574882864952,0.386730402708054,0.81955224275589) (-0.1504214,0.4271717,0.6732022) (345.4864,312.453,84.52628) (-0.2449894,0.7298571,0.4452351) (32.82519,341.5021,0.9333099)
compute 10.3296379076316(-0.271100282669067,0.350418776273727,0.905395686626434) (-0.2265749,0.3867304,0.8195522) (335.1981,318.2941,86.80365) (-0.2884727,0.6915056,0.4661598) (34.85162,335.1664,0.8610932)
compute 27.2681358386104(-0.210033118724823,0.096337266266346,0.827495038509369) (-0.2711003,0.3504188,0.9053957) (68.05205,312.9944,101.0183) (-0.3058593,0.6781634,0.4699664) (36.02538,331.4966,359.7039)
compute 10.753721906753(-0.139306575059891,0.0400865823030472,0.769203782081604) (-0.2100331,0.09633727,0.827495) (55.45605,318.0673,68.70764) (-0.3060644,0.6851092,0.4504647) (38.41728,331.297,359.6311)
compute 8.7582645993645(-0.0948509871959686,0.0541850328445435,0.69507110118866) (-0.1393066,0.04008658,0.7692038) (50.97291,309.9272,67.98811) (-0.2837278,0.7268313,0.4177231) (36.26458,332.3177,358.8414)
compute 14.0433530028426(-0.0772841274738312,0.178212881088257,0.631588220596313) (-0.09485099,0.05418503,0.6950711) (29.82069,311.4479,57.91047) (-0.2516807,0.7701989,0.3810237) (34.56028,332.7837,357.5488)
compute 18.2885342664094(-0.0437327139079571,0.352299898862839,0.586698770523071) (-0.07728413,0.1782129,0.6315882) (8.043159,324.6651,40.46767) (-0.2341036,0.8040217,0.3371982) (34.22502,327.9095,355.6191)
compute 15.1876709552989(0.0272979643195868,0.482405036687851,0.553625643253326) (-0.04373271,0.3522999,0.5866988) (350.3042,353.6513,21.03131) (-0.2278306,0.8245547,0.3067209) (33.13914,323.8778,355.3244)
compute 4.1638640264739(0.0396167412400246,0.51771092414856,0.535308480262756) (0.02729796,0.482405,0.5536256) (344.3942,3.121642,19.14124) (-0.2275269,0.8335698,0.289399) (31.49714,322.2855,355.5074)
compute 3.42679021257256(0.00738028297200799,0.506749510765076,0.539174675941467) (0.03961674,0.5177109,0.5353085) (344.2267,356.3938,20.66099) (-0.2380024,0.8356901,0.2771683) (30.63167,318.5444,354.8053)
compute 7.44237817261536(-0.0661420226097107,0.496810406446457,0.533293843269348) (0.007380283,0.5067495,0.5391747) (345.0561,344.4708,24.23026) (-0.249411,0.8332846,0.2731673) (30.36284,315.4015,353.5359)
compute 8.62810451078868(-0.148746758699417,0.485802829265594,0.510939657688141) (-0.06614202,0.4968104,0.5332938) (345.2576,323.809,35.62172) (-0.2503816,0.8272508,0.2796948) (31.65442,323.574,356.7939)
compute 3.56569704052093(-0.182376384735107,0.497068464756012,0.514621138572693) (-0.1487468,0.4858028,0.5109397) (339.8013,309.4725,60.40126) (-0.2032277,0.807905,0.3282048) (34.40778,346.7061,4.974647)
compute 8.46390561011108(-0.13840489089489,0.50204610824585,0.586770296096802) (-0.1823764,0.4970685,0.5146211) (331.0867,315.3902,73.63621) (-0.1701847,0.785008,0.3645242) (34.61204,3.031766,10.54219)
compute 10.3737277368074(-0.0687200650572777,0.504928588867188,0.663563132286072) (-0.1384049,0.5020461,0.5867703) (318.6756,322.1359,81.37387) (-0.1635684,0.7503231,0.4132741) (36.14877,7.388924,9.539626)
compute 9.89082319303875(-0.0574000254273415,0.467930287122726,0.75458961725235) (-0.06872007,0.5049286,0.6635631) (313.6274,319.7958,93.76271) (-0.1688346,0.7255229,0.4547027) (34.23345,6.778618,8.073958)
compute 24.704539894688(0.00544502586126328,0.299896121025085,0.924432039260864) (-0.05740003,0.4679303,0.7545896) (344.9415,351.839,80.30709) (-0.1822337,0.7087368,0.4833345) (31.23398,4.986134,6.331157)
compute 15.6709053945466(0.0275527127087116,0.146646246314049,0.900277256965637) (0.005445026,0.2998961,0.924432) (47.107,355.5972,102.6539) (-0.1974738,0.7016544,0.4962223) (33.51063,2.246418,6.372036)
compute 9.58533893389239(0.0382797084748745,0.0931387692689896,0.821475267410278) (0.02755271,0.1466462,0.9002773) (57.9441,357.3526,96.23232) (-0.1971465,0.7040952,0.4898701) (34.57969,1.199565,5.53082)
compute 5.78424981855468(0.02147501334548,0.0925220251083374,0.766131103038788) (0.03827971,0.09313877,0.8214753) (59.10833,343.0501,86.33204) (-0.1675921,0.7367824,0.4587553) (32.73592,4.105226,4.664543)
compute 8.71798104224018(-0.019128791987896,0.158590286970139,0.72629851102829) (0.02147501,0.09252203,0.7661311) (38.18965,329.9282,67.97941) (-0.1373606,0.772539,0.4158203) (32.09955,4.653516,3.685672)
compute 15.7233058039698(-0.052109632641077,0.28670272231102,0.641317903995514) (-0.01912879,0.1585903,0.7262985) (17.33075,316.1639,68.00303) (-0.136546,0.7970806,0.3792014) (31.82357,355.8153,0.7010351)
compute 16.9906859655837(-0.0993616357445717,0.439142137765884,0.583027124404907) (-0.05210963,0.2867027,0.6413179) (351.3822,309.2845,74.14392) (-0.1493971,0.8006001,0.3704309) (30.56588,348.6389,358.1008)
compute 13.3810819217823(-0.213656932115555,0.505193054676056,0.561136543750763) (-0.09936164,0.4391421,0.5830271) (334.1243,295.6266,80.59774) (-0.1773276,0.7842728,0.3759774) (31.15869,342.4218,356.3927)
compute 16.6581141862808(-0.37418794631958,0.465225398540497,0.58067262172699) (-0.2136569,0.5051931,0.5611365) (336.348,280.063,94.18372) (-0.2255923,0.7546776,0.4066362) (31.72769,336.9429,356.1178)
compute 25.1801877813668(-0.482152104377747,0.297426044940948,0.734267234802246) (-0.3741879,0.4652254,0.5806726) (353.0419,290.4109,94.03819) (-0.27023,0.718918,0.4305109) (34.46299,332.2912,354.6604)
compute 17.9304562227255(-0.432410925626755,0.125173196196556,0.736480832099915) (-0.4821521,0.297426,0.7342672) (45.78536,301.2675,67.56049) (-0.2967556,0.7032633,0.4438547) (36.78169,328.8026,352.5146)
compute 13.7325674723049(-0.343194633722305,0.0555636174976826,0.658677875995636) (-0.4324109,0.1251732,0.7364808) (61.06051,277.7807,42.97928) (-0.2911856,0.7073154,0.4359161) (37.12134,332.3328,356.7598)
compute 4.82846525433372(-0.298357605934143,0.0567251443862915,0.640797734260559) (-0.3431946,0.05556362,0.6586779) (55.80745,282.5666,53.77652) (-0.266486,0.732446,0.4155788) (34.86089,333.1012,357.1358)
compute 10.4606955994917(-0.270615071058273,0.156263902783394,0.624518811702728) (-0.2983576,0.05672514,0.6407977) (34.40414,292.9786,57.24641) (-0.2346341,0.7642195,0.3874283) (33.52047,334.7982,356.4187)
compute 14.7564855499466(-0.205599129199982,0.281897932291031,0.582513988018036) (-0.2706151,0.1562639,0.6245188) (15.19491,299.2726,53.13529) (-0.1752753,0.7971485,0.3696748) (31.98714,348.529,0.02649499)
compute 13.5235001571003(-0.122071653604507,0.380491673946381,0.542627394199371) (-0.2055991,0.2818979,0.582514) (4.066029,304.4216,67.33508) (-0.08168749,0.8248211,0.3576946) (27.629,18.68805,10.45912)
compute 10.5776539210442(-0.0346274301409721,0.437909632921219,0.526963353157043) (-0.1220717,0.3804917,0.5426274) (358.0783,317.1947,71.84737) (-0.01505928,0.8450366,0.3304034) (24.04469,38.57084,12.08735)
compute 8.42228695345846(0.0464584082365036,0.460637301206589,0.525537967681885) (-0.03462743,0.4379096,0.5269634) (353.2504,330.0482,74.78824) (0.02795704,0.8506819,0.3152087) (24.23764,46.56538,9.614115)
compute 9.03650776945286(0.134481444954872,0.481046855449677,0.52665251493454) (0.04645841,0.4606373,0.525538) (348.3654,343.8611,75.8005) (0.04344127,0.8410516,0.3267048) (27.14756,44.65072,6.298732)
compute 11.6247313951225(0.246407702565193,0.505724906921387,0.546067595481873) (0.1344814,0.4810469,0.5266525) (341.3529,355.756,78.52097) (0.08529696,0.8187211,0.3678719) (28.54025,40.38452,0.603543)
compute 14.9968959657303(0.385179728269577,0.553283035755157,0.577232301235199) (0.2464077,0.5057249,0.5460676) (324.1441,6.669409,82.87791) (0.1571847,0.7806115,0.4212919) (29.82834,39.64783,356.7328)
compute 14.4051733674784(0.522520303726196,0.558659017086029,0.620355010032654) (0.3851797,0.553283,0.5772323) (318.3799,18.68195,86.65117) (0.224413,0.7271131,0.4638276) (34.69589,41.50889,354.0544)
compute 15.3625667860703(0.636018693447113,0.47587725520134,0.682533323764801) (0.5225203,0.558659,0.620355) (320.5056,27.14635,88.52035) (0.2613061,0.6839303,0.484529) (38.53951,43.09576,353.0645)
compute 29.9263439399003(0.63510924577713,0.178028017282486,0.653488278388977) (0.6360187,0.4758773,0.6825333) (39.75014,35.28178,85.14971) (0.2730453,0.6539093,0.4897134) (41.22649,42.64626,351.1867)
compute 21.3043968173318(0.513208985328674,0.0439026281237602,0.541513085365295) (0.6351092,0.178028,0.6534883) (65.75482,13.47212,64.61634) (0.2569987,0.6489762,0.4825553) (43.10984,40.14121,349.9239)
compute 8.30593553804537(0.478349387645721,0.0115763703361154,0.473405241966248) (0.513209,0.04390263,0.5415131) (60.49205,21.84973,81.46229) (0.224799,0.6915306,0.4362965) (41.84722,38.69352,349.2979)
compute 8.57045433427346(0.447108298540115,0.0680422335863113,0.41700604557991) (0.4783494,0.01157637,0.4734052) (46.80967,21.15475,69.66939) (0.1911178,0.7458258,0.4084139) (38.77534,33.86396,348.0294)
compute 15.935692306973(0.433417171239853,0.222149476408958,0.378820449113846) (0.4471083,0.06804223,0.417006) (29.34414,31.85184,67.31731) (0.1210352,0.7940481,0.3830038) (36.4173,14.86868,343.1025)
compute 17.4270995361618(0.392406612634659,0.391154229640961,0.390041351318359) (0.4334172,0.2221495,0.3788204) (8.47565,30.3811,62.1128) (0.06116527,0.8222182,0.3628369) (31.96738,357.4533,339.2133)
compute 13.8748434531435(0.325926810503006,0.504823982715607,0.433753490447998) (0.3924066,0.3911542,0.3900414) (352.6517,24.46118,50.43828) (-0.006192926,0.8419633,0.3447186) (27.61675,333.9549,336.8178)
compute 8.7615067285607(0.261055499315262,0.519597232341766,0.490761071443558) (0.3259268,0.504824,0.4337535) (340.6692,11.23228,44.9013) (-0.04103846,0.8530088,0.3279033) (25.76273,316.5232,335.2823)
compute 10.0285491916174(0.171547189354897,0.531294465065002,0.534448802471161) (0.2610555,0.5195972,0.4907611) (334.2266,351.7584,47.3719) (-0.05495517,0.858132,0.3180974) (26.76306,311.7303,336.4725)
compute 12.8988382398759(0.0483255907893181,0.567844688892365,0.545335590839386) (0.1715472,0.5312945,0.5344488) (326.5438,329.6426,59.76994) (-0.07402384,0.8503782,0.3307483) (28.67774,317.5975,340.8306)
compute 16.9268175785375(-0.120762459933758,0.567355871200562,0.553127110004425) (0.04832559,0.5678447,0.5453356) (324.6961,308.5213,69.48065) (-0.1299186,0.8240827,0.3616519) (30.17118,323.5179,345.8164)
compute 21.0742397897783(-0.31036838889122,0.487215727567673,0.598288059234619) (-0.1207625,0.5673559,0.5531271) (335.8153,292.2849,84.31939) (-0.2095589,0.7844691,0.3936382) (31.17847,327.0407,348.3155)
compute 20.1929837345092(-0.458918780088425,0.369065850973129,0.667201399803162) (-0.3103684,0.4872157,0.5982881) (349.4837,287.5222,90.80079) (-0.2825106,0.7320511,0.4192177) (32.81202,326.3448,352.1693)
compute 18.0114764092702(-0.484700083732605,0.21615743637085,0.758829295635223) (-0.4589188,0.3690659,0.6672014) (2.666876,306.1622,73.84017) (-0.3142681,0.6954514,0.4297792) (37.07656,322.0626,351.6055)
compute 23.0078500774179(-0.357776463031769,0.0503574572503567,0.662201762199402) (-0.4847001,0.2161574,0.7588293) (70.83305,274.4854,70.85934) (-0.328407,0.6783339,0.4324591) (40.49305,321.1063,353.774)
compute 9.41703863913859(-0.268952131271362,0.0203323271125555,0.653438687324524) (-0.3577765,0.05035746,0.6622018) (60.56326,306.8766,64.82151) (-0.3073947,0.6899678,0.420171) (40.15707,325.3189,355.7297)
compute 7.14526574887847(-0.221930742263794,0.0521560348570347,0.610059857368469) (-0.2689521,0.02033233,0.6534387) (56.30055,289.5318,63.46627) (-0.2733652,0.7327847,0.3943664) (37.15659,328.9638,357.3037)
compute 12.9105989242543(-0.201638951897621,0.178006649017334,0.589609384536743) (-0.2219307,0.05215603,0.6100599) (30.68495,295.9953,58.39791) (-0.24251,0.778118,0.3636844) (34.74109,331.696,358.133)
compute 16.938405338326(-0.162694931030273,0.340204507112503,0.560178518295288) (-0.201639,0.1780066,0.5896094) (7.753153,305.3148,57.5901) (-0.2043115,0.8082839,0.3360045) (33.29806,340.8661,2.198744)
compute 11.2616275074118(-0.130256116390228,0.437529712915421,0.513724744319916) (-0.1626949,0.3402045,0.5601785) (0.1998586,304.6803,63.80874) (-0.1598101,0.8214651,0.3205734) (32.37837,354.8563,6.751717)
compute 7.72418730475971(-0.10352286696434,0.509959518909454,0.516083478927612) (-0.1302561,0.4375297,0.5137247) (349.3017,305.8041,80.40641) (-0.1233092,0.8240491,0.3279024) (31.18512,1.424521,6.101499)
compute 9.19331833629132(-0.0765194594860077,0.560850262641907,0.587726056575775) (-0.1035229,0.5099595,0.5160835) (329.4774,311.7088,89.48694) (-0.1029105,0.8052276,0.3801275) (30.39735,5.209068,4.559249)
compute 15.0323460421486(-0.0766349360346794,0.517779111862183,0.731746912002563) (-0.07651946,0.5608503,0.5877261) (330.0961,315.0152,100.2915) (-0.09668217,0.7704214,0.441515) (29.62965,5.160441,1.677482)
compute 25.6120224655591(-0.04560611769557,0.354688674211502,0.926775872707367) (-0.07663494,0.5177791,0.7317469) (342.6501,330.1866,94.20032) (-0.09746069,0.7421173,0.4832239) (29.2189,4.438338,0.3589062)
compute 19.985790830785(0.0237997584044933,0.169089823961258,0.900716781616211) (-0.04560612,0.3546887,0.9267759) (42.76076,355.0022,95.44694) (-0.105588,0.7318325,0.4968272) (31.85664,3.976964,358.4253)
compute 17.6272339430491(0.040643185377121,0.08273696154356,0.747970521450043) (0.02379976,0.1690898,0.9007168) (71.896,328.4448,54.28205) (-0.1093611,0.7328172,0.490466) (32.71601,2.873688,358.3241)
compute 8.72674479433992(0.050763912498951,0.079976849257946,0.66133588552475) (0.04064319,0.08273696,0.7479705) (68.85227,322.1427,62.89685) (-0.08578191,0.7570643,0.4499809) (31.0942,6.97995,358.5316)
compute 7.76709193764327(0.0465950444340706,0.144767120480537,0.618702411651611) (0.05076391,0.07997685,0.6613359) (44.387,327.5508,50.20772) (-0.05526936,0.7819077,0.4099761) (31.01183,15.89033,0.8641931)
compute 14.0272212470508(0.0744984000921249,0.278544336557388,0.587058246135712) (0.04659504,0.1447671,0.6187024) (20.83239,338.5556,56.36499) (-0.01169596,0.8025848,0.3728149) (29.33567,30.24196,4.966204)
compute 17.1555740224023(0.121160373091698,0.436252027750015,0.538249254226685) (0.0744984,0.2785443,0.5870582) (353.6519,345.7406,63.29321) (0.02453582,0.8187037,0.3461179) (27.02186,41.33985,6.936852)
compute 9.12497669248805(0.159779265522957,0.510068774223328,0.501017689704895) (0.1211604,0.436252,0.5382493) (339.1833,351.6826,67.91193) (0.04163809,0.8193267,0.3364105) (28.09886,44.52338,6.525552)
compute 3.1230416066594(0.186287239193916,0.518898367881775,0.487064033746719) (0.1597793,0.5100688,0.5010177) (335.9397,355.0549,71.69411) (0.05519401,0.813166,0.3368736) (28.52489,45.26162,5.57601)
compute 3.11590567359256(0.216723322868347,0.513742566108704,0.482827365398407) (0.1862872,0.5188984,0.487064) (335.1431,2.188232,68.57446) (0.07370938,0.8047072,0.3460735) (31.0156,49.25144,6.517448)
compute 6.99993607479286(0.286343455314636,0.520936846733093,0.483918398618698) (0.2167233,0.5137426,0.4828274) (332.7675,6.589469,74.4735) (0.1111961,0.792769,0.3580324) (31.97486,52.62852,5.640165)
compute 11.8601829662391(0.403031051158905,0.541684925556183,0.479455560445786) (0.2863435,0.5209368,0.4839184) (327.7589,13.78036,83.77879) (0.1752918,0.7719662,0.3706031) (32.6186,58.66006,5.841955)
compute 17.0797380995082(0.570239782333374,0.558643400669098,0.449035227298737) (0.4030311,0.5416849,0.4794556) (323.0013,28.21739,90.09337) (0.2637275,0.7435874,0.3857136) (33.42439,68.07914,7.599246)
compute 15.1041545891747(0.71082991361618,0.561667799949646,0.393909752368927) (0.5702398,0.5586434,0.4490352) (312.4841,41.63039,97.42174) (0.3359279,0.7117164,0.3807175) (35.04202,77.84234,9.649053)
compute 20.6061924995376(0.848410129547119,0.418520778417587,0.338754236698151) (0.7108299,0.5616678,0.3939098) (321.8756,58.50311,91.59814) (0.3662008,0.675573,0.3770439) (37.43136,77.90128,7.170969)
compute 24.9445550003526(0.801463305950165,0.185769528150558,0.262295514345169) (0.8484101,0.4185208,0.3387542) (30.91153,87.78754,97.56003) (0.3658159,0.657916,0.375042) (39.90193,77.45689,4.860761)
compute 21.2621498070669(0.63260406255722,0.0565645508468151,0.263026386499405) (0.8014633,0.1857695,0.2622955) (61.32328,64.83652,73.88616) (0.3484821,0.6571026,0.3784985) (43.23476,71.45413,2.800036)
compute 6.45591223072114(0.572105765342712,0.0342690236866474,0.259748309850693) (0.6326041,0.05656455,0.2630264) (56.63044,63.94858,72.22417) (0.3061243,0.7062463,0.373326) (40.76904,63.37822,357.3621)
compute 9.22832575985283(0.544582366943359,0.115651272237301,0.293446868658066) (0.5721058,0.03426902,0.2597483) (33.68693,60.86039,66.9661) (0.2410854,0.7534896,0.3790963) (38.68966,42.25177,348.0598)
compute 18.2497962072707(0.478280127048492,0.273119658231735,0.357581347227097) (0.5445824,0.1156513,0.2934469) (3.561301,51.58529,57.00902) (0.1408099,0.7921798,0.389033) (34.76799,7.567809,336.837)
compute 18.1884588821059(0.372801065444946,0.401074409484863,0.432305872440338) (0.4782801,0.2731197,0.3575813) (346.4329,34.0528,49.04993) (0.06808653,0.8221184,0.3783493) (27.47996,346.7874,334.0922)
compute 17.3311803561425(0.234739691019058,0.484600633382797,0.495546758174896) (0.3728011,0.4010744,0.4323059) (335.1902,6.100813,51.75997) (0.01434385,0.8405786,0.3555461) (25.16893,328.739,333.8963)
compute 12.0692794991489(0.120939262211323,0.515008509159088,0.521844565868378) (0.2347397,0.4846006,0.4955468) (329.3394,343.1227,56.61438) (-0.01270219,0.8490409,0.3437055) (24.41185,317.8506,334.3857)
compute 10.5337421655477(0.0185061264783144,0.537117481231689,0.511138558387756) (0.1209393,0.5150085,0.5218446) (326.0566,311.514,74.42408) (-0.04761977,0.8528119,0.3375057) (24.99796,308.9648,335.3128)
compute 7.35212118232538(-0.0473988130688667,0.55756801366806,0.485767632722855) (0.01850613,0.5371175,0.5111386) (323.9723,297.0927,74.59474) (-0.08171812,0.8469604,0.332005) (25.7784,303.9148,336.4182)
compute 6.0376970129078(-0.0992179587483406,0.569417715072632,0.457136541604996) (-0.04739881,0.557568,0.4857676) (324.0088,287.6752,76.27055) (-0.1140897,0.8445942,0.3240347) (27.05915,299.3434,337.9075)
compute 7.8024742080635(-0.168299838900566,0.571046352386475,0.42090255022049) (-0.09921796,0.5694177,0.4571365) (325.7723,278.2272,77.69374) (-0.1602989,0.8420151,0.317946) (27.60021,296.8163,338.7352)
compute 13.6254993425369(-0.292589724063873,0.585056185722351,0.366854667663574) (-0.1682998,0.5710464,0.4209026) (325.9088,262.8314,78.68712) (-0.2374339,0.8335262,0.3019569) (27.69374,292.8922,340.7356)
compute 16.9955319028346(-0.450109004974365,0.604533791542053,0.306083709001541) (-0.2925897,0.5850562,0.3668547) (322.0474,245.098,91.19576) (-0.3424317,0.8059205,0.2786655) (27.88666,287.2844,340.4598)
compute 17.4354845577718(-0.617391884326935,0.593392729759216,0.258209615945816) (-0.450109,0.6045338,0.3060837) (314.727,235.7329,94.17828) (-0.4128709,0.757533,0.2687049) (28.37318,283.4135,339.922)
compute 24.2097165050585(-0.796945989131927,0.431921720504761,0.240933135151863) (-0.6173919,0.5933927,0.2582096) (329.6585,250.008,73.48683) (-0.4514509,0.7077656,0.2745759) (31.71992,282.0157,338.6349)
compute 33.0680698517073(-0.678541481494904,0.123813293874264,0.220950588583946) (-0.796946,0.4319217,0.2409331) (48.03096,231.8033,78.05408) (-0.4601476,0.692,0.2875919) (35.49779,285.3602,339.0623)
compute 21.9755481204308(-0.497323960065842,-0.000491378188598901,0.219935804605484) (-0.6785415,0.1238133,0.2209506) (63.69947,202.8035,36.95717) (-0.4630512,0.6825639,0.2857156) (38.38728,287.9843,342.2581)
compute 4.391796467276(-0.456814795732498,-0.00606301939114928,0.23595929145813) (-0.497324,-0.0004913782,0.2199358) (59.68943,219.1387,50.84317) (-0.4401309,0.6913779,0.2797701) (40.2687,292.5414,345.544)
compute 9.37928743398725(-0.475697785615921,0.0839013010263443,0.254586070775986) (-0.4568148,-0.006063019,0.2359593) (38.56878,243.3619,56.60883) (-0.4032952,0.7303116,0.2825221) (38.13273,301.9061,349.9621)
compute 16.2765099257874(-0.480688840150833,0.240473628044128,0.298775136470795) (-0.4756978,0.0839013,0.2545861) (11.72248,261.4881,55.83729) (-0.3529752,0.7742731,0.303077) (34.19149,319.4397,358.1183)
compute 16.4907790151837(-0.422548621892929,0.379777699708939,0.365172952413559) (-0.4806888,0.2404736,0.2987751) (355.8142,274.9857,65.07491) (-0.2924398,0.8013214,0.313835) (31.84557,337.6112,3.579602)
compute 16.3092210925473(-0.329532325267792,0.501062333583832,0.422068268060684) (-0.4225486,0.3797777,0.365173) (345.4029,288.1101,64.95793) (-0.2423547,0.8196763,0.3018919) (28.88843,350.4318,6.757414)
compute 9.7548662504484(-0.242588222026825,0.543032288551331,0.436032056808472) (-0.3295323,0.5010623,0.4220683) (338.7326,299.8983,66.65933) (-0.2021955,0.8259736,0.2968262) (28.72389,0.9590185,8.238477)
compute 6.77237169804593(-0.1751788854599,0.542646944522858,0.429525524377823) (-0.2425882,0.5430323,0.4360321) (340.361,307.9586,70.12824) (-0.1688913,0.8302271,0.2990459) (28.59781,14.33968,11.30713)
compute 5.33504867841105(-0.125154718756676,0.526651501655579,0.420144528150558) (-0.1751789,0.5426469,0.4295255) (343.189,316.2637,69.8752) (-0.1448791,0.8348879,0.300795) (26.89391,23.8064,12.32751)
compute 2.97017802189417(-0.0996154025197029,0.513547718524933,0.412513673305511) (-0.1251547,0.5266515,0.4201445) (344.2566,320.4547,72.08641) (-0.1281705,0.8350723,0.2994594) (27.73727,31.70132,14.27364)
compute 1.38301298851787(-0.0955919921398163,0.50033962726593,0.41171932220459) (-0.0996154,0.5135477,0.4125137) (345.3179,322.3704,73.55047) (-0.1144268,0.8324288,0.3004871) (27.237,38.01921,15.38283)
compute 1.58214022926235(-0.111361049115658,0.499056309461594,0.411801338195801) (-0.09559199,0.5003396,0.4117193) (341.748,320.0992,76.78751) (-0.1039304,0.8328902,0.3017284) (26.79754,42.57,16.31787)
compute 3.28082695793479(-0.139061346650124,0.516466379165649,0.409358888864517) (-0.111361,0.4990563,0.4118013) (336.8208,315.2046,79.7478) (-0.09659504,0.8340743,0.2984429) (27.02975,44.84834,16.1275)
compute 3.18272146840265(-0.160389363765717,0.53973788022995,0.405293852090836) (-0.1390613,0.5164664,0.4093589) (332.8423,308.8266,85.01581) (-0.09079109,0.8350337,0.2944927) (27.44069,45.60694,15.19909)
compute 1.85786406715435(-0.169084936380386,0.553915023803711,0.397013664245605) (-0.1603894,0.5397379,0.4052939) (330.9044,305.5788,86.83964) (-0.0881694,0.8348619,0.2927068) (27.80669,42.17275,13.14375)
compute 0.708729164489444(-0.169199258089066,0.560786902904511,0.395283371210098) (-0.1690849,0.553915,0.3970137) (329.9172,303.8041,88.64978) (-0.1107671,0.8310183,0.3197412) (32.78025,14.54394,2.806148)
compute 1.93533737027058(-0.150641769170761,0.566072225570679,0.396779388189316) (-0.1691993,0.5607869,0.3952834) (329.8227,302.8913,89.08517) (-0.1841611,0.8216952,0.3221104) (33.32461,331.9796,344.7062)
compute 0.841291751848695(-0.14543491601944,0.564412117004395,0.403175473213196) (-0.1506418,0.5660722,0.3967794) (328.1096,299.4481,87.54219) (-0.2317988,0.8345239,0.2818742) (27.30729,300.5346,336.1849)
compute 2.37300389447226(-0.166425183415413,0.553355634212494,0.402648568153381) (-0.1454349,0.5644121,0.4031755) (329.4374,292.7583,85.179) (-0.244109,0.8415202,0.2414283) (25.65417,284.73,333.8415)
compute 4.6336140728166(-0.203561723232269,0.558059275150299,0.375339388847351) (-0.1664252,0.5533556,0.4026486) (327.4503,281.0206,85.79485) (-0.248077,0.8445967,0.2294833) (26.32008,280.8947,334.3437)
compute 5.55270281856851(-0.24215941131115,0.570570230484009,0.337432324886322) (-0.2035617,0.5580593,0.3753394) (326.457,268.2766,88.82944) (-0.2504192,0.8441057,0.2355882) (29.6228,286.7177,337.9304)
compute 2.99514225390702(-0.262065410614014,0.572477877140045,0.315134346485138) (-0.2421594,0.5705702,0.3374323) (327.0155,258.9042,94.31916) (-0.2059995,0.8390443,0.279506) (35.36211,317.865,350.2599)
compute 0.805520535016576(-0.25571870803833,0.568933427333832,0.318604588508606) (-0.2620654,0.5724779,0.3151343) (329.8861,258.7017,99.34943) (-0.1447319,0.842706,0.3076988) (32.5225,349.7899,0.2984063)
Average= 11.6201221117159
Max= 33.0680698517073
Standard Deviation= 6.7667057379004
Right: 22    Wrong: 0
0
