red 212.2752 217.7578 13.2055 (-0.4201931,5,0.7) (-0.4201931,1.561687,0.7)
black 212.2752 219.1022 11.71198 (0.633517,5,0.7) (0.633517,0.07533565,0.7)
black 212.7736 219.2245 11.13713 (0.190636,5,0.7) (0.190636,0.07810664,0.7)
red 212.7736 219.4022 15.05724 (-0.4928049,5,0.7) (-0.4928049,1.431352,0.7)
black 213.2727 219.4022 13.90863 (-0.5107763,5,0.7) (-0.5107763,1.37887,0.7)
black 214.2698 220.3356 10.52457 (-0.5154853,5,0.7) (-0.5154853,0.07557906,0.7)
red 214.2698 220.4356 14.83709 (-0.0824219,5,0.7) (-0.0824219,1.625992,0.7)
red 213.7706 221.0022 16.49107 (-0.6563084,5,0.7) (-0.6563084,1.509604,0.7)
red 213.2727 221.4467 13.7092 (0.8823524,5,0.7) (0.8823524,0.07703298,0.7)
black 215.2701 222.1578 11.80831 (-0.7281101,5,0.7) (-0.7281101,0.08091192,0.7)
black 216.2786 222.1689 10.25414 (-0.5545125,5,0.7) (-0.5545125,0.07190214,0.7)
black 213.7706 222.8467 14.99772 (0.8843989,5,0.7) (0.8843989,0.08201808,0.7)
red 216.2786 222.9911 15.40332 (-0.7758868,5,0.7) (-0.7758868,1.479907,0.7)
red 215.2701 223.3244 13.54136 (0.8193004,5,0.7) (0.8193004,0.08083115,0.7)
black 215.7791 223.7245 13.38756 (-0.7739813,5,0.7) (-0.7739813,0.07720024,0.7)
red 216.7783 224.2689 16.76221 (0.1842428,5,0.7) (0.1842428,1.451274,0.7)
black 214.771 224.3689 15.71957 (-0.7346911,5,0.7) (-0.7346911,0.08240724,0.7)
red 214.771 224.4467 15.818 (0.2599308,5,0.7) (0.2599308,0.07955579,0.7)
red 217.7758 224.7022 15.31931 (0.261914,5,0.7) (0.261914,1.344582,0.7)
red 218.2751 225.0356 15.55761 (0.2823054,5,0.7) (0.2823054,1.498557,0.7)
red 215.7791 225.6133 16.05056 (0.6656017,5,0.7) (0.6656017,0.08187614,0.7)
red 217.2775 226.2467 14.85888 (-0.7622826,5,0.7) (-0.7622826,0.08234376,0.7)
red 219.2761 226.3689 16.97754 (0.02335656,5,0.7) (0.02335656,1.693765,0.7)
black 220.2764 226.5133 10.80253 (-0.9559698,5,0.7) (-0.9559698,0.07502015,0.7)
red 219.7772 226.8022 16.98901 (-0.07203019,5,0.7) (-0.07203019,1.727702,0.7)
red 218.7752 226.88 13.62123 (-0.3356098,5,0.7) (-0.3356098,0.08056673,0.7)
black 217.7758 227.1578 15.4337 (-0.2411233,5,0.7) (-0.2411233,0.08390957,0.7)
black 216.7783 227.7022 17.49825 (-0.3739451,5,0.7) (-0.3739451,0.08300663,0.7)
black 217.2775 227.8022 16.9781 (-0.3034467,5,0.7) (-0.3034467,0.08431292,0.7)
black 219.7772 227.9467 13.71646 (-0.9738929,5,0.7) (-0.9738929,0.08010918,0.7)
red 220.2764 228.0356 16.76119 (-0.568537,5,0.7) (-0.568537,1.324039,0.7)
black 218.2751 228.0578 15.98091 (-0.06211793,5,0.7) (-0.06211793,0.08399832,0.7)
black 221.2755 228.6245 12.51122 (-0.2802736,5,0.7) (-0.2802736,0.08072346,0.7)
black 220.7749 228.7578 13.44622 (-0.4761339,5,0.7) (-0.4761339,0.08156119,0.7)
black 222.7786 229.1356 10.99159 (0.2536306,5,0.7) (0.2536306,0.074268,0.7)
red 223.2778 229.4022 14.33226 (-0.725821,5,0.7) (-0.725821,1.504214,0.7)
red 221.774 229.58 13.18638 (-0.973552,5,0.7) (-0.973552,0.08142888,0.7)
red 223.7749 229.8578 14.23598 (-0.5419412,5,0.7) (-0.5419412,1.502128,0.7)
black 219.2761 230.1578 17.44208 (0.933351,5,0.7) (0.933351,0.08351529,0.7)
red 221.2755 230.1578 14.72639 (0.7753644,5,0.7) (0.7753644,0.07918537,0.7)
red 222.7786 230.8911 13.63985 (0.2778353,5,0.7) (0.2778353,0.08165973,0.7)
red 224.2745 230.9245 15.53615 (-0.004382253,5,0.7) (-0.004382253,1.550737,0.7)
red 220.7749 230.98 16.54457 (0.9846518,5,0.7) (0.9846518,0.08228314,0.7)
red 222.2741 231.18 14.75877 (0.8655508,5,0.7) (0.8655508,0.07964921,0.7)
black 218.7752 231.1911 19.38473 (0.7874784,5,0.7) (0.7874784,0.08361526,0.7)
red 225.2798 231.68 13.90432 (0.8035977,5,0.7) (0.8035977,1.211801,0.7)
black 222.2741 231.8911 15.74821 (0.9508412,5,0.7) (0.9508412,0.08178797,0.7)
red 224.7712 232.0689 16.41041 (0.177874,5,0.7) (0.177874,1.45618,0.7)
red 226.2692 232.4467 13.90313 (0.3653199,5,0.7) (0.3653199,1.350656,0.7)
black 223.2778 232.8356 15.66916 (-0.78368,5,0.7) (-0.78368,0.08061951,0.7)
black 221.774 233.0244 17.91622 (0.4181294,5,0.7) (0.4181294,0.08346996,0.7)
black 223.7749 233.5467 15.96368 (0.5323951,5,0.7) (0.5323951,0.08320749,0.7)
black 224.7712 233.7133 14.80906 (0.9499631,5,0.7) (0.9499631,0.08105224,0.7)
red 226.7791 233.8022 15.90579 (0.4422886,5,0.7) (0.4422886,1.455054,0.7)
black 226.2692 234.1578 13.30252 (-0.7111652,5,0.7) (-0.7111652,0.08246725,0.7)
red 225.7702 234.48 14.47751 (-0.8734469,5,0.7) (-0.8734469,0.07979389,0.7)
black 224.2745 234.6467 16.76808 (-0.4950556,5,0.7) (-0.4950556,0.08284786,0.7)
black 225.7702 235.6022 16.0335 (-0.7868869,5,0.7) (-0.7868869,0.08117557,0.7)
black 225.2798 236.1356 17.40864 (-0.4182762,5,0.7) (-0.4182762,0.08198915,0.7)
black 226.7791 236.48 15.86758 (0.6463902,5,0.7) (0.6463902,0.08116898,0.7)
0
