red 166.2785 172.48 15.12132 (0.00744617,5,0.7) (0.00744617,1.677262,0.7)
red 166.7768 173.1689 14.94291 (0.4278428,5,0.7) (0.4278428,1.526566,0.7)
red 168.2772 173.9578 14.20669 (0.05643427,5,0.7) (0.05643427,1.726271,0.7)
red 167.2759 175.3022 16.96416 (-0.6768985,5,0.7) (-0.6768985,1.252573,0.7)
red 169.7764 175.4911 13.60332 (-0.6746778,5,0.7) (-0.6746778,1.535367,0.7)
red 167.7779 175.5911 13.19653 (-0.6366456,5,0.7) (-0.6366456,0.07879466,0.7)
red 170.2754 177.0911 15.94353 (-0.7477562,5,0.7) (-0.7477562,1.572052,0.7)
red 168.778 177.5911 14.64036 (-0.986958,5,0.7) (-0.986958,0.08220161,0.7)
red 172.2725 178.0911 14.34879 (-0.2711254,5,0.7) (-0.2711254,1.68775,0.7)
red 169.2762 178.2689 14.88499 (0.9395728,5,0.7) (0.9395728,0.08039126,0.7)
red 172.7772 178.7467 13.47335 (0.5063047,5,0.7) (0.5063047,1.338232,0.7)
red 170.7737 179.0911 15.85141 (0.6214778,5,0.7) (0.6214778,0.7831921,0.7)
red 173.2773 180.0689 15.19991 (-0.2796282,5,0.7) (-0.2796282,1.381815,0.7)
red 171.2728 180.0911 14.63557 (0.4165818,5,0.7) (0.4165818,0.08030242,0.7)
red 173.7795 180.6245 16.05764 (0.5160267,5,0.7) (0.5160267,1.58472,0.7)
red 175.2729 180.9356 13.02869 (0.824559,5,0.7) (0.824559,1.393231,0.7)
red 171.7729 182.1133 16.72555 (-0.3744072,5,0.7) (-0.3744072,0.08352914,0.7)
red 175.7758 182.6689 15.76412 (-0.8002603,5,0.7) (-0.8002603,1.485116,0.7)
red 174.2708 183.2356 14.83789 (-0.7389181,5,0.7) (-0.7389181,0.08015117,0.7)
red 177.7784 183.8689 15.04295 (-0.5894947,5,0.7) (-0.5894947,1.716938,0.7)
red 176.7694 184.3244 16.91622 (-0.7181118,5,0.7) (-0.7181118,1.464602,0.7)
red 178.2754 184.7022 15.35712 (-0.5389035,5,0.7) (-0.5389035,1.620294,0.7)
red 174.7756 184.8467 16.36966 (0.6352627,5,0.7) (0.6352627,0.08357488,0.7)
red 178.7706 184.9911 14.52913 (-0.1270021,5,0.7) (-0.1270021,1.509671,0.7)
red 176.275 185.5356 15.25846 (0.10909,5,0.7) (0.10909,0.08136635,0.7)
red 177.2692 185.6578 14.0198 (0.8910265,5,0.7) (0.8910265,0.08001786,0.7)
red 180.2778 185.9022 13.35998 (0.6186297,5,0.7) (0.6186297,1.51745,0.7)
red 179.2697 186.1133 15.45004 (0.8469081,5,0.7) (0.8469081,1.428347,0.7)
red 181.7761 187.7467 13.64095 (0.587043,5,0.7) (0.587043,1.390578,0.7)
red 182.2745 188.08 13.76538 (0.8424053,5,0.7) (0.8424053,1.52927,0.7)
red 180.776 188.0911 16.4972 (0.9030581,5,0.7) (0.9030581,1.468028,0.7)
red 182.7735 188.9578 14.61081 (-0.2352399,5,0.7) (-0.2352399,1.551483,0.7)
red 179.7787 188.98 15.1781 (-0.2205001,5,0.7) (-0.2205001,0.08006574,0.7)
red 181.2751 189.1467 16.43632 (-0.395934,5,0.7) (-0.395934,1.181109,0.7)
red 184.2703 190.8244 14.98852 (0.2931077,5,0.7) (0.2931077,1.454294,0.7)
red 183.773 191.2244 16.34706 (0.476453,5,0.7) (0.476453,1.3631,0.7)
red 183.2717 191.6467 14.00328 (-0.7753317,5,0.7) (-0.7753317,0.07982378,0.7)
red 184.7779 191.7578 15.55909 (-0.1036927,5,0.7) (-0.1036927,1.382983,0.7)
red 185.278 192.1689 15.52489 (-0.1598052,5,0.7) (-0.1598052,1.419976,0.7)
red 185.7799 192.7133 16.4955 (0.1641947,5,0.7) (0.1641947,1.651034,0.7)
0
