black 254.7162 260.5467 10.14734 (0.9505465,5,0.7) (0.9505465,0.07143541,0.7)
red 254.7162 260.5467 14.16157 (0.1285731,5,0.7) (0.1285731,1.629707,0.7)
red 254.2178 261.7578 16.68218 (-0.8518007,5,0.7) (-0.8518007,1.409231,0.7)
red 255.216 261.8356 14.72724 (-0.9749587,5,0.7) (-0.9749587,1.342319,0.7)
red 255.7244 262.5022 15.58613 (-0.6979144,4.998999,0.7) (-0.6979144,1.494623,0.7)
red 257.7224 263.0911 13.18259 (-0.579165,5,0.7) (-0.579165,1.625352,0.7)
red 257.2245 263.5467 14.60375 (-0.9490359,4.998985,0.7) (-0.9490359,1.468207,0.7)
red 258.2214 263.9244 13.53597 (-0.97194,5,0.7) (-0.97194,1.522123,0.7)
black 256.2235 264.0133 13.16654 (0.2544079,5,0.7) (0.2544079,0.07988376,0.7)
red 256.2235 264.1467 13.36685 (0.1766649,5,0.7) (0.1766649,0.08222146,0.7)
black 255.7244 264.5022 14.59472 (-0.4202498,4.998985,0.7) (-0.4202498,0.08277553,0.7)
red 259.2194 264.8022 13.80688 (-0.9134984,5,0.7) (-0.9134984,1.67507,0.7)
black 254.2178 264.9133 17.18622 (0.06970966,5,0.7) (0.06970966,0.08038682,0.7)
black 257.7224 264.9578 12.34106 (-0.809582,5,0.7) (-0.809582,0.07891314,0.7)
red 259.7187 265.4689 13.81026 (-0.4089707,5,0.7) (-0.4089707,1.575787,0.7)
red 258.7213 265.5022 16.0402 (-0.2631003,5,0.7) (-0.2631003,1.613766,0.7)
black 259.2194 266.1022 11.79468 (-0.9978335,5,0.7) (-0.9978335,0.07441577,0.7)
black 255.216 266.3356 17.74492 (0.1371187,5,0.7) (0.1371187,0.08368642,0.7)
black 257.2245 266.4578 15.22153 (0.08017051,4.998994,0.7) (0.08017051,0.07900983,0.7)
black 258.2214 266.7245 14.20072 (0.1098222,5,0.7) (0.1098222,0.08267939,0.7)
red 260.7166 266.7467 14.43344 (-0.270245,5,0.7) (-0.270245,1.59015,0.7)
red 256.714 266.7911 16.36409 (0.6515837,5,0.7) (0.6515837,0.08156763,0.7)
red 260.2178 267.1133 16.4261 (-0.1730474,5,0.7) (-0.1730474,1.655579,0.7)
black 260.7166 267.2578 11.26453 (0.719193,5,0.7) (0.719193,0.07311369,0.7)
red 261.2157 267.7133 14.20185 (0.5225487,5,0.7) (0.5225487,1.253073,0.7)
black 256.714 268.2133 18.22684 (0.7319992,5,0.7) (0.7319992,0.0828123,0.7)
red 261.7244 268.3578 14.562 (-0.5696325,5,0.7) (-0.5696325,1.280537,0.7)
black 258.7213 268.6245 16.14566 (0.5500567,5,0.7) (0.5500567,0.08374596,0.7)
red 262.2231 268.7245 14.49547 (-0.6918838,5,0.7) (-0.6918838,1.336064,0.7)
red 263.2227 270.1356 16.0772 (-0.1693472,5,0.7) (-0.1693472,1.556322,0.7)
black 261.7244 270.1578 18.80926 (-0.2986933,5,0.7) (-0.2986933,1.533618,0.7)
red 263.7215 270.68 15.52589 (0.2670798,5,0.7) (0.2670798,1.38541,0.7)
black 264.2214 270.78 11.3025 (0.6490951,5,0.7) (0.6490951,0.07492715,0.7)
red 264.2214 270.9911 15.33462 (0.1691426,5,0.7) (0.1691426,1.431518,0.7)
black 260.2178 271.2578 17.6369 (-0.4033343,5,0.7) (-0.4033343,0.08108384,0.7)
black 262.2231 271.3467 15.06686 (0.9248316,5,0.7) (0.9248316,0.07875831,0.7)
black 259.7187 271.4022 18.4676 (-0.05997622,5,0.7) (-0.05997622,0.08310897,0.7)
black 262.7235 271.7245 14.90711 (-0.0569607,5,0.7) (-0.0569607,0.08294547,0.7)
red 265.2198 272.2578 16.46636 (0.1569105,5,0.7) (0.1569105,1.595191,0.7)
red 265.7169 272.3022 15.84298 (0.02665722,5,0.7) (0.02665722,1.664862,0.7)
black 265.7169 272.3133 15.32986 (-0.04102004,5,0.7) (-0.04102004,1.524593,0.7)
red 262.7235 272.4244 15.86324 (0.7940931,5,0.7) (0.7940931,0.07952613,0.7)
black 263.2227 272.5467 15.35627 (0.3797974,5,0.7) (0.3797974,0.0835405,0.7)
red 266.7159 273.08 13.77669 (-0.6097176,5,0.7) (-0.6097176,1.197519,0.7)
black 261.2157 273.4689 19.17465 (0.6750944,5,0.7) (0.6750944,0.08226448,0.7)
red 266.2159 273.6356 16.76281 (0.1321803,5,0.7) (0.1321803,1.488437,0.7)
black 264.7207 273.9689 15.24224 (0.8852658,5,0.7) (0.8852658,0.08110137,0.7)
red 267.2159 274.0578 15.7701 (0.3343503,5,0.7) (0.3343503,1.515252,0.7)
black 268.7233 274.1022 13.16475 (0.3450381,5,0.7) (0.3450381,1.612971,0.7)
red 264.7207 274.2356 15.61658 (-0.9146745,5,0.7) (-0.9146745,0.08376521,0.7)
red 267.714 274.3689 15.26661 (0.05900705,5,0.7) (0.05900705,1.477741,0.7)
black 266.7159 274.4244 17.52617 (-0.07011712,5,0.7) (-0.07011712,1.545017,0.7)
red 268.223 274.7022 14.31751 (-0.2721633,5,0.7) (-0.2721633,1.29508,0.7)
black 268.223 274.7245 13.98308 (-0.2502042,5,0.7) (-0.2502042,1.177568,0.7)
black 265.2198 274.98 15.94863 (-0.07120931,5,0.7) (-0.07120931,0.08319321,0.7)
red 268.7233 275.8245 16.51842 (-0.4766833,5,0.7) (-0.4766833,1.575905,0.7)
black 263.7215 276.3245 19.61503 (0.4683141,5,0.7) (0.4683141,0.08301531,0.7)
black 266.2159 277.4689 17.91221 (0.8444061,5,0.7) (0.8444061,0.08207388,0.7)
black 267.2159 278.2467 17.63106 (-0.4909688,5,0.7) (-0.4909688,0.08402511,0.7)
black 267.714 280.3245 19.61365 (-0.5841162,5,0.7) (-0.5841162,0.08263472,0.7)
0
