compute 25.2564682289285(0.183057934045792,0.857342779636383,0.338915377855301) (-0.0694648,0.853955,0.3420318) (297.077,343.765,310.6559) (0.1502704,1.190071,0.1486804) (338.7383,344.403,4.678998)
compute 0.593213718871702(0.183852210640907,0.859578669071198,0.333478450775146) (0.1830579,0.8573428,0.3389154) (297.8959,342.5889,309.4666) (0.1578622,1.190567,0.1481428) (339.8071,344.9596,3.159181)
compute 0.847715631659072(0.191697925329208,0.860903143882751,0.330553948879242) (0.1838522,0.8595787,0.3334785) (299.1451,343.8562,307.0081) (0.164319,1.189603,0.1466921) (339.2948,346.2975,2.961629)
compute 1.02576626304014(0.201863557100296,0.860864460468292,0.329183518886566) (0.1916979,0.8609031,0.3305539) (299.7321,348.0768,304.1487) (0.1693686,1.190584,0.144668) (338.8408,349.0131,2.698317)
compute 1.39506512377182(0.215381056070328,0.860684037208557,0.325738906860352) (0.2018636,0.8608645,0.3291835) (299.5726,353.8996,301.6264) (0.1741173,1.189991,0.1417113) (338.1363,353.7096,2.120723)
compute 2.09550154561393(0.235681399703026,0.859155595302582,0.320771753787994) (0.2153811,0.860684,0.3257389) (298.7963,358.8243,300.198) (0.1789639,1.192058,0.140193) (335.029,1.13618,1.112643)
compute 2.50899604092759(0.260591119527817,0.857054471969604,0.318627625703812) (0.2356814,0.8591556,0.3207718) (298.3529,2.408422,299.934) (0.1857121,1.200066,0.1275548) (327.1437,10.61202,358.4415)
compute 3.14969770241622(0.290956616401672,0.853516280651093,0.311046242713928) (0.2605911,0.8570545,0.3186276) (298.0461,4.94691,300.8112) (0.1859726,1.20749,0.1060255) (317.7649,19.76708,354.2899)
compute 2.63109375895763(0.314716845750809,0.851627767086029,0.299903959035873) (0.2909566,0.8535163,0.3110462) (297.7769,7.758809,300.9753) (0.1797273,1.210052,0.08660621) (310.2433,25.99492,351.4697)
compute 1.84167844882676(0.328770667314529,0.849988996982574,0.288114875555038) (0.3147168,0.8516278,0.299904) (296.6608,10.60593,301.485) (0.1688084,1.208851,0.07855423) (307.7106,26.73267,352.9247)
compute 0.629354926033074(0.330598562955856,0.848239243030548,0.282352417707443) (0.3287707,0.849989,0.2881149) (294.7417,13.33728,302.2111) (0.1622328,1.20794,0.07608733) (306.2322,27.44096,353.7044)
compute 0.338008287403325(0.331439077854156,0.84688937664032,0.279369741678238) (0.3305986,0.8482392,0.2823524) (294.3453,15.2439,302.4114) (0.1572749,1.206616,0.07288666) (304.2036,29.71021,353.3118)
compute 0.88496716492226(0.337328851222992,0.846185743808746,0.272802233695984) (0.3314391,0.8468894,0.2793697) (294.0872,16.1027,302.974) (0.150989,1.205585,0.06939284) (302.0314,31.68671,353.1523)
compute 0.638360570943183(0.34148445725441,0.846011102199554,0.267959624528885) (0.3373289,0.8461857,0.2728022) (293.332,16.86669,303.7129) (0.1437701,1.205577,0.06613609) (299.8611,31.5963,353.8526)
compute 2.87237337702627(0.319418042898178,0.845906853675842,0.286347538232803) (0.3414845,0.8460111,0.2679596) (292.7813,17.02896,304.3879) (0.1378308,1.205704,0.06545916) (298.6871,29.85184,355.5072)
compute 0.166252628609606(0.317764014005661,0.846055150032043,0.2862688601017) (0.319418,0.8459069,0.2863475) (291.807,12.0243,309.196) (0.1345543,1.205804,0.06406687) (297.3829,28.64433,355.8331)
compute 0.478996454185296(0.313783705234528,0.846117198467255,0.288932889699936) (0.317764,0.8460552,0.2862689) (291.8805,10.14938,310.0113) (0.1318376,1.206535,0.06109101) (295.6316,27.12406,356.2383)
compute 0.627619253286977(0.308794319629669,0.846272706985474,0.292737156152725) (0.3137837,0.8461172,0.2889329) (291.5635,7.562216,311.3103) (0.131854,1.207002,0.05861557) (295.1705,25.2009,356.4936)
compute 0.816234765072607(0.302048683166504,0.846439480781555,0.297329813241959) (0.3087943,0.8462727,0.2927372) (291.262,4.239972,312.7697) (0.1331112,1.207384,0.05131592) (293.8393,23.00798,356.4563)
compute 1.05501877336472(0.293334752321243,0.846521854400635,0.303276836872101) (0.3020487,0.8464395,0.2973298) (290.889,1.979861,312.8253) (0.1344143,1.207884,0.04413776) (292.5209,20.21288,356.5399)
compute 1.2007145321577(0.283031016588211,0.846615493297577,0.309440910816193) (0.2933348,0.8465219,0.3032768) (290.1522,358.8232,313.2646) (0.1364887,1.209191,0.03917496) (292.3097,18.00754,355.9981)
compute 0.954988208777478(0.27440544962883,0.846740126609802,0.313537776470184) (0.283031,0.8466155,0.3094409) (289.1566,355.2779,314.1089) (0.1403845,1.210047,0.03630712) (292.7617,15.87183,356.3333)
compute 0.541288227720435(0.269284725189209,0.846830785274506,0.315289705991745) (0.2744054,0.8467401,0.3135378) (289.0221,354.1894,313.249) (0.1421608,1.210594,0.03746534) (293.9691,14.05002,356.6133)
compute 0.454872011576526(0.264752686023712,0.846932888031006,0.315665274858475) (0.2692847,0.8468308,0.3152897) (289.233,352.9809,313.1822) (0.1422327,1.211226,0.04212797) (295.6295,13.36747,356.7663)
compute 0.421732741011844(0.260561972856522,0.847003102302551,0.316133081912994) (0.2647527,0.8469329,0.3156653) (289.7534,352.1869,313.3865) (0.1398422,1.212027,0.04542921) (297.016,13.31167,357.0764)
compute 0.439249049340818(0.256175994873047,0.847163498401642,0.315955758094788) (0.260562,0.8470031,0.3161331) (289.3882,350.0701,316.1293) (0.1328012,1.212951,0.0489768) (298.5983,14.0785,357.3402)
compute 0.429215060116165(0.255649000406265,0.847342312335968,0.311699837446213) (0.256176,0.8471635,0.3159558) (286.128,350.7769,317.9141) (0.1308333,1.212742,0.05026598) (299.3463,16.40678,356.1278)
compute 0.381445556390167(0.256186157464981,0.847259521484375,0.307924300432205) (0.255649,0.8473423,0.3116998) (283.74,359.7228,311.1187) (0.1258207,1.213143,0.04482424) (298.3017,17.5915,354.9749)
compute 0.483314458724257(0.251545369625092,0.847290515899658,0.306574702262878) (0.2561862,0.8472595,0.3079243) (283.6136,4.261044,307.094) (0.1208287,1.215153,0.03895695) (296.8705,18.36978,353.8031)
compute 0.519103888945701(0.246874660253525,0.84955233335495,0.306699365377426) (0.2515454,0.8472905,0.3065747) (284.5793,0.3441303,309.558) (0.1216293,1.217723,0.03594448) (296.2371,16.84266,354.4109)
compute 0.372622407822404(0.243347734212875,0.850497484207153,0.307442486286163) (0.2468747,0.8495523,0.3066994) (285.197,356.9801,310.8781) (0.1357444,1.219349,0.03677044) (298.7038,12.94019,356.9524)
compute 0.201275644446085(0.241412997245789,0.850794732570648,0.30791112780571) (0.2433477,0.8504975,0.3074425) (284.5614,347.6348,318.5628) (0.1598437,1.214982,0.0348604) (300.2201,9.900087,357.6812)
compute 2.56728634685515(0.266515642404556,0.850487768650055,0.302539080381393) (0.241413,0.8507947,0.3079111) (285.2564,337.8602,326.1794) (0.1879979,1.214217,0.0266944) (299.7239,8.6053,357.3814)
compute 1.70387916482674(0.282992035150528,0.850148797035217,0.298210799694061) (0.2665156,0.8504878,0.3025391) (283.1176,332.2858,330.7715) (0.2141093,1.216476,0.01913587) (300.1046,9.980829,355.3954)
compute 0.809918972051735(0.286951333284378,0.84965455532074,0.291162639856339) (0.282992,0.8501488,0.2982108) (277.487,293.3225,12.59562) (0.2292779,1.215907,0.01239699) (300.4458,13.55986,351.8389)
compute 5.29331915242634(0.33261626958847,0.848422825336456,0.264420926570892) (0.2869513,0.8496546,0.2911626) (276.0705,247.6056,63.07078) (0.2290713,1.21386,0.006253676) (301.2196,16.59914,350.9731)
compute 1.86461065040782(0.339149981737137,0.846937477588654,0.247020304203033) (0.3326163,0.8484228,0.2644209) (281.6447,222.7137,97.16738) (0.2166354,1.213387,0.002251168) (302.8754,18.9661,351.2428)
compute 1.76954753759776(0.336463540792465,0.845257878303528,0.229610770940781) (0.33915,0.8469375,0.2470203) (286.2783,223.2702,104.6375) (0.1972428,1.211129,-0.004220857) (303.0309,22.29681,349.4394)
compute 1.99849281729694(0.323503375053406,0.84233957529068,0.214680433273315) (0.3364635,0.8452579,0.2296108) (291.3925,217.5613,118.358) (0.1728681,1.210052,-0.01523555) (302.151,21.88194,349.0493)
compute 36.0025392470532(0.305963277816772,1.19978964328766,0.253924280405045) (0.3235034,0.8423396,0.2146804) (299.6855,208.1948,130.3685) (0.144096,1.211605,-0.03195684) (298.0851,7.189377,357.9506)
compute 3.54853394771988(0.328395575284958,1.22682368755341,0.248908117413521) (0.3059633,1.19979,0.2539243) (308.6882,202.1716,134.7588) (0.1226201,1.209895,-0.04230592) (297.1635,346.3613,10.43218)
compute 4.80488454612565(0.290822684764862,1.2567595243454,0.249811008572578) (0.3283956,1.226824,0.2489081) (313.4339,208.2385,126.2094) (0.1091011,1.210521,-0.04462806) (299.2395,333.3242,17.77911)
compute 4.56288254757339(0.253706455230713,1.28194868564606,0.258170515298843) (0.2908227,1.25676,0.249811) (314.0939,215.342,117.5398) (0.1010791,1.209996,-0.04120239) (300.8766,330.8241,17.34532)
compute 3.1094792908936(0.226786360144615,1.29741501808167,0.259898871183395) (0.2537065,1.281949,0.2581705) (312.7294,218.0457,114.7581) (0.09795256,1.211784,-0.02572379) (302.7492,335.7992,13.5117)
compute 1.20808250528502(0.215729162096977,1.29784786701202,0.255051463842392) (0.2267864,1.297415,0.2598989) (312.9257,216.7173,115.8354) (0.1029022,1.214582,-0.01787677) (302.0693,347.0235,7.324059)
compute 1.01341690755686(0.21785806119442,1.29348945617676,0.246153518557549) (0.2157292,1.297848,0.2550515) (313.0487,213.2612,120.3249) (0.1147951,1.217374,-0.01894682) (298.6688,4.91105,356.6241)
compute 2.05770488700741(0.237136259675026,1.28930854797363,0.240298092365265) (0.2178581,1.293489,0.2461535) (314.2054,210.1126,129.0352) (0.1269989,1.215809,-0.02807802) (301.5789,24.46719,344.6326)
compute 1.99989516840162(0.256945639848709,1.28658711910248,0.240672737360001) (0.2371363,1.289309,0.2402981) (313.0449,211.9501,131.8376) (0.1353553,1.209963,-0.03513414) (305.7724,33.622,339.9837)
compute 2.27738151797738(0.278837472200394,1.28056335449219,0.238909617066383) (0.2569456,1.286587,0.2406727) (314.2168,217.3253,136.4232) (0.1383238,1.206675,-0.03621484) (308.1834,33.21959,341.5685)
compute 3.4865237310727(0.310405433177948,1.29480671882629,0.242931455373764) (0.2788375,1.280563,0.2389096) (311.1258,219.6411,137.4026) (0.1508396,1.206307,-0.02947726) (308.9348,32.45118,342.8501)
compute 5.45510706667984(0.3484987616539,1.33385097980499,0.242418304085732) (0.3104054,1.294807,0.2429315) (311.0937,213.5119,146.2188) (0.1814521,1.203843,-0.01616825) (310.1671,31.73526,342.4324)
compute 6.42779264289432(0.40052592754364,1.37017154693604,0.252696543931961) (0.3484988,1.333851,0.2424183) (313.4445,203.7702,157.4864) (0.2205681,1.202796,0.00308903) (311.1575,30.01011,341.4091)
compute 5.75212402617848(0.450983226299286,1.39305901527405,0.268153518438339) (0.4005259,1.370172,0.2526965) (316.8985,194.0375,167.8884) (0.254979,1.202994,0.02839732) (310.3488,25.54636,342.749)
compute 5.87016236376527(0.498809099197388,1.41186237335205,0.296526044607162) (0.4509832,1.393059,0.2681535) (322.6073,190.2694,176.4036) (0.2792737,1.210419,0.0491119) (307.9398,19.37375,343.8658)
compute 5.93011739635966(0.529090046882629,1.42359340190887,0.346145361661911) (0.4988091,1.411862,0.296526) (326.1274,193.0166,184.7141) (0.2883598,1.22464,0.06051002) (301.5403,11.58667,346.3711)
compute 24.0285825554997(0.612093508243561,1.45156157016754,0.569898545742035) (0.52909,1.423593,0.3461454) (276.9705,82.70276,284.735) (0.2900515,1.230376,0.0568171) (299.5576,1.688516,352.4089)
compute 14.9350986026263(0.617513835430145,1.34148705005646,0.670695066452026) (0.6120935,1.451562,0.5698985) (303.82,36.50054,308.6186) (0.2757502,1.224017,0.05168147) (300.1609,356.2323,356.5334)
compute 8.17626705156866(0.548609793186188,1.29899251461029,0.659224152565002) (0.6175138,1.341487,0.6706951) (295.685,30.00319,307.4463) (0.2534926,1.215826,0.04824096) (300.8808,353.0597,358.8041)
compute 11.7769317160172(0.453284442424774,1.28940033912659,0.590735614299774) (0.5486098,1.298993,0.6592242) (277.9409,6.222732,329.7665) (0.2146503,1.20355,0.04456335) (305.3015,342.2683,6.212476)
compute 13.4987866993164(0.345989525318146,1.29089272022247,0.508837521076202) (0.4532844,1.2894,0.5907356) (284.1163,242.5257,92.03891) (0.1779922,1.199355,0.03724703) (307.7699,334.6143,9.666282)
compute 13.322909817894(0.237428918480873,1.30259382724762,0.432498335838318) (0.3459895,1.290893,0.5088375) (296.8259,224.4128,104.5202) (0.1365564,1.1959,0.02613343) (309.0256,332.8506,10.04491)
compute 10.4808380882995(0.148409262299538,1.3183661699295,0.379474461078644) (0.2374289,1.302594,0.4324983) (305.3931,213.9228,109.1479) (0.1036505,1.196198,0.01180731) (308.4284,334.0074,9.717851)
compute 8.73044481001835(0.0681914389133453,1.3411762714386,0.353650689125061) (0.1484093,1.318366,0.3794745) (308.9247,212.5324,108.0924) (0.07559378,1.196262,0.002571323) (307.7498,337.5228,7.403222)
compute 7.03390709797365(0.00355427688919008,1.36800110340118,0.346576035022736) (0.06819144,1.341176,0.3536507) (311.023,213.194,107.071) (0.0532301,1.206217,-0.001159615) (306.7508,339.1013,6.166184)
compute 6.44505338948221(-0.0571818761527538,1.38956022262573,0.346133649349213) (0.003554277,1.368001,0.346576) (315.6447,219.2866,105.2429) (0.03739094,1.209126,0.008604863) (306.4871,337.888,6.912196)
compute 5.40880502805778(-0.109877437353134,1.40008044242859,0.352299690246582) (-0.05718188,1.38956,0.3461336) (320.6895,220.9234,106.7653) (0.02291954,1.209247,0.02904571) (306.5316,333.0168,10.69052)
compute 4.74713893642133(-0.155466958880425,1.40135526657104,0.365471750497818) (-0.1098774,1.40008,0.3522997) (325.5443,221.256,110.3906) (0.009712331,1.204816,0.05834591) (307.7359,327.5087,14.89259)
compute 4.01207590334592(-0.19311398267746,1.40689754486084,0.37818631529808) (-0.155467,1.401355,0.3654718) (326.649,217.8225,113.9881) (-0.003007762,1.197848,0.08803156) (309.8193,325.462,15.4201)
compute 3.20338802328095(-0.22504398226738,1.40740692615509,0.380713194608688) (-0.193114,1.406898,0.3781863) (326.0196,212.1846,116.392) (-0.02774624,1.20034,0.1054617) (310.5455,325.6625,14.28835)
compute 3.22611827525065(-0.256927967071533,1.41081583499908,0.384259283542633) (-0.225044,1.407407,0.3807132) (325.2017,206.821,120.1242) (-0.05961321,1.20167,0.1155296) (309.6626,326.9169,13.08131)
compute 2.51415762652589(-0.280644476413727,1.41911494731903,0.385125756263733) (-0.256928,1.410816,0.3842593) (327.5616,198.6988,130.5201) (-0.08531058,1.208672,0.1228075) (309.7189,330.5512,9.367269)
compute 2.9967337689462(-0.292178004980087,1.4328488111496,0.409134089946747) (-0.2806445,1.419115,0.3851258) (329.5831,185.2227,146.0735) (-0.1063365,1.219117,0.1262448) (308.9601,333.0987,5.688755)
compute 18.4229053184896(-0.368681222200394,1.45911812782288,0.574656069278717) (-0.292178,1.432849,0.4091341) (301.43,223.0011,113.9082) (-0.1151831,1.217631,0.1291912) (308.5185,339.2983,0.8046742)
compute 14.1639846881485(-0.366709977388382,1.35653901100159,0.672305881977081) (-0.3686812,1.459118,0.5746561) (313.0111,298.1531,25.38919) (-0.1090309,1.206073,0.133938) (311.5533,351.607,356.2268)
compute 5.87448765130072(-0.327548801898956,1.33846342563629,0.632423102855682) (-0.36671,1.356539,0.6723059) (303.8451,278.2889,37.28711) (-0.09200789,1.207387,0.1336451) (313.2905,5.857272,353.6243)
compute 19.8118957835709(-0.17453733086586,1.33383965492249,0.506656527519226) (-0.3275488,1.338463,0.6324231) (303.5753,216.3591,116.7033) (-0.06635997,1.208218,0.1325162) (313.289,14.40403,348.2933)
compute 16.3238833896001(-0.0396328382194042,1.34171676635742,0.415083348751068) (-0.1745373,1.33384,0.5066565) (322.7583,197.2159,153.2481) (-0.0399687,1.20956,0.1333103) (313.0514,15.9046,348.0284)
compute 10.4142909458378(0.0471413917839527,1.39929449558258,0.414197862148285) (-0.03963284,1.341717,0.4150833) (324.2149,192.5618,166.0998) (-0.01044809,1.209466,0.1405499) (313.8765,19.66582,345.5791)
compute 15.0395205279991(0.0954516604542732,1.46116554737091,0.542481958866119) (0.04714139,1.399294,0.4141979) (297.0428,198.895,160.2862) (0.01317602,1.204083,0.1487453) (313.4537,19.02038,347.7266)
compute 12.5933852431701(0.101675376296043,1.40432560443878,0.654686331748962) (0.09545166,1.461166,0.542482) (287.175,324.0376,16.90488) (0.0323986,1.201041,0.1551083) (315.505,17.42078,349.2868)
compute 12.0624064098423(0.145608991384506,1.37308514118195,0.546778798103333) (0.1016754,1.404326,0.6546863) (291.2944,195.1514,154.6993) (0.04414744,1.199588,0.1586077) (315.213,18.3208,348.6038)
compute 8.37872641452134(0.222483158111572,1.36468076705933,0.514529228210449) (0.145609,1.373085,0.5467788) (307.0744,185.005,182.2155) (0.04875117,1.202749,0.1582086) (312.1496,17.51993,349.0018)
compute 16.5193719818873(0.281908929347992,1.3655401468277,0.668661653995514) (0.2224832,1.364681,0.5145292) (272.9352,33.23649,327.6271) (0.04227214,1.207931,0.145714) (306.2905,9.272136,352.9797)
compute 3.49230260516921(0.287480354309082,1.33107280731201,0.667900383472443) (0.2819089,1.36554,0.6686617) (288.247,35.24799,306.0704) (0.02145486,1.213661,0.1368167) (304.2036,0.41234,359.0517)
compute 15.2609633627653(0.192707076668739,1.34854602813721,0.549568593502045) (0.2874804,1.331073,0.6679004) (284.3366,195.851,149.4362) (0.008174125,1.213916,0.1326273) (305.5059,352.4062,4.036045)
compute 14.4665936689372(0.0895134434103966,1.35711717605591,0.44854462146759) (0.1927071,1.348546,0.5495686) (311.7654,206.1553,143.9649) (-0.005604096,1.209735,0.1272763) (306.6294,348.4728,5.678911)
compute 7.39355193308831(0.0225096978247166,1.36952686309814,0.419857352972031) (0.08951344,1.357117,0.4485446) (323.7389,204.1576,141.8129) (-0.01838524,1.203525,0.1211151) (307.1479,346.9778,6.236282)
compute 7.43080268734199(-0.0457466430962086,1.39647769927979,0.408178001642227) (0.0225097,1.369527,0.4198574) (325.7676,203.9055,137.4438) (-0.03636344,1.206062,0.1159459) (307.1736,345.7658,6.689144)
compute 6.24545768631369(-0.104141868650913,1.41850745677948,0.405884146690369) (-0.04574664,1.396478,0.408178) (324.6601,201.7178,136.6605) (-0.05657931,1.210436,0.1164258) (307.7067,346.4952,4.573059)
compute 6.06570501372324(-0.164212375879288,1.4268890619278,0.4051353931427) (-0.1041419,1.418507,0.4058841) (326.4576,197.1758,137.045) (-0.07735646,1.220426,0.1151675) (306.9022,347.2937,2.403058)
compute 6.69529503599274(-0.214418932795525,1.43135702610016,0.449203938245773) (-0.1642124,1.426889,0.4051354) (325.2159,195.0766,138.7655) (-0.09368916,1.220029,0.1118047) (306.6011,350.7773,358.9464)
compute 20.9936492272351(-0.270522803068161,1.42404317855835,0.651372671127319) (-0.2144189,1.431357,0.4492039) (300.1745,292.7245,37.77215) (-0.09684412,1.21743,0.1062376) (306.9361,355.5691,356.0814)
compute 4.86728839611867(-0.258866339921951,1.3778088092804,0.661148130893707) (-0.2705228,1.424043,0.6513727) (301.0515,306.5295,13.32498) (-0.09968314,1.216069,0.09886146) (308.0415,354.8321,357.829)
compute 13.9608775609804(-0.175368994474411,1.39350378513336,0.550366938114166) (-0.2588663,1.377809,0.6611481) (287.7523,250.6172,69.67481) (-0.09267238,1.215784,0.09414081) (307.5601,357.4288,356.1468)
compute 12.9099835871432(-0.0949067622423172,1.42757773399353,0.455332398414612) (-0.175369,1.393504,0.5503669) (310.2403,212.8306,135.8409) (-0.07567354,1.218127,0.09247968) (304.3944,1.966118,353.5005)
compute 8.91999039383927(-0.027948709204793,1.47569298744202,0.4213005900383) (-0.09490676,1.427578,0.4553324) (317.4458,207.4422,153.1878) (-0.05688791,1.218313,0.09136137) (303.1756,7.120979,349.9392)
compute 4.80496159225251(0.0130932107567787,1.50066328048706,0.420399934053421) (-0.02794871,1.475693,0.4213006) (319.8013,203.491,160.5059) (-0.04143599,1.21784,0.09270687) (301.7734,7.129442,350.7556)
compute 5.59830052716087(0.0230378527194262,1.5004745721817,0.475492268800735) (0.01309321,1.500663,0.4203999) (315.8984,206.4725,157.7786) (-0.02737503,1.214484,0.09512537) (300.9506,5.432924,352.9258)
compute 15.1583643748256(0.0226272139698267,1.47639644145966,0.625150799751282) (0.02303785,1.500475,0.4754923) (292.1286,264.8589,91.35043) (-0.01387212,1.211865,0.1001812) (302.2459,5.637121,354.0217)
compute 12.1146384960672(0.0178742166608572,1.38040411472321,0.698902606964111) (0.02262721,1.476396,0.6251508) (311.6078,304.5254,51.88771) (-0.003719076,1.212211,0.09890427) (304.0736,11.31416,350.7411)
compute 6.82122612865227(0.0537764690816402,1.33510887622833,0.66267716884613) (0.01787422,1.380404,0.6989026) (309.6119,305.8813,45.50729) (0.01089077,1.212204,0.09600219) (306.5652,22.15379,343.5455)
compute 14.8831063123854(0.151014730334282,1.36476767063141,0.553976833820343) (0.05377647,1.335109,0.6626772) (288.7795,267.3065,86.95768) (0.03569716,1.208209,0.09737523) (310.4461,33.45546,336.9918)
compute 15.9211902017382(0.280833095312119,1.39979565143585,0.468720376491547) (0.1510147,1.364768,0.5539768) (295.4528,189.8627,173.7504) (0.06208375,1.20593,0.1024076) (311.3625,35.74677,336.9913)
compute 12.3247473228271(0.397527396678925,1.42707562446594,0.439942210912704) (0.2808331,1.399796,0.4687204) (302.9474,169.6074,200.4734) (0.08908269,1.205535,0.111804) (310.3922,32.48391,338.9333)
compute 7.3132893261954(0.467152267694473,1.44943714141846,0.440814197063446) (0.3975274,1.427076,0.4399422) (304.944,165.0355,209.252) (0.11759,1.212113,0.1220196) (308.9569,28.86662,340.3517)
compute 4.68089356376667(0.513128161430359,1.4516509771347,0.449322581291199) (0.4671523,1.449437,0.4408142) (309.5144,170.2463,213.155) (0.1442166,1.221519,0.1339442) (307.3781,24.97785,342.2632)
compute 8.72744672018356(0.583465874195099,1.4377179145813,0.499075055122375) (0.5131282,1.451651,0.4493226) (307.7974,156.6972,226.9107) (0.1635621,1.222518,0.1485697) (307.0549,19.21749,344.6172)
compute 15.8366052293907(0.623468220233917,1.38017904758453,0.641092300415039) (0.5834659,1.437718,0.4990751) (314.7846,52.67913,282.8013) (0.174014,1.218654,0.1590738) (308.4354,14.84531,345.7591)
compute 11.7700220303445(0.532091915607452,1.41011321544647,0.573212563991547) (0.6234682,1.380179,0.6410923) (297.2219,104.0525,250.0896) (0.177988,1.211388,0.1665779) (308.3903,13.5487,345.0428)
compute 20.8312690105133(0.349648416042328,1.45411801338196,0.482812762260437) (0.5320919,1.410113,0.5732126) (307.527,202.9448,168.2142) (0.180724,1.216518,0.1744597) (308.0656,12.43123,344.9898)
compute 9.43056652087684(0.282856523990631,1.52067971229553,0.484206467866898) (0.3496484,1.454118,0.4828128) (312.45,206.1292,163.9472) (0.1608606,1.229075,0.1793922) (307.1396,5.96413,348.7414)
compute 14.2426139844567(0.275354862213135,1.56237101554871,0.620187222957611) (0.2828565,1.52068,0.4842065) (282.7596,261.4625,102.5323) (0.122119,1.23304,0.184405) (308.1237,351.9681,359.3105)
compute 3.20455436701242(0.254428774118423,1.53937578201294,0.627948343753815) (0.2753549,1.562371,0.6201872) (273.6245,245.3677,108.6802) (0.09071848,1.224852,0.183028) (311.948,345.1671,2.230371)
compute 19.5604360845949(0.137160047888756,1.41000843048096,0.539782583713531) (0.2544288,1.539376,0.6279483) (317.8527,219.2674,133.6241) (0.06385597,1.212283,0.1807922) (313.5764,336.5909,7.874477)
compute 14.6264544889266(0.0971032455563545,1.35586166381836,0.66961669921875) (0.13716,1.410008,0.5397826) (313.5089,289.9372,57.59809) (0.03431603,1.206967,0.1694703) (314.8907,332.8347,8.679518)
compute 12.6569989533821(0.0473053008317947,1.33832514286041,0.554583668708801) (0.09710325,1.355862,0.6696167) (310.1107,248.2625,94.98621) (-0.001486458,1.20725,0.1581647) (313.3346,328.3956,11.54108)
compute 17.3620842550523(-0.0551466755568981,1.33055984973907,0.414628356695175) (0.0473053,1.338325,0.5545837) (326.7767,212.6886,119.74) (-0.03656326,1.209371,0.1517336) (315.7949,328.2633,10.82345)
compute 11.6043730139074(-0.161390751600266,1.37594175338745,0.425529181957245) (-0.05514668,1.33056,0.4146284) (323.8684,212.7252,114.9055) (-0.06577235,1.213749,0.1436888) (317.2693,324.9317,13.81041)
compute 16.9229150723816(-0.280866712331772,1.38652765750885,0.544910669326782) (-0.1613908,1.375942,0.4255292) (321.5225,247.5511,93.30742) (-0.09016658,1.21434,0.1331822) (317.788,325.5675,13.59036)
compute 8.98635093148066(-0.306198984384537,1.35317325592041,0.624416708946228) (-0.2808667,1.386528,0.5449107) (325.9645,280.1404,63.79676) (-0.1063303,1.214025,0.1097877) (314.0021,328.8783,9.872509)
compute 9.51532052396826(-0.258092612028122,1.34515058994293,0.542712688446045) (-0.306199,1.353173,0.6244167) (312.3349,255.647,68.49197) (-0.1098786,1.21567,0.08664612) (307.9065,336.1313,6.172766)
compute 11.5062357224435(-0.189405202865601,1.33383142948151,0.451097935438156) (-0.2580926,1.345151,0.5427127) (313.1187,217.3684,102.4169) (-0.1067085,1.218379,0.07329924) (305.599,342.9796,3.435254)
compute 7.54281119919634(-0.148823544383049,1.32378697395325,0.388315469026566) (-0.1894052,1.333831,0.4510979) (324.2096,203.7958,121.4899) (-0.1033897,1.218422,0.06527509) (306.2138,350.4589,0.5557979)
compute 4.09175525842607(-0.115538120269775,1.33875918388367,0.369817912578583) (-0.1488235,1.323787,0.3883155) (328.3166,202.8719,137.438) (-0.09382136,1.214224,0.07097173) (306.8484,0.06276091,354.334)
compute 8.77917833500868(-0.0422232709825039,1.38481724262238,0.384343266487122) (-0.1155381,1.338759,0.3698179) (321.8813,190.1279,157.0074) (-0.09109024,1.214921,0.08178547) (307.2784,2.297385,353.9872)
compute 13.3829888243627(0.0341362468898296,1.43672156333923,0.481222599744797) (-0.04222327,1.384817,0.3843433) (307.1276,177.7892,180.4587) (-0.08012903,1.214332,0.09677996) (309.5954,11.49215,348.1678)
compute 15.8742371792713(0.0883339121937752,1.43543720245361,0.630420804023743) (0.03413625,1.436722,0.4812226) (289.6834,43.3096,288.6699) (-0.05799502,1.214993,0.1017841) (311.6216,26.98481,340.5893)
compute 4.91145309971781(0.0767980441451073,1.40654861927032,0.592412769794464) (0.08833391,1.435437,0.6304208) (276.1086,77.27027,265.7849) (-0.05761942,1.208201,0.1012955) (310.8281,20.4377,346.1851)
compute 15.8304538711833(-0.00467185070738196,1.36841940879822,0.462147086858749) (0.07679804,1.406549,0.5924128) (302.3871,199.8844,149.5153) (-0.09711841,1.202199,0.106461) (310.2744,349.3913,5.58164)
compute 14.7406123579915(-0.110781036317348,1.32295286655426,0.370483577251434) (-0.004671851,1.368419,0.4621471) (331.7491,202.1049,141.4019) (-0.1392458,1.194684,0.09259711) (313.1316,319.0139,21.25233)
compute 12.2385870364974(-0.217346087098122,1.28883707523346,0.320902287960052) (-0.110781,1.322953,0.3704836) (345.4241,196.5029,133.4534) (-0.1589473,1.180997,0.08692425) (314.6714,310.447,23.52269)
compute 11.3730258409564(-0.329478681087494,1.27539265155792,0.307482123374939) (-0.2173461,1.288837,0.3209023) (345.3025,192.8974,124.9412) (-0.1833772,1.17561,0.08455323) (315.9567,307.4052,22.29463)
compute 11.9081074051791(-0.448269724845886,1.27345991134644,0.315560162067413) (-0.3294787,1.275393,0.3074821) (337.7235,195.8232,116.6593) (-0.2142167,1.176934,0.08696357) (317.1596,305.5117,18.54676)
compute 9.36154936425991(-0.539023399353027,1.27702963352203,0.338251322507858) (-0.4482697,1.27346,0.3155602) (328.5573,199.8538,110.5255) (-0.2548453,1.176547,0.09122489) (318.3602,302.5936,17.39416)
compute 6.21619853912553(-0.595906138420105,1.2966400384903,0.353868573904037) (-0.5390234,1.27703,0.3382513) (319.2769,196.5094,114.7905) (-0.2940362,1.172344,0.1146724) (319.4756,304.1481,14.56653)
compute 4.60951291905138(-0.628665924072266,1.32471299171448,0.370100229978561) (-0.5959061,1.29664,0.3538686) (316.9297,182.4724,131.9733) (-0.333715,1.168499,0.1482726) (319.9202,303.2927,12.6116)
compute 5.13380810879463(-0.65186208486557,1.36043453216553,0.398762196302414) (-0.6286659,1.324713,0.3701002) (321.8046,171.2547,148.7587) (-0.3668535,1.160323,0.1931314) (322.7948,300.5703,11.66614)
compute 12.2515938922503(-0.739914536476135,1.39827370643616,0.475084662437439) (-0.6518621,1.360435,0.3987622) (315.2885,179.643,143.8674) (-0.4032531,1.173571,0.2257504) (322.4891,297.0627,7.585423)
compute 21.8982799294807(-0.877123057842255,1.3102730512619,0.621314525604248) (-0.7399145,1.398274,0.4750847) (329.2945,275.8372,23.9927) (-0.419783,1.165009,0.2319497) (327.7655,300.1551,4.748344)
compute 6.57813801895108(-0.883438110351563,1.24484384059906,0.618798851966858) (-0.8771231,1.310273,0.6213145) (319.1584,275.1675,16.99265) (-0.4074666,1.164293,0.208436) (328.0738,303.3249,4.232527)
compute 11.0419592563946(-0.803525924682617,1.20338237285614,0.554865479469299) (-0.8834381,1.244844,0.6187989) (303.5448,277.2948,356.9678) (-0.3657842,1.161734,0.1650687) (327.4947,309.1595,4.48614)
compute 18.4948636669644(-0.647619605064392,1.17214322090149,0.460402071475983) (-0.8035259,1.203382,0.5548655) (287.6195,288.9282,331.9331) (-0.3076156,1.159674,0.1134304) (325.0053,321.083,3.119179)
compute 19.0703246491449(-0.486483156681061,1.16661834716797,0.358557820320129) (-0.6476196,1.172143,0.4604021) (277.3766,224.0724,39.87941) (-0.2563858,1.184032,0.07003873) (317.7952,341.5738,357.3354)
compute 16.5307664753033(-0.346653133630753,1.18290364742279,0.271903455257416) (-0.4864832,1.166618,0.3585578) (298.5221,179.9234,101.9132) (-0.2245694,1.206569,0.0348956) (311.5642,357.2489,351.6349)
compute 9.87538769717938(-0.257298558950424,1.20897901058197,0.238916128873825) (-0.3466531,1.182904,0.2719035) (314.1718,183.3259,120.072) (-0.2172543,1.213979,0.018399) (311.031,4.799537,349.65)
compute 7.51714347677507(-0.192956149578094,1.24635517597198,0.249584838747978) (-0.2572986,1.208979,0.2389161) (317.8819,189.7431,134.0613) (-0.2095543,1.215096,0.01196538) (309.932,16.52345,345.1245)
compute 8.04238578017594(-0.127596318721771,1.28654098510742,0.273692727088928) (-0.1929561,1.246355,0.2495848) (317.3606,193.5153,147.7245) (-0.1935853,1.214497,0.01029278) (311.0883,27.7168,338.4469)
compute 9.36045846078184(-0.035481832921505,1.30021977424622,0.283160090446472) (-0.1275963,1.286541,0.2736927) (315.5168,185.6573,168.4363) (-0.1692135,1.200723,0.03521429) (319.2407,31.52483,340.2259)
compute 10.4363588057359(0.053863886743784,1.26014983654022,0.319264113903046) (-0.03548183,1.30022,0.2831601) (316.1962,186.8845,179.1589) (-0.1314744,1.172884,0.05576271) (323.3885,32.97351,342.7397)
compute 12.4593291034063(0.144990801811218,1.24456417560577,0.402789324522018) (0.05386389,1.26015,0.3192641) (300.9346,187.2474,184.7012) (-0.08209841,1.158017,0.08168703) (325.4587,33.25452,344.0117)
compute 5.60412003535701(0.182469338178635,1.2592031955719,0.441797971725464) (0.1449908,1.244564,0.4027893) (299.7584,194.6986,179.7315) (-0.0329065,1.168644,0.09803307) (324.7289,34.84014,344.3828)
compute 16.330719160689(0.235572949051857,1.25053441524506,0.595986485481262) (0.1824693,1.259203,0.441798) (293.5558,354.9778,12.95047) (0.00883932,1.184543,0.1012654) (330.2789,39.31784,345.0721)
compute 11.658616581357(0.240508824586868,1.21282470226288,0.485777825117111) (0.2355729,1.250534,0.5959865) (276.1448,297.5961,61.24534) (0.04560168,1.162921,0.1003871) (339.0309,45.45314,344.3207)
compute 16.8879201355335(0.273041814565659,1.08628118038177,0.378780037164688) (0.2405088,1.212825,0.4857778) (288.2974,215.9819,164.9332) (0.07054912,1.126722,0.0960451) (346.7748,49.96328,344.4412)
compute 20.0593651417046(0.430293202400208,0.966672241687775,0.413471758365631) (0.2730418,1.086281,0.37878) (288.4036,137.7414,256.4098) (0.09890068,1.080288,0.09616405) (349.4492,51.76869,345.0125)
compute 15.2912329800019(0.548485338687897,0.924449801445007,0.500822007656097) (0.4302932,0.9666722,0.4134718) (294.3702,64.20758,331.9012) (0.1301471,1.055412,0.1115633) (341.2174,51.3924,342.8362)
compute 12.4090227432709(0.618833005428314,0.844398140907288,0.564393401145935) (0.5484853,0.9244498,0.500822) (334.2997,37.78157,333.5972) (0.1593683,1.042084,0.1318349) (338.2067,50.43333,341.909)
compute 4.89798137378462(0.654797911643982,0.872244477272034,0.546223938465118) (0.618833,0.8443981,0.5643934) (318.3805,47.77492,331.6757) (0.1942413,1.03519,0.1584024) (340.5634,51.56084,342.1834)
compute 15.3852962702083(0.627632975578308,0.968496978282928,0.429312616586685) (0.6547979,0.8722445,0.5462239) (291.225,176.7909,227.6946) (0.2443156,1.010455,0.190302) (342.6624,52.08461,341.3332)
compute 7.83135005893847(0.676351308822632,1.01171553134918,0.472806125879288) (0.627633,0.968497,0.4293126) (289.391,186.813,222.4369) (0.276397,0.9712296,0.2209388) (343.7497,47.73199,343.8109)
compute 17.4322670542389(0.758587062358856,0.930736780166626,0.603451132774353) (0.6763513,1.011716,0.4728061) (325.6685,37.69047,357.4163) (0.2883616,0.9560726,0.2333908) (349.527,46.72657,345.5226)
compute 4.38370702864559(0.753659546375275,0.893531441688538,0.580797851085663) (0.7585871,0.9307368,0.6034511) (311.3873,49.11473,340.0102) (0.2733928,1.01857,0.2227137) (346.7403,46.93343,343.4626)
compute 11.8156454744826(0.663879632949829,0.921599447727203,0.50929468870163) (0.7536595,0.8935314,0.5807979) (283.9991,69.20984,318.5522) (0.2286533,1.096907,0.2047011) (339.6397,42.65775,344.5386)
compute 13.958695991321(0.556373834609985,0.999102711677551,0.465473830699921) (0.6638796,0.9215994,0.5092947) (280.6415,176.2304,205.7493) (0.1774832,1.156103,0.1713734) (329.411,35.72531,346.2964)
compute 14.0850434028636(0.460040956735611,1.10073494911194,0.450317651033401) (0.5563738,0.9991027,0.4654738) (290.7678,192.3118,179.7128) (0.140167,1.188165,0.1367014) (319.6709,33.74845,345.0274)
compute 13.9132089898442(0.382778257131577,1.21592044830322,0.439339727163315) (0.460041,1.100735,0.4503177) (297.4431,188.2815,170.7269) (0.1093737,1.202115,0.1148565) (315.5215,32.18737,345.5076)
compute 8.74574144396157(0.346922695636749,1.29567587375641,0.437839567661285) (0.3827783,1.21592,0.4393397) (300.1126,179.4205,172.2966) (0.08394694,1.207795,0.1023801) (313.0413,30.64066,345.0961)
compute 6.10267662448154(0.327862411737442,1.34606182575226,0.466514080762863) (0.3469227,1.295676,0.4378396) (292.4711,174.2751,177.572) (0.06727803,1.207308,0.09718987) (317.6543,29.14747,346.4373)
compute 2.55301630945339(0.33603248000145,1.32649075984955,0.480727195739746) (0.3278624,1.346062,0.4665141) (298.448,182.231,188.6006) (0.06412785,1.184397,0.1246787) (323.6607,29.60063,346.4119)
compute 14.4021783778138(0.386679470539093,1.2092741727829,0.547341227531433) (0.3360325,1.326491,0.4807272) (305.9071,188.8307,199.0674) (0.08500079,1.138656,0.1850141) (329.1225,30.81362,346.7724)
compute 27.8963339178887(0.495366990566254,1.06822562217712,0.762080311775208) (0.3866795,1.209274,0.5473412) (309.7779,19.37403,5.535764) (0.1314257,1.089524,0.2351208) (333.2068,31.8698,345.9499)
compute 7.61770210869551(0.551596641540527,1.02709150314331,0.731272041797638) (0.495367,1.068226,0.7620803) (303.9758,55.48607,323.2726) (0.1517916,1.100983,0.2501822) (330.5125,26.35571,347.6456)
compute 12.0445514260483(0.50679224729538,1.04878485202789,0.621594846248627) (0.5515966,1.027092,0.731272) (282.1661,154.3504,221.1161) (0.159254,1.157616,0.2532045) (322.8892,16.22728,352.0644)
compute 11.6422514956303(0.452642410993576,1.11381340026855,0.541636824607849) (0.5067922,1.048785,0.6215948) (300.815,183.7299,181.6629) (0.1454252,1.197837,0.2034023) (311.8304,3.178091,355.5732)
compute 14.2803208302126(0.369839042425156,1.20418465137482,0.468360662460327) (0.4526424,1.113813,0.5416368) (318.9014,192.277,161.4738) (0.1462515,1.213327,0.1538621) (303.7767,349.8091,1.44824)
compute 10.3117043465219(0.31285297870636,1.28080785274506,0.429442822933197) (0.369839,1.204185,0.4683607) (322.6176,186.6786,152.7282) (0.1434554,1.212643,0.1329808) (302.4127,345.3551,2.90797)
compute 6.42545369357166(0.27136105298996,1.32986807823181,0.429842889308929) (0.312853,1.280808,0.4294428) (317.0994,186.5602,150.6098) (0.1269751,1.207427,0.1190787) (300.5206,342.8055,4.029744)
compute 3.64384941246354(0.241907149553299,1.35018467903137,0.436732530593872) (0.2713611,1.329868,0.4298429) (309.7998,184.5732,147.486) (0.08563015,1.208237,0.112259) (302.2703,333.4717,9.838529)
compute 2.6319449139137(0.216864854097366,1.34307098388672,0.432860553264618) (0.2419071,1.350185,0.4367325) (311.9837,177.6479,149.353) (0.05305025,1.205853,0.1142082) (308.1442,320.6424,16.37232)
compute 3.38679448306897(0.195321127772331,1.32154023647308,0.418050676584244) (0.2168649,1.343071,0.4328606) (308.7078,164.8784,139.8889) (0.0279115,1.203439,0.1156752) (315.6154,310.7241,19.49434)
compute 3.86551593550254(0.169737502932549,1.29312813282013,0.412354022264481) (0.1953211,1.32154,0.4180507) (303.5804,166.9897,124.6363) (0.01389795,1.200745,0.1170234) (322.6066,306.4774,18.31682)
compute 4.23257899319815(0.140745416283607,1.26236021518707,0.414419621229172) (0.1697375,1.293128,0.412354) (296.4609,175.9438,109.9046) (0.009878665,1.197024,0.1161462) (327.4414,305.6917,16.07786)
compute 3.63683428933569(0.118709571659565,1.23567938804626,0.425609409809113) (0.1407454,1.26236,0.4144196) (281.0844,167.2262,104.6583) (0.01346613,1.193465,0.1142324) (330.0191,306.946,14.32575)
compute 5.01621769611046(0.0937630534172058,1.20297729969025,0.454323321580887) (0.1187096,1.235679,0.4256094) (273.5051,17.85559,244.0591) (0.01766466,1.189762,0.1175572) (333.4791,308.7367,13.04087)
compute 5.94295624085952(0.0539079904556274,1.15959346294403,0.462152093648911) (0.09376305,1.202977,0.4543233) (276.7968,257.0065,23.46413) (0.01618908,1.184135,0.1217225) (337.4392,309.9219,12.18067)
compute 5.17025613484147(0.0353357158601284,1.11244893074036,0.472429186105728) (0.05390799,1.159593,0.4621521) (275.6336,270.1708,8.196974) (0.01243733,1.181877,0.1306881) (340.0655,312.8745,10.97489)
compute 6.815600355318(-0.00261273980140686,1.05652928352356,0.481269359588623) (0.03533572,1.112449,0.4724292) (286.0821,311.6834,300.0943) (0.009059034,1.180963,0.1409484) (340.9312,315.8837,9.504369)
compute 6.48584794741929(-0.0379941314458847,1.00276005268097,0.473291307687759) (-0.00261274,1.056529,0.4812694) (293.5893,300.9734,307.2501) (0.007912368,1.181284,0.153669) (342.0241,319.8188,7.218258)
compute 5.75445262055505(-0.0486440137028694,0.950275361537933,0.452236384153366) (-0.03799413,1.00276,0.4732913) (298.0435,299.093,304.5992) (0.00388819,1.180577,0.1741836) (344.5992,330.2784,4.307376)
compute 4.41788501300023(-0.0456351339817047,0.909349620342255,0.435871750116348) (-0.04864401,0.9502754,0.4522364) (301.1045,301.4576,297.5256) (0.007383972,1.175281,0.1889419) (348.5977,344.4808,0.1635355)
compute 3.41612471517046(-0.0292662773281336,0.887626051902771,0.415204435586929) (-0.04563513,0.9093496,0.4358718) (301.1785,301.4438,297.2354) (0.009203792,1.163647,0.1919141) (353.3979,356.6613,359.4058)
compute 2.69405962458491(-0.0155340535566211,0.869785964488983,0.400407373905182) (-0.02926628,0.8876261,0.4152044) (302.0833,311.154,292.9541) (0.004944727,1.152826,0.1884521) (357.1175,6.627794,359.0907)
compute 2.94714539750008(-0.0104978075250983,0.843351721763611,0.388389319181442) (-0.01553405,0.869786,0.4004074) (308.0489,321.7292,291.0402) (0.00596469,1.143831,0.1781) (0.7302824,14.74728,358.8688)
compute 2.91526718110311(0.00163692119531333,0.821206510066986,0.373821675777435) (-0.01049781,0.8433517,0.3883893) (313.5112,334.9539,285.1479) (0.007191605,1.14618,0.1666994) (1.642467,20.251,357.7023)
compute 3.42642940969476(0.0165601409971714,0.791283488273621,0.366341561079025) (0.001636921,0.8212065,0.3738217) (318.5414,341.9347,281.747) (0.01280605,1.154567,0.1624863) (1.112116,21.66626,357.6932)
compute 1.98794343206928(0.0342836454510689,0.782927274703979,0.369694620370865) (0.01656014,0.7912835,0.3663416) (320.3564,343.3132,283.9433) (0.02331799,1.158422,0.1618013) (0.05571429,19.47058,357.3762)
compute 2.09261250630806(0.0454968810081482,0.799517214298248,0.375772446393967) (0.03428365,0.7829273,0.3696946) (318.5995,340.8156,283.5164) (0.03796294,1.162249,0.1662694) (357.778,13.82143,359.1806)
compute 0.852903937976707(0.0428727045655251,0.805642247200012,0.381096184253693) (0.04549688,0.7995172,0.3757724) (317.053,330.0874,286.1428) (0.05359238,1.165964,0.1710927) (355.282,4.677101,1.118501)
compute 1.60547449756509(0.0320576131343842,0.793852865695953,0.37975487112999) (0.0428727,0.8056422,0.3810962) (318.4176,319.154,290.5374) (0.06747673,1.167881,0.1760225) (353.4925,356.6697,1.701496)
compute 2.4951816344794(0.017267158254981,0.778495192527771,0.366794258356094) (0.03205761,0.7938529,0.3797549) (321.7988,313.0628,289.6346) (0.08230016,1.167171,0.1824093) (352.6197,350.5121,2.806401)
compute 3.14187243762687(0.0126009006053209,0.747959852218628,0.361053586006165) (0.01726716,0.7784952,0.3667943) (330.3026,315.9486,282.7589) (0.08321884,1.166911,0.1890089) (352.3781,345.8636,3.385693)
compute 2.46532332359876(0.0140418456867337,0.723537623882294,0.36409667134285) (0.0126009,0.7479599,0.3610536) (334.4042,320.2361,281.2087) (0.0809323,1.164026,0.1908679) (353.4716,341.8757,2.563818)
compute 2.27049854954189(0.0219319779425859,0.743985593318939,0.370024800300598) (0.01404185,0.7235376,0.3640967) (323.7637,324.771,287.007) (0.07297076,1.163469,0.1818061) (353.6072,338.6594,1.882996)
compute 4.39088928869649(0.0378577522933483,0.78487229347229,0.371649116277695) (0.02193198,0.7439856,0.3700248) (309.3042,334.271,285.5518) (0.06385195,1.163597,0.1680129) (351.9796,337.5169,1.323134)
compute 2.95112441658883(0.0391645878553391,0.813919723033905,0.366604059934616) (0.03785775,0.7848723,0.3716491) (301.2912,335.4747,292.3693) (0.05748734,1.172713,0.1570775) (350.5905,336.5603,1.622527)
compute 1.39935697775114(0.0283997114747763,0.822852373123169,0.366223007440567) (0.03916459,0.8139197,0.3666041) (303.044,335.0419,291.503) (0.05105351,1.173049,0.1482429) (350.4394,335.1713,2.080226)
compute 0.744755055772231(0.0248597003519535,0.821334302425385,0.37259715795517) (0.02839971,0.8228524,0.366223) (309.7424,339.7669,281.8921) (0.04907162,1.172736,0.1420454) (349.9093,334.343,1.940213)
compute 1.43179256703331(0.031333152204752,0.819050550460815,0.385162264108658) (0.0248597,0.8213343,0.3725972) (314.2366,347.7312,272.2681) (0.05253991,1.173073,0.1389768) (349.6995,336.9326,1.765362)
compute 0.935702069876447(0.0397313944995403,0.822371184825897,0.387611091136932) (0.03133315,0.8190506,0.3851623) (310.3715,347.6558,275.5863) (0.05584036,1.172291,0.1382312) (349.2074,337.8532,0.8217391)
compute 0.826189178713483(0.047989834100008,0.822547495365143,0.387450009584427) (0.03973139,0.8223712,0.3876111) (306.0555,345.9965,279.4022) (0.05578573,1.175259,0.1358651) (347.8912,335.0253,1.91469)
compute 2.01605018772851(0.046795230358839,0.836530566215515,0.372976154088974) (0.04798983,0.8225475,0.38745) (301.3864,340.1947,285.9414) (0.04857597,1.178564,0.1282523) (347.5859,327.5719,3.11577)
compute 2.15952323671105(0.0435046032071114,0.850837469100952,0.357138276100159) (0.04679523,0.8365306,0.3729762) (299.1315,335.54,289.2369) (0.04226023,1.180756,0.1181258) (348.1968,317.7782,3.692859)
compute 1.17569822008235(0.038130410015583,0.861233592033386,0.356013417243958) (0.0435046,0.8508375,0.3571383) (300.2814,336.4706,284.5349) (0.04169078,1.180344,0.1097857) (349.0648,310.7384,4.561735)
compute 1.26265555626106(0.0371997281908989,0.873031616210938,0.36041459441185) (0.03813041,0.8612336,0.3560134) (299.5502,336.7507,283.5534) (0.04182532,1.181577,0.1063973) (349.7029,307.6092,4.84214)
compute 1.61026715028623(0.038130521774292,0.884895026683807,0.371263056993485) (0.03719973,0.8730316,0.3604146) (297.8179,339.9464,279.4131) (0.0420427,1.181487,0.1061961) (349.5164,306.3433,4.922087)
compute 1.59401248138762(0.0368257611989975,0.899075031280518,0.378426343202591) (0.03813052,0.884895,0.3712631) (296.2022,343.0279,275.671) (0.04209258,1.181587,0.1065212) (349.1026,305.683,5.037818)
compute 1.02317255001701(0.038356576114893,0.907180309295654,0.384480208158493) (0.03682576,0.899075,0.3784263) (294.9622,348.9345,270.0216) (0.04153046,1.18245,0.105538) (348.826,306.8972,4.906955)
compute 0.988579977657911(0.0451435968279839,0.909453928470612,0.39129900932312) (0.03835658,0.9071803,0.3844802) (294.6629,356.6031,263.8258) (0.03905529,1.182633,0.1101471) (348.4641,309.8948,4.222526)
compute 1.63653622450967(0.0606595017015934,0.913548648357391,0.394510716199875) (0.0451436,0.9094539,0.391299) (293.2661,5.701735,257.9374) (0.03448597,1.184653,0.1165351) (347.8778,315.5166,3.196733)
compute 2.33614174948168(0.0790797770023346,0.927592813968658,0.391475796699524) (0.0606595,0.9135486,0.3945107) (291.954,16.53318,251.9588) (0.03606956,1.185301,0.1228126) (347.7408,324.0521,2.066197)
compute 2.73240910876915(0.102670252323151,0.938693165779114,0.383297920227051) (0.07907978,0.9275928,0.3914758) (289.4213,29.0517,246.754) (0.04336238,1.186788,0.1256916) (346.3708,333.2477,1.082897)
compute 2.6276063025591(0.125604331493378,0.941120743751526,0.370705604553223) (0.1026703,0.9386932,0.3832979) (285.6286,36.86708,248.0343) (0.04914579,1.188185,0.1229556) (344.9111,340.4464,0.3991512)
compute 2.37943920944962(0.146842837333679,0.935671389102936,0.361464202404022) (0.1256043,0.9411207,0.3707056) (285.2184,35.34836,257.3505) (0.05123934,1.188569,0.1182524) (344.7267,346.2213,0.04168947)
compute 1.90161175121987(0.16108749806881,0.928851723670959,0.350872009992599) (0.1468428,0.9356714,0.3614642) (287.1285,33.32333,262.8848) (0.05103437,1.187245,0.1155648) (344.9258,351.3781,359.9505)
compute 1.39157759513038(0.17194589972496,0.923757433891296,0.34381565451622) (0.1610875,0.9288517,0.350872) (289.3878,33.77651,264.6753) (0.04986072,1.185559,0.1152649) (344.8142,355.7323,-0.004623479)
compute 0.948165302853278(0.181202828884125,0.921934604644775,0.342873156070709) (0.1719459,0.9237574,0.3438157) (290.7742,36.415,263.8315) (0.05165488,1.182666,0.1168642) (344.2817,359.1637,359.6393)
compute 0.815572940549554(0.189336240291595,0.922047138214111,0.343465507030487) (0.1812028,0.9219346,0.3428732) (291.5895,38.9695,262.8235) (0.05322912,1.181605,0.1199079) (343.9286,1.737864,359.2887)
compute 0.867178429004147(0.196059793233871,0.920045018196106,0.348563075065613) (0.1893362,0.9220471,0.3434655) (292.442,40.7631,262.0738) (0.05528204,1.181369,0.1212416) (343.698,2.59582,359.2326)
compute 0.405457610150103(0.197000235319138,0.91763174533844,0.3516825735569) (0.1960598,0.920045,0.3485631) (292.7676,41.36647,261.6891) (0.05689295,1.182347,0.1227496) (343.0573,1.750455,359.2079)
compute 0.314994738576316(0.197004050016403,0.914726197719574,0.352899104356766) (0.1970002,0.9176317,0.3516826) (292.7773,40.95145,261.6057) (0.05640966,1.183077,0.1250884) (342.3683,358.3717,359.475)
compute 0.313701750211073(0.197539180517197,0.912289142608643,0.354800492525101) (0.1970041,0.9147262,0.3528991) (292.581,40.87041,261.3344) (0.05086488,1.185887,0.1273538) (341.501,351.4424,0.3540153)
compute 0.243103037294271(0.197224289178848,0.914384007453918,0.355993092060089) (0.1975392,0.9122891,0.3548005) (292.1714,40.69356,260.4252) (0.04674573,1.184374,0.1273264) (342.7729,345.463,1.680759)
compute 0.484789410621922(0.195038318634033,0.91826343536377,0.357909768819809) (0.1972243,0.914384,0.3559931) (290.7849,40.72474,259.667) (0.04564451,1.183501,0.1266306) (344.0098,345.5306,2.877303)
compute 0.487634737637122(0.193238094449043,0.91847813129425,0.362436562776566) (0.1950383,0.9182634,0.3579098) (290.7477,40.11934,259.1744) (0.04963455,1.182447,0.1283138) (344.0648,346.2903,1.911373)
compute 0.395912875800703(0.189476206898689,0.919190347194672,0.363444358110428) (0.1932381,0.9184781,0.3624366) (290.8892,39.29105,259.5105) (0.05034804,1.183299,0.129069) (343.6764,345.7391,1.883583)
compute 0.208595615072452(0.187802210450172,0.918022274971008,0.363873958587646) (0.1894762,0.9191903,0.3634444) (291.3688,38.71106,259.8258) (0.0509444,1.183877,0.1291136) (343.95,345.4976,2.226431)
compute 0.601988348816457(0.187712371349335,0.9121173620224,0.36504140496254) (0.1878022,0.9180223,0.363874) (292.8082,37.24627,260.959) (0.05210465,1.183557,0.1290674) (344.5062,344.5823,2.167321)
compute 0.0975298065896479(0.187171965837479,0.911422729492188,0.365461707115173) (0.1877124,0.9121174,0.3650414) (292.8604,36.60258,261.8457) (0.05317283,1.183721,0.126905) (344.6857,343.6521,1.78158)
compute 0.0587069930000606(0.186687424778938,0.911732792854309,0.365578889846802) (0.187172,0.9114227,0.3654617) (292.7972,36.41685,261.9542) (0.05369094,1.18408,0.1253847) (344.8929,343.2009,1.912684)
compute 0.0845714007696277(0.186016380786896,0.91208428144455,0.365954905748367) (0.1866874,0.9117328,0.3655789) (292.3147,35.12243,262.3017) (0.05507743,1.183891,0.124556) (345.1026,343.2128,1.673136)
compute 1.01601225095077(0.179482087492943,0.919848620891571,0.365458786487579) (0.1860164,0.9120843,0.3659549) (291.4564,33.87073,262.8808) (0.05668925,1.183818,0.1238196) (345.5362,343.8611,1.274469)
compute 0.476523403473915(0.177690282464027,0.924237668514252,0.364975929260254) (0.1794821,0.9198486,0.3654588) (291.1367,34.06838,262.3843) (0.05935344,1.184052,0.1237776) (345.8117,344.8801,1.00856)
compute 0.0990032094307004(0.177985429763794,0.925155460834503,0.364750742912292) (0.1776903,0.9242377,0.3649759) (290.6603,35.00505,261.2854) (0.06152328,1.183628,0.1248166) (345.8325,346.556,0.4523157)
compute 0.12483565652248(0.178305342793465,0.92632269859314,0.36444479227066) (0.1779854,0.9251555,0.3647507) (290.454,35.4752,260.9635) (0.06327243,1.183442,0.1264022) (345.8577,348.8405,0.09606237)
compute 0.305034615159251(0.178352490067482,0.92826771736145,0.362095475196838) (0.1783053,0.9263227,0.3644448) (290.3085,36.01085,261.0269) (0.06500032,1.183594,0.1276011) (346.149,351.2298,359.9908)
compute 0.286794203008213(0.178733468055725,0.929256319999695,0.359430402517319) (0.1783525,0.9282677,0.3620955) (290.2995,36.60818,261.6292) (0.06560025,1.182816,0.1292463) (346.5703,353.5536,359.4048)
compute 0.78274654074308(0.186492443084717,0.928224623203278,0.359374493360519) (0.1787335,0.9292563,0.3594304) (290.7574,37.61892,262.5993) (0.06624285,1.182421,0.1299938) (346.9423,355.8983,359.2012)
compute 0.81485562154568(0.193279936909676,0.923732459545136,0.358988016843796) (0.1864924,0.9282246,0.3593745) (290.774,39.01582,262.8358) (0.06772716,1.181048,0.1308233) (347.5323,358.1678,359.3445)
compute 0.463320456352446(0.196518421173096,0.921016812324524,0.357089579105377) (0.1932799,0.9237325,0.358988) (290.6527,39.12099,263.4564) (0.06715624,1.178494,0.1320304) (348.4135,359.7692,359.7244)
compute 0.613257959443534(0.194269448518753,0.921578109264374,0.351411938667297) (0.1965184,0.9210168,0.3570896) (290.7181,38.49386,264.5448) (0.06503217,1.17536,0.1345558) (351.142,359.8875,0.5206694)
Average= 6.69067899417351
Max= 36.0025392470532
Standard Deviation= 6.33867704764258
Right: 17    Wrong: 4
0
