compute 31.6016352579987(0.030615022405982,0.461116790771484,0.333533555269241) (0.3031664,0.610119,0.275392) (328.7856,335.7558,12.41508) (-0.01839988,0.9877252,0.006490515) (359.4805,359.2042,5.37121)
compute 0.144004709106295(0.0311711020767689,0.460166573524475,0.334461778402328) (0.03061502,0.4611168,0.3335336) (328.6372,335.9129,12.24714) (-0.01898356,0.9907942,0.007488587) (356.0899,358.727,6.087084)
compute 0.491461929522146(0.0360688380897045,0.459853440523148,0.334201753139496) (0.0311711,0.4601666,0.3344618) (327.1228,337.8848,10.41313) (-0.0200101,0.9894803,0.007360184) (355.6284,358.8227,6.589849)
compute 0.663492726591732(0.0402937047183514,0.454768449068069,0.334763556718826) (0.03606884,0.4598534,0.3342018) (326.6259,339.7221,8.787762) (-0.02120316,0.988652,0.005083383) (354.9701,359.0738,6.672318)
compute 0.449933570395592(0.0403108522295952,0.450635462999344,0.336541801691055) (0.0402937,0.4547684,0.3347636) (326.576,340.3481,8.334346) (-0.02199539,0.9877604,0.001367235) (354.3436,359.4537,6.327089)
compute 0.110179598087653(0.0398050583899021,0.4498111307621,0.337069630622864) (0.04031085,0.4506355,0.3365418) (326.5576,340.073,8.654242) (-0.02279007,0.9869668,-0.001086107) (353.0982,0.7099793,6.319409)
compute 0.11180380761866(0.0386888422071934,0.449771285057068,0.337119460105896) (0.03980506,0.4498111,0.3370696) (326.5297,339.8098,8.979122) (-0.02165691,0.9902718,-0.002353444) (350.5359,1.524049,6.168166)
compute 0.0734553818180682(0.0380591750144959,0.449837446212769,0.337491899728775) (0.03868884,0.4497713,0.3371195) (326.4626,339.9795,8.942507) (-0.02321971,0.9921488,-0.003694161) (350.6736,0.5892931,6.93919)
compute 0.112506237126384(0.038330901414156,0.450352966785431,0.338454276323318) (0.03805918,0.4498374,0.3374919) (326.2825,340.7039,8.466825) (-0.02651356,0.9784292,-0.004867955) (357.8872,359.557,9.132071)
compute 0.199968935111584(0.0387737639248371,0.452216774225235,0.339027732610703) (0.0383309,0.450353,0.3384543) (326.2459,340.8564,8.346049) (-0.03018493,0.9684867,0.003378675) (4.852403,358.9807,9.225078)
compute 0.346484573857669(0.0401918441057205,0.455364197492599,0.338731199502945) (0.03877376,0.4522168,0.3390277) (326.1291,340.7594,8.633865) (-0.03058006,0.9587447,0.01276174) (11.49337,359.2906,8.602245)
compute 0.331278642777966(0.0412845760583878,0.458456784486771,0.338266015052795) (0.04019184,0.4553642,0.3387312) (326.1252,340.5563,9.0278) (-0.03081681,0.957165,0.02680888) (13.86575,359.6371,7.832847)
compute 0.502211588203353(0.0433361530303955,0.462880671024323,0.33706521987915) (0.04128458,0.4584568,0.338266) (326.2735,340.9694,8.496031) (-0.02875276,0.9577073,0.04261714) (16.36093,1.67074,7.503583)
compute 1.04991635531553(0.0477455705404282,0.471683830022812,0.333419144153595) (0.04333615,0.4628807,0.3370652) (326.7586,344.3364,4.029285) (-0.02044849,0.9531983,0.06796978) (19.58987,9.037621,8.021821)
compute 0.58943549715023(0.0491560325026512,0.477296590805054,0.332300692796707) (0.04774557,0.4716838,0.3334191) (327.777,346.5996,359.6678) (-0.006456103,0.9443023,0.09724323) (23.08023,16.03784,9.379284)
compute 0.3405579078486(0.0504450686275959,0.480448782444,0.332307249307632) (0.04915603,0.4772966,0.3323007) (329.6223,347.169,357.9443) (0.002670117,0.935433,0.1266983) (26.10073,20.17781,10.35426)
compute 2.24335373020484(0.0716823413968086,0.487613052129745,0.333263844251633) (0.05044507,0.4804488,0.3323072) (331.4832,353.611,347.3732) (0.01061306,0.9270448,0.1634307) (26.20812,21.35186,10.30512)
compute 5.84106994662297(0.128479763865471,0.49014800786972,0.346659243106842) (0.07168234,0.4876131,0.3332638) (332.514,5.539904,333.4723) (0.02343044,0.9124063,0.2122439) (26.25336,21.22143,10.52491)
compute 8.13811077021234(0.184731885790825,0.452488154172897,0.391829133033752) (0.1284798,0.490148,0.3466592) (335.6357,12.11549,330.8186) (0.03877456,0.8930589,0.2546522) (26.81413,21.60636,11.03669)
compute 11.1886371559595(0.229730933904648,0.394181072711945,0.476054608821869) (0.1847319,0.4524882,0.3918291) (343.9263,5.733104,345.2606) (0.05722755,0.8673699,0.3061358) (25.22284,21.45312,11.16747)
compute 13.1991927942068(0.294044584035873,0.372144103050232,0.589191675186157) (0.2297309,0.3941811,0.4760546) (340.5952,9.360354,345.414) (0.07442692,0.8290307,0.3529126) (24.86857,21.1741,11.47634)
compute 13.4664288096711(0.35118442773819,0.350929111242294,0.709272623062134) (0.2940446,0.3721441,0.5891917) (344.9074,14.67128,349.8318) (0.08632169,0.7934187,0.39406) (24.5048,19.62786,11.16102)
compute 8.89148990021177(0.36352214217186,0.3545181453228,0.797254204750061) (0.3511844,0.3509291,0.7092726) (342.66,14.6022,358.0163) (0.0921459,0.7605237,0.4215657) (24.02974,16.26928,9.081695)
compute 6.49653646183198(0.339802891016006,0.322375595569611,0.848486542701721) (0.3635221,0.3545181,0.7972542) (0.972588,12.5016,356.4816) (0.09568204,0.7389525,0.4279262) (23.74147,14.44574,5.931767)
compute 8.0312254572271(0.286039024591446,0.265751242637634,0.829693257808685) (0.3398029,0.3223756,0.8484865) (18.50531,2.723286,349.5204) (0.09395926,0.7370437,0.4196379) (25.06292,14.12431,4.73446)
compute 7.9252891833168(0.26264101266861,0.215710029006004,0.772865176200867) (0.286039,0.2657512,0.8296933) (26.07369,358.1221,340.7209) (0.07947023,0.7629609,0.3883794) (26.69578,15.24487,5.524559)
compute 8.12513469892902(0.277438640594482,0.264148265123367,0.709331333637238) (0.262641,0.21571,0.7728652) (6.241141,13.72053,323.1763) (0.06314459,0.8091858,0.3577696) (23.12035,15.89478,6.16)
compute 14.5607796571558(0.243298560380936,0.360487699508667,0.605625987052917) (0.2774386,0.2641483,0.7093313) (351.2928,8.107243,325.6351) (0.03278056,0.8572798,0.3308336) (18.50441,12.41077,6.03383)
compute 11.9296146510314(0.175988748669624,0.398742109537125,0.514864981174469) (0.2432986,0.3604877,0.605626) (348.8616,352.4957,338.4538) (0.004673604,0.8829489,0.2989555) (25.5188,10.26157,7.119015)
compute 4.60069285453308(0.159189149737358,0.393964499235153,0.472302258014679) (0.1759887,0.3987421,0.514865) (354.2273,356.6984,326.1039) (0.03220463,0.8906258,0.2764693) (26.04071,29.61229,12.30274)
compute 6.66966285429517(0.22094689309597,0.383324444293976,0.495132297277451) (0.1591891,0.3939645,0.4723023) (2.472516,4.200246,328.0322) (0.06186889,0.8665704,0.2752643) (23.31686,38.96187,14.77127)
compute 16.6065755785475(0.380972385406494,0.371210485696793,0.537828087806702) (0.2209469,0.3833244,0.4951323) (355.7701,27.94839,348.1778) (0.09156786,0.8162381,0.3204291) (21.28076,40.51917,13.74506)
compute 17.2533030166552(0.526903092861176,0.332787841558456,0.621467649936676) (0.3809724,0.3712105,0.5378281) (357.4353,38.2038,2.007668) (0.1240294,0.7742379,0.3963245) (20.16482,38.13779,10.6386)
compute 13.1460989825522(0.622739136219025,0.30391451716423,0.706695437431335) (0.5269031,0.3327878,0.6214676) (0.587519,49.21759,6.569779) (0.1503561,0.7356272,0.4396113) (19.11206,32.78245,8.718725)
compute 5.02562728742092(0.645207822322845,0.276530563831329,0.742346107959747) (0.6227391,0.3039145,0.7066954) (1.801926,55.2267,13.83508) (0.1691621,0.7074969,0.4573612) (20.82341,31.59544,6.896058)
compute 20.4528359302244(0.479449093341827,0.166976153850555,0.790861308574677) (0.6452078,0.2765306,0.7423461) (26.45244,2.24741,15.14024) (0.175114,0.7031294,0.449366) (22.70751,32.75418,8.22753)
compute 15.3905774983579(0.334159195423126,0.173396989703178,0.740496575832367) (0.4794491,0.1669762,0.7908613) (14.34463,340.6683,358.444) (0.157886,0.7434048,0.4202067) (20.33233,27.778,6.229634)
compute 13.9316549189131(0.272767573595047,0.25581493973732,0.646435678005219) (0.3341592,0.173397,0.7404966) (359.5537,350.7814,333.7438) (0.1050757,0.8015906,0.3843962) (16.0552,15.32269,2.087076)
compute 13.1733188306898(0.224536508321762,0.311103284358978,0.537025451660156) (0.2727676,0.2558149,0.6464357) (343.826,358.0605,327.383) (0.04031895,0.8418959,0.3499524) (21.77975,353.7564,3.580903)
compute 10.1839026864635(0.152577713131905,0.296507030725479,0.466455847024918) (0.2245365,0.3111033,0.5370255) (353.8069,348.1929,337.1502) (-0.01687544,0.8751955,0.2928106) (23.40406,335.8085,2.807208)
compute 6.28632396517503(0.0941319093108177,0.305053055286407,0.444942116737366) (0.1525777,0.296507,0.4664558) (356.4055,346.3556,318.8381) (-0.04152866,0.8815325,0.2637482) (28.2588,334.0474,3.091928)
compute 5.74133803815166(0.0428333133459091,0.321613937616348,0.464702874422073) (0.09413191,0.3050531,0.4449421) (355.9619,333.1198,329.8629) (-0.06200232,0.8710431,0.2658484) (29.82954,345.2477,7.760613)
compute 6.6766702779245(0.0299543403089046,0.333944410085678,0.529044806957245) (0.04283331,0.3216139,0.4647029) (355.7564,336.448,332.2161) (-0.07241496,0.8447903,0.3098691) (28.746,355.0752,13.70686)
compute 15.3630663102143(-0.00944541115313768,0.333351880311966,0.677536189556122) (0.02995434,0.3339444,0.5290448) (353.2421,336.9057,341.0296) (-0.09560159,0.8038689,0.3906695) (24.54507,357.5844,15.24832)
compute 16.6959745780505(-0.0617151670157909,0.282190173864365,0.827622532844543) (-0.009445411,0.3333519,0.6775362) (359.1055,332.2581,349.7564) (-0.107674,0.7582103,0.4577964) (21.41251,356.3017,13.39258)
compute 14.6344459198737(-0.0220497380942106,0.219735771417618,0.953887343406677) (-0.06171517,0.2821902,0.8276225) (6.733815,354.5732,352.8178) (-0.1194305,0.7225188,0.4983751) (17.06811,351.4995,9.74575)
compute 4.77777508037814(-0.0215264167636633,0.171965315937996,0.954537868499756) (-0.02204974,0.2197358,0.9538873) (14.12779,350.455,349.2184) (-0.1298998,0.7118112,0.5040622) (20.47411,346.8153,5.689897)
compute 7.98471089810733(-0.0445934496819973,0.173394605517387,0.878108620643616) (-0.02152642,0.1719653,0.9545379) (8.033622,340.7122,333.3478) (-0.140222,0.7533526,0.4806134) (19.58993,346.466,9.851757)
compute 14.0025029126297(-0.0469292812049389,0.218633279204369,0.745613276958466) (-0.04459345,0.1733946,0.8781086) (3.712308,334.0668,331.7185) (-0.1502845,0.7979612,0.4022814) (21.02597,341.8474,11.77507)
compute 14.0003590942101(-0.0322669185698032,0.269446194171906,0.6159827709198) (-0.04692928,0.2186333,0.7456133) (3.639958,332.3223,326.3424) (-0.1504554,0.82901,0.3359508) (24.88912,338.1087,10.75628)
compute 8.17178192773479(-0.0247485637664795,0.298516005277634,0.539981305599213) (-0.03226692,0.2694462,0.6159828) (2.209065,329.4611,324.6089) (-0.1476853,0.8581346,0.2875898) (26.07302,335.953,10.23806)
compute 4.27302868103214(-0.0410261116921902,0.32561457157135,0.511230885982513) (-0.02474856,0.298516,0.5399813) (0.3479217,327.1652,322.8492) (-0.1413704,0.8712148,0.2561795) (27.31102,334.7198,11.13034)
compute 3.67048095924124(-0.0713789612054825,0.346167385578156,0.513109564781189) (-0.04102611,0.3256146,0.5112309) (356.9577,323.1983,322.4807) (-0.1413896,0.8810292,0.2460923) (26.42068,333.8858,9.698987)
compute 3.4861978286263(-0.103395856916904,0.358606308698654,0.519071877002716) (-0.07137896,0.3461674,0.5131096) (356.0145,319.2975,325.9909) (-0.1456199,0.8852377,0.2429046) (24.80941,332.0564,10.40125)
compute 2.89326151775464(-0.131657227873802,0.364525705575943,0.520902693271637) (-0.1033959,0.3586063,0.5190719) (354.8737,317.3026,324.2513) (-0.1493023,0.8955477,0.239235) (21.41818,328.9702,10.29286)
compute 2.69711556235036(-0.157911971211433,0.358357906341553,0.521202623844147) (-0.1316572,0.3645257,0.5209027) (354.6487,314.6564,325.8018) (-0.1613002,0.8940349,0.2359372) (24.65236,320.2846,10.96874)
compute 5.14517082889647(-0.208450824022293,0.351959437131882,0.513980269432068) (-0.157912,0.3583579,0.5212026) (355.2462,307.4997,328.3515) (-0.201253,0.8677588,0.2433821) (25.92012,308.1477,8.82246)
compute 8.73231302746259(-0.294162541627884,0.341256707906723,0.501163005828857) (-0.2084508,0.3519594,0.5139803) (359.8312,294.5571,335.3655) (-0.2573821,0.8111872,0.2714081) (28.89357,299.8981,8.733698)
compute 12.0698481897212(-0.408574312925339,0.309433788061142,0.479590505361557) (-0.2941625,0.3412567,0.501163) (1.309611,279.1113,344.9228) (-0.2927787,0.777573,0.3045528) (30.6683,299.4579,7.77083)
compute 14.9467020327016(-0.549799263477325,0.26586240530014,0.457287162542343) (-0.4085743,0.3094338,0.4795905) (4.904252,267.9089,350.6743) (-0.3416794,0.7445936,0.3438624) (29.4245,298.6968,3.18032)
compute 15.4784004716594(-0.697234511375427,0.237517014145851,0.419637799263) (-0.5497993,0.2658624,0.4572872) (4.98208,259.662,11.5082) (-0.3823429,0.7120376,0.3692161) (27.41335,297.6256,355.5343)
compute 10.7712926306019(-0.800419509410858,0.209908857941628,0.405755400657654) (-0.6972345,0.237517,0.4196378) (5.854345,265.5458,22.29469) (-0.410627,0.6887887,0.3796157) (24.71082,295.9985,347.5473)
compute 6.91152057631127(-0.817565321922302,0.147589206695557,0.381276965141296) (-0.8004195,0.2099089,0.4057554) (14.10827,266.2435,17.53832) (-0.4173992,0.6852714,0.3794468) (23.36056,294.5304,346.4785)
compute 4.01012640952138(-0.78860729932785,0.137685626745224,0.355364352464676) (-0.8175653,0.1475892,0.381277) (12.97111,257.4808,11.85796) (-0.3995504,0.7354402,0.3469681) (21.16748,293.6862,354.2071)
compute 8.59441606348195(-0.715987324714661,0.159964993596077,0.395568430423737) (-0.7886073,0.1376856,0.3553644) (11.18367,276.5169,349.1646) (-0.339195,0.7968491,0.3213014) (18.74561,298.8848,1.999154)
compute 13.3837772561384(-0.593406856060028,0.213687732815742,0.39490070939064) (-0.7159873,0.159965,0.3955684) (13.17987,276.774,342.3776) (-0.2632169,0.8422827,0.293799) (22.23634,318.3874,6.095647)
compute 13.8018456817154(-0.472959488630295,0.280253320932388,0.405414909124374) (-0.5934069,0.2136877,0.3949007) (9.585844,279.701,350.7183) (-0.1627328,0.8653201,0.2841112) (22.33665,359.2356,14.29628)
compute 12.5564876497054(-0.361399978399277,0.322017908096313,0.445123016834259) (-0.4729595,0.2802533,0.4054149) (7.287563,293.465,351.1261) (-0.105815,0.8924068,0.2427237) (16.09777,15.16687,18.36937)
compute 8.46918809868354(-0.282136350870132,0.332616806030273,0.473009496927261) (-0.3614,0.3220179,0.445123) (6.175823,304.1001,350.4078) (-0.09178558,0.9095906,0.2215136) (14.48631,15.07624,19.33142)
compute 5.75596161624726(-0.227565705776215,0.325989812612534,0.490075170993805) (-0.2821364,0.3326168,0.4730095) (5.409652,314.2044,347.3948) (-0.06910889,0.9060057,0.2221528) (22.22891,18.93779,16.30004)
compute 10.772807795061(-0.153051912784576,0.290523707866669,0.559322476387024) (-0.2275657,0.3259898,0.4900752) (14.49373,328.5087,334.074) (-0.03811584,0.8876857,0.2870245) (22.00548,20.52204,12.13644)
compute 22.6614770032277(0.0349903889000416,0.216913476586342,0.662161588668823) (-0.1530519,0.2905237,0.5593225) (27.37122,354.3247,335.2018) (0.01296055,0.8582382,0.3575852) (24.25266,25.05461,9.492385)
compute 27.5192158074871(0.298360139131546,0.158159971237183,0.716153562068939) (0.03499039,0.2169135,0.6621616) (28.53075,32.28042,346.7892) (0.06864245,0.8164065,0.4372323) (22.3649,28.17828,5.195914)
compute 19.2035513623534(0.481271296739578,0.171387121081352,0.773128926753998) (0.2983601,0.15816,0.7161536) (14.20216,50.03136,357.6537) (0.09543361,0.7745759,0.4931028) (19.32002,25.10961,5.935755)
compute 10.4596583409729(0.493673950433731,0.188360586762428,0.875591218471527) (0.4812713,0.1713871,0.7731289) (10.71387,31.52948,11.6135) (0.1199023,0.7384473,0.5288683) (18.62562,21.13985,4.690152)
compute 7.85891857440561(0.419535040855408,0.175868555903435,0.898474216461182) (0.493674,0.1883606,0.8755912) (19.46603,11.80839,3.633201) (0.1232992,0.7385771,0.5262282) (20.90761,21.14843,3.537688)
compute 7.8849625577325(0.358562380075455,0.170647442340851,0.848751604557037) (0.419535,0.1758686,0.8984742) (16.60606,8.661788,354.9814) (0.1072947,0.7800097,0.4934942) (18.30943,21.04686,3.856593)
compute 13.4337739098044(0.299779832363129,0.196974843740463,0.730861365795136) (0.3585624,0.1706474,0.8487516) (7.471968,3.142877,347.7428) (0.06580306,0.8298523,0.4336733) (14.99121,13.12798,3.641623)
compute 15.2070133726961(0.25246849656105,0.238316655158997,0.592377364635468) (0.2997798,0.1969748,0.7308614) (1.695792,1.737827,339.1153) (0.02312423,0.8777499,0.3651966) (13.53376,359.8378,4.448167)
compute 9.26408056809236(0.221537113189697,0.245995357632637,0.505391120910645) (0.2524685,0.2383167,0.5923774) (3.36254,3.455739,330.9296) (-0.03587697,0.9016019,0.2930368) (19.55771,332.8273,5.609809)
compute 3.74719304848294(0.19547988474369,0.25862929224968,0.48160982131958) (0.2215371,0.2459954,0.5053911) (7.179554,5.612678,326.1872) (-0.05451738,0.9146056,0.2289562) (22.73716,323.6451,0.2293543)
compute 4.72834314985123(0.164927035570145,0.291384369134903,0.496754169464111) (0.1954799,0.2586293,0.4816098) (6.40572,2.843812,328.0571) (-0.05647492,0.9215875,0.2181185) (24.20937,330.8437,6.804708)
compute 7.81512026032844(0.111300431191921,0.317370861768723,0.547316014766693) (0.164927,0.2913844,0.4967542) (1.714819,353.1882,329.5034) (-0.07875477,0.9177948,0.2212425) (23.29265,332.2385,9.496058)
compute 13.2800611621815(-0.014076211489737,0.326044917106628,0.590228259563446) (0.1113004,0.3173709,0.547316) (3.447758,331.6622,330.8554) (-0.1184325,0.9024858,0.2568678) (23.02702,331.5945,10.6408)
compute 16.4458090641825(-0.176730468869209,0.313250958919525,0.610877096652985) (-0.01407621,0.3260449,0.5902283) (8.799675,312.1451,332.7577) (-0.1804332,0.862254,0.3218815) (23.59799,326.4999,10.90135)
compute 18.182996639178(-0.351006090641022,0.270567446947098,0.640343427658081) (-0.1767305,0.313251,0.6108771) (9.117108,298.894,341.4075) (-0.2529756,0.8200611,0.373809) (23.24145,321.9196,9.504786)
compute 16.0512281829169(-0.495063424110413,0.207824811339378,0.673131227493286) (-0.3510061,0.2705674,0.6403434) (13.21778,299.2709,348.4229) (-0.3109217,0.7782066,0.4102283) (22.64269,316.2649,6.664295)
compute 10.7812728000678(-0.56413733959198,0.131039425730705,0.704056680202484) (-0.4950634,0.2078248,0.6731312) (23.12519,301.9756,0.0255645) (-0.3498589,0.7545523,0.4244727) (18.31432,305.6545,1.557037)
compute 3.62504957473093(-0.562337756156921,0.111133098602295,0.734299004077911) (-0.5641373,0.1310394,0.7040567) (24.54137,310.9233,352.5729) (-0.3568498,0.7545069,0.4123124) (18.12227,298.4343,359.9135)
compute 6.75874302211512(-0.551558971405029,0.145737081766129,0.677251279354095) (-0.5623378,0.1111331,0.734299) (11.88214,292.2788,350.2639) (-0.3367248,0.8040298,0.3609006) (16.70636,295.3636,3.777253)
compute 19.6501694432557(-0.432636737823486,0.242051765322685,0.553987741470337) (-0.551559,0.1457371,0.6772513) (356.1305,291.4806,334.4521) (-0.2652093,0.8616194,0.2938459) (15.55013,293.3343,7.638358)
compute 13.9712090341909(-0.332735270261765,0.291786372661591,0.469930410385132) (-0.4326367,0.2420518,0.5539877) (353.0058,287.4213,335.5917) (-0.2180628,0.8919007,0.2501189) (14.33387,299.2057,7.858199)
compute 11.0799633442254(-0.226955994963646,0.323489665985107,0.460863679647446) (-0.3327353,0.2917864,0.4699304) (355.5531,301.9841,334.1761) (-0.1454736,0.927654,0.2310795) (4.681337,338.39,9.457731)
compute 8.266376993277(-0.154445886611938,0.343390345573425,0.495208203792572) (-0.226956,0.3234897,0.4608637) (358.7328,320.2335,332.7464) (-0.08765004,0.9346533,0.2090491) (4.389555,5.219971,16.59768)
compute 4.33165974993073(-0.133864402770996,0.31721019744873,0.522908926010132) (-0.1544459,0.3433903,0.4952082) (13.9754,324.9536,332.1928) (-0.1088132,0.9225483,0.2161416) (13.82029,352.8991,21.73052)
compute 5.01866830410434(-0.183351948857307,0.317281186580658,0.531256437301636) (-0.1338644,0.3172102,0.5229089) (10.31462,316.5042,334.551) (-0.1862162,0.8779463,0.2298821) (23.05313,329.2387,16.97519)
compute 11.8206566475882(-0.298135250806808,0.28925758600235,0.534758508205414) (-0.1833519,0.3172812,0.5312564) (11.29056,307.4604,335.9146) (-0.2546038,0.8448138,0.2511924) (26.81566,310.603,13.42293)
compute 13.287974308487(-0.417414665222168,0.239292100071907,0.565301895141602) (-0.2981353,0.2892576,0.5347585) (13.82963,306.9807,329.6667) (-0.2973997,0.8128225,0.2922673) (28.93622,308.4045,13.43825)
compute 12.4618045447877(-0.513604760169983,0.198455005884171,0.633194863796234) (-0.4174147,0.2392921,0.5653019) (16.76107,311.9008,332.7911) (-0.3488468,0.7781773,0.3406859) (26.75668,309.0311,13.1735)
compute 9.81410993468816(-0.587538719177246,0.174842938780785,0.693260788917542) (-0.5136048,0.198455,0.6331949) (16.08687,305.2175,345.669) (-0.3932307,0.7409182,0.379409) (23.6744,304.6882,11.4194)
compute 3.04612035041974(-0.612408757209778,0.175653144717216,0.710830926895142) (-0.5875387,0.1748429,0.6932608) (15.2791,303.9502,341.7959) (-0.3987271,0.7341301,0.3891335) (23.54018,301.2144,8.893354)
compute 5.65157875041998(-0.603779077529907,0.182561069726944,0.655406713485718) (-0.6124088,0.1756531,0.7108309) (10.42118,287.9905,346.065) (-0.3802144,0.7689151,0.3786257) (23.56992,303.1283,11.36607)
compute 12.9109877329355(-0.497598856687546,0.207933112978935,0.586476445198059) (-0.6037791,0.1825611,0.6554067) (2.94443,290.4219,330.581) (-0.3043917,0.8310606,0.3437425) (21.40196,308.8555,13.68142)
compute 19.9021051363777(-0.310630351305008,0.251323044300079,0.53385066986084) (-0.4975989,0.2079331,0.5864764) (2.948488,296.9511,330.7311) (-0.2027006,0.8780155,0.2971241) (22.65272,322.9265,12.49569)
compute 18.2978723346929(-0.137341141700745,0.306808441877365,0.514526188373566) (-0.3106304,0.251323,0.5338507) (3.154902,310.7623,334.9553) (-0.07745399,0.9089343,0.2713239) (22.00299,7.286846,18.67964)
compute 15.4473605637199(0.00315521424636245,0.366732567548752,0.491461753845215) (-0.1373411,0.3068084,0.5145262) (6.187657,329.33,332.7914) (0.0326101,0.9311413,0.2117272) (18.34368,42.82956,24.89378)
compute 8.94186012836478(0.0839540734887123,0.405028432607651,0.490650355815887) (0.003155214,0.3667326,0.4914618) (6.922009,342.1722,330.1507) (0.04637593,0.9380898,0.2022168) (19.39592,40.16544,24.75793)
compute 1.13965833221123(0.0780975744128227,0.408135920763016,0.499920040369034) (0.08395407,0.4050284,0.4906504) (8.915269,339.4897,329.0924) (0.001041986,0.9216349,0.254513) (24.79536,9.460745,21.47903)
compute 9.62780001292955(-0.0105495890602469,0.380447566509247,0.525306820869446) (0.07809757,0.4081359,0.49992) (9.620809,332.0898,327.9384) (-0.08254965,0.8965076,0.290535) (27.58009,335.6994,15.59634)
compute 13.969078414121(-0.136244982481003,0.327366054058075,0.555249035358429) (-0.01054959,0.3804476,0.5253068) (11.63447,320.4452,328.458) (-0.1398467,0.8667535,0.3164106) (29.5771,318.4966,10.50356)
compute 11.3212813841776(-0.214648202061653,0.270299285650253,0.613673865795136) (-0.136245,0.3273661,0.555249) (13.93746,319.4758,329.367) (-0.1886853,0.8291496,0.365254) (31.39673,321.7641,12.67614)
compute 13.2330058344263(-0.234792649745941,0.210646614432335,0.73006546497345) (-0.2146482,0.2702993,0.6136739) (18.58907,333.1632,333.6422) (-0.2360057,0.7852935,0.4073968) (31.00872,329.9613,17.57025)
compute 11.8232831382656(-0.251882433891296,0.188460290431976,0.844933688640594) (-0.2347926,0.2106466,0.7300655) (14.56395,336.3121,342.4802) (-0.2755793,0.7477376,0.4417381) (26.72137,331.518,19.57283)
compute 5.22532873694058(-0.273773819208145,0.194154649972916,0.892037272453308) (-0.2518824,0.1884603,0.8449337) (14.06844,330.093,345.1406) (-0.2883583,0.7357946,0.4523693) (27.86427,330.3922,20.75758)
compute 3.23319513249858(-0.256887912750244,0.186583369970322,0.86552506685257) (-0.2737738,0.1941546,0.8920373) (16.84397,333.3604,349.9344) (-0.2869952,0.7701187,0.428769) (27.09423,330.9984,20.43771)
compute 12.1567880531184(-0.241163343191147,0.206960305571556,0.746713161468506) (-0.2568879,0.1865834,0.8655251) (11.02963,324.3192,343.8081) (-0.2551769,0.8288828,0.3808047) (16.885,339.5175,22.63204)
compute 22.7037823933939(-0.217147842049599,0.334969699382782,0.560748040676117) (-0.2411633,0.2069603,0.7467132) (1.040712,303.6017,341.087) (-0.207973,0.86465,0.3309867) (10.2711,348.9105,20.83998)
compute 15.4005763639061(-0.134676799178123,0.422400206327438,0.464455723762512) (-0.2171478,0.3349697,0.560748) (358.4626,309.8272,329.1083) (-0.1665971,0.9045795,0.2797967) (12.68487,0.9161646,23.57333)
compute 7.81729122375543(-0.0795226097106934,0.452696800231934,0.418075382709503) (-0.1346768,0.4224002,0.4644557) (0.7057514,315.7995,330.1582) (-0.0977814,0.9332497,0.227404) (17.32258,22.60084,21.03324)
compute 3.94912784296103(-0.0401005186140537,0.451511710882187,0.416061580181122) (-0.07952261,0.4526968,0.4180754) (3.425066,328.6991,322.8087) (-0.03710643,0.9310896,0.1754791) (20.96445,41.57808,26.05722)
compute 7.67094448307743(0.0265133008360863,0.450171262025833,0.454076588153839) (-0.04010052,0.4515117,0.4160616) (3.943283,347.1203,315.4347) (-0.004033856,0.9239577,0.1711653) (19.83662,41.97501,21.30199)
compute 10.2176632764108(0.11381308734417,0.416802138090134,0.495372027158737) (0.0265133,0.4501713,0.4540766) (8.255141,1.307502,307.1925) (0.01382897,0.9117332,0.1975258) (23.94675,39.31527,19.29039)
compute 14.3646565507501(0.242787510156631,0.35625234246254,0.513638317584991) (0.1138131,0.4168021,0.495372) (9.211153,18.72421,317.2512) (0.04541629,0.9004544,0.2513996) (25.84859,43.74309,16.14789)
compute 17.3206124750747(0.40681117773056,0.301904052495956,0.501685798168182) (0.2427875,0.3562523,0.5136383) (13.13725,39.66796,327.8454) (0.1312548,0.8791261,0.3224348) (26.22039,50.29691,14.26647)
compute 16.9909814089163(0.571904301643372,0.286366760730743,0.464642584323883) (0.4068112,0.3019041,0.5016858) (12.42477,58.22895,339.8488) (0.2137423,0.8497881,0.3818632) (26.24051,57.80313,13.98208)
compute 12.8888690606526(0.696862578392029,0.268466860055923,0.438617259263992) (0.5719043,0.2863668,0.4646426) (14.60035,69.04903,345.8996) (0.2781844,0.8084481,0.4184949) (26.38629,61.85119,16.76457)
compute 10.6041582889852(0.800661504268646,0.247532993555069,0.432927459478378) (0.6968626,0.2684669,0.4386173) (15.72914,71.97351,354.9673) (0.3174555,0.7734557,0.4356568) (24.9166,59.47469,16.29161)
compute 5.40052987747776(0.85235720872879,0.234906136989594,0.423724800348282) (0.8006615,0.247533,0.4329275) (17.23932,77.15266,355.0252) (0.3352906,0.7482159,0.4430316) (25.12733,60.93582,16.35782)
compute 5.53658965858029(0.817489326000214,0.195667818188667,0.441330701112747) (0.8523572,0.2349061,0.4237248) (24.13697,66.15017,0.4993518) (0.3155832,0.759369,0.4318103) (26.48474,60.9794,16.01111)
compute 16.8358481212768(0.661919295787811,0.179543763399124,0.50364089012146) (0.8174893,0.1956678,0.4413307) (18.98923,40.24129,351.5318) (0.2244558,0.8236188,0.4106469) (24.23924,45.59656,11.119)
compute 20.7397511733277(0.458411991596222,0.2027617841959,0.536189794540405) (0.6619193,0.1795438,0.5036409) (9.12428,30.03771,337.5758) (0.10648,0.8807983,0.3907469) (20.3664,3.854125,2.868148)
compute 20.325367473609(0.262041389942169,0.24338997900486,0.569355964660645) (0.458412,0.2027618,0.5361898) (5.806078,17.11906,335.2925) (-0.03920432,0.9107293,0.2969566) (15.93868,312.1887,355.1694)
compute 19.111992096695(0.0755408108234406,0.280106633901596,0.589261949062347) (0.2620414,0.24339,0.569356) (4.753936,349.9775,339.6331) (-0.08322474,0.9303531,0.2194611) (12.69386,288.8376,354.4372)
compute 14.6537203204599(-0.066736251115799,0.31369411945343,0.579149007797241) (0.07554081,0.2801066,0.5892619) (1.659215,327.9975,342.3344) (-0.1240965,0.9327004,0.179489) (18.39154,287.7216,359.4742)
compute 11.3640263948255(-0.174743935465813,0.331562429666519,0.548666656017303) (-0.06673625,0.3136941,0.579149) (3.483244,307.6534,348.5849) (-0.1573797,0.9179255,0.1668805) (24.20082,291.186,6.029863)
compute 13.5211701866211(-0.29274520277977,0.3477463722229,0.484666764736176) (-0.1747439,0.3315624,0.5486667) (6.64216,288.0269,352.8954) (-0.2168256,0.9022783,0.1576944) (25.63011,291.6395,11.1093)
compute 16.9843313200217(-0.442461639642715,0.347120434045792,0.404471069574356) (-0.2927452,0.3477464,0.4846668) (6.164093,272.9012,348.8153) (-0.3024048,0.8812699,0.1546676) (23.97734,290.0815,12.32111)
compute 19.3031453955802(-0.60606575012207,0.311301589012146,0.308492690324783) (-0.4424616,0.3471204,0.4044711) (7.000794,261.4971,351.1691) (-0.3863472,0.8409162,0.146399) (24.19925,286.6986,10.58303)
compute 18.0313778471665(-0.739362895488739,0.247698739171028,0.205053776502609) (-0.6060658,0.3113016,0.3084927) (8.944378,256.4099,353.9182) (-0.4412751,0.7887164,0.1379855) (25.09456,285.2133,8.858333)
compute 11.7068120873545(-0.815894186496735,0.182257637381554,0.145343065261841) (-0.7393629,0.2476987,0.2050538) (18.62566,251.9001,13.45203) (-0.4740794,0.748303,0.127885) (23.79789,282.7776,7.689217)
compute 5.61352840644869(-0.846488833427429,0.151112467050552,0.180629268288612) (-0.8158942,0.1822576,0.1453431) (24.63671,272.365,357.8922) (-0.4815623,0.7428665,0.1195102) (23.07481,282.0145,9.493069)
compute 5.10198933930379(-0.808006703853607,0.16844442486763,0.209295600652695) (-0.8464888,0.1511125,0.1806293) (13.65025,272.7131,346.3374) (-0.444829,0.817935,0.1247574) (16.96192,288.5991,13.70197)
compute 14.0822250275536(-0.680585503578186,0.228386461734772,0.210597842931747) (-0.8080067,0.1684444,0.2092956) (12.27008,265.2468,337.2477) (-0.3766136,0.8869147,0.1755877) (12.85221,314.2759,19.73958)
compute 17.3341630304521(-0.544428110122681,0.324189960956573,0.258869737386703) (-0.6805855,0.2283865,0.2105978) (4.747017,266.504,331.6749) (-0.2692858,0.9322839,0.2148756) (16.04418,352.6603,19.44636)
compute 14.8717181626843(-0.440661072731018,0.388284981250763,0.343963980674744) (-0.5444281,0.32419,0.2588697) (3.756649,279.4686,338.6003) (-0.1542894,0.9388111,0.2081287) (20.57973,16.82963,19.55902)
compute 14.8435948059278(-0.335489004850388,0.44254606962204,0.433561980724335) (-0.4406611,0.388285,0.343964) (358.0153,309.1353,332.2224) (-0.07836071,0.9311004,0.1952604) (21.77472,27.01027,16.30335)
compute 12.8140332430393(-0.217682629823685,0.460044592618942,0.480842053890228) (-0.335489,0.4425461,0.433562) (354.4394,331.2965,328.5702) (-0.02926769,0.9177725,0.1986172) (27.0633,33.1391,19.8168)
compute 14.6763603187634(-0.105035945773125,0.41384556889534,0.562792837619781) (-0.2176826,0.4600446,0.4808421) (4.225771,344.256,324.9437) (0.0003626794,0.9148408,0.2510576) (25.34879,26.22903,14.95258)
compute 20.2670429334035(0.0192642826586962,0.347518652677536,0.708482563495636) (-0.1050359,0.4138456,0.5627928) (9.870283,355.1465,329.6994) (0.03370035,0.8895614,0.3484758) (21.32248,20.06485,9.893978)
compute 19.7265792022197(0.128511160612106,0.292549639940262,0.863264083862305) (0.01926428,0.3475187,0.7084826) (12.40516,7.272545,332.7936) (0.06420218,0.8271351,0.4545263) (20.14366,18.41614,6.325176)
compute 14.9786669314143(0.240344628691673,0.227746278047562,0.938959836959839) (0.1285112,0.2925496,0.8632641) (19.33997,23.50361,337.4385) (0.0787682,0.780901,0.5259239) (17.79635,15.37624,7.805647)
compute 8.61533162333204(0.311777651309967,0.180448904633522,0.94805246591568) (0.2403446,0.2277463,0.9389598) (25.71455,31.34011,336.3244) (0.0892731,0.7617645,0.5354155) (21.29552,13.34368,3.622301)
compute 5.99559852171047(0.313698381185532,0.148518055677414,0.89734297990799) (0.3117777,0.1804489,0.9480525) (27.19042,29.94436,338.1186) (0.0940918,0.7876546,0.5083639) (21.83,14.79833,5.165464)
compute 10.1273647102382(0.262871712446213,0.191726595163345,0.821145713329315) (0.3136984,0.1485181,0.897343) (12.69279,14.60817,333.2883) (0.09987724,0.8419381,0.427395) (18.44547,18.62113,5.027246)
compute 19.7812575003547(0.179853454232216,0.293282300233841,0.673077404499054) (0.2628717,0.1917266,0.8211457) (357.4197,353.0374,340.3486) (0.08878683,0.8800179,0.3450519) (18.79712,14.86917,4.140539)
compute 13.3520132513546(0.127824947237968,0.356718152761459,0.567737221717834) (0.1798535,0.2932823,0.6730774) (351.7006,344.0985,340.6717) (0.02770931,0.9289345,0.2510152) (15.28529,354.4698,6.639952)
compute 7.48918455127537(0.0753592848777771,0.399045348167419,0.535109758377075) (0.1278249,0.3567182,0.5677372) (353.1016,342.18,339.6788) (-0.05642323,0.9621814,0.1634887) (8.425832,317.2765,5.247163)
compute 7.52257361044451(0.00262274732813239,0.417110592126846,0.528632521629334) (0.07535928,0.3990453,0.5351098) (357.1626,341.7898,334.2271) (-0.06097667,0.9696906,0.1219169) (7.34973,317.2993,5.611029)
compute 8.8405329879258(-0.0818386226892471,0.443161636590958,0.530399560928345) (0.002622747,0.4171106,0.5286325) (354.046,338.3262,328.6432) (-0.09374024,0.9610336,0.1014551) (12.60184,323.0432,11.38677)
compute 7.1544046434257(-0.147454127669334,0.420736700296402,0.548014283180237) (-0.08183862,0.4431616,0.5303996) (1.392017,340.2932,318.5202) (-0.1326194,0.9284018,0.1331356) (19.58759,332.6595,16.12521)
compute 9.34607629642972(-0.194048404693604,0.345784574747086,0.578772485256195) (-0.1474541,0.4207367,0.5480143) (16.84726,330.8612,314.9747) (-0.1768256,0.8975356,0.2067811) (21.35604,336.2277,18.99235)
compute 11.1251497683611(-0.232172027230263,0.283964425325394,0.663044393062592) (-0.1940484,0.3457846,0.5787725) (17.9241,325.4976,332.0234) (-0.2363878,0.8542694,0.2938063) (20.537,338.3459,20.16172)
compute 13.5154341175217(-0.296483218669891,0.227778479456902,0.767800807952881) (-0.232172,0.2839644,0.6630444) (24.42466,322.6083,339.6401) (-0.2767008,0.8270118,0.3520749) (18.957,337.8175,21.33886)
compute 9.55127345616635(-0.349855482578278,0.220566779375076,0.84668093919754) (-0.2964832,0.2277785,0.7678008) (19.50295,326.2237,342.2777) (-0.3046598,0.807769,0.3873888) (19.45812,332.8934,20.94311)
compute 1.41137548731201(-0.363857120275497,0.221423044800758,0.848236262798309) (-0.3498555,0.2205668,0.8466809) (21.48393,326.5037,338.6631) (-0.3137627,0.8068415,0.3897962) (19.51544,326.8733,19.0355)
compute 6.00179820626633(-0.33823698759079,0.22627717256546,0.79417884349823) (-0.3638571,0.221423,0.8482363) (17.55943,329.3726,337.5259) (-0.3037641,0.8558983,0.3226283) (15.84173,312.513,15.14636)
compute 12.1821743707325(-0.311263471841812,0.236279353499413,0.675802648067474) (-0.338237,0.2262772,0.7941788) (17.80068,320.4702,342.5564) (-0.2570008,0.881066,0.2398758) (16.77348,302.2343,12.04074)
compute 15.0819060645097(-0.28459420800209,0.289637118577957,0.537281572818756) (-0.3112635,0.2362794,0.6758026) (9.625407,309.7769,340.412) (-0.2028272,0.8997597,0.1703668) (23.5603,298.2072,11.79381)
compute 10.4845690809808(-0.251229047775269,0.347902327775955,0.456754863262177) (-0.2845942,0.2896371,0.5372816) (6.305547,311.6432,334.9998) (-0.1759696,0.9103667,0.1186459) (27.84633,297.7813,12.31871)
compute 4.93547170101327(-0.252161055803299,0.390665173530579,0.432130515575409) (-0.251229,0.3479023,0.4567549) (4.022017,309.3201,330.7403) (-0.1676938,0.9179406,0.08559816) (25.22178,297.8394,13.00641)
compute 4.70217298662369(-0.280025631189346,0.428412586450577,0.42900937795639) (-0.2521611,0.3906652,0.4321305) (355.6375,303.0273,335.7141) (-0.175408,0.929084,0.07310276) (20.64573,299.7083,14.99048)
compute 3.89101942649263(-0.311862677335739,0.450762242078781,0.42806139588356) (-0.2800256,0.4284126,0.4290094) (352.1869,301.1726,336.1713) (-0.1872442,0.9393125,0.08870137) (12.15288,312.9943,14.65554)
compute 3.12425601755411(-0.341764628887177,0.459787935018539,0.42877396941185) (-0.3118627,0.4507622,0.4280614) (350.4365,300.7866,334.2859) (-0.1573135,0.9760501,0.1444117) (346.1199,355.1384,11.75442)
compute 2.83658227072204(-0.356719374656677,0.459826320409775,0.452877372503281) (-0.3417646,0.4597879,0.428774) (350.6005,301.9047,333.6268) (-0.1121588,0.9788595,0.1395874) (343.7881,23.13783,0.4556692)
compute 5.75409756473928(-0.329214990139008,0.48466482758522,0.496894657611847) (-0.3567194,0.4598263,0.4528774) (349.158,309.6178,333.323) (-0.1037913,0.9625768,0.1539225) (351.8037,31.252,0.8563698)
compute 8.43576313630633(-0.264018833637238,0.50739061832428,0.545363306999207) (-0.329215,0.4846648,0.4968947) (345.2209,321.5512,332.0697) (-0.05823451,0.9432169,0.1677987) (3.529966,44.8234,358.1267)
compute 7.90210732349445(-0.189552173018456,0.492022573947906,0.566877722740173) (-0.2640188,0.5073906,0.5453633) (347.4243,336.6823,327.92) (-0.01915715,0.9202099,0.16937) (12.62556,56.20335,359.3893)
compute 8.0759477707036(-0.121117107570171,0.449157059192657,0.568010449409485) (-0.1895522,0.4920226,0.5668777) (352.7459,348.7963,320.1733) (0.01491155,0.9079987,0.1725563) (19.86116,61.63754,2.708426)
compute 11.5605434055569(-0.0196600556373596,0.395274341106415,0.580961763858795) (-0.1211171,0.4491571,0.5680104) (5.121679,5.000634,303.9087) (0.04667349,0.9036168,0.2089575) (22.6447,53.0467,2.756978)
compute 16.9121069484494(0.124667666852474,0.326387852430344,0.63597172498703) (-0.01966006,0.3952743,0.5809618) (17.68966,20.32533,303.2596) (0.09355782,0.8764135,0.2766995) (26.12493,42.68686,358.458)
compute 16.5905503941488(0.247260928153992,0.243686959147453,0.711178719997406) (0.1246677,0.3263879,0.6359717) (23.72812,22.41841,318.7581) (0.1340588,0.8455154,0.3501887) (28.53155,36.36174,355.0186)
compute 12.8534704430321(0.354485005140305,0.220074161887169,0.778011381626129) (0.2472609,0.243687,0.7111787) (21.88044,27.71319,336.1437) (0.1765451,0.8205036,0.4143984) (25.63206,32.43611,353.8932)
compute 9.03748938377798(0.419124990701675,0.223852083086967,0.841059148311615) (0.354485,0.2200742,0.7780114) (19.80961,26.65836,340.4946) (0.2131814,0.7975498,0.4401243) (22.2767,31.71068,353.5152)
compute 2.95590093217288(0.445724099874496,0.219647780060768,0.853247106075287) (0.419125,0.2238521,0.8410591) (25.30657,27.49632,334.2114) (0.2334474,0.7828285,0.4402336) (23.29161,32.9761,353.3708)
compute 5.06118522825471(0.411626785993576,0.20296585559845,0.81977105140686) (0.4457241,0.2196478,0.8532471) (23.95987,21.5029,329.2707) (0.2343161,0.8060339,0.3964823) (24.67843,34.12835,355.7096)
compute 11.4227333985949(0.361716419458389,0.221626684069633,0.718733370304108) (0.4116268,0.2029659,0.8197711) (8.232822,20.66001,324.4419) (0.2278317,0.854881,0.325357) (21.25609,34.17756,356.9267)
compute 14.9563419527995(0.336066246032715,0.268117815256119,0.578912556171417) (0.3617164,0.2216267,0.7187334) (357.9708,26.66321,321.8473) (0.1692939,0.9088196,0.2619322) (11.81447,26.40677,358.7292)
compute 10.0093318935501(0.299922496080399,0.305161774158478,0.493238478899002) (0.3360662,0.2681178,0.5789126) (359.3727,24.5698,322.3532) (0.07767444,0.9487037,0.2245453) (2.004588,6.240738,1.768207)
compute 6.02422162210065(0.274834275245667,0.350336343050003,0.462271332740784) (0.2999225,0.3051618,0.4932385) (355.2775,22.02462,329.0874) (0.0294589,0.9647824,0.2006188) (3.642923,2.11679,4.770301)
compute 5.25460470942599(0.24598203599453,0.393134027719498,0.472119867801666) (0.2748343,0.3503363,0.4622713) (350.5011,17.62942,327.284) (-0.005153909,0.9668955,0.1900382) (7.566442,0.9989843,9.415835)
compute 5.09868518888925(0.210294410586357,0.421178102493286,0.495348781347275) (0.245982,0.393134,0.4721199) (348.0516,15.30706,326.8198) (-0.06172056,0.955091,0.1871843) (14.67158,340.1941,12.89398)
compute 7.07037151166589(0.146281227469444,0.416915327310562,0.525066733360291) (0.2102944,0.4211781,0.4953488) (352.6364,8.623498,324.9456) (-0.1031351,0.9267702,0.1755982) (22.50375,322.2798,9.361063)
compute 10.0853710196983(0.0542728491127491,0.381639897823334,0.546550989151001) (0.1462812,0.4169153,0.5250667) (357.1205,353.7697,326.918) (-0.138144,0.9117934,0.1713578) (25.37815,313.9553,8.74126)
compute 10.2949984198084(-0.041674766689539,0.344322025775909,0.54691344499588) (0.05427285,0.3816399,0.546551) (2.038331,340.3058,328.9766) (-0.1822108,0.9010389,0.1762231) (27.48345,308.5787,10.42575)
compute 10.0509084937061(-0.1366136521101,0.317945837974548,0.527089715003967) (-0.04167477,0.344322,0.5469134) (5.747683,326.3074,329.855) (-0.223121,0.891121,0.1840156) (27.32125,305.3098,10.63788)
compute 7.37949955857212(-0.205660626292229,0.306220978498459,0.503835797309875) (-0.1366137,0.3179458,0.5270897) (5.940536,318.8016,331.8419) (-0.2509643,0.8896045,0.1912846) (27.52916,301.9531,9.692577)
compute 5.22364840420777(-0.255434304475784,0.303069293498993,0.488302022218704) (-0.2056606,0.306221,0.5038358) (7.670849,317.0647,328.5818) (-0.2647574,0.8843354,0.1923054) (28.98008,297.8794,8.50056)
compute 7.57840432324325(-0.322511941194534,0.308571845293045,0.453466206789017) (-0.2554343,0.3030693,0.488302) (7.936939,304.0724,332.8489) (-0.2924072,0.8723684,0.1760618) (28.55682,290.4426,7.845017)
compute 11.4123802104055(-0.416753381490707,0.318125277757645,0.389814615249634) (-0.3225119,0.3085718,0.4534662) (6.70334,287.6577,333.8841) (-0.3323967,0.8561808,0.1368463) (31.37178,281.6903,7.282645)
compute 15.0868052094167(-0.533511400222778,0.318859547376633,0.294273018836975) (-0.4167534,0.3181253,0.3898146) (8.182775,270.973,333.3856) (-0.389338,0.8436019,0.1089865) (30.28305,275.6533,8.274701)
compute 16.4538536220824(-0.657978057861328,0.301829308271408,0.18801411986351) (-0.5335114,0.3188595,0.294273) (6.622684,256.9503,336.4157) (-0.45178,0.8061455,0.09143844) (30.22903,274.5416,6.94854)
compute 19.8634090854166(-0.802313148975372,0.238271057605743,0.0672530606389046) (-0.6579781,0.3018293,0.1880141) (10.65396,246.7225,338.0631) (-0.51113,0.7524844,0.07776207) (27.75053,273.6301,6.395536)
compute 12.2858760926776(-0.881629407405853,0.167146772146225,0.00606038933619857) (-0.8023131,0.2382711,0.06725306) (22.79735,240.5825,345.932) (-0.5382023,0.7081323,0.08114716) (24.8859,273.5205,5.282338)
compute 4.2882459499828(-0.900721848011017,0.168497234582901,0.04443434253335) (-0.8816294,0.1671468,0.006060389) (15.6964,261.967,340.0895) (-0.5298076,0.7185802,0.0875994) (28.44166,276.3092,8.379622)
compute 14.4052302610819(-0.762083113193512,0.173537641763687,0.0832281932234764) (-0.9007218,0.1684972,0.04443434) (12.8502,252.6145,332.836) (-0.4588721,0.8382369,0.1633845) (17.50159,298.2016,13.84721)
compute 20.9645674669261(-0.586900949478149,0.253489017486572,0.166115447878838) (-0.7620831,0.1735376,0.08322819) (5.056491,249.6221,332.5233) (-0.3539658,0.9116164,0.2349601) (13.00103,334.5667,16.94434)
compute 21.1094106215006(-0.44495764374733,0.329101830720901,0.302847027778625) (-0.5869009,0.253489,0.1661154) (9.768738,269.3917,332.8198) (-0.1967162,0.947713,0.2652613) (13.16576,22.0147,17.91735)
compute 20.1000378264275(-0.31747642159462,0.400476396083832,0.440888196229935) (-0.4449576,0.3291018,0.302847) (2.262218,309.7409,331.9145) (-0.06111674,0.9434997,0.2092255) (16.95309,58.18375,18.32583)
compute 12.7305588684601(-0.205043405294418,0.434665411710739,0.48984369635582) (-0.3174764,0.4004764,0.4408882) (355.3235,336.4346,328.4447) (-0.01525854,0.9299666,0.1672569) (17.00714,68.60136,17.05624)
compute 5.97956404827626(-0.145455822348595,0.432751923799515,0.494445562362671) (-0.2050434,0.4346654,0.4898437) (355.2729,352.4832,322.4722) (0.009225201,0.9246793,0.1547033) (19.70881,68.91196,18.16353)
compute 4.38392544929584(-0.106813982129097,0.413241773843765,0.487514287233353) (-0.1454558,0.4327519,0.4944456) (358.5257,1.258218,319.4844) (0.03881723,0.9255229,0.1476874) (21.83426,68.29018,14.91001)
compute 2.45154109348877(-0.0973171144723892,0.391365557909012,0.481835722923279) (-0.106814,0.4132418,0.4875143) (0.07101947,359.7943,322.4521) (0.05612678,0.9248874,0.1786016) (23.29285,49.5136,10.85154)
compute 4.86208035716433(-0.119150079786778,0.348057895898819,0.478407800197601) (-0.09731711,0.3913656,0.4818357) (9.628568,353.9236,320.8844) (0.009769853,0.9214841,0.2331187) (26.40748,8.74015,5.991133)
compute 7.25758109288929(-0.176034435629845,0.304631799459457,0.466341614723206) (-0.1191501,0.3480579,0.4784078) (15.25422,340.7521,327.5729) (-0.03646106,0.9085391,0.2447181) (27.73269,343.0934,3.630408)
compute 4.07811721185861(-0.198683694005013,0.272418975830078,0.455737411975861) (-0.1760344,0.3046318,0.4663416) (15.70452,334.8784,328.8763) (-0.05574798,0.8942268,0.2656325) (29.13502,340.329,3.712526)
compute 6.57581890918137(-0.162387251853943,0.23076431453228,0.491396874189377) (-0.1986837,0.272419,0.4557374) (20.67607,345.0955,323.7634) (-0.0868385,0.8652449,0.3183526) (28.86282,345.715,7.204447)
compute 15.5724366184754(-0.0897204130887985,0.203804478049278,0.626462697982788) (-0.1623873,0.2307643,0.4913969) (19.92336,358.7278,325.8069) (-0.1184542,0.8362632,0.3789114) (23.6936,351.5793,9.573554)
compute 19.5480176421495(-0.0366153530776501,0.223770380020142,0.813528776168823) (-0.08972041,0.2038045,0.6264627) (15.23575,2.840249,335.5073) (-0.1465958,0.8114032,0.418534) (21.19245,350.7027,11.23968)
compute 11.6104997577735(-0.0339031293988228,0.277780383825302,0.916270852088928) (-0.03661535,0.2237704,0.8135288) (14.12158,357.824,338.7431) (-0.1651061,0.7930272,0.440746) (22.05819,349.6745,13.5802)
compute 2.33715150741259(-0.0533011518418789,0.267027109861374,0.908901214599609) (-0.03390313,0.2777804,0.9162709) (23.47091,350.6454,333.4644) (-0.1662844,0.8144438,0.4210959) (24.14487,349.4024,14.66006)
compute 11.7937112644708(-0.0753208994865417,0.206108450889587,0.810345590114594) (-0.05330115,0.2670271,0.9089012) (26.33083,345.7503,322.9275) (-0.1642343,0.8673577,0.3490911) (17.24889,347.3501,13.05214)
compute 15.9476644422177(-0.124010980129242,0.222263336181641,0.659345269203186) (-0.0753209,0.2061085,0.8103456) (14.03632,334.4405,324.1354) (-0.1507129,0.8999353,0.2802588) (9.286515,346.7181,11.73109)
compute 14.4402450871465(-0.131966307759285,0.302426964044571,0.539501309394836) (-0.124011,0.2222633,0.6593453) (0.9417855,333.8469,318.1354) (-0.1444646,0.9235961,0.2224227) (11.84829,343.6201,16.72036)
compute 6.94984448753282(-0.113390222191811,0.33284267783165,0.479836851358414) (-0.1319663,0.302427,0.5395013) (357.7626,339.467,313.7617) (-0.1716041,0.9260734,0.1517626) (25.40775,321.3882,19.64514)
compute 2.87355993154291(-0.111469350755215,0.326682865619659,0.451835036277771) (-0.1133902,0.3328427,0.4798369) (3.659129,338.3686,317.3941) (-0.168272,0.919394,0.1087801) (29.0473,314.8569,16.2398)
compute 1.50794015646841(-0.105553761124611,0.313367635011673,0.455720752477646) (-0.1114694,0.3266829,0.451835) (7.477087,339.0044,320.3612) (-0.1609468,0.9122615,0.1218801) (29.91232,326.1909,22.8484)
compute 5.48337755834848(-0.101695314049721,0.300380498170853,0.508854448795319) (-0.1055538,0.3133676,0.4557208) (10.47642,340.6046,321.0057) (-0.1728028,0.8865259,0.1800055) (31.07328,332.3962,25.42412)
compute 11.9597670475953(-0.0978100746870041,0.312066704034805,0.627816379070282) (-0.1016953,0.3003805,0.5088544) (7.135824,348.5598,323.4728) (-0.2005044,0.8576818,0.2562214) (29.27454,333.9068,24.8842)
compute 14.1626360327177(-0.152565225958824,0.309450000524521,0.758403718471527) (-0.09781007,0.3120667,0.6278164) (5.966612,342.2858,327.0082) (-0.2331385,0.8193485,0.3384973) (26.286,334.0919,24.55272)
compute 13.5428482664169(-0.219422698020935,0.279470235109329,0.872299134731293) (-0.1525652,0.30945,0.7584037) (10.23731,337.3971,333.1528) (-0.2678339,0.7866489,0.3970146) (23.25774,333.9525,24.50344)
compute 6.67785269183908(-0.265249788761139,0.232342824339867,0.884057402610779) (-0.2194227,0.2794702,0.8722991) (23.60585,328.0943,333.1455) (-0.2808469,0.7743439,0.4041452) (25.5727,332.6595,24.17154)
compute 5.56869137921149(-0.261812657117844,0.195827409625053,0.842154622077942) (-0.2652498,0.2323428,0.8840574) (23.20248,316.9742,336.2237) (-0.2869645,0.780382,0.3892757) (29.35569,332.5717,23.23043)
compute 12.2757710106489(-0.189052447676659,0.154578745365143,0.752299427986145) (-0.2618127,0.1958274,0.8421546) (24.74141,331.2729,318.877) (-0.2735599,0.8301511,0.3054263) (26.32279,328.6003,20.56489)
compute 16.2710486184192(-0.157575994729996,0.169426441192627,0.593354523181915) (-0.1890524,0.1545787,0.7522994) (16.01744,322.5837,323.3687) (-0.2484834,0.860936,0.2330963) (24.21796,321.0623,16.50801)
compute 13.3849636436105(-0.12528283894062,0.214533641934395,0.471542298793793) (-0.157576,0.1694264,0.5933545) (8.287156,322.9772,321.6507) (-0.1835031,0.9026134,0.1710206) (17.25943,326.737,20.37668)
compute 7.77941750915964(-0.0925073847174644,0.250879228115082,0.411071628332138) (-0.1252828,0.2145336,0.4715423) (5.863596,329.7582,321.1422) (-0.1454768,0.9227917,0.1279757) (22.45064,329.8935,26.17126)
compute 4.16025665839817(-0.0872765854001045,0.288975268602371,0.395193845033646) (-0.09250738,0.2508792,0.4110716) (5.830259,331.36,322.4906) (-0.1431752,0.9159216,0.06415693) (28.15789,308.891,22.69064)
compute 4.48125533769119(-0.110299214720726,0.325673401355743,0.406655550003052) (-0.08727659,0.2889753,0.3951938) (359.0375,328.787,324.2224) (-0.170375,0.9108446,-0.00113709) (23.95498,272.5276,11.40525)
compute 5.15508961531395(-0.155643180012703,0.347026199102402,0.418716967105865) (-0.1102992,0.3256734,0.4066556) (352.4064,321.048,329.8859) (-0.177655,0.9140924,-0.006350729) (22.99046,267.3533,10.16014)
compute 4.87566130911257(-0.198616176843643,0.348421037197113,0.441707909107208) (-0.1556432,0.3470262,0.418717) (352.6037,318.6959,329.7614) (-0.1944988,0.9017085,0.01445468) (25.06361,273.5754,13.77969)
compute 2.87702146941153(-0.219221398234367,0.345445930957794,0.461564868688583) (-0.1986162,0.348421,0.4417079) (352.7396,317.8056,331.1165) (-0.2119583,0.893062,0.05065751) (24.89037,281.2762,16.33077)
compute 1.86202095791708(-0.224097162485123,0.331124484539032,0.472420066595078) (-0.2192214,0.3454459,0.4615649) (353.7888,318.4501,330.8476) (-0.2132714,0.8918581,0.06975496) (24.10746,289.6351,20.09885)
compute 2.23900616716603(-0.210918694734573,0.313027113676071,0.472777903079987) (-0.2240972,0.3311245,0.4724201) (358.3704,322.5332,331.2586) (-0.2112701,0.9039823,0.08431989) (19.28535,304.7277,24.05364)
compute 4.20374079944271(-0.186008870601654,0.284830540418625,0.454026967287064) (-0.2109187,0.3130271,0.4727779) (4.358151,327.0553,331.5934) (-0.1688848,0.914893,0.09085387) (13.12158,323.2478,28.92643)
compute 6.72411317523338(-0.139628723263741,0.257334619760513,0.413849532604218) (-0.1860089,0.2848305,0.454027) (12.285,330.4172,331.8325) (-0.1308095,0.9266533,0.08506378) (8.88578,332.2329,30.50556)
compute 4.7111766900118(-0.100886315107346,0.257811397314072,0.387048095464706) (-0.1396287,0.2573346,0.4138495) (13.61671,330.1898,332.6921) (-0.1129115,0.9336663,0.06985734) (7.944048,333.764,30.86563)
compute 2.18667508051173(-0.0849924236536026,0.272171258926392,0.382651120424271) (-0.1008863,0.2578114,0.3870481) (13.9585,332.2096,331.5403) (-0.09806709,0.9294686,0.06000648) (11.94803,334.9983,29.76627)
compute 1.7657595936903(-0.0867208242416382,0.28974050283432,0.383004695177078) (-0.08499242,0.2721713,0.3826511) (10.21745,331.0622,329.6969) (-0.08134798,0.9197295,0.04940479) (18.29523,336.4027,27.71964)
compute 0.814813028449488(-0.0924490764737129,0.295024931430817,0.385382503271103) (-0.08672082,0.2897405,0.3830047) (8.294545,330.9633,333.7789) (-0.06434606,0.9155734,0.04294731) (23.38645,338.023,23.84407)
compute 1.07225197841729(-0.0968085005879402,0.304809808731079,0.385855823755264) (-0.09244908,0.2950249,0.3853825) (8.659969,332.3615,336.0593) (-0.03752293,0.9136524,0.03651055) (27.51639,342.9312,18.91555)
compute 2.76709163952178(-0.0989927053451538,0.332391262054443,0.386270970106125) (-0.0968085,0.3048098,0.3858558) (5.598454,333.1768,332.0177) (-0.002143238,0.9120162,0.03032357) (28.05387,354.298,17.30306)
compute 2.11441883954796(-0.0978215336799622,0.353501319885254,0.386005401611328) (-0.09899271,0.3323913,0.386271) (3.018112,332.6263,328.587) (0.01634403,0.9217324,0.0348038) (25.5035,359.9142,16.03086)
compute 1.46789147098468(-0.0964837074279785,0.367009073495865,0.391593009233475) (-0.09782153,0.3535013,0.3860054) (358.8889,333.4549,327.179) (0.02714742,0.9246395,0.0378812) (24.21508,2.929201,14.19991)
compute 1.29366680834836(-0.0975234806537628,0.374153643846512,0.402327597141266) (-0.09648371,0.3670091,0.391593) (354.9155,334.9772,324.786) (0.04841097,0.9250667,0.04303816) (24.21831,11.05635,13.12629)
compute 2.74069182190429(-0.0926119163632393,0.398417621850967,0.414086639881134) (-0.09752348,0.3741536,0.4023276) (350.8564,337.4012,322.398) (0.07975194,0.9254868,0.05353509) (24.28654,22.27262,11.68217)
compute 10.8804233686435(-0.00284916744567454,0.45167201757431,0.444827169179916) (-0.09261192,0.3984176,0.4140866) (346.359,353.1208,306.9122) (0.1158078,0.9278906,0.08651589) (23.74277,33.03428,8.370512)
compute 19.6334583940738(0.191192880272865,0.468956261873245,0.469244629144669) (-0.002849167,0.451672,0.4448272) (349.5876,18.68751,293.3159) (0.1687355,0.9178351,0.1338046) (23.90976,42.42629,6.045683)
compute 20.2155169988246(0.383660465478897,0.407938927412033,0.459253340959549) (0.1911929,0.4689563,0.4692446) (356.7953,42.06639,305.3599) (0.2181677,0.8980762,0.1856351) (24.47752,48.42678,5.264406)
compute 16.9756943794757(0.533039927482605,0.327979356050491,0.448781281709671) (0.3836605,0.4079389,0.4592533) (2.214934,51.10852,328.0164) (0.2670097,0.8751804,0.2438986) (24.74078,51.4543,3.828112)
compute 14.4647291775622(0.671831846237183,0.289393484592438,0.461849302053452) (0.5330399,0.3279794,0.4487813) (4.128195,61.17611,340.7634) (0.3199845,0.844469,0.3015851) (21.46765,51.3246,1.229945)
compute 11.6975901470514(0.77183336019516,0.267762720584869,0.518551766872406) (0.6718318,0.2893935,0.4618493) (14.1978,56.86012,346.3569) (0.3679744,0.8078862,0.3535942) (21.43032,47.99603,357.7807)
compute 4.19892633726409(0.792954325675964,0.240912735462189,0.542966544628143) (0.7718334,0.2677627,0.5185518) (22.64788,54.86336,341.1302) (0.3877181,0.7790017,0.3765005) (24.94279,50.60477,355.6259)
compute 4.84938256991546(0.773074746131897,0.200165629386902,0.52575820684433) (0.7929543,0.2409127,0.5429665) (21.09882,59.82689,340.593) (0.3713678,0.7748932,0.3780028) (26.98042,52.00174,358.513)
compute 12.1290879110166(0.661350190639496,0.182634681463242,0.48192024230957) (0.7730747,0.2001656,0.5257582) (10.24877,58.75954,332.5426) (0.2932495,0.8078091,0.3599385) (24.61975,49.4892,358.2642)
compute 19.4139071276799(0.47652480006218,0.200711935758591,0.425327241420746) (0.6613502,0.1826347,0.4819202) (3.209559,43.50758,334.8757) (0.2287662,0.8526491,0.3207542) (20.69367,42.11708,357.1497)
compute 15.2359121895614(0.348250269889832,0.23385688662529,0.350091874599457) (0.4765248,0.2007119,0.4253272) (0.6426541,42.80374,325.5113) (0.1515869,0.8977828,0.2681317) (15.77339,28.81645,354.476)
compute 7.67008819753284(0.282108336687088,0.262915730476379,0.324326515197754) (0.3482503,0.2338569,0.3500919) (358.5899,34.65211,332.4401) (0.06036057,0.9258041,0.2283842) (15.25321,7.260793,357.0668)
compute 6.79346127141947(0.255801290273666,0.319454401731491,0.351278871297836) (0.2821083,0.2629157,0.3243265) (353.3981,26.08186,335.3373) (-0.02871986,0.9548298,0.1567288) (15.59041,344.3472,4.318134)
compute 14.2396299325022(0.224268421530724,0.443253517150879,0.414176911115646) (0.2558013,0.3194544,0.3512789) (339.7141,14.17259,338.1648) (-0.06031826,0.9641644,0.09840882) (17.80992,337.5848,7.989501)
compute 11.2165358806315(0.176264315843582,0.52625846862793,0.472373574972153) (0.2242684,0.4432535,0.4141769) (337.4158,4.129753,334.3234) (-0.0744634,0.9561117,0.07618736) (22.66849,338.7428,12.03708)
compute 9.8537038294086(0.106575511395931,0.48919802904129,0.531361222267151) (0.1762643,0.5262585,0.4723736) (357.6088,354.4418,316.9787) (-0.09168259,0.9476769,0.099342) (23.50294,341.9268,17.38613)
compute 11.2705508889466(0.0499522835016251,0.407079815864563,0.583829700946808) (0.1065755,0.489198,0.5313612) (5.378201,345.5756,323.1177) (-0.1204796,0.922401,0.1814069) (22.22372,341.9828,19.39159)
compute 13.2175070968501(-0.0322366841137409,0.325030088424683,0.646941244602203) (0.04995228,0.4070798,0.5838297) (10.10452,333.979,331.5387) (-0.1815729,0.8618243,0.3122215) (23.84001,337.129,21.62158)
compute 15.8995279291585(-0.149015963077545,0.26983630657196,0.73965448141098) (-0.03223668,0.3250301,0.6469412) (12.97239,326.0587,334.6896) (-0.2350188,0.794871,0.4054026) (25.59969,332.3251,19.50538)
compute 15.9055869942447(-0.277688175439835,0.229949146509171,0.824219524860382) (-0.149016,0.2698363,0.7396545) (15.78249,319.0518,342.7278) (-0.2714025,0.7706495,0.4292805) (25.95497,330.5196,19.58195)
compute 13.3840437675852(-0.400158792734146,0.200175628066063,0.869250059127808) (-0.2776882,0.2299491,0.8242195) (22.18612,308.9344,346.5686) (-0.3173656,0.7330986,0.4530305) (26.12739,324.1952,16.7919)
compute 9.02899140768501(-0.47413757443428,0.213589280843735,0.919244885444641) (-0.4001588,0.2001756,0.8692501) (12.32288,316.4321,337.0986) (-0.3344428,0.6997527,0.4618206) (26.57039,320.6982,15.12721)
compute 2.64673600035821(-0.462229043245316,0.207166209816933,0.896497309207916) (-0.4741376,0.2135893,0.9192449) (9.017125,320.2065,331.5627) (-0.3301257,0.7158479,0.4453878) (29.43914,317.7844,13.767)
compute 11.155613589303(-0.389629334211349,0.200874775648117,0.812031507492065) (-0.462229,0.2071662,0.8964973) (2.395445,318.9366,325.4665) (-0.3093427,0.7831049,0.3903017) (25.58983,312.5665,11.11321)
compute 18.373598240248(-0.284038156270981,0.222852274775505,0.663282036781311) (-0.3896293,0.2008748,0.8120315) (359.1168,311.2212,319.7832) (-0.2751301,0.8464628,0.3409837) (20.42192,311.8703,11.66417)
compute 17.0890118711158(-0.177512854337692,0.270588725805283,0.538474082946777) (-0.2840382,0.2228523,0.663282) (355.4482,310.6656,313.2089) (-0.2246053,0.9028122,0.2837759) (14.66093,315.7624,14.26464)
compute 13.7088192687214(-0.0836000144481659,0.328768223524094,0.457303285598755) (-0.1775129,0.2705887,0.5384741) (351.1567,325.0196,306.9413) (-0.1722433,0.936648,0.2053325) (8.445101,318.5904,16.92653)
compute 10.8020810430794(-0.0214984714984894,0.380024433135986,0.38529846072197) (-0.08360001,0.3287682,0.4573033) (344.9832,335.5885,308.9571) (-0.1353531,0.9424232,0.1403867) (8.676201,320.6648,13.72118)
compute 8.17437087309979(0.0137522146105766,0.426352828741074,0.327912896871567) (-0.02149847,0.3800244,0.3852985) (343.6699,341.4997,314.7314) (-0.1021208,0.9561862,0.0669238) (10.10626,325.9825,10.90182)
compute 4.57540527176503(0.0321650952100754,0.458333075046539,0.30086362361908) (0.01375221,0.4263528,0.3279129) (340.2622,342.5648,314.8456) (-0.08816418,0.9502575,0.03875063) (10.2185,325.7085,13.10304)
compute 2.52671778957145(0.0387915782630444,0.482468008995056,0.304331332445145) (0.0321651,0.4583331,0.3008636) (332.6696,348.9608,296.1426) (-0.06598716,0.9522868,0.0276641) (5.93517,328.1707,15.63134)
compute 3.44165187149696(0.0409977994859219,0.467219978570938,0.335106760263443) (0.03879158,0.482468,0.3043313) (332.2469,357.4603,291.0186) (-0.05596393,0.950763,0.01439861) (9.013317,324.2738,17.6956)
compute 5.95538271818061(0.0343221724033356,0.427829176187515,0.379270762205124) (0.0409978,0.46722,0.3351068) (341.1911,0.7161111,291.5735) (-0.06026785,0.9354639,0.008337245) (10.93134,316.1104,16.2268)
compute 3.9844484406572(0.031819686293602,0.404568791389465,0.411524057388306) (0.03432217,0.4278292,0.3792708) (345.6047,1.31269,286.3971) (-0.06274886,0.9383112,0.01141396) (5.971352,318.3948,13.51579)
compute 2.73157050627548(0.0189140141010284,0.383506298065186,0.423184365034103) (0.03181969,0.4045688,0.4115241) (344.5307,359.2249,282.1816) (-0.07406342,0.9398894,0.01547266) (4.561179,321.5534,14.70776)
compute 1.16886860434446(0.00795387476682663,0.3822201192379,0.419331252574921) (0.01891401,0.3835063,0.4231844) (345.62,359.7701,278.0276) (-0.06874969,0.9529243,0.01671352) (357.5947,324.2685,14.74942)
compute 1.68369853828312(0.00467676157131791,0.392293751239777,0.406244367361069) (0.007953875,0.3822201,0.4193313) (340.9776,357.3658,279.5247) (-0.06294451,0.9656696,0.02746413) (348.4629,335.7285,13.28428)
compute 1.34724391002784(-0.00682811625301838,0.39617532491684,0.400406748056412) (0.004676762,0.3922938,0.4062444) (339.9632,354.3705,285.7082) (-0.06464996,0.9642228,0.03535831) (347.3862,344.0186,10.78557)
compute 2.50469776854066(-0.0315214842557907,0.39978352189064,0.398269087076187) (-0.006828116,0.3961753,0.4004067) (343.2485,355.3939,284.5861) (-0.07536565,0.964852,0.04172191) (347.2219,347.5688,8.558266)
compute 2.6560339330098(-0.0576577261090279,0.404197752475739,0.396577030420303) (-0.03152148,0.3997835,0.3982691) (342.3072,354.5924,285.237) (-0.07008372,0.9667036,0.04434794) (346.1995,349.9057,7.329261)
compute 1.40765418012014(-0.0709262117743492,0.408804148435593,0.395640313625336) (-0.05765773,0.4041978,0.396577) (339.501,351.2849,289.9191) (-0.06440119,0.9701137,0.04429882) (344.1785,350.182,8.005186)
compute 1.23987582969743(-0.066965639591217,0.419805765151978,0.391516298055649) (-0.07092621,0.4088041,0.3956403) (338.2108,349.364,293.6511) (-0.06113373,0.9720912,0.03533441) (343.5018,348.8063,9.426292)
compute 2.25195027115448(-0.0470797568559647,0.429190903902054,0.386658430099487) (-0.06696564,0.4198058,0.3915163) (335.5648,349.3975,295.8384) (-0.05828831,0.9738683,0.03030201) (343.9635,348.5075,10.70199)
compute 2.01343845564265(-0.0279849674552679,0.435279548168182,0.384732067584991) (-0.04707976,0.4291909,0.3866584) (333.0466,350.3735,297.8617) (-0.05957225,0.9736274,0.02662878) (344.4568,349.7565,11.36959)
compute 2.20144863807102(-0.018282376229763,0.454753041267395,0.381373435258865) (-0.02798497,0.4352795,0.3847321) (328.7712,350.9522,303.0229) (-0.04904643,0.9724953,0.02418065) (344.4506,351.8051,11.0251)
Average= 9.53531783758129
Max= 27.5192158074871
Standard Deviation= 5.94647690611401
Right: 19    Wrong: 0
0
