red 223.9756 229.2978 13.69876 (-0.3184022,5,0.7) (-0.3184022,1.806329,0.7)
red 224.4759 231.3533 16.37604 (-0.9825075,5,0.7) (-0.9825075,1.654025,0.7)
red 224.9861 231.7089 16.32248 (-0.5669963,5,0.7) (-0.5669963,1.711813,0.7)
red 226.9844 232.6978 14.13445 (-0.9556026,5,0.7) (-0.9556026,1.687118,0.7)
red 227.4826 234.3311 15.62195 (0.7237682,5,0.7) (0.7237682,1.469692,0.7)
red 225.9841 234.5978 14.35508 (0.9063849,5,0.7) (0.9063849,0.08119828,0.7)
red 228.4829 234.6422 14.7805 (0.3725466,5,0.7) (0.3725466,1.610663,0.7)
red 228.982 235.3422 13.23551 (0.9371281,5,0.7) (0.9371281,1.015821,0.7)
red 226.4854 235.52 14.95594 (0.3852668,5,0.7) (0.3852668,0.08383808,0.7)
red 227.9818 235.5422 16.83626 (0.5753498,5,0.7) (0.5753498,1.438757,0.7)
red 225.4861 235.5645 16.38214 (0.6166067,5,0.7) (0.6166067,0.08269903,0.7)
red 229.4792 236.1867 16.15697 (0.09773266,5,0.7) (0.09773266,1.682069,0.7)
red 229.9791 236.8089 16.40665 (-0.25872,5,0.7) (-0.25872,1.683325,0.7)
red 231.9817 236.9533 13.12594 (-0.03199828,5,0.7) (-0.03199828,1.86389,0.7)
red 230.9851 237.4311 16.27333 (0.1325742,5,0.7) (0.1325742,1.836932,0.7)
red 231.4819 237.9533 16.42034 (-0.07331145,5,0.7) (-0.07331145,1.860434,0.7)
red 230.4842 238.9644 14.16081 (-0.8739176,5,0.7) (-0.8739176,0.07928069,0.7)
red 232.9793 239.0089 14.27222 (-0.9400814,5,0.7) (-0.9400814,1.544711,0.7)
red 234.9799 240.3311 14.01776 (-0.2390691,5,0.7) (-0.2390691,1.871354,0.7)
red 234.4798 241.0089 14.64968 (0.7932591,5,0.7) (0.7932591,1.369168,0.7)
red 235.9783 241.5311 13.56414 (0.6245005,5,0.7) (0.6245005,1.626071,0.7)
red 232.4806 242.0978 15.74968 (-0.3445691,5,0.7) (-0.3445691,0.08235803,0.7)
red 236.4856 242.5533 13.84848 (-0.3444072,5,0.7) (-0.3444072,1.39372,0.7)
red 233.9807 242.6867 14.48355 (0.2300667,5,0.7) (0.2300667,0.08219139,0.7)
red 233.4815 242.9311 15.51297 (-0.8628938,5,0.7) (-0.8628938,0.07911086,0.7)
red 235.48 243.0422 16.19842 (-0.8665645,5,0.7) (-0.8665645,1.267411,0.7)
red 237.9851 244.1089 14.63958 (0.61485,5,0.7) (0.61485,1.590676,0.7)
red 237.4862 244.4978 16.43363 (-0.0451659,5,0.7) (-0.0451659,1.597795,0.7)
red 238.9824 245.2089 15.1296 (0.5677297,5,0.7) (0.5677297,1.667383,0.7)
red 238.4831 245.9867 16.99127 (-0.4970745,5,0.7) (-0.4970745,1.504516,0.7)
red 236.9854 246.2867 15.31882 (0.8909295,5,0.7) (0.8909295,0.08093905,0.7)
red 239.4834 246.52 16.36059 (0.4863529,5,0.7) (0.4863529,1.568471,0.7)
red 240.4796 246.8533 14.58473 (0.7138925,5,0.7) (0.7138925,1.437724,0.7)
red 239.9825 247.2756 16.23212 (0.07675707,5,0.7) (0.07675707,1.408908,0.7)
red 241.4789 247.3533 13.48418 (-0.01645148,5,0.7) (-0.01645148,1.403473,0.7)
red 240.9798 247.9756 16.01404 (0.4518499,5,0.7) (0.4518499,1.500754,0.7)
red 241.978 248.4422 14.25401 (-0.2988814,5,0.7) (-0.2988814,1.288522,0.7)
red 242.4867 248.7645 15.2094 (-0.2131895,4.998993,0.7) (-0.2131895,1.658467,0.7)
red 242.9867 249.4867 16.28437 (-0.4744502,4.999008,0.7) (-0.4744502,1.812142,0.7)
red 243.4776 250.3311 16.55845 (-0.9701166,5,0.7) (-0.9701166,1.709561,0.7)
0
