yellow 314.5223 320.4533 15.11088 (0.08244669,5,0.7) (0.08244669,1.824551,0.7)
purple 314.0238 320.8978 11.78144 (-0.1949626,5,0.7) (-0.1949626,0.07617491,0.7)
purple 315.0225 321.0311 10.44242 (-0.5971601,5,0.7) (-0.5971601,0.07846107,0.7)
yellow 315.0225 321.1756 14.09231 (0.7264724,5,0.7) (0.7264724,1.421061,0.7)
yellow 314.0238 321.2533 16.76919 (0.6995847,5,0.7) (0.6995847,1.580015,0.7)
yellow 315.5206 321.7756 14.8575 (0.4259154,5,0.7) (0.4259154,1.58246,0.7)
yellow 316.5307 322.1867 13.25626 (0.7833612,5,0.7) (0.7833612,1.464767,0.7)
purple 316.0307 322.7645 11.58803 (-0.06460822,5,0.7) (-0.06460822,0.0810018,0.7)
blue 315.5206 322.92 12.57829 (0.8512599,5,0.7) (0.8512599,0.08111712,0.7)
yellow 317.03 323.4089 15.61351 (0.2983803,5,0.7) (0.2983803,1.709728,0.7)
purple 316.5307 323.7089 12.26502 (0.9308393,5,0.7) (0.9308393,0.0823102,0.7)
blue 316.0307 323.7645 13.08968 (-0.9009686,5,0.7) (-0.9009686,0.08192448,0.7)
blue 315.0225 323.8978 14.70898 (-0.007946134,5,0.7) (-0.007946134,0.07845324,0.7)
blue 318.5273 324.3311 10.11989 (-0.4910992,5,0.7) (-0.4910992,0.07568598,0.7)
purple 318.0273 324.3644 10.969 (0.4066617,5,0.7) (0.4066617,0.08035086,0.7)
purple 314.5223 324.4422 16.15016 (-0.4644605,5,0.7) (-0.4644605,0.07986647,0.7)
blue 314.5223 324.5756 16.3352 (0.09198034,5,0.7) (0.09198034,0.08184434,0.7)
yellow 319.0265 324.8978 14.81216 (0.4726102,5,0.7) (0.4726102,1.779078,0.7)
purple 318.5273 325.0645 11.27162 (-0.02362359,5,0.7) (-0.02362359,0.07664372,0.7)
yellow 316.0307 325.4089 15.43166 (-0.7944527,5,0.7) (-0.7944527,0.08311534,0.7)
yellow 317.5281 325.5533 13.49846 (0.7451251,5,0.7) (0.7451251,0.07632023,0.7)
blue 314.0238 325.7533 18.52103 (-0.4193112,5,0.7) (-0.4193112,0.08218056,0.7)
purple 319.0265 325.82 11.66218 (0.1553265,5,0.7) (0.1553265,0.07582635,0.7)
blue 317.5281 325.9089 14.02024 (0.4085855,5,0.7) (0.4085855,0.0802353,0.7)
yellow 320.521 325.92 13.47571 (-0.2481281,5,0.7) (-0.2481281,1.696615,0.7)
blue 316.5307 326.2311 15.86244 (0.7590008,5,0.7) (0.7590008,0.07918156,0.7)
blue 319.0265 326.2533 12.32643 (0.2844779,5,0.7) (0.2844779,0.07983984,0.7)
purple 317.5281 326.5756 14.95741 (0.2534558,5,0.7) (0.2534558,0.07831138,0.7)
yellow 320.0241 326.7645 16.66189 (0.2697737,5,0.7) (0.2697737,1.787703,0.7)
yellow 318.5273 326.8311 13.90798 (0.4022276,5,0.7) (0.4022276,0.07990637,0.7)
blue 318.0273 326.9422 14.78168 (0.3850989,5,0.7) (0.3850989,0.08259106,0.7)
purple 321.0202 326.9533 10.3123 (-0.03844368,5,0.7) (-0.03844368,0.0747088,0.7)
purple 320.521 327.1422 11.3883 (-0.816771,5,0.7) (-0.816771,0.07507381,0.7)
purple 317.03 327.3755 16.73111 (-0.03224838,5,0.7) (-0.03224838,0.08017833,0.7)
yellow 318.0273 327.4089 15.4312 (-0.7551565,5,0.7) (-0.7551565,0.08291678,0.7)
yellow 321.5283 327.4311 14.65233 (0.5885627,5,0.7) (0.5885627,1.718744,0.7)
yellow 319.5247 327.4644 13.38361 (-0.6934941,5,0.7) (-0.6934941,0.08244839,0.7)
blue 320.0241 327.6756 12.95066 (-0.4540499,5,0.7) (-0.4540499,0.07829569,0.7)
blue 320.521 328.0533 12.76807 (0.5433588,5,0.7) (0.5433588,0.07740831,0.7)
purple 315.5206 328.22 19.72611 (-0.1771091,5,0.7) (-0.1771091,0.08381338,0.7)
blue 319.5247 328.4756 14.82561 (0.8172138,5,0.7) (0.8172138,0.08147416,0.7)
purple 319.5247 328.52 14.87906 (-0.5460668,5,0.7) (-0.5460668,0.07801403,0.7)
yellow 322.5291 328.7422 15.23005 (0.8460455,5,0.7) (0.8460455,1.699595,0.7)
yellow 321.0202 328.9089 13.29811 (0.9087694,5,0.7) (0.9087694,0.08057845,0.7)
blue 317.03 329.1867 19.07315 (-0.9151552,5,0.7) (-0.9151552,0.08516598,0.7)
yellow 322.0274 329.22 16.90494 (0.9027274,5,0.7) (0.9027274,1.629295,0.7)
purple 323.0284 329.4422 11.08952 (-0.6454909,5,0.7) (-0.6454909,0.08015484,0.7)
purple 320.0241 329.7311 15.8715 (-0.8562136,5,0.7) (-0.8562136,0.08259207,0.7)
blue 321.0202 329.92 14.74657 (-0.6586332,5,0.7) (-0.6586332,0.08100367,0.7)
blue 321.5283 330.2867 14.55785 (-0.3351244,5,0.7) (-0.3351244,0.08053505,0.7)
yellow 323.5258 330.9089 16.55425 (-0.8918281,5,0.7) (-0.8918281,1.450587,0.7)
blue 323.5258 330.9089 16.83699 (-0.6566703,5,0.7) (-0.6566703,1.523179,0.7)
yellow 323.0284 331.3755 13.96684 (-0.6364248,5,0.7) (-0.6364248,0.07790218,0.7)
purple 322.5291 331.5645 14.95334 (0.5408301,5,0.7) (0.5408301,0.08281559,0.7)
blue 322.5291 332.7978 16.63147 (0.3412394,5,0.7) (0.3412394,0.08152253,0.7)
purple 322.0274 333.1867 17.80074 (0.3395629,5,0.7) (0.3395629,0.08313826,0.7)
purple 321.5283 333.3422 18.64119 (0.405447,5,0.7) (0.405447,0.08489519,0.7)
blue 322.0274 333.3867 18.06264 (-0.7951491,5,0.7) (-0.7951491,0.08486271,0.7)
blue 323.0284 334.1645 17.76382 (-0.3901526,5,0.7) (-0.3901526,0.08029097,0.7)
purple 323.5258 335.4422 18.76377 (0.1930281,5,0.7) (0.1930281,0.08385188,0.7)
0
