compute 122.610988279957(0.139880552887917,1.13510918617249,0.441934466362) (0,0,0) (296.5062,25.4081,354.0526) (0.008832537,1.320013,0.1054114) (327.6616,5.825306,353.313)
compute 0.132349254428967(0.138743430376053,1.13578426837921,0.441987842321396) (0.1398806,1.135109,0.4419345) (296.2679,24.38267,355.2054) (0.00886175,1.319911,0.1073492) (327.7117,5.721076,353.3315)
compute 0.164833306134094(0.137522101402283,1.13639628887177,0.442910224199295) (0.1387434,1.135784,0.4419878) (296.3492,23.3438,356.0603) (0.008603672,1.319683,0.109002) (327.5058,5.531672,353.4)
compute 0.425732706064495(0.134255155920982,1.13621759414673,0.445634186267853) (0.1375221,1.136396,0.4429102) (296.5864,20.89501,358.4986) (0.008303459,1.319936,0.1111577) (327.8756,5.154767,353.4863)
compute 0.361388795975359(0.131758809089661,1.13571882247925,0.448199272155762) (0.1342552,1.136218,0.4456342) (297.3788,20.20281,358.7939) (0.008469295,1.320293,0.1114907) (328.2386,4.919734,353.45)
compute 0.164664758805654(0.13087959587574,1.13484168052673,0.449280500411987) (0.1317588,1.135719,0.4481993) (297.6426,20.03801,358.879) (0.008600675,1.320003,0.1116828) (327.9965,4.795319,353.4493)
compute 0.0579747871021681(0.130945414304733,1.13498365879059,0.449838727712631) (0.1308796,1.134842,0.4492805) (297.6436,20.00803,358.9134) (0.008928634,1.319589,0.1109877) (327.5913,4.905062,353.3827)
compute 0.11538369373112(0.130633398890495,1.13512706756592,0.450940281152725) (0.1309454,1.134984,0.4498387) (297.1164,19.6314,359.7193) (0.01045003,1.319567,0.1106326) (327.5277,4.963364,353.3293)
compute 0.178774419748804(0.130142629146576,1.13553786277771,0.452609539031982) (0.1306334,1.135127,0.4509403) (296.9821,19.3054,0.191871) (0.01139502,1.319802,0.1104295) (327.7383,4.998628,353.3238)
compute 0.230246357246091(0.129893779754639,1.13484442234039,0.454790949821472) (0.1301426,1.135538,0.4526095) (297.0262,18.88135,0.7003015) (0.01214703,1.319497,0.1103561) (327.7933,4.970844,353.3325)
compute 0.072219174693531(0.13004158437252,1.13413834571838,0.454825162887573) (0.1298938,1.134844,0.4547909) (297.0908,18.33099,1.430099) (0.01304219,1.3196,0.1102794) (327.9412,4.987359,353.3675)
compute 0.127309072055811(0.131232187151909,1.13391089439392,0.45443594455719) (0.1300416,1.134138,0.4548252) (297.0722,18.04324,1.996388) (0.01340623,1.319488,0.1105341) (327.8719,5.010201,353.4032)
compute 0.0393333894715763(0.13148757815361,1.13383543491364,0.454146474599838) (0.1312322,1.133911,0.4544359) (297.0654,17.9735,2.188515) (0.01351511,1.319468,0.1106848) (327.8708,4.992389,353.4127)
compute 0.0471996992677262(0.131516650319099,1.13372838497162,0.453687697649002) (0.1314876,1.133835,0.4541465) (297.0132,17.69407,2.722081) (0.01396455,1.319394,0.1108285) (327.9939,4.765082,353.521)
compute 0.0504961875218374(0.131835967302322,1.13335108757019,0.453584402799606) (0.1315167,1.133728,0.4536877) (297.078,17.43842,2.999803) (0.01427957,1.318846,0.1110365) (328.0165,4.52613,353.5706)
compute 0.0965100518152817(0.132324934005737,1.13252234458923,0.453510135412216) (0.131836,1.133351,0.4535844) (297.1298,17.31732,3.110196) (0.01499052,1.318829,0.1112602) (328.0539,4.362935,353.4828)
compute 0.210034613749006(0.132882937788963,1.13050770759583,0.453713417053223) (0.1323249,1.132522,0.4535101) (297.1739,17.28882,3.119348) (0.01604017,1.318958,0.1112837) (328.2164,4.320599,353.4227)
compute 0.111084569553726(0.13327944278717,1.12947726249695,0.453835666179657) (0.1328829,1.130508,0.4537134) (297.2253,17.27066,3.126911) (0.01686081,1.319374,0.1118597) (328.6674,4.002252,353.4521)
compute 0.0372686518924198(0.133402198553085,1.12930452823639,0.453529089689255) (0.1332794,1.129477,0.4538357) (297.3909,17.1559,3.180638) (0.01716831,1.319134,0.112146) (328.8795,3.861353,353.3791)
compute 0.0405955095750747(0.133633583784103,1.12897193431854,0.453503757715225) (0.1334022,1.129305,0.4535291) (297.6003,17.13728,3.116827) (0.01749921,1.318778,0.1123263) (328.6599,3.983048,353.1558)
compute 0.0247370733193118(0.133796453475952,1.12887036800385,0.453347712755203) (0.1336336,1.128972,0.4535038) (297.6629,17.2109,3.006003) (0.01798794,1.318687,0.1119611) (328.5661,3.96334,353.0939)
compute 0.0394098459238727(0.133685395121574,1.12891840934753,0.452972650527954) (0.1337965,1.12887,0.4533477) (297.7113,17.33467,2.838489) (0.01817773,1.318902,0.1118551) (328.7162,3.826895,353.1637)
compute 0.0422162706292245(0.133517548441887,1.12888491153717,0.452586740255356) (0.1336854,1.128918,0.4529727) (297.7504,17.3944,2.752315) (0.01821148,1.318948,0.1111336) (328.7047,3.799058,353.1613)
compute 0.0324819257083437(0.13353855907917,1.12870788574219,0.452315211296082) (0.1335175,1.128885,0.4525867) (297.811,17.43568,2.687266) (0.0182127,1.318758,0.1085785) (328.1449,3.855744,353.1659)
compute 0.0338593674187336(0.133771672844887,1.1286768913269,0.452071607112885) (0.1335386,1.128708,0.4523152) (297.8234,17.49426,2.634705) (0.018271,1.319299,0.1056816) (327.7628,3.828546,353.1622)
compute 0.0544519215140396(0.133815243840218,1.12892138957977,0.451587021350861) (0.1337717,1.128677,0.4520716) (297.708,17.77678,2.374948) (0.01840812,1.319566,0.1032057) (327.6696,3.698737,353.2535)
compute 0.186199833789551(0.133722126483917,1.12953007221222,0.449829787015915) (0.1338152,1.128921,0.451587) (297.4508,17.98872,2.17409) (0.01848878,1.319369,0.1000463) (327.1857,3.637035,353.2358)
compute 0.394320371821363(0.133988976478577,1.13157379627228,0.446468114852905) (0.1337221,1.12953,0.4498298) (297.2642,18.10426,2.100775) (0.01846054,1.319508,0.09741585) (326.716,3.656256,353.1463)
compute 0.0457313475187881(0.134345486760139,1.13172376155853,0.446224093437195) (0.133989,1.131574,0.4464681) (297.1138,18.353,1.880895) (0.01853481,1.320063,0.09641222) (326.9319,3.742249,352.9918)
compute 0.106812282866751(0.134596213698387,1.13225436210632,0.445331633090973) (0.1343455,1.131724,0.4462241) (296.7815,18.60661,1.68677) (0.01948059,1.320326,0.09603442) (327.1947,4.141484,352.8762)
compute 0.16685643909333(0.135201826691628,1.13346111774445,0.44435128569603) (0.1345962,1.132254,0.4453316) (296.4783,19.05033,1.359453) (0.02036079,1.319888,0.09616111) (326.8761,4.45555,352.668)
compute 0.253022849788623(0.136760503053665,1.13539791107178,0.44388073682785) (0.1352018,1.133461,0.4443513) (296.0728,20.02412,0.6276001) (0.02056934,1.319615,0.09568105) (326.545,4.561789,352.6213)
compute 0.235618413910935(0.137125208973885,1.13764083385468,0.443257927894592) (0.1367605,1.135398,0.4438807) (295.8786,20.58719,0.1392689) (0.02043842,1.319542,0.09543468) (326.4921,4.697516,352.4248)
compute 0.31529583011765(0.137576192617416,1.1403294801712,0.441673964262009) (0.1371252,1.137641,0.4432579) (295.8741,20.60609,0.1205918) (0.0207968,1.319688,0.09632238) (327.6248,4.303133,352.3997)
compute 0.143177657860782(0.137728467583656,1.14162814617157,0.441090643405914) (0.1375762,1.140329,0.441674) (295.8741,20.60672,0.1200031) (0.01954326,1.318552,0.1004874) (326.7342,3.208396,353.1244)
compute 0.519071159666481(0.138313367962837,1.14675116539001,0.440493941307068) (0.1377285,1.141628,0.4410906) (295.4849,20.67278,0.1745102) (0.0180518,1.321927,0.09963441) (324.7968,2.439254,353.1232)
compute 0.6588783570041(0.137769877910614,1.15331339836121,0.440725862979889) (0.1383134,1.146751,0.4404939) (294.3708,20.88374,359.8547) (0.01502074,1.322053,0.0997983) (324.7706,1.834702,353.5007)
compute 0.703817139947897(0.1329215914011,1.15731453895569,0.443891435861588) (0.1377699,1.153313,0.4407259) (293.4422,20.46257,359.7034) (0.01243332,1.322164,0.1008438) (323.7718,1.078511,353.7864)
compute 1.03467570398844(0.124036557972431,1.1586993932724,0.449009418487549) (0.1329216,1.157315,0.4438914) (293.0841,18.87136,0.7593099) (0.008888219,1.324791,0.09852894) (321.8166,359.4689,354.523)
compute 1.21817014251179(0.114585250616074,1.16474092006683,0.453759849071503) (0.1240366,1.158699,0.4490094) (292.857,16.17336,2.589077) (0.006113082,1.3255,0.09807688) (320.8064,357.7967,355.3481)
compute 1.86175569389385(0.107334733009338,1.1818859577179,0.454061716794968) (0.1145853,1.164741,0.4537598) (290.3861,13.3221,4.719827) (0.004432864,1.327119,0.09633705) (318.767,356.627,356.0138)
compute 2.12582147183009(0.103515692055225,1.20279479026794,0.453677833080292) (0.1073347,1.181886,0.4540617) (287.1863,10.51359,7.571287) (0.003562927,1.328816,0.09398933) (316.9105,355.8114,356.5174)
compute 2.48983074668702(0.102709114551544,1.22767972946167,0.453555434942245) (0.1035157,1.202795,0.4536778) (283.6053,9.93301,8.252426) (0.00166361,1.328635,0.09301631) (316.141,354.2014,357.4051)
compute 2.5133916432357(0.101395711302757,1.25272369384766,0.451885521411896) (0.1027091,1.22768,0.4535554) (279.3618,5.788317,12.76638) (0.000137914,1.32837,0.08933522) (315.1393,353.0378,358.2043)
compute 2.74062555757983(0.0961763933300972,1.27949404716492,0.449200421571732) (0.1013957,1.252724,0.4518855) (276.5641,357.9711,20.51924) (-0.0007264242,1.328068,0.08619329) (314.4744,353.3288,358.306)
compute 2.63652598198426(0.0908525288105011,1.30428719520569,0.441983550786972) (0.09617639,1.279494,0.4492004) (274.4826,348.5561,29.67267) (0.002507735,1.327753,0.08234874) (313.476,355.993,356.7644)
compute 1.74381137970064(0.089963860809803,1.32162702083588,0.440362274646759) (0.09085253,1.304287,0.4419836) (272.617,313.1041,66.47874) (0.007159095,1.328422,0.07569319) (311.8223,358.9738,354.7867)
compute 1.44395757755344(0.0948280617594719,1.33508169651031,0.442314863204956) (0.08996386,1.321627,0.4403623) (272.1643,293.748,86.61955) (0.009018548,1.329111,0.06852522) (310.0332,359.0975,354.8487)
compute 1.37225883764842(0.104017019271851,1.34483802318573,0.445262163877487) (0.09482806,1.335082,0.4423149) (271.5831,289.1671,91.89199) (0.009600084,1.330365,0.06156495) (307.9462,359.616,354.8623)
compute 0.982421739670249(0.107854083180428,1.35372829437256,0.446922063827515) (0.104017,1.344838,0.4452622) (272.3237,252.5385,130.2254) (0.0128963,1.331154,0.05961853) (306.9472,1.470808,353.9367)
compute 1.02108499772332(0.11254770308733,1.36279463768005,0.447103202342987) (0.1078541,1.353728,0.4469221) (272.8619,237.9576,145.7425) (0.01937641,1.331084,0.0581038) (307.5054,6.413588,350.552)
compute 1.16464380090527(0.121451333165169,1.37025928497314,0.446300745010376) (0.1125477,1.362795,0.4471032) (272.9373,210.7997,173.846) (0.02874931,1.330599,0.05695496) (308.7654,14.34152,345.4279)
compute 0.944073863141124(0.127698302268982,1.37693798542023,0.443955987691879) (0.1214513,1.370259,0.4463007) (273.0922,199.7817,185.8069) (0.03123977,1.328368,0.05775855) (309.5738,16.46562,344.1193)
compute 0.87264306635715(0.13071297109127,1.38371682167053,0.439361453056335) (0.1276983,1.376938,0.443956) (273.4867,199.2135,187.2906) (0.02868164,1.327872,0.05843495) (309.0703,15.03333,344.8623)
compute 0.628671619317579(0.132250398397446,1.38900399208069,0.436327487230301) (0.130713,1.383717,0.4393615) (273.8419,198.6432,188.373) (0.02658697,1.32774,0.05807805) (308.8284,15.11648,344.9734)
compute 0.601607532511452(0.132033094763756,1.39501059055328,0.436585783958435) (0.1322504,1.389004,0.4363275) (273.9646,197.5984,189.4749) (0.02425943,1.327766,0.05779907) (308.5531,14.03719,345.7191)
compute 1.00610127658605(0.126060247421265,1.40309727191925,0.436192512512207) (0.1320331,1.395011,0.4365858) (274.5921,201.8849,184.9883) (0.01695562,1.328249,0.05523482) (306.8839,9.326449,349.2366)
compute 1.21586159563019(0.118025459349155,1.41221904754639,0.435933023691177) (0.1260602,1.403097,0.4361925) (275.8881,208.6718,177.9874) (0.01138722,1.329158,0.05294268) (306.0401,5.968897,351.6504)
compute 1.19030350992066(0.113785840570927,1.42334127426147,0.435995936393738) (0.1180255,1.412219,0.435933) (276.6192,210.0912,176.6567) (0.01352595,1.329272,0.05202608) (307.6508,10.77229,348.3467)
compute 1.70082654604931(0.113047428429127,1.44033098220825,0.435703247785568) (0.1137858,1.423341,0.4359959) (277.7785,211.6506,176.1708) (0.02247566,1.329272,0.05475695) (309.0779,14.79184,345.4505)
compute 1.85459978119825(0.113443091511726,1.45868599414825,0.433078169822693) (0.1130474,1.440331,0.4357032) (279.3448,211.4666,177.9458) (0.03048902,1.327989,0.05326098) (310.5338,19.48507,341.8781)
compute 3.01017870349526(0.12809182703495,1.48323166370392,0.423641949892044) (0.1134431,1.458686,0.4330782) (282.4553,211.2423,182.7042) (0.04110544,1.323945,0.05353084) (313.146,24.98254,338.0356)
compute 5.04010406781092(0.164929866790771,1.51741743087769,0.419826567173004) (0.1280918,1.483232,0.4236419) (283.3479,201.6163,197.4858) (0.0501028,1.322132,0.05493575) (315.071,27.81005,336.2976)
compute 5.19964785088029(0.203936487436295,1.55179798603058,0.419518738985062) (0.1649299,1.517417,0.4198266) (283.7403,194.7522,210.0533) (0.059002,1.319946,0.05458283) (316.0532,30.58952,334.5998)
compute 5.25996855669816(0.246212512254715,1.58306801319122,0.420803278684616) (0.2039365,1.551798,0.4195187) (282.347,183.5717,225.5813) (0.06878817,1.318206,0.05422981) (317.1955,33.86518,332.6025)
compute 5.11320511206858(0.290983855724335,1.60774648189545,0.419809967279434) (0.2462125,1.583068,0.4208033) (282.8916,172.9629,241.3613) (0.07824803,1.315534,0.0586677) (319.3073,35.01832,331.8727)
compute 3.99500225949901(0.328069537878037,1.62011897563934,0.411589384078979) (0.2909839,1.607746,0.41981) (283.4392,168.6226,250.1208) (0.08567725,1.312336,0.06512502) (320.614,35.1278,331.8417)
compute 3.1271587585174(0.359019219875336,1.62431585788727,0.41314360499382) (0.3280695,1.620119,0.4115894) (282.6592,167.8842,255.1846) (0.09313845,1.312332,0.07261676) (321.1646,34.3957,332.3731)
compute 3.27862517581931(0.390526175498962,1.62595820426941,0.42206284403801) (0.3590192,1.624316,0.4131436) (281.8297,160.2991,265.4393) (0.1024834,1.31274,0.0813298) (321.921,33.91214,333.2649)
compute 3.77559312733177(0.421748459339142,1.62734615802765,0.443246632814407) (0.3905262,1.625958,0.4220628) (280.217,145.7733,281.4361) (0.1140218,1.312961,0.08902624) (322.498,33.73621,333.4286)
compute 3.92287406548774(0.451901376247406,1.62213289737701,0.467792868614197) (0.4217485,1.627346,0.4432466) (280.1449,129.8002,299.1385) (0.1253691,1.313348,0.09678276) (322.4924,32.9819,333.7265)
compute 4.73486143021419(0.475610196590424,1.60570061206818,0.505339682102203) (0.4519014,1.622133,0.4677929) (280.5597,103.9267,323.7335) (0.1331232,1.314426,0.1087857) (323.6524,31.83152,334.2636)
compute 5.68291072301574(0.489107936620712,1.58335137367249,0.555816113948822) (0.4756102,1.605701,0.5053397) (280.5367,65.20603,2.281937) (0.1380433,1.314703,0.1187226) (324.6749,31.27302,334.6237)
compute 6.16687929219452(0.501889944076538,1.54832553863525,0.604936897754669) (0.4891079,1.583351,0.5558161) (286.7023,38.35886,28.07105) (0.1407544,1.314591,0.1249095) (325.8103,30.91169,335.2835)
compute 3.19310400518191(0.520196139812469,1.52957379817963,0.623180985450745) (0.5018899,1.548326,0.6049369) (289.1229,44.846,21.20985) (0.1399022,1.314358,0.1266988) (325.533,29.62614,336.5086)
compute 0.920723658577514(0.511830627918243,1.5312317609787,0.619710743427277) (0.5201961,1.529574,0.623181) (288.8075,50.16827,15.7584) (0.1166269,1.324525,0.1289723) (319.7552,17.22013,344.0833)
compute 8.57091832830164(0.433389365673065,1.55509388446808,0.594738125801086) (0.5118306,1.531232,0.6197107) (281.3776,44.97183,14.41747) (0.08910663,1.32953,0.1204516) (316.8705,5.035245,352.3274)
compute 13.6182856721996(0.307769417762756,1.59282088279724,0.558103799819946) (0.4333894,1.555094,0.5947381) (272.3358,278.3911,132.2807) (0.06781835,1.331578,0.1111019) (315.9594,358.115,357.7159)
compute 14.0401176538794(0.174586564302444,1.62208092212677,0.524657309055328) (0.3077694,1.592821,0.5581038) (280.2472,229.6401,166.4163) (0.04622544,1.333441,0.1020784) (315.8391,352.9861,1.213332)
compute 13.816990932565(0.0391519218683243,1.6331878900528,0.499656945466995) (0.1745866,1.622081,0.5246573) (288.4537,230.5004,154.6395) (0.01774645,1.334414,0.09599385) (317.0209,344.9721,5.923084)
compute 11.9268089433285(-0.0786844938993454,1.61549341678619,0.504791378974915) (0.03915192,1.633188,0.4996569) (298.8671,236.8089,146.698) (-0.01847883,1.329777,0.09393418) (320.343,337.6892,11.14634)
compute 7.44940196924957(-0.137153267860413,1.58265972137451,0.537236869335175) (-0.07868449,1.615493,0.5047914) (297.8259,271.429,117.6767) (-0.05302835,1.323763,0.09156415) (323.7574,330.2946,16.01091)
compute 7.66871448062254(-0.1953334659338,1.57484781742096,0.487891584634781) (-0.1371533,1.58266,0.5372369) (300.8049,242.2288,139.3013) (-0.0744855,1.321857,0.09162562) (327.8192,323.4923,20.9432)
compute 8.82298690883424(-0.272940754890442,1.54454874992371,0.458847045898438) (-0.1953335,1.574848,0.4878916) (309.0563,246.5713,132.2565) (-0.09143689,1.320179,0.09022285) (329.6247,320.5081,22.58687)
compute 10.323232291051(-0.346780955791473,1.47268199920654,0.452545613050461) (-0.2729408,1.544549,0.458847) (315.5289,248.6651,122.8093) (-0.1072025,1.317057,0.08078435) (331.9282,316.8902,24.32431)
compute 10.5140101785042(-0.408256083726883,1.39690148830414,0.491693586111069) (-0.346781,1.472682,0.4525456) (334.5716,265.7195,115.5985) (-0.1168373,1.313794,0.07065646) (333.2772,312.8741,25.80139)
compute 5.78588967506604(-0.430916458368301,1.44544529914856,0.469838201999664) (-0.4082561,1.396901,0.4916936) (321.2877,258.1832,111.4699) (-0.1231058,1.313299,0.06789672) (334.6048,310.8583,26.18486)
compute 5.36378767398141(-0.483435034751892,1.45634579658508,0.469850540161133) (-0.4309165,1.445445,0.4698382) (323.0583,254.8217,116.6489) (-0.1287135,1.31029,0.06850031) (334.4412,308.9162,26.29579)
compute 8.37938219294541(-0.538362503051758,1.42063546180725,0.522091805934906) (-0.483435,1.456346,0.4698505) (322.8358,265.0971,104.9182) (-0.1290148,1.310717,0.06364408) (332.2099,306.3237,25.74792)
compute 8.9541376006009(-0.571932196617126,1.34323883056641,0.5521000623703) (-0.5383625,1.420635,0.5220918) (333.4367,269.2497,106.1587) (-0.1127821,1.321574,0.05339882) (324.8701,303.4673,26.88899)
compute 3.59402332700324(-0.578624129295349,1.30948960781097,0.562487959861755) (-0.5719322,1.343239,0.5521001) (336.1952,270.6634,102.5717) (-0.0905105,1.325176,0.05363613) (322.7594,305.4747,25.09249)
compute 2.37500254270526(-0.564992785453796,1.30023348331451,0.545383155345917) (-0.5786241,1.30949,0.562488) (337.562,270.8354,101.6425) (-0.07654664,1.324171,0.06509438) (322.7718,307.7034,24.1162)
compute 1.28496800036497(-0.557248532772064,1.29542207717896,0.536328256130219) (-0.5649928,1.300233,0.5453832) (338.6239,269.1473,103.4021) (-0.07291334,1.323973,0.07172908) (323.2838,307.2853,23.88554)
compute 5.53234698008655(-0.54243278503418,1.34631907939911,0.520495533943176) (-0.5572485,1.295422,0.5363283) (330.6003,264.288,108.3936) (-0.07299414,1.321556,0.07848056) (322.4069,306.5638,23.15485)
compute 12.5698268267851(-0.49444317817688,1.45476973056793,0.478836089372635) (-0.5424328,1.346319,0.5204955) (314.1283,254.5815,115.4512) (-0.0767956,1.321222,0.08867899) (323.5966,308.8314,21.41281)
compute 10.8191544576808(-0.450659841299057,1.54891109466553,0.448408573865891) (-0.4944432,1.45477,0.4788361) (304.494,239.6896,132.3974) (-0.08440725,1.31973,0.09364523) (324.5211,310.7093,20.21372)
compute 6.18215869680578(-0.438641637563705,1.60943007469177,0.444545328617096) (-0.4506598,1.548911,0.4484086) (300.5949,231.4709,141.1581) (-0.09529554,1.318813,0.0954412) (324.2496,311.0054,20.1595)
compute 2.83783845356243(-0.432202190160751,1.63679766654968,0.440687716007233) (-0.4386416,1.60943,0.4445453) (300.5623,234.0837,140.2318) (-0.1050245,1.320788,0.09693094) (323.5634,311.1075,20.07174)
compute 0.777676596939734(-0.436546474695206,1.63319480419159,0.435337513685226) (-0.4322022,1.636798,0.4406877) (303.1127,237.2333,139.0103) (-0.1178007,1.322397,0.09885512) (324.7074,311.1605,19.96302)
compute 4.23100323738841(-0.467982441186905,1.60635721683502,0.444374263286591) (-0.4365465,1.633195,0.4353375) (306.4955,246.786,126.4266) (-0.1289163,1.317867,0.09910385) (326.4666,311.2201,20.6438)
compute 5.72668951800523(-0.510327339172363,1.57432377338409,0.465828061103821) (-0.4679824,1.606357,0.4443743) (312.0103,252.6254,120.0265) (-0.1357092,1.316459,0.09564586) (325.603,309.9719,21.76755)
compute 5.27774662184222(-0.545428514480591,1.54441428184509,0.491494983434677) (-0.5103273,1.574324,0.4658281) (316.3161,257.5493,115.7074) (-0.1395703,1.315895,0.09415067) (324.9514,309.3121,21.53686)
compute 4.02876672070054(-0.565209746360779,1.51668214797974,0.513006091117859) (-0.5454285,1.544414,0.491495) (317.7767,260.4608,113.0036) (-0.1431474,1.316795,0.09560142) (325.8235,309.6235,21.82417)
compute 4.15709732843563(-0.581883788108826,1.48532068729401,0.534606575965881) (-0.5652097,1.516682,0.5130061) (321.5173,264.5616,108.988) (-0.1446419,1.316204,0.1006031) (326.0239,310.3185,21.31183)
compute 2.66395161852918(-0.589247584342957,1.46130800247192,0.543485164642334) (-0.5818838,1.485321,0.5346066) (323.1664,265.5515,108.3532) (-0.1446462,1.316128,0.1036466) (326.1473,310.2137,21.0046)
compute 2.30783518916218(-0.591162800788879,1.43857908248901,0.546997785568237) (-0.5892476,1.461308,0.5434852) (324.0932,266.5486,106.8202) (-0.1473241,1.316341,0.1080861) (326.9524,310.8853,20.36838)
compute 2.44776573331822(-0.588497877120972,1.4142472743988,0.546867311000824) (-0.5911628,1.438579,0.5469978) (325.6271,266.5823,105.1359) (-0.1422398,1.316207,0.1121061) (326.325,315.3951,18.41234)
compute 2.72730447703769(-0.570498645305634,1.39376902580261,0.547565877437592) (-0.5884979,1.414247,0.5468673) (326.8341,267.6785,102.9298) (-0.1028436,1.328948,0.1140335) (320.2455,330.468,11.63574)
compute 3.65878791503925(-0.541741847991943,1.37175369262695,0.5527663230896) (-0.5704986,1.393769,0.5475659) (327.9178,269.7328,102.3165) (-0.06411445,1.333164,0.1075067) (316.6917,347.2584,2.140885)
compute 3.99033563876474(-0.505461275577545,1.35597014427185,0.547581970691681) (-0.5417418,1.371754,0.5527663) (330.7589,268.8774,104.7993) (-0.03560752,1.330312,0.09729229) (314.6161,359.1339,354.2141)
compute 3.10811078709839(-0.476347535848618,1.36675715446472,0.546144664287567) (-0.5054613,1.35597,0.547582) (327.3736,269.6574,103.6673) (-0.01787235,1.329197,0.08732623) (313.9186,9.143426,347.8635)
compute 6.94274154210264(-0.423282116651535,1.41149914264679,0.544601321220398) (-0.4763475,1.366757,0.5461447) (319.2594,268.9005,105.4888) (-0.001922134,1.325303,0.08480219) (318.2982,16.97428,342.4211)
compute 10.5092227117923(-0.331230401992798,1.46082377433777,0.532856583595276) (-0.4232821,1.411499,0.5446013) (309.9494,263.4486,115.2684) (0.01260418,1.314687,0.08825544) (324.6754,23.06808,337.6268)
compute 15.3854560772546(-0.180864274501801,1.48966979980469,0.547994673252106) (-0.3312304,1.460824,0.5328566) (293.6974,259.2204,127.8687) (0.01735846,1.307672,0.08980488) (328.7383,23.7648,337.7145)
compute 19.7541899716514(0.0112472651526332,1.46646881103516,0.587714612483978) (-0.1808643,1.48967,0.5479947) (274.2208,267.0759,132.1427) (0.02265569,1.30534,0.08385326) (328.7203,24.56167,338.9322)
compute 15.9879652564666(0.155802264809608,1.40892505645752,0.624512314796448) (0.01124727,1.466469,0.5877146) (284.0003,42.95275,7.502817) (0.03084028,1.310033,0.07457504) (325.5992,26.54418,337.7452)
compute 4.85985669283614(0.186799019575119,1.3737336397171,0.611761391162872) (0.1558023,1.408925,0.6245123) (285.5701,20.26005,35.8589) (0.0363181,1.315488,0.06925454) (322.2958,26.2158,338.4974)
compute 2.35648998049453(0.190627947449684,1.36852502822876,0.634422242641449) (0.186799,1.373734,0.6117614) (291.0939,15.71639,36.4338) (0.03440215,1.319585,0.06619678) (319.2088,21.0571,341.6818)
compute 4.9892648646666(0.158674031496048,1.4065568447113,0.639091789722443) (0.1906279,1.368525,0.6344222) (289.0629,345.3965,67.13405) (0.02843454,1.324357,0.06396417) (316.2924,15.35851,346.1227)
compute 10.6023076302157(0.118745066225529,1.49593043327332,0.598361790180206) (0.158674,1.406557,0.6390918) (282.5555,319.0045,91.13512) (0.02119622,1.325814,0.06345948) (315.2981,10.13083,349.7437)
compute 10.0606646193493(0.0719825476408005,1.56939589977264,0.547985315322876) (0.1187451,1.49593,0.5983618) (283.8292,268.1799,140.9777) (0.01678501,1.326805,0.0638558) (314.495,7.594773,351.712)
compute 8.4886975099727(0.0255017261952162,1.63347232341766,0.517333328723907) (0.07198255,1.569396,0.5479853) (291.4636,249.9248,161.1083) (0.007408056,1.328779,0.064367) (313.1003,5.174226,353.2197)
compute 7.78965608669215(-0.0048347101546824,1.70270907878876,0.536144137382507) (0.02550173,1.633472,0.5173333) (291.5188,245.6635,164.9119) (-0.00705228,1.330643,0.06457631) (313.3802,1.808367,356.0313)
compute 1.52449504679619(-0.0157612003386021,1.711256980896,0.542465031147003) (-0.00483471,1.702709,0.5361441) (290.9284,252.8193,157.4379) (-0.02008811,1.33021,0.06513628) (313.8657,359.5562,358.3786)
compute 2.92126393923607(-0.0171010121703148,1.68646156787872,0.557852387428284) (-0.0157612,1.711257,0.542465) (290.4897,290.8991,120.8503) (-0.03511643,1.328817,0.0658126) (314.1573,355.9602,1.064768)
compute 2.60495625726063(-0.0318802148103714,1.68890988826752,0.536541342735291) (-0.01710101,1.686462,0.5578524) (286.6863,268.6606,136.2812) (-0.04231619,1.328101,0.0677468) (314.1953,353.1653,3.372749)
compute 4.918386733779(-0.0721623003482819,1.69638538360596,0.509328782558441) (-0.03188021,1.68891,0.5365413) (293.5601,258.8301,148.0211) (-0.04733365,1.328851,0.06903961) (314.7615,351.1104,4.788422)
compute 3.46003559689058(-0.0985588356852531,1.69961881637573,0.487193912267685) (-0.0721623,1.696385,0.5093288) (295.8184,257.3461,149.7445) (-0.05739463,1.328505,0.06604491) (314.7471,346.3728,7.854)
compute 1.82534022783613(-0.115243963897228,1.6971447467804,0.48021736741066) (-0.09855884,1.699619,0.4871939) (296.0068,249.3471,155.8347) (-0.07562318,1.327052,0.06116344) (315.4121,337.1133,14.4511)
compute 6.66294194715207(-0.151610970497131,1.6674427986145,0.527490139007568) (-0.115244,1.697145,0.4802174) (298.5886,276.2871,127.0374) (-0.08849869,1.326106,0.05830283) (317.3798,328.7877,20.7805)
compute 8.67995126575567(-0.227814391255379,1.62640750408173,0.5209099650383) (-0.151611,1.667443,0.5274901) (306.0337,268.012,130.9034) (-0.1008615,1.323568,0.05966674) (320.0001,322.1972,25.13661)
compute 11.6866508839978(-0.328459322452545,1.57823717594147,0.486153692007065) (-0.2278144,1.626408,0.52091) (315.5622,261.1492,130.821) (-0.1136931,1.320143,0.06189618) (323.6316,318.1556,26.58864)
compute 9.8603899130693(-0.415906190872192,1.54560720920563,0.454356521368027) (-0.3284593,1.578237,0.4861537) (321.9763,255.892,131.9843) (-0.132279,1.318405,0.06599399) (325.32,313.639,27.88537)
compute 6.97607361656747(-0.480230420827866,1.5282438993454,0.433681190013886) (-0.4159062,1.545607,0.4543565) (320.9682,250.7956,128.6052) (-0.1509566,1.31795,0.06876376) (327.3056,310.059,29.08243)
compute 6.06295431382856(-0.535108685493469,1.50246977806091,0.433792352676392) (-0.4802304,1.528244,0.4336812) (322.424,250.1465,127.3992) (-0.1647657,1.31437,0.06947015) (330.0759,307.965,29.05921)
compute 6.41389607728639(-0.579272866249084,1.45956802368164,0.451758176088333) (-0.5351087,1.50247,0.4337924) (327.6641,257.6413,120.2202) (-0.170749,1.309307,0.07113823) (332.8155,306.4854,29.11189)
compute 4.96113514059605(-0.59968376159668,1.41750717163086,0.468358367681503) (-0.5792729,1.459568,0.4517582) (331.9972,261.2444,116.3329) (-0.1690435,1.305418,0.07518807) (334.7213,305.4598,28.80062)
compute 3.84014516329786(-0.606429278850555,1.3852870464325,0.488132923841476) (-0.5996838,1.417507,0.4683584) (334.5387,264.5901,111.4229) (-0.1584947,1.304798,0.08324157) (335.0942,303.7995,28.14026)
compute 3.28508363935272(-0.613819658756256,1.35830783843994,0.505357384681702) (-0.6064293,1.385287,0.4881329) (336.3029,264.718,109.7866) (-0.1488929,1.307498,0.09774676) (336.0999,303.7787,26.86668)
compute 4.12450410940315(-0.622734189033508,1.32136523723602,0.521386384963989) (-0.6138197,1.358308,0.5053574) (340.2426,266.146,107.8108) (-0.1444396,1.307647,0.1111807) (337.0662,304.0684,25.23908)
compute 5.42464793914812(-0.631632268428802,1.26936876773834,0.534030437469482) (-0.6227342,1.321365,0.5213864) (345.5181,267.141,104.795) (-0.1453568,1.307536,0.11702) (337.8676,303.5924,24.83077)
compute 3.45855941337871(-0.629759669303894,1.23568677902222,0.541658043861389) (-0.6316323,1.269369,0.5340304) (350.493,266.8627,104.33) (-0.1464807,1.309919,0.1195082) (335.7924,304.5436,24.35919)
compute 2.91304895840023(-0.606695115566254,1.23947143554688,0.559044480323792) (-0.6297597,1.235687,0.541658) (347.2158,268.4509,99.58237) (-0.1341024,1.318691,0.1187705) (331.2563,306.8262,23.69874)
compute 4.18080692482313(-0.57061368227005,1.25418710708618,0.57419353723526) (-0.6066951,1.239471,0.5590445) (343.4729,270.8288,97.34044) (-0.1223378,1.322173,0.1179021) (328.1723,308.8575,22.51514)
compute 3.42359840458679(-0.539388000965118,1.26660168170929,0.580746233463287) (-0.5706137,1.254187,0.5741935) (342.8526,272.7088,96.83745) (-0.1193941,1.323168,0.1176928) (325.7802,309.8229,22.14972)
compute 6.52623303962523(-0.518262207508087,1.32834982872009,0.580943584442139) (-0.539388,1.266602,0.5807462) (332.0246,272.4683,100.3178) (-0.1252072,1.323178,0.1218968) (326.1534,310.3203,21.7297)
compute 10.802152171834(-0.492047846317291,1.43147897720337,0.562346935272217) (-0.5182622,1.32835,0.5809436) (314.1284,263.5066,113.3401) (-0.1378423,1.322195,0.1286125) (326.9375,311.2485,21.30841)
compute 10.0553255773706(-0.461142122745514,1.52452743053436,0.540035963058472) (-0.4920478,1.431479,0.5623469) (300.5129,246.3991,131.425) (-0.1562138,1.318556,0.1329645) (327.7489,310.7725,21.62516)
compute 6.26697535298432(-0.455773055553436,1.58427965641022,0.558156192302704) (-0.4611421,1.524527,0.540036) (291.3926,245.0685,129.2882) (-0.1744884,1.31474,0.1372058) (329.7697,309.9813,22.15588)
compute 3.18604040696054(-0.478105306625366,1.59312987327576,0.579085350036621) (-0.4557731,1.58428,0.5581562) (295.4019,260.7771,114.9063) (-0.1855091,1.311242,0.140083) (331.8726,310.1119,21.98823)
compute 2.14820282962019(-0.494228392839432,1.58000111579895,0.584485292434692) (-0.4781053,1.59313,0.5790854) (297.2237,261.8525,114.4245) (-0.1900752,1.309656,0.1408528) (333.1314,309.2197,22.70524)
compute 2.34844025528644(-0.5096475481987,1.56305432319641,0.579330384731293) (-0.4942284,1.580001,0.5844853) (300.4664,261.6494,114.1526) (-0.1896221,1.310411,0.1410172) (334.1771,309.5359,21.81811)
compute 3.62651288092641(-0.533267557621002,1.54837381839752,0.556055128574371) (-0.5096475,1.563054,0.5793304) (304.2632,253.2884,120.1559) (-0.1894517,1.309238,0.1434973) (335.55,310.3895,21.14853)
compute 6.12649340716139(-0.575346291065216,1.5054966211319,0.544041872024536) (-0.5332676,1.548374,0.5560551) (315.0923,259.9529,112.5656) (-0.1886133,1.306677,0.1418605) (336.937,310.342,20.80803)
compute 5.08254566467799(-0.610280454158783,1.47254943847656,0.527389109134674) (-0.5753463,1.505497,0.5440419) (315.6984,256.7265,111.8319) (-0.1875108,1.30554,0.1327152) (337.5125,308.2711,20.8973)
compute 8.09869327365955(-0.659934461116791,1.40932297706604,0.517602503299713) (-0.6102805,1.472549,0.5273891) (327.2365,257.4377,109.3228) (-0.1875392,1.305093,0.128392) (337.6722,308.467,20.7986)
compute 10.616540696537(-0.694091260433197,1.30940115451813,0.528558611869812) (-0.6599345,1.409323,0.5176025) (343.8181,262.2701,111.782) (-0.1828237,1.306373,0.1182453) (333.8711,306.967,21.96532)
compute 6.58127783345766(-0.702999353408813,1.25013875961304,0.555760383605957) (-0.6940913,1.309401,0.5285586) (351.9214,265.2701,111.4675) (-0.1674891,1.315802,0.1108725) (329.4971,307.8707,21.82743)
compute 4.22234564439632(-0.663517475128174,1.25256896018982,0.570528447628021) (-0.7029994,1.250139,0.5557604) (350.0587,266.7541,109.0674) (-0.1392466,1.323426,0.1145961) (326.0615,316.0838,19.27281)
compute 9.13361886754448(-0.58098828792572,1.29150390625,0.566616535186768) (-0.6635175,1.252569,0.5705284) (345.8345,268.8999,109.3357) (-0.09915823,1.331825,0.1180834) (320.2905,329.6366,13.12383)
compute 6.05215714462647(-0.524828314781189,1.31367599964142,0.570777833461761) (-0.5809883,1.291504,0.5666165) (341.9188,270.1585,106.7605) (-0.06861815,1.333601,0.117684) (317.342,341.3972,4.97017)
compute 4.23131318055209(-0.499478816986084,1.33845520019531,0.593881845474243) (-0.5248283,1.313676,0.5707778) (335.4054,269.0595,111.5248) (-0.04680316,1.331543,0.1181927) (316.6926,350.4907,358.3163)
compute 7.82362789391472(-0.442484736442566,1.39191830158234,0.597661674022675) (-0.4994788,1.338455,0.5938818) (325.0379,268.0912,114.0087) (-0.02824106,1.32918,0.115242) (315.0492,356.2556,354.0605)
compute 11.7187692962112(-0.349892765283585,1.45959091186523,0.573576390743256) (-0.4424847,1.391918,0.5976617) (312.3367,264.8273,119.833) (-0.01660708,1.329483,0.1079102) (313.559,358.6928,352.1779)
compute 9.52155416897748(-0.267875850200653,1.50706303119659,0.564323127269745) (-0.3498928,1.459591,0.5735764) (303.0274,264.173,121.5408) (-0.005679466,1.327904,0.1052261) (314.5677,0.4488952,350.6214)
compute 7.32880215482702(-0.20347897708416,1.53910386562347,0.550267457962036) (-0.2678759,1.507063,0.5643231) (296.752,262.0406,127.2341) (-0.002491836,1.325708,0.09512869) (312.9236,358.5224,352.2964)
compute 6.11963765828492(-0.166726782917976,1.57588052749634,0.517991304397583) (-0.203479,1.539104,0.5502675) (295.2315,252.2879,140.9411) (-0.007384874,1.326049,0.08576453) (311.6065,356.868,354.1262)
compute 5.51557496315203(-0.146707355976105,1.6188143491745,0.489741235971451) (-0.1667268,1.575881,0.5179913) (295.9755,244.6512,152.911) (-0.01336295,1.327624,0.08142877) (311.0417,355.387,355.7825)
compute 3.60328584865271(-0.135019823908806,1.64921855926514,0.474334985017776) (-0.1467074,1.618814,0.4897412) (294.4554,241.9916,156.9678) (-0.01899134,1.328787,0.07752486) (311.5464,353.408,357.8564)
compute 2.66290632227031(-0.132706746459007,1.67552709579468,0.477743446826935) (-0.1350198,1.649219,0.474335) (293.2287,245.3619,153.201) (-0.02649435,1.327973,0.06991151) (311.702,351.4577,359.8881)
compute 3.72536462422613(-0.146565616130829,1.69311571121216,0.507516026496887) (-0.1327067,1.675527,0.4777434) (296.0945,253.005,147.7519) (-0.03496406,1.328804,0.06343423) (311.57,350.011,1.539298)
compute 2.49117708153435(-0.166210025548935,1.68516194820404,0.520609200000763) (-0.1465656,1.693116,0.507516) (299.0556,259.7708,142.8736) (-0.0417273,1.329783,0.06234509) (312.7674,349.5873,2.439913)
compute 3.85669230841526(-0.187111094594002,1.65390479564667,0.529184937477112) (-0.16621,1.685162,0.5206092) (301.0552,266.408,135.7541) (-0.04888349,1.328935,0.06309862) (314.4607,349.0391,3.51598)
compute 7.29056659197157(-0.218975022435188,1.59887552261353,0.56484591960907) (-0.1871111,1.653905,0.5291849) (308.639,276.7982,125.7879) (-0.05231448,1.327434,0.06269368) (316.3917,349.1286,4.35097)
compute 3.92949528298584(-0.225936323404312,1.56789255142212,0.587990880012512) (-0.218975,1.598876,0.5648459) (311.1396,279.6055,122.8095) (-0.04770834,1.326054,0.06084785) (317.2805,350.8909,3.102975)
compute 2.34253992679608(-0.215862542390823,1.54674458503723,0.587812542915344) (-0.2259363,1.567893,0.5879909) (311.3068,277.5638,123.0474) (-0.03682781,1.325734,0.05869684) (317.5403,354.8548,0.7441934)
compute 3.76733470645429(-0.180073842406273,1.54781711101532,0.576095044612885) (-0.2158625,1.546745,0.5878125) (311.5084,275.1961,128.6658) (-0.02698391,1.326552,0.05459127) (316.0711,0.2174203,357.2175)
compute 9.7958149093704(-0.0902451649308205,1.57588851451874,0.548917770385742) (-0.1800738,1.547817,0.576095) (297.8304,269.6161,136.1661) (-0.02414483,1.327799,0.05252349) (316.4986,1.332871,356.9947)
compute 10.7922504233326(0.0175751931965351,1.57428681850433,0.553330421447754) (-0.09024516,1.575889,0.5489178) (281.8098,276.5192,130.4821) (-0.01610417,1.325964,0.05059295) (317.334,3.301032,356.1969)
compute 6.99973517049717(0.0754510909318924,1.55389726161957,0.587009429931641) (0.01757519,1.574287,0.5533304) (282.6925,329.593,79.84241) (-0.004303989,1.323574,0.04418843) (315.1345,7.178943,353.4381)
compute 3.62780696934078(0.0969094038009644,1.57305419445038,0.564903974533081) (0.07545109,1.553897,0.5870094) (279.0802,300.9729,109.4618) (0.007582459,1.32528,0.04545347) (315.254,10.33955,351.0305)
compute 4.39187466355272(0.098175048828125,1.60578608512878,0.535648584365845) (0.0969094,1.573054,0.564904) (281.0793,284.0967,127.4963) (0.01554386,1.325514,0.05437827) (316.6507,11.86375,350.1777)
compute 2.10435315794618(0.0956561863422394,1.6145898103714,0.554595351219177) (0.09817505,1.605786,0.5356486) (284.5213,296.1182,113.5266) (0.01825758,1.326262,0.0595455) (317.4191,10.18014,351.575)
compute 2.13051020112122(0.0898423567414284,1.63237571716309,0.564782023429871) (0.09565619,1.61459,0.5545954) (289.6658,295.054,121.1305) (0.01768665,1.326009,0.06165426) (316.7163,8.916865,352.5111)
compute 2.66577908189606(0.0920293033123016,1.65694200992584,0.554665088653564) (0.08984236,1.632376,0.564782) (283.9567,285.3477,126.4833) (0.004619107,1.329074,0.06704319) (316.4042,3.389763,356.7854)
compute 4.26142077261884(0.0867148712277412,1.63629031181335,0.591560006141663) (0.0920293,1.656942,0.5546651) (288.311,337.474,68.77664) (-0.03062531,1.331107,0.07505898) (317.2946,345.8957,8.905324)
compute 13.6484215399705(-0.0323958396911621,1.57018160820007,0.59993976354599) (0.08671487,1.63629,0.59156) (300.8041,313.8709,87.4245) (-0.05788249,1.323779,0.07105754) (321.8389,331.437,20.06747)
compute 17.4826607373916(-0.189764499664307,1.49915158748627,0.572477340698242) (-0.03239584,1.570182,0.5999398) (319.6702,284.9247,112.5143) (-0.07552236,1.318166,0.07122126) (325.3132,324.5964,24.28671)
compute 11.1861393135291(-0.295586675405502,1.4961850643158,0.536340951919556) (-0.1897645,1.499152,0.5724773) (317.8876,270.593,121.0377) (-0.1002294,1.316342,0.07283172) (325.6497,319.4231,26.37732)
compute 7.46041619510247(-0.368785709142685,1.51027286052704,0.533305048942566) (-0.2955867,1.496185,0.536341) (312.3281,262.8275,128.9358) (-0.1263222,1.312758,0.06996555) (327.4119,313.6101,28.53153)
compute 7.35871129343398(-0.438752293586731,1.50576615333557,0.51095712184906) (-0.3687857,1.510273,0.533305) (313.8643,261.4614,128.6526) (-0.1510583,1.308237,0.06934567) (331.0105,308.5414,30.35813)
compute 10.2502760427391(-0.519547581672668,1.48149180412292,0.452736049890518) (-0.4387523,1.505766,0.5109571) (322.3738,249.645,131.0677) (-0.1656036,1.305398,0.07070424) (333.1736,305.5109,30.56669)
compute 8.88874625414424(-0.587716221809387,1.4532984495163,0.403146207332611) (-0.5195476,1.481492,0.452736) (332.1458,247.3311,137.4776) (-0.17614,1.300907,0.07081273) (334.2534,303.0177,30.47977)
compute 5.35367126082242(-0.636371374130249,1.43891549110413,0.38605859875679) (-0.5877162,1.453298,0.4031462) (328.7977,244.7959,136.0301) (-0.1826934,1.296221,0.0695773) (333.354,302.6072,29.29355)
compute 9.34122514459287(-0.684248805046082,1.36068725585938,0.403777062892914) (-0.6363714,1.438915,0.3860586) (346.816,255.1129,132.2821) (-0.1642059,1.311293,0.07782546) (325.916,311.7718,24.02327)
compute 4.32273650869266(-0.657965958118439,1.39450776576996,0.409607172012329) (-0.6842488,1.360687,0.4037771) (339.9513,250.9686,141.3742) (-0.1431384,1.317575,0.08756015) (325.2909,318.4429,20.48426)
compute 13.9527386362178(-0.574782371520996,1.50232911109924,0.439987123012543) (-0.657966,1.394508,0.4096072) (326.1775,248.6166,148.5311) (-0.1212486,1.328119,0.0989392) (324.0313,323.4347,16.91195)
compute 12.9426957382227(-0.489776641130447,1.59361660480499,0.474511861801147) (-0.5747824,1.502329,0.4399871) (310.4233,246.5614,147.7789) (-0.09649794,1.336856,0.1133982) (322.2552,327.7397,11.81225)
compute 5.6532282616124(-0.46325495839119,1.61766159534454,0.518265008926392) (-0.4897766,1.593617,0.4745119) (310.1123,254.5022,139.6124) (-0.07898072,1.338608,0.129934) (324.5023,331.8467,7.029733)
compute 3.99361640078594(-0.463433265686035,1.59702372550964,0.552454829216003) (-0.463255,1.617662,0.518265) (313.7654,265.3333,124.7948) (-0.07121095,1.336652,0.1370805) (325.9398,334.9569,3.835952)
compute 3.77419440803289(-0.476373761892319,1.56161332130432,0.554215848445892) (-0.4634333,1.597024,0.5524548) (318.6505,263.2243,129.6708) (-0.07093386,1.333042,0.1371635) (324.6909,335.9919,3.381638)
compute 5.16165020201978(-0.506188929080963,1.51948094367981,0.55464243888855) (-0.4763738,1.561613,0.5542158) (326.5396,266.4942,126.1297) (-0.07212543,1.332044,0.133289) (322.7712,340.5394,2.499919)
compute 2.90399406699966(-0.522731423377991,1.49830710887909,0.543627321720123) (-0.5061889,1.519481,0.5546424) (328.198,264.8135,125.6479) (-0.06535865,1.335446,0.1302912) (320.8536,346.5816,0.2687186)
compute 2.61195279036251(-0.519475162029266,1.49778199195862,0.517716884613037) (-0.5227314,1.498307,0.5436273) (326.4969,260.7633,126.5125) (-0.05113211,1.335618,0.1290621) (321.2655,354.8325,356.4875)
compute 5.44437969100198(-0.476436257362366,1.51247322559357,0.487784504890442) (-0.5194752,1.497782,0.5177169) (323.4806,257.0537,130.3449) (-0.03015799,1.330723,0.1256445) (323.5511,4.563943,350.7286)
compute 6.24560102625289(-0.423896282911301,1.53451120853424,0.462198734283447) (-0.4764363,1.512473,0.4877845) (317.6035,253.116,131.2546) (-0.01618442,1.325868,0.1190927) (323.7852,9.019102,347.8872)
compute 5.47837526134774(-0.371978968381882,1.54789674282074,0.450943529605865) (-0.4238963,1.534511,0.4621987) (314.9076,249.7824,137.0628) (-0.006976187,1.324542,0.1064897) (323.5285,12.23393,344.2651)
compute 5.39945368089635(-0.318376690149307,1.55434834957123,0.450180262327194) (-0.371979,1.547897,0.4509435) (309.4,249.2289,137.3425) (0.01583701,1.316339,0.09769297) (327.1367,20.27134,339.7624)
compute 5.30749612989311(-0.265463024377823,1.55446183681488,0.446047127246857) (-0.3183767,1.554348,0.4501803) (306.0643,249.318,139.0192) (0.03759705,1.303742,0.09431697) (333.0381,27.29023,335.6352)
compute 5.77144903844192(-0.207960456609726,1.54975557327271,0.44454100728035) (-0.265463,1.554462,0.4460471) (301.8654,249.3387,141.0419) (0.05920054,1.293389,0.08823982) (337.942,33.92846,332.8347)
compute 6.46090850629069(-0.143769711256027,1.54397296905518,0.440019518136978) (-0.2079605,1.549756,0.444541) (298.3891,251.3812,142.7155) (0.07667938,1.283401,0.07406007) (341.2643,39.92418,330.1119)
compute 5.52085142389272(-0.0889259949326515,1.53841626644135,0.436974853277206) (-0.1437697,1.543973,0.4400195) (295.0393,252.3943,145.6126) (0.09310213,1.275959,0.06144796) (344.1812,44.0783,328.0682)
compute 5.45234254363933(-0.0344089828431606,1.5376992225647,0.436544418334961) (-0.08892599,1.538416,0.4369749) (290.442,249.4057,151.6799) (0.1077331,1.269905,0.05098493) (346.7932,46.50711,327.0084)
compute 5.45386426132558(0.019855372607708,1.53281354904175,0.434100329875946) (-0.03440898,1.537699,0.4365444) (285.2083,244.9709,158.073) (0.1214328,1.256038,0.04653147) (353.4846,46.96643,325.9568)
compute 9.75148211412069(0.109991997480392,1.49649095535278,0.426025778055191) (0.01985537,1.532814,0.4341003) (278.1834,212.4219,193.778) (0.1309912,1.239549,0.04964658) (1.428638,44.75525,328.276)
compute 9.21555609668173(0.186861604452133,1.44630563259125,0.434096992015839) (0.109992,1.496491,0.4260258) (275.094,122.7102,286.6888) (0.1393349,1.260531,0.0416197) (349.8451,43.51376,329.5037)
compute 4.06891104553777(0.220804497599602,1.42476332187653,0.440374940633774) (0.1868616,1.446306,0.434097) (271.6838,81.48532,332.9698) (0.1162359,1.309233,0.01652374) (327.0306,36.97262,329.8439)
compute 1.21900271333011(0.230261221528053,1.4324551820755,0.440424144268036) (0.2208045,1.424763,0.4403749) (270.8675,59.64791,355.6217) (0.09905904,1.318417,-0.001195277) (319.3711,30.80109,333.821)
compute 2.63534855169164(0.212353974580765,1.44961714744568,0.449329406023026) (0.2302612,1.432455,0.4404241) (274.8638,312.7774,99.83398) (0.08825536,1.318633,-0.006956204) (318.05,25.05265,338.1148)
compute 3.60085335847331(0.176960617303848,1.45418548583984,0.444527834653854) (0.212354,1.449617,0.4493294) (280.3995,292.3185,119.9722) (0.08224966,1.317462,-0.009397543) (315.1598,19.18084,342.015)
compute 3.27078483100645(0.144627317786217,1.45498669147491,0.449398070573807) (0.1769606,1.454185,0.4445278) (285.6013,291.8754,117.006) (0.07493059,1.322523,-0.009485229) (310.7897,11.66992,346.2999)
compute 6.20746134153758(0.0948286578059196,1.44161248207092,0.483959347009659) (0.1446273,1.454987,0.4493981) (295.9267,299.4919,103.918) (0.07443264,1.324067,0.0004385011) (312.2493,7.542906,349.2687)
compute 8.11255747659468(0.0231725182384253,1.41283559799194,0.508831977844238) (0.09482866,1.441612,0.4839593) (309.3141,295.3633,106.217) (0.0767806,1.3229,0.01482585) (313.9953,5.140964,350.4311)
compute 4.37664345299877(-0.020448362454772,1.41174054145813,0.512226164340973) (0.02317252,1.412836,0.508832) (312.6378,289.5289,111.4043) (0.07524607,1.32285,0.02851224) (314.6417,1.01182,351.9975)
compute 2.75128328978016(-0.0350391194224358,1.43491268157959,0.509558260440826) (-0.02044836,1.411741,0.5122262) (307.0726,286.0883,110.0262) (0.06812301,1.324068,0.04543781) (317.1236,356.6471,353.6546)
compute 1.45501692926565(-0.0439949482679367,1.44621658325195,0.507628917694092) (-0.03503912,1.434913,0.5095583) (304.1406,283.3318,111.4915) (0.06189935,1.322944,0.06093284) (319.7657,353.9051,354.9254)
compute 0.549998265909609(-0.0470051430165768,1.45063471794128,0.50633716583252) (-0.04399495,1.446217,0.5076289) (302.0056,280.2791,114.2691) (0.05392599,1.322072,0.07194446) (321.6183,351.0276,356.6663)
compute 0.542023237386099(-0.043009415268898,1.45392489433289,0.507945835590363) (-0.04700514,1.450635,0.5063372) (298.5065,276.5433,118.2798) (0.05116908,1.32259,0.07485701) (319.6927,351.3317,356.4752)
compute 1.5113505866998(-0.0279769785702229,1.45460939407349,0.509351313114166) (-0.04300942,1.453925,0.5079458) (294.9653,274.9217,119.7284) (0.05719558,1.324741,0.07393961) (318.0182,353.7112,354.7973)
compute 1.42374603514437(-0.0164357740432024,1.44709742069244,0.5129674077034) (-0.02797698,1.454609,0.5093513) (294.058,277.1971,117.7862) (0.06380059,1.324853,0.07178437) (318.4727,357.1849,352.2041)
compute 1.44553157738734(-0.00588382687419653,1.43781912326813,0.516362369060516) (-0.01643577,1.447097,0.5129674) (293.6444,281.132,113.2689) (0.06906922,1.323897,0.07570832) (319.3406,1.162724,349.5918)
compute 1.34230516846301(0.00450141495093703,1.42932236194611,0.516001641750336) (-0.005883827,1.437819,0.5163624) (292.5313,282.8935,110.9532) (0.07761084,1.319492,0.07901233) (321.5132,7.366632,345.3253)
compute 1.48088481478075(0.00638072332367301,1.41540312767029,0.511308550834656) (0.004501415,1.429322,0.5160016) (291.9298,284.4707,106.135) (0.08756983,1.313427,0.07913516) (324.806,14.61386,341.1387)
compute 3.17120934478434(0.00251687970012426,1.3929295539856,0.489270716905594) (0.006380723,1.415403,0.5113086) (292.6743,283.3474,104.5164) (0.09720979,1.304977,0.08298197) (330.4802,21.13833,336.913)
compute 3.91308999353013(-0.00337621034123003,1.36285424232483,0.464940190315247) (0.00251688,1.39293,0.4892707) (292.8886,281.2465,103.6085) (0.1112886,1.292438,0.08766698) (338.6667,28.89588,333.7352)
compute 3.2283189060096(-0.0046502985060215,1.33205878734589,0.455337017774582) (-0.00337621,1.362854,0.4649402) (292.4158,285.2805,96.31908) (0.1226989,1.278907,0.08843061) (345.3777,34.27944,332.2646)
compute 1.98166510962754(-0.00282843853347003,1.312344789505,0.456196546554565) (-0.004650299,1.332059,0.455337) (292.1596,290.2163,91.16771) (0.1252671,1.272932,0.08957855) (348.9125,36.34172,332.0955)
compute 0.989307026380651(0.00703461281955242,1.31158137321472,0.456095308065414) (-0.002828439,1.312345,0.4561965) (290.3776,296.4563,85.66745) (0.1262377,1.272259,0.0902771) (350.6333,36.93402,331.8157)
compute 1.21215651877235(0.00882175005972385,1.31546652317047,0.444753170013428) (0.007034613,1.311581,0.4560953) (288.3287,297.1345,84.4369) (0.1248911,1.270989,0.09202573) (351.7009,36.95759,331.8243)
compute 1.50958389486896(0.00209502829238772,1.3167827129364,0.431303143501282) (0.00882175,1.315467,0.4447532) (287.5983,288.4507,94.03115) (0.1148755,1.279145,0.09476382) (347.0761,33.65645,332.301)
compute 0.752296953010428(-0.00267567299306393,1.3111652135849,0.429793447256088) (0.002095028,1.316783,0.4313031) (288.3757,282.7682,101.1322) (0.09287494,1.302719,0.09873419) (334.3956,24.38579,335.369)
compute 2.06724682153604(-0.00202138698659837,1.30114793777466,0.447864890098572) (-0.002675673,1.311165,0.4297934) (288.7834,284.6204,98.56479) (0.06714159,1.317428,0.09617335) (324.5065,14.15041,342.2765)
compute 2.97324381902536(-0.00228859251365066,1.2909163236618,0.475780129432678) (-0.002021387,1.301148,0.4478649) (288.7015,293.3111,87.94719) (0.04633335,1.321342,0.09700631) (321.9742,5.822106,348.0862)
compute 1.10123942697075(-0.00325260357931256,1.28236448764801,0.482651054859161) (-0.002288593,1.290916,0.4757801) (289.2025,298.0997,80.26653) (0.02972029,1.322545,0.1105532) (322.3528,357.5125,353.7296)
compute 1.65488239183414(-0.0131876999512315,1.26944124698639,0.485505402088165) (-0.003252604,1.282364,0.4826511) (291.4441,294.5694,81.83783) (0.01331653,1.320985,0.1221063) (324.885,349.929,358.8035)
compute 3.0276332542476(-0.0264949556440115,1.24229741096497,0.487174361944199) (-0.0131877,1.269441,0.4855054) (294.5198,291.0327,82.8528) (-0.004932195,1.318328,0.1349534) (329.6953,342.3384,3.567413)
compute 2.83220128146101(-0.0342423841357231,1.21507441997528,0.488185584545136) (-0.02649496,1.242297,0.4871744) (296.384,294.5276,75.99531) (-0.02123084,1.30786,0.1483692) (336.9409,336.3907,5.419603)
compute 3.06341296612677(-0.0477783344686031,1.18760073184967,0.48753410577774) (-0.03424238,1.215074,0.4881856) (298.1368,295.4546,72.5877) (-0.03089845,1.296857,0.1613339) (344.7039,332.9883,6.094502)
compute 3.18626694185106(-0.0657562837004662,1.16196155548096,0.481647193431854) (-0.04777833,1.187601,0.4875341) (300.2975,293.318,71.91945) (-0.03944141,1.287169,0.1718774) (351.4296,329.5924,5.440432)
compute 1.17092091986832(-0.0692696049809456,1.15345084667206,0.474413245916367) (-0.06575628,1.161962,0.4816472) (300.8217,291.6808,73.40146) (-0.04368266,1.283303,0.1779056) (353.8454,327.3925,4.713593)
compute 1.41218658347103(-0.0583098009228706,1.16234576702118,0.474849343299866) (-0.0692696,1.153451,0.4744132) (296.6338,296.0593,68.97643) (-0.04186328,1.284002,0.1790316) (356.1758,327.8333,2.918407)
compute 2.45540559262037(-0.0376737639307976,1.17532634735107,0.477775126695633) (-0.0583098,1.162346,0.4748493) (293.2841,301.6142,64.80912) (-0.03156998,1.281857,0.1855915) (357.8036,332.5158,0.02411233)
compute 1.90029791404008(-0.0189247820526361,1.17705607414246,0.480343580245972) (-0.03767376,1.175326,0.4777751) (291.8138,313.8842,53.84176) (-0.01099402,1.28105,0.1965803) (359.2193,343.0651,356.956)
compute 1.4723707349287(-0.0165307261049747,1.16257059574127,0.481451272964478) (-0.01892478,1.177056,0.4803436) (294.408,320.0274,46.50195) (0.01174145,1.281213,0.2034372) (1.044589,353.0721,354.4742)
compute 1.8627498095414(-0.0167333520948887,1.14428317546844,0.477913916110992) (-0.01653073,1.162571,0.4814513) (297.1825,318.1361,49.00568) (0.02699377,1.277542,0.20529) (2.960427,359.1104,352.9326)
compute 1.1969415375796(-0.00698389345780015,1.13734114170074,0.47776186466217) (-0.01673335,1.144283,0.4779139) (298.122,321.968,46.65463) (0.0352775,1.276509,0.2041704) (3.758133,2.889325,352.1744)
compute 2.24754112471271(0.015285718254745,1.13599038124084,0.480479210615158) (-0.006983893,1.137341,0.4777619) (298.5446,328.6312,43.03405) (0.03807786,1.276523,0.2017355) (3.28372,5.58754,351.8221)
compute 1.31869834078066(0.028392381966114,1.13552117347717,0.481854617595673) (0.01528572,1.13599,0.4804792) (299.0454,333.3914,40.56346) (0.04016361,1.279355,0.1999771) (2.051319,7.185131,351.571)
compute 0.756135463819814(0.0358851477503777,1.13523459434509,0.480879724025726) (0.02839238,1.135521,0.4818546) (299.0918,335.1919,40.36186) (0.04001658,1.290314,0.1931383) (356.5445,8.064179,351.0555)
compute 0.543213183902209(0.0394605845212936,1.13114666938782,0.480764925479889) (0.03588515,1.135235,0.4808797) (299.0262,336.1704,39.94992) (0.03953462,1.305469,0.1847798) (349.4359,7.893934,350.8106)
compute 0.267420545523469(0.0404669083654881,1.12899816036224,0.481998860836029) (0.03946058,1.131147,0.4807649) (299.0997,336.2373,40.15805) (0.0336596,1.307663,0.1812036) (347.0725,6.607359,351.5059)
compute 0.583896918292713(0.0444174967706203,1.12912118434906,0.486296683549881) (0.04046691,1.128998,0.4819989) (299.1518,338.0919,37.79272) (0.02618839,1.307281,0.1825624) (346.5444,3.672005,352.3817)
compute 0.79575086669919(0.0480387508869171,1.12793278694153,0.493282109498978) (0.0444175,1.129121,0.4862967) (300.7523,344.2348,25.79719) (0.01584783,1.300114,0.1878041) (348.5044,358.5873,353.8979)
compute 1.21809010358387(0.044534869492054,1.11705160140991,0.497488886117935) (0.04803875,1.127933,0.4932821) (302.4174,343.2109,25.04823) (0.0004203245,1.294219,0.1958242) (351.2711,350.6061,355.8847)
compute 2.47330270230326(0.0290592294186354,1.09775924682617,0.497668564319611) (0.04453487,1.117052,0.4974889) (304.1458,338.3474,27.48421) (-0.01433053,1.289023,0.2018138) (353.9164,342.0547,357.4673)
compute 3.11424936588371(0.00903088692575693,1.07478308677673,0.491279780864716) (0.02905923,1.097759,0.4976686) (306.6832,330.0999,31.12989) (-0.0236546,1.286538,0.2069295) (356.0916,335.2792,358.5392)
compute 1.90402058198475(-0.000625363318249583,1.05838871002197,0.490565150976181) (0.009030887,1.074783,0.4912798) (309.163,326.151,32.43118) (-0.03021232,1.282919,0.2026173) (358.8247,329.8043,359.8141)
compute 0.112060966162175(-0.00139963906258345,1.05757927894592,0.490532219409943) (-0.0006253633,1.058389,0.4905652) (309.2891,325.7089,30.58999) (-0.03453839,1.279207,0.2012487) (0.1659519,324.6293,0.3417681)
compute 0.144782427826116(-0.000327822199324146,1.05826485157013,0.489841282367706) (-0.001399639,1.057579,0.4905322) (308.2298,326.1138,28.50165) (-0.03360779,1.278916,0.1985124) (1.288299,320.7817,0.1709809)
compute 0.204595613521733(-0.000405317085096613,1.05658352375031,0.488678067922592) (-0.0003278222,1.058265,0.4898413) (308.0238,325.3813,27.06108) (-0.03177451,1.27691,0.1964197) (2.632508,318.8508,359.858)
compute 0.847347683711379(-0.00319843925535679,1.05305457115173,0.481498599052429) (-0.0004053171,1.056584,0.4886781) (308.4553,323.3472,26.72683) (-0.02833083,1.276356,0.1926407) (2.943415,317.5413,359.1183)
compute 1.29377957045003(-0.0102944457903504,1.04636979103088,0.472992897033691) (-0.003198439,1.053055,0.4814986) (309.0391,320.3059,27.43563) (-0.02418929,1.276581,0.188686) (2.700214,316.7783,358.7151)
compute 0.988619095331083(-0.0148190790787339,1.04271674156189,0.464997917413712) (-0.01029445,1.04637,0.4729929) (309.3534,318.3705,28.19839) (-0.01626226,1.276943,0.1873738) (2.695124,316.9418,358.0902)
compute 0.371605760311332(-0.0147902732715011,1.04111516475677,0.46164482831955) (-0.01481908,1.042717,0.4649979) (309.3947,318.0081,28.26634) (-0.01032849,1.278237,0.1861318) (2.948989,317.9216,357.6233)
compute 0.51765446394026(-0.0116488486528397,1.03920578956604,0.458000332117081) (-0.01479027,1.041115,0.4616448) (309.3459,317.9781,28.5568) (-0.003894739,1.278354,0.1858649) (3.253471,320.1056,357.1891)
Average= 4.53699982550643
Max= 19.7541899716514
Standard Deviation= 8.06467195437447
Right: 14    Wrong: 1
0
