red 280.6326 287.3556 14.33836 (-0.5034866,5,0.7) (-0.5034866,1.160853,0.7)
red 281.6292 287.7222 13.65692 (-0.1737486,5,0.7) (-0.1737486,1.321039,0.7)
red 283.1286 289.7333 15.36351 (-0.3034099,5,0.7) (-0.3034099,1.527797,0.7)
red 281.132 290.6222 15.57968 (0.9150515,5,0.7) (0.9150515,0.08130419,0.7)
red 282.1272 292.0333 16.13906 (-0.5938244,5,0.7) (-0.5938244,0.08126394,0.7)
red 286.632 292.3556 13.66345 (-0.1434466,5,0.7) (-0.1434466,1.546375,0.7)
red 284.1256 292.4111 13.88012 (-0.9986832,5,0.7) (-0.9986832,0.081595,0.7)
red 284.6247 292.4445 13.19396 (0.6254532,5,0.7) (0.6254532,0.07767254,0.7)
red 282.6264 293.1555 16.97776 (0.7155671,5,0.7) (0.7155671,0.08426005,0.7)
red 283.6274 293.8333 16.54553 (-0.6166046,5,0.7) (-0.6166046,0.08258694,0.7)
red 287.6312 294.1222 15.22255 (-0.1371897,5,0.7) (-0.1371897,1.548879,0.7)
red 286.1329 294.1778 13.54589 (0.314454,5,0.7) (0.314454,0.08275717,0.7)
red 285.1248 294.2444 15.05559 (0.696101,5,0.7) (0.696101,0.08045124,0.7)
red 287.1225 294.6667 16.85554 (-0.0489713,5,0.7) (-0.0489713,1.454203,0.7)
red 285.6239 295.9445 16.68578 (0.7185884,5,0.7) (0.7185884,0.07975352,0.7)
red 291.6246 297.0889 13.02132 (0.2156192,5,0.7) (0.2156192,1.519736,0.7)
red 288.1295 297.1444 14.91661 (-0.6448748,5,0.7) (-0.6448748,0.0805949,0.7)
red 289.1286 297.1667 13.51852 (0.9674988,5,0.7) (0.9674988,0.07800131,0.7)
red 290.1258 297.1889 15.7058 (0.4070716,5,0.7) (0.4070716,1.383452,0.7)
red 291.1251 297.8222 14.77408 (0.07366574,5,0.7) (0.07366574,1.312908,0.7)
red 288.6284 297.8333 15.18564 (-0.8309083,5,0.7) (-0.8309083,0.08299863,0.7)
red 292.6325 298.6 14.11884 (0.1706654,5,0.7) (0.1706654,1.533089,0.7)
red 289.6277 298.7333 15.03781 (-0.9941053,5,0.7) (-0.9941053,0.0795482,0.7)
red 290.624 299.4667 14.66179 (0.9589603,5,0.7) (0.9589603,0.0783115,0.7)
red 292.1333 299.9778 13.24014 (-0.3056413,5,0.7) (-0.3056413,0.0765552,0.7)
red 295.1284 301.2444 14.97964 (0.06025875,5,0.7) (0.06025875,1.688348,0.7)
red 293.1305 301.2556 13.64536 (-0.3454846,5,0.7) (-0.3454846,0.07717881,0.7)
red 293.6296 302.1 14.14192 (0.7981739,5,0.7) (0.7981739,0.07806043,0.7)
red 294.1277 302.3889 13.84249 (0.9523182,5,0.7) (0.9523182,0.07926086,0.7)
red 294.628 302.7889 13.7017 (0.8443813,5,0.7) (0.8443813,0.08063597,0.7)
red 296.1231 303.1444 16.91433 (-0.0460335,5,0.7) (-0.0460335,1.715282,0.7)
red 296.6232 303.4445 16.09865 (0.2218198,5,0.7) (0.2218198,1.611908,0.7)
red 298.1326 303.8889 13.03211 (-0.1889905,5,0.7) (-0.1889905,1.329924,0.7)
red 295.6284 304.6444 14.91855 (-0.9561555,5,0.7) (-0.9561555,0.08135873,0.7)
red 298.6318 304.6667 14.22948 (0.3244767,5,0.7) (0.3244767,1.526068,0.7)
red 299.6295 305.8222 14.71277 (-0.4321903,5,0.7) (-0.4321903,1.573534,0.7)
red 297.6226 306.9778 15.37319 (0.865052,5,0.7) (0.865052,0.07831231,0.7)
red 297.1243 307.1222 16.26432 (-0.5054734,5,0.7) (-0.5054734,0.08323695,0.7)
red 300.1275 309.0778 14.81927 (0.1111246,5,0.7) (0.1111246,0.07894319,0.7)
red 299.1308 309.4556 16.7106 (-0.8114486,5,0.7) (-0.8114486,0.08343205,0.7)
0
