black 305.225 312.0244 11.66107 (-0.7205718,5,0.7) (-0.7205718,0.07526952,0.7)
black 305.7346 312.8022 12.09278 (0.1156195,5,0.7) (0.1156195,0.08007237,0.7)
red 306.2325 312.8356 14.66287 (0.005865216,5,0.7) (0.005865216,1.329467,0.7)
red 305.225 313.3134 13.57936 (-0.4922394,5,0.7) (-0.4922394,0.07648751,0.7)
black 307.2332 313.5356 10.90379 (0.8867307,5,0.7) (0.8867307,0.07360645,0.7)
black 306.2325 313.8134 12.86198 (0.1226066,5,0.7) (0.1226066,0.08261687,0.7)
red 305.7346 313.9467 13.7882 (0.7227905,5,0.7) (0.7227905,0.0832494,0.7)
red 307.2332 314.6467 16.50531 (0.02501476,5,0.7) (0.02501476,1.421599,0.7)
black 308.2283 315.0689 11.73721 (-0.4557449,5,0.7) (-0.4557449,0.07930684,0.7)
red 308.2283 315.3356 16.02895 (0.03776634,5,0.7) (0.03776634,1.448812,0.7)
red 308.7305 315.9355 15.77013 (0.2705869,5,0.7) (0.2705869,1.327129,0.7)
red 310.2258 316.4022 13.86558 (-0.1032292,5,0.7) (-0.1032292,1.339111,0.7)
black 306.7339 316.4133 19.65964 (-0.177586,5,0.7) (-0.177586,1.23695,0.7)
red 306.7339 316.5578 16.03527 (-0.4803828,5,0.7) (-0.4803828,0.08178772,0.7)
black 310.7249 316.58 10.19126 (-0.5805883,5,0.7) (-0.5805883,0.07604049,0.7)
black 307.7303 316.6356 14.76284 (0.2923963,5,0.7) (0.2923963,0.0813241,0.7)
red 309.727 316.8467 15.464 (0.1342405,5,0.7) (0.1342405,1.286317,0.7)
black 310.2258 316.98 11.6008 (0.3560538,5,0.7) (0.3560538,0.07898438,0.7)
red 311.7354 317.6022 13.33263 (-0.3040966,5,0.7) (-0.3040966,1.355961,0.7)
black 308.7305 317.7911 14.98677 (0.624167,5,0.7) (0.624167,0.08375704,0.7)
red 307.7303 318.0244 16.65846 (0.6280432,5,0.7) (0.6280432,0.08066797,0.7)
red 312.2344 318.6245 14.40184 (-0.4886938,5,0.7) (-0.4886938,1.371529,0.7)
red 309.2285 318.7578 15.62858 (-0.4753352,5,0.7) (-0.4753352,0.08255005,0.7)
red 310.7249 319.6133 14.72588 (-0.8350992,5,0.7) (-0.8350992,0.07901374,0.7)
black 309.2285 319.6467 16.82516 (0.57478,5,0.7) (0.57478,0.08218443,0.7)
black 312.2344 319.7689 12.78933 (0.9123642,5,0.7) (0.9123642,0.07955421,0.7)
black 311.2335 320.8578 15.76273 (0.678416,5,0.7) (0.678416,0.08155879,0.7)
black 309.727 320.9467 17.86514 (-0.6138194,5,0.7) (-0.6138194,0.0806901,0.7)
red 311.2335 320.9467 15.88234 (0.7571259,5,0.7) (0.7571259,0.0809609,0.7)
red 313.7328 321.1689 16.62496 (0.07518232,5,0.7) (0.07518232,1.442214,0.7)
black 311.7354 321.4355 15.87523 (-0.8723502,5,0.7) (-0.8723502,0.0840503,0.7)
red 313.2338 321.9244 14.46041 (-0.999336,5,0.7) (-0.999336,0.07925168,0.7)
red 314.231 322.1911 13.40915 (-0.6212318,5,0.7) (-0.6212318,0.07954,0.7)
black 313.2338 322.3911 15.11733 (0.01817834,5,0.7) (0.01817834,0.08043407,0.7)
red 315.7283 322.4355 15.4664 (-0.4382609,5,0.7) (-0.4382609,1.502902,0.7)
black 316.2267 322.9244 11.50527 (-0.8240359,5,0.7) (-0.8240359,0.07389659,0.7)
black 313.7328 323.0356 15.31959 (-0.6107509,5,0.7) (-0.6107509,0.08124352,0.7)
red 312.735 323.1578 16.83678 (-0.7327547,5,0.7) (-0.7327547,0.0810603,0.7)
red 314.7302 323.4022 14.43648 (0.8464689,5,0.7) (0.8464689,0.08224369,0.7)
black 312.735 323.7245 17.58907 (-0.8735721,5,0.7) (-0.8735721,0.08452161,0.7)
black 317.2263 323.9911 11.62243 (0.2857883,5,0.7) (0.2857883,0.08120082,0.7)
black 317.7356 324.4355 11.53651 (-0.2010964,4.998944,0.7) (-0.2010964,0.08078757,0.7)
black 318.735 324.4689 10.01027 (0.8641651,5,0.7) (0.8641651,0.07396364,0.7)
red 317.2263 324.48 16.30444 (-0.3482357,5,0.7) (-0.3482357,1.450144,0.7)
black 315.2292 324.5133 15.28408 (0.2474579,5,0.7) (0.2474579,0.0794418,0.7)
red 315.2292 324.6133 15.42759 (0.9146917,5,0.7) (0.9146917,0.08155614,0.7)
black 314.231 324.8356 17.07876 (0.8992913,5,0.7) (0.8992913,0.08368018,0.7)
black 318.2344 324.9133 11.48833 (0.2705526,5,0.7) (0.2705526,0.073953,0.7)
red 316.7259 324.9133 13.72471 (0.494055,5,0.7) (0.494055,0.07683489,0.7)
red 318.735 325.2467 14.66005 (-0.4275838,5,0.7) (-0.4275838,1.378424,0.7)
red 318.2344 326.0689 16.95733 (0.159561,5,0.7) (0.159561,1.339422,0.7)
black 315.7283 326.3022 17.02577 (0.2285115,5,0.7) (0.2285115,0.0805138,0.7)
black 316.7259 326.4133 15.84241 (0.3830318,5,0.7) (0.3830318,0.08305514,0.7)
red 316.2267 326.4911 16.61291 (0.7405965,5,0.7) (0.7405965,0.08016455,0.7)
red 319.2334 327.1356 13.32836 (0.07929194,5,0.7) (0.07929194,0.07963475,0.7)
black 314.7302 327.2911 19.5671 (0.2986586,5,0.7) (0.2986586,0.08516286,0.7)
red 317.7356 327.5022 15.96092 (-0.6644621,4.999004,0.7) (-0.6644621,0.08214167,0.7)
red 319.7318 328.0133 13.87518 (-0.9658599,5,0.7) (-0.9658599,0.07952357,0.7)
black 319.2334 328.0356 14.6165 (-0.8499174,5,0.7) (-0.8499174,0.07894367,0.7)
black 319.7318 331.1689 18.15301 (0.1081926,5,0.7) (0.1081926,0.08180332,0.7)
0
