red 257.2748 263.7245 14.53149 (-0.07835925,5,0.7) (-0.07835925,1.378219,0.7)
red 258.7755 264.8911 13.88349 (-0.2029046,5,0.7) (-0.2029046,1.377786,0.7)
red 259.2747 265.5022 14.43198 (0.04926908,5,0.7) (0.04926908,1.475628,0.7)
red 258.2752 266.2578 13.43478 (0.3702395,5,0.7) (0.3702395,0.07665145,0.7)
red 259.7757 266.8356 16.0657 (0.1268967,5,0.7) (0.1268967,1.480869,0.7)
red 257.7763 267.0578 15.29218 (-0.6265059,5,0.7) (-0.6265059,0.08258522,0.7)
red 261.7701 268.0467 14.49515 (-0.2245611,5,0.7) (-0.2245611,1.468513,0.7)
red 260.7728 269.5133 14.5279 (-0.7863023,5,0.7) (-0.7863023,0.0811184,0.7)
red 263.7693 270.1356 13.97519 (-0.09203613,5,0.7) (-0.09203613,1.260656,0.7)
red 261.272 270.2467 14.85012 (-0.5043285,5,0.7) (-0.5043285,0.07890904,0.7)
red 260.2749 270.6578 16.78446 (0.516854,5,0.7) (0.516854,0.0835039,0.7)
red 262.2691 271.5578 15.28363 (0.6108084,5,0.7) (0.6108084,0.07924499,0.7)
red 263.2701 271.8022 14.22954 (-0.6166811,5,0.7) (-0.6166811,0.08149769,0.7)
red 262.7732 272.8133 16.3155 (0.7632425,5,0.7) (0.7632425,0.08014408,0.7)
red 265.2775 273.0911 16.50649 (0.605104,5,0.7) (0.605104,1.227789,0.7)
red 264.2691 273.1133 14.67045 (0.8218877,5,0.7) (0.8218877,0.08180058,0.7)
red 266.2758 274.0244 13.10384 (0.8997235,5,0.7) (0.8997235,0.08098158,0.7)
red 267.273 274.3245 16.00513 (0.2993409,5,0.7) (0.2993409,1.470389,0.7)
red 264.7775 275.1245 16.7305 (-0.8349822,5,0.7) (-0.8349822,0.07999052,0.7)
red 268.7708 275.1356 13.05841 (-0.3629469,5,0.7) (-0.3629469,0.9530989,0.7)
red 265.7766 275.4355 15.80382 (-0.5472724,5,0.7) (-0.5472724,0.07990116,0.7)
red 267.7736 276.1467 14.00536 (-0.8920684,5,0.7) (-0.8920684,0.08066189,0.7)
red 266.7739 276.28 15.5909 (-0.8342774,5,0.7) (-0.8342774,0.07975158,0.7)
red 269.7701 276.6133 14.00809 (-0.1462783,5,0.7) (-0.1462783,0.9884427,0.7)
red 268.2737 277.3022 14.92923 (0.4942302,5,0.7) (0.4942302,0.07945542,0.7)
red 270.2697 277.4578 15.47812 (-0.3373538,5,0.7) (-0.3373538,1.255368,0.7)
red 269.2699 278.5467 15.27257 (-0.7486382,5,0.7) (-0.7486382,0.08090368,0.7)
red 270.7775 278.6245 13.24379 (-0.9099071,5,0.7) (-0.9099071,0.07817197,0.7)
red 271.2763 279.0022 13.07014 (-0.4747881,5,0.7) (-0.4747881,0.08051279,0.7)
red 272.2768 279.0356 15.01693 (0.06094205,5,0.7) (0.06094205,1.3474,0.7)
red 273.7737 279.4467 13.11933 (-0.03403866,5,0.7) (-0.03403866,1.414899,0.7)
red 272.7746 280.9244 13.69099 (0.8001468,5,0.7) (0.8001468,0.08289318,0.7)
red 274.2738 280.9467 14.82065 (0.1419533,5,0.7) (0.1419533,1.338894,0.7)
red 273.2737 281.6022 13.93389 (0.4886055,5,0.7) (0.4886055,0.07743321,0.7)
red 271.7763 281.8467 16.36555 (-0.540807,5,0.7) (-0.540807,0.0820459,0.7)
red 275.7749 283.0244 15.57607 (0.3251912,5,0.7) (0.3251912,1.24883,0.7)
red 275.2701 283.1578 13.29644 (-0.6288831,5,0.7) (-0.6288831,0.0798137,0.7)
red 274.7751 283.2911 14.20817 (-0.6511693,5,0.7) (-0.6511693,0.07924931,0.7)
red 276.7794 285.6689 14.74646 (-0.7646749,5,0.7) (-0.7646749,0.08097214,0.7)
red 276.2742 286.2689 16.26701 (0.7760971,5,0.7) (0.7760971,0.08428794,0.7)
0
