compute 106.925359061134(-0.0314023979008198,1.01405787467957,0.337644517421722) (0,0,0) (283.1875,345.6901,23.92499) (-0.1316058,1.172473,0.003516671) (307.7844,352.0349,2.816063)
compute 0.0403517645890842(-0.0315631181001663,1.01435077190399,0.337418228387833) (-0.0314024,1.014058,0.3376445) (283.1566,345.9434,23.58681) (-0.1312326,1.172715,-0.0005740514) (307.871,351.5868,2.999555)
compute 0.156507033263689(-0.0326263234019279,1.01464080810547,0.33630695939064) (-0.03156312,1.014351,0.3374182) (282.8972,345.5514,23.74285) (-0.1313192,1.172714,-0.002429689) (307.9871,351.7726,2.815587)
compute 0.177765056208193(-0.0335570722818375,1.01444315910339,0.334805399179459) (-0.03262632,1.014641,0.336307) (282.9171,344.9422,24.34604) (-0.1314695,1.172351,-0.002143568) (309.7033,351.4339,2.981529)
compute 0.121605309734875(-0.0331053324043751,1.01446497440338,0.33367657661438) (-0.03355707,1.014443,0.3348054) (283.0027,345.7754,23.54554) (-0.1342368,1.172197,0.00487033) (312.1184,350.1861,3.74042)
compute 0.386042362957057(-0.0330665893852711,1.01443958282471,0.337536722421646) (-0.03310533,1.014465,0.3336766) (283.7656,348.0676,21.45602) (-0.1350868,1.172717,0.006541458) (312.7494,349.6341,4.06469)
compute 0.426485344457885(-0.0331239327788353,1.0135338306427,0.34170389175415) (-0.03306659,1.01444,0.3375367) (284.4545,348.8185,20.93688) (-0.1345825,1.172828,0.006608912) (312.5906,349.5116,4.185141)
compute 0.200459457315128(-0.0329463705420494,1.0126861333847,0.34351173043251) (-0.03312393,1.013534,0.3417039) (284.7897,349.9375,19.67738) (-0.1331202,1.173728,0.002610211) (311.5879,349.8824,4.030591)
compute 0.0576698903422772(-0.0324653126299381,1.01256799697876,0.343216419219971) (-0.03294637,1.012686,0.3435117) (284.7813,349.8892,19.73149) (-0.1303045,1.173708,-0.002465314) (310.5416,350.2674,3.861336)
compute 0.496717303042456(-0.0311840958893299,1.0127876996994,0.338422358036041) (-0.03246531,1.012568,0.3432164) (283.9804,349.4537,20.25613) (-0.1303946,1.172657,-0.006414517) (309.3427,350.6439,3.685925)
compute 0.426333864962392(-0.0293076578527689,1.01392817497253,0.334767997264862) (-0.0311841,1.012788,0.3384224) (283.2347,348.2829,21.61263) (-0.1295081,1.171426,-0.0177804) (305.3828,351.4398,3.617362)
compute 0.361583017769559(-0.0261336527764797,1.01417624950409,0.333053827285767) (-0.02930766,1.013928,0.334768) (282.002,347.4038,22.67548) (-0.1294828,1.170823,-0.02507701) (303.4173,351.3073,3.860456)
compute 0.147841365134466(-0.0254559721797705,1.01425719261169,0.331742376089096) (-0.02613365,1.014176,0.3330538) (280.219,345.4297,24.49725) (-0.1302755,1.16876,-0.03303017) (301.5152,350.6743,4.530865)
compute 0.133214543732282(-0.0263353772461414,1.01409292221069,0.330755323171616) (-0.02545597,1.014257,0.3317424) (279.226,333.6158,36.89687) (-0.1307652,1.167647,-0.04022596) (299.2042,350.882,4.620221)
compute 3.00918297620979(0.00200779316946864,1.01405930519104,0.320646822452545) (-0.02633538,1.014093,0.3307553) (278.9517,330.0095,40.47277) (-0.1306569,1.166101,-0.04104095) (299.5411,350.9727,4.700787)
compute 0.111278722891102(0.0017533446662128,1.01392734050751,0.31957158446312) (0.002007793,1.014059,0.3206468) (278.8028,319.5199,50.27389) (-0.1309332,1.165968,-0.04066769) (299.2682,351.0761,4.788931)
compute 0.0947386203047386(0.0013067681575194,1.01363921165466,0.318787306547165) (0.001753345,1.013927,0.3195716) (279.6237,308.9278,61.89304) (-0.1322571,1.165911,-0.03967226) (299.455,351.4437,4.586568)
compute 0.0512051197823383(0.0016383605543524,1.01361799240112,0.318397700786591) (0.001306768,1.013639,0.3187873) (279.8306,307.6644,63.12511) (-0.1326859,1.166058,-0.03593193) (299.9032,351.4091,4.483601)
compute 1.35396544700272(-0.011620195582509,1.01365876197815,0.321142017841339) (0.001638361,1.013618,0.3183977) (280.0237,307.9138,62.78923) (-0.1328886,1.166859,-0.03503196) (300.4152,351.5782,4.293097)
compute 1.49379792244248(-0.0254887547343969,1.01370537281036,0.326692163944244) (-0.0116202,1.013659,0.321142) (280.1514,308.3203,62.30764) (-0.1332849,1.168046,-0.03440753) (300.7453,352.1358,3.955544)
compute 0.0597079326870654(-0.024895966053009,1.01373183727264,0.326758533716202) (-0.02548875,1.013705,0.3266922) (280.3095,307.6973,62.72833) (-0.1337132,1.168828,-0.03418193) (300.3332,352.4764,3.976024)
compute 3.21193590586925(0.00588223524391651,1.01371192932129,0.317574024200439) (-0.02489597,1.013732,0.3267585) (280.7693,306.8983,63.56134) (-0.134936,1.168004,-0.04233973) (298.3208,354.3179,2.990617)
compute 0.154055368700411(0.00685011362656951,1.01369380950928,0.316375613212585) (0.005882235,1.013712,0.317574) (280.8958,306.0378,64.73123) (-0.1339059,1.168116,-0.04679511) (297.933,354.8415,2.831502)
compute 0.429754888972139(0.0097701558843255,1.01367104053497,0.31322255730629) (0.006850114,1.013694,0.3163756) (280.454,302.5179,68.128) (-0.1333776,1.166577,-0.05052933) (297.5119,354.1648,3.60685)
compute 0.220285046571117(0.0102111184969544,1.01323342323303,0.311109125614166) (0.009770156,1.013671,0.3132226) (281.6119,293.5483,78.48242) (-0.1339192,1.165869,-0.05197162) (297.5415,354.4434,3.663286)
compute 0.328745351238627(0.011699684895575,1.01277649402618,0.308213829994202) (0.01021112,1.013233,0.3111091) (281.955,291.0074,81.58762) (-0.1341056,1.165215,-0.0514071) (297.8831,354.4135,3.878805)
compute 0.150695206302416(0.0123760728165507,1.01253569126129,0.306888908147812) (0.01169968,1.012776,0.3082138) (281.9863,290.7627,81.86996) (-0.1346624,1.165321,-0.05159342) (298.0532,354.5266,3.883154)
compute 0.235734572248789(0.0127710374072194,1.01238584518433,0.304569721221924) (0.01237607,1.012536,0.3068889) (282.0348,290.8711,81.9206) (-0.1341949,1.166163,-0.05146819) (299.2063,353.6559,4.453691)
compute 0.223815107311901(0.0138565190136433,1.01237344741821,0.302612453699112) (0.01277104,1.012386,0.3045697) (282.09,291.5335,81.35199) (-0.1326493,1.16705,-0.04781102) (300.3658,351.0082,5.868862)
compute 4.27619954865953(-0.0257365442812443,1.01251983642578,0.318766593933105) (0.01385652,1.012373,0.3026125) (282.4135,295.5862,77.34621) (-0.1305004,1.16823,-0.04143298) (301.9725,347.6158,7.460949)
compute 1.7370684392172(-0.0416640415787697,1.0133513212204,0.325648754835129) (-0.02573654,1.01252,0.3187666) (282.4291,300.3521,71.66917) (-0.1283181,1.16968,-0.03636263) (303.898,344.3365,8.607988)
compute 1.36946715965023(-0.054339949041605,1.01476573944092,0.330635219812393) (-0.04166404,1.013351,0.3256488) (283.0046,302.8355,68.42321) (-0.124038,1.17024,-0.03349546) (304.4926,341.9085,9.046834)
compute 0.434156787910487(-0.0574172101914883,1.01566207408905,0.33356374502182) (-0.05433995,1.014766,0.3306352) (283.3178,304.619,65.74001) (-0.1144416,1.171374,-0.02847784) (305.7531,341.1678,8.316328)
compute 0.472237540139908(-0.0588872581720352,1.01653969287872,0.337964832782745) (-0.05741721,1.015662,0.3335637) (283.3508,306.0511,63.32362) (-0.1081666,1.172458,-0.01845257) (307.7125,339.2397,8.152628)
compute 0.642263753069802(-0.0595999211072922,1.01796281337738,0.344187140464783) (-0.05888726,1.01654,0.3379648) (283.8041,307.9697,59.99769) (-0.09625433,1.1733,-0.006442356) (309.791,337.9053,7.573059)
compute 0.997751830222774(-0.0536353960633278,1.01916301250458,0.352095037698746) (-0.05959992,1.017963,0.3441871) (284.3537,305.2473,60.87531) (-0.07800912,1.174446,0.008233056) (311.3265,337.273,6.268411)
compute 1.66424690106043(-0.0402277335524559,1.019526720047,0.361947655677795) (-0.0536354,1.019163,0.352095) (284.6184,297.7567,66.5869) (-0.06250716,1.172702,0.02234558) (312.3007,339.1666,1.447954)
compute 1.2652955020077(-0.0276704654097557,1.01966071128845,0.363495022058487) (-0.04022773,1.019527,0.3619477) (284.3636,298.5156,64.69708) (-0.07034944,1.171741,0.02418423) (311.5809,339.9278,1.54375)
compute 0.627029068634123(-0.0337394922971725,1.01976203918457,0.365067660808563) (-0.02767047,1.019661,0.363495) (284.9334,296.8288,65.46902) (-0.09586824,1.167827,0.01853515) (309.6978,338.157,4.340803)
compute 2.71669526459074(-0.0608084127306938,1.01793456077576,0.366473793983459) (-0.03373949,1.019762,0.3650677) (286.5498,279.7506,84.7038) (-0.1238132,1.166281,0.02416588) (310.3207,337.8995,3.96718)
compute 3.0090027875727(-0.09014792740345,1.0157744884491,0.372793346643448) (-0.06080841,1.017935,0.3664738) (287.1399,265.4626,101.1286) (-0.1548819,1.165979,0.03446867) (310.799,337.2772,4.821893)
compute 3.89409089310119(-0.118276804685593,1.01078748703003,0.399256348609924) (-0.09014793,1.015774,0.3727933) (292.0336,255.3404,113.3538) (-0.1850754,1.167117,0.04564821) (313.3454,335.7579,6.97184)
compute 5.81010479565789(-0.141972541809082,0.998269498348236,0.450807720422745) (-0.1182768,1.010787,0.3992563) (303.1739,258.5399,117.3162) (-0.2145249,1.168013,0.05120011) (313.7426,334.9297,8.275962)
compute 3.55609388424308(-0.147950455546379,0.99949049949646,0.485841333866119) (-0.1419725,0.9982695,0.4508077) (302.1621,251.8481,124.1806) (-0.2411265,1.16988,0.05595514) (314.477,334.2505,9.340192)
compute 2.60209900360367(-0.173831284046173,0.999771475791931,0.488523811101913) (-0.1479505,0.9994905,0.4858413) (302.7505,243.4698,135.9682) (-0.2630584,1.171755,0.05849559) (314.1526,334.514,10.14039)
compute 2.05666328384282(-0.194377541542053,0.99991649389267,0.489427506923676) (-0.1738313,0.9997715,0.4885238) (305.6915,238.748,145.4181) (-0.2813381,1.173392,0.058171) (313.8077,335.4116,10.27413)
compute 24.692471184949(-0.357983142137527,1.08485245704651,0.325138419866562) (-0.1943775,0.9999165,0.4894275) (306.967,238.9393,146.402) (-0.299448,1.173398,0.06001131) (314.7314,335.5053,11.21846)
compute 2.56633878758657(-0.380149990320206,1.0842547416687,0.338056743144989) (-0.3579831,1.084852,0.3251384) (307.0909,239.7481,146.0782) (-0.3192021,1.170246,0.06185699) (315.7846,333.935,13.49965)
compute 4.88262264236601(-0.42206272482872,1.08043992519379,0.3628109395504) (-0.38015,1.084255,0.3380567) (314.8082,244.8474,144.5425) (-0.3412243,1.170168,0.06891218) (317.2493,332.5032,14.91115)
compute 4.62635305013934(-0.456543177366257,1.10971939563751,0.372512757778168) (-0.4220627,1.08044,0.3628109) (320.489,244.8234,152.0322) (-0.3602409,1.171119,0.07631957) (319.0099,332.1361,15.30098)
compute 8.06503742178216(-0.477579683065414,1.17639815807343,0.332314610481262) (-0.4565432,1.109719,0.3725128) (326.6448,232.7895,175.2204) (-0.37571,1.172102,0.08260164) (320.1148,330.441,16.81661)
compute 9.08793428593676(-0.490197747945786,1.22929430007935,0.25950089097023) (-0.4775797,1.176398,0.3323146) (334.2418,219.8513,194.7136) (-0.3796013,1.175861,0.08846121) (320.5195,329.9595,16.37162)
compute 4.64702700093483(-0.47802945971489,1.23440027236938,0.214943647384644) (-0.4901977,1.229294,0.2595009) (339.3972,210.9986,204.6887) (-0.3732973,1.176447,0.08971202) (320.5596,330.1518,15.09157)
compute 4.72818852906126(-0.433992385864258,1.24300622940063,0.200035586953163) (-0.4780295,1.2344,0.2149436) (336.8671,201.409,213.3078) (-0.3722299,1.176561,0.0797357) (319.4099,327.7567,15.83793)
compute 5.94421155379569(-0.375230610370636,1.25096535682678,0.195903852581978) (-0.4339924,1.243006,0.2000356) (333.2516,180.8604,224.1597) (-0.3845922,1.176143,0.07846437) (320.9291,325.7643,16.24048)
compute 5.07566380238717(-0.334476977586746,1.22976899147034,0.174314692616463) (-0.3752306,1.250965,0.1959039) (345.9914,160.2656,231.4418) (-0.4009633,1.174043,0.09414241) (324.5651,323.6259,16.70667)
compute 36.523102403241(-0.549390912055969,1.25324964523315,0.468685805797577) (-0.334477,1.229769,0.1743147) (315.211,288.9067,116.2937) (-0.4105951,1.168544,0.1101979) (328.0013,325.4586,14.28184)
compute 7.54771821429646(-0.540431797504425,1.19223344326019,0.512200891971588) (-0.5493909,1.25325,0.4686858) (313.6001,285.0353,131.3467) (-0.429509,1.156155,0.1087631) (332.444,323.9077,16.75687)
compute 3.57151143821696(-0.5658860206604,1.17976367473602,0.490471720695496) (-0.5404318,1.192233,0.5122009) (320.2548,280.7793,132.158) (-0.4190858,1.156636,0.09822406) (329.9243,326.4915,18.04653)
compute 4.53882978403819(-0.549572646617889,1.19910073280334,0.452788174152374) (-0.565886,1.179764,0.4904717) (317.0585,273.0116,138.2242) (-0.398519,1.16556,0.08207615) (327.9925,328.0545,17.63714)
compute 15.5179958963705(-0.589994549751282,1.34756684303284,0.432670891284943) (-0.5495726,1.199101,0.4527882) (314.8036,254.4527,155.2309) (-0.3678203,1.170133,0.05453593) (322.1064,332.0847,16.67823)
compute 16.1769047699602(-0.497082233428955,1.37212920188904,0.302543193101883) (-0.5899945,1.347567,0.4326709) (320.5173,233.806,172.8687) (-0.3327539,1.177354,0.01871283) (312.9836,332.6397,18.16193)
compute 13.8483400896685(-0.405950039625168,1.38400590419769,0.19895014166832) (-0.4970822,1.372129,0.3025432) (329.0202,216.0476,195.5754) (-0.2992139,1.177125,0.001373739) (308.511,329.9828,18.926)
compute 8.0598462357687(-0.33618301153183,1.38799905776978,0.158791348338127) (-0.40595,1.384006,0.1989501) (333.1667,205.603,203.9051) (-0.2786338,1.168977,-0.002223439) (309.3369,326.4536,21.13599)
compute 5.51418048147575(-0.282989948987961,1.39143192768097,0.144672840833664) (-0.336183,1.387999,0.1587913) (330.946,199.4927,211.235) (-0.2569976,1.165542,-0.000257167) (307.4169,330.301,18.53171)
compute 3.56428045918935(-0.249209344387054,1.38066446781158,0.141020148992538) (-0.2829899,1.391432,0.1446728) (333.8529,198.4655,214.8517) (-0.2297171,1.173661,0.0191091) (307.0347,353.4868,3.146421)
compute 3.08964071310997(-0.246716812252998,1.35600507259369,0.159467086195946) (-0.2492093,1.380664,0.1410201) (333.8981,202.1905,213.3358) (-0.1935882,1.175706,0.0282229) (308.5117,15.68587,349.18)
compute 9.34958924256516(-0.282163053750992,1.2996312379837,0.225095108151436) (-0.2467168,1.356005,0.1594671) (338.3157,227.306,191.928) (-0.174642,1.172856,0.02816903) (310.5239,24.32962,344.2525)
compute 10.3205074028929(-0.273470610380173,1.23933088779449,0.308399349451065) (-0.2821631,1.299631,0.2250951) (346.4819,254.6258,191.491) (-0.1716703,1.165989,0.02912241) (311.1342,24.64004,343.4244)
compute 10.1229224796685(-0.181707575917244,1.26776015758514,0.340316087007523) (-0.2734706,1.239331,0.3083993) (328.1557,257.3709,181.6442) (-0.1697528,1.164683,0.03638518) (311.7448,22.90776,345.3612)
compute 11.3402809447723(-0.0903307050466537,1.3241925239563,0.303903818130493) (-0.1817076,1.26776,0.3403161) (310.4759,246.0762,195.2489) (-0.1535449,1.169062,0.05025385) (312.5561,22.85752,344.8422)
compute 9.54229023667865(-0.041176438331604,1.34471452236176,0.224731624126434) (-0.09033071,1.324193,0.3039038) (312.0773,218.1473,222.6616) (-0.1384157,1.173148,0.06815915) (314.3573,21.05096,345.4314)
compute 5.05385920935244(-0.0116023505106568,1.33447444438934,0.185049593448639) (-0.04117644,1.344715,0.2247316) (330.4727,198.3348,240.2923) (-0.1144494,1.176799,0.08269081) (316.7403,20.86064,344.9357)
compute 24.5874507945361(-0.000805337505880743,1.42363500595093,0.413934051990509) (-0.01160235,1.334474,0.1850496) (296.0971,217.0892,222.1533) (-0.08120782,1.176388,0.08692902) (321.267,24.21915,343.291)
compute 11.7843482931047(0.00627908762544394,1.37011885643005,0.518685758113861) (-0.0008053375,1.423635,0.4139341) (295.7338,318.5981,128.39) (-0.07153652,1.175635,0.08828164) (322.9885,25.09249,343.6112)
compute 9.58072412583298(0.0333498828113079,1.32385623455048,0.439275622367859) (0.006279088,1.370119,0.5186858) (287.6052,274.7851,161.0956) (-0.06653539,1.159898,0.08977059) (327.5255,26.49154,342.6875)
compute 16.280084564575(0.122120559215546,1.23171186447144,0.338611334562302) (0.03334988,1.323856,0.4392756) (297.8049,190.1365,244.9487) (-0.05852851,1.155231,0.07884135) (329.5968,25.38736,343.231)
compute 28.0200399604317(0.203650444746017,1.09138965606689,0.567029416561127) (0.1221206,1.231712,0.3386113) (314.2687,17.33237,61.99184) (-0.04923065,1.152423,0.05145733) (332.3705,24.82104,341.1498)
compute 11.3226925179618(0.200230002403259,1.10598683357239,0.454799473285675) (0.2036504,1.09139,0.5670294) (294.4715,41.09111,40.25143) (-0.05719408,1.157796,0.03989466) (327.5002,21.83382,342.4923)
compute 12.1524002319357(0.132687896490097,1.1645485162735,0.372478902339935) (0.20023,1.105987,0.4547995) (280.2636,117.5759,314.9104) (-0.0698265,1.154422,0.02613142) (327.1196,21.05019,340.6693)
compute 12.0919080599262(0.0118850041180849,1.16402685642242,0.367205113172531) (0.1326879,1.164549,0.3724789) (297.5742,200.37,231.9633) (-0.09534872,1.150671,0.01417898) (327.7659,18.78045,344.5159)
compute 19.2074860392882(-0.020944083109498,1.10405921936035,0.546701312065125) (0.011885,1.164027,0.3672051) (310.5104,337.0375,107.7848) (-0.1163907,1.151829,0.01224433) (326.0896,19.39134,342.9319)
compute 5.98271542159816(-0.0137330805882812,1.13485503196716,0.495918363332748) (-0.02094408,1.104059,0.5467013) (288.609,348.1924,85.28286) (-0.1307903,1.150397,0.02078302) (327.1503,17.20692,346.0154)
compute 5.53730157142063(-0.0244284011423588,1.16851270198822,0.453269302845001) (-0.01373308,1.134855,0.4959184) (280.1919,324.584,104.4803) (-0.1460856,1.168421,0.02158087) (316.933,11.25316,351.4976)
compute 7.17924863391019(-0.0342629700899124,1.21270418167114,0.397550761699677) (-0.0244284,1.168513,0.4532693) (282.0494,242.4393,182.7076) (-0.1595898,1.174722,0.007593543) (309.3891,3.115877,355.4413)
compute 7.34149886153837(-0.0408135056495667,1.24904751777649,0.334099888801575) (-0.03426297,1.212704,0.3975508) (292.4763,219.9725,204.075) (-0.1645128,1.172998,0.006098174) (307.6851,2.303426,357.183)
compute 5.94495259085987(-0.0412093326449394,1.27978360652924,0.283213913440704) (-0.04081351,1.249048,0.3340999) (298.8363,210.756,213.2906) (-0.1656188,1.167057,0.01600165) (308.4476,3.507362,356.7693)
compute 3.95043515614945(-0.0362907014787197,1.2941220998764,0.246733665466309) (-0.04120933,1.279784,0.2832139) (304.9048,205.9007,219.2233) (-0.1588126,1.166525,0.02860783) (311.2499,12.06838,350.973)
compute 2.15949897802904(-0.0214526075869799,1.28162348270416,0.237248986959457) (-0.0362907,1.294122,0.2467337) (308.0731,209.2168,224.6467) (-0.1329479,1.161738,0.04613262) (321.2146,30.10735,340.3955)
compute 5.47337945266225(0.0191699787974358,1.24494194984436,0.237491965293884) (-0.02145261,1.281623,0.237249) (303.5865,215.2368,232.8188) (-0.1207543,1.151955,0.05534601) (328.062,38.40763,337.8526)
compute 11.7446095766974(0.128532037138939,1.20944011211395,0.213551506400108) (0.01916998,1.244942,0.237492) (299.2645,201.5341,263.3284) (-0.1069239,1.148256,0.0578141) (331.2306,40.59527,337.4458)
compute 15.364005905069(0.273643672466278,1.16181218624115,0.230268612504005) (0.128532,1.20944,0.2135515) (311.1565,159.2527,307.9211) (-0.09180436,1.141079,0.05392415) (335.502,41.85307,338.3216)
compute 30.1242915444779(0.352550178766251,1.06478726863861,0.504325568675995) (0.2736437,1.161812,0.2302686) (331.3065,43.15873,52.58664) (-0.08790305,1.135869,0.05058865) (339.1623,43.26805,337.1165)
compute 2.12228148234553(0.370342940092087,1.05548191070557,0.497452735900879) (0.3525502,1.064787,0.5043256) (323.1989,63.18997,29.92919) (-0.08731122,1.138675,0.05708873) (338.8535,40.94436,337.2011)
compute 3.79786901433673(0.343264162540436,1.08205080032349,0.495659738779068) (0.3703429,1.055482,0.4974527) (311.4058,51.90919,32.18158) (-0.0855545,1.145087,0.06649807) (338.0421,38.25803,338.2061)
compute 9.21237064554826(0.325552225112915,1.1267306804657,0.417067289352417) (0.3432642,1.082051,0.4956597) (300.0878,69.52341,17.82646) (-0.07768111,1.147972,0.07245648) (334.3339,35.52315,339.0167)
compute 8.46464115951298(0.298896282911301,1.16369891166687,0.345738291740417) (0.3255522,1.126731,0.4170673) (299.1555,104.8163,335.0468) (-0.1119619,1.169965,0.07700936) (321.8725,15.49733,345.4754)
compute 7.31498761431495(0.241036236286163,1.20450460910797,0.327353119850159) (0.2988963,1.163699,0.3457383) (291.7197,123.9452,313.0936) (-0.1264389,1.175834,0.05487441) (314.0182,2.235268,350.6173)
compute 7.70331155212364(0.16981665790081,1.23350870609283,0.322810560464859) (0.2410362,1.204505,0.3273531) (287.5651,148.7422,281.3346) (-0.1298759,1.175726,0.03838144) (310.1613,356.1364,354.6256)
compute 5.95710366349008(0.11432084441185,1.25361967086792,0.330840021371841) (0.1698167,1.233509,0.3228106) (284.567,175.6293,251.8927) (-0.1295491,1.173422,0.02965343) (308.8734,357.316,354.8184)
compute 4.71215141661735(0.0713212937116623,1.27091896533966,0.339337676763535) (0.1143208,1.25362,0.33084) (285.8953,193.92,232.477) (-0.1293079,1.173171,0.02794813) (308.6927,356.072,355.8076)
compute 5.11331485063781(0.021356426179409,1.28166484832764,0.337713837623596) (0.07132129,1.270919,0.3393377) (289.7654,204.5498,218.0172) (-0.1419636,1.174032,0.03303022) (310.6947,353.2331,358.894)
compute 7.47129077805115(-0.0533061847090721,1.28429615497589,0.336945980787277) (0.02135643,1.281665,0.3377138) (294.973,221.8997,199.1287) (-0.153899,1.17334,0.04128604) (313.0551,351.9894,0.6588465)
compute 8.60299175020786(-0.138913944363594,1.29199624061584,0.340574651956558) (-0.05330618,1.284296,0.336946) (305.8887,248.5563,182.9592) (-0.1634445,1.173218,0.04992706) (315.2458,351.8037,0.6447369)
compute 8.49682419419747(-0.156856328248978,1.30715262889862,0.258917093276978) (-0.1389139,1.291996,0.3405747) (312.3557,216.1638,214.1246) (-0.183972,1.175536,0.05705728) (317.0044,349.4487,2.070757)
compute 4.68069161241607(-0.187000721693039,1.31499409675598,0.29385581612587) (-0.1568563,1.307153,0.2589171) (318.8358,200.8366,220.1457) (-0.2048569,1.174587,0.05864083) (320.0594,346.2336,3.709447)
compute 19.8070044414476(-0.189991906285286,1.36105370521545,0.486472815275192) (-0.1870007,1.314994,0.2938558) (293.2363,292.1327,150.6976) (-0.2390207,1.177034,0.05296967) (319.1566,342.4478,7.3102)
compute 2.88287427463371(-0.206455335021019,1.35624921321869,0.463300228118896) (-0.1899919,1.361054,0.4864728) (290.904,274.3414,162.5598) (-0.2575161,1.169491,0.05396309) (322.475,341.1821,6.345654)
compute 7.03739873702519(-0.268925338983536,1.34724938869476,0.43217146396637) (-0.2064553,1.356249,0.4633002) (293.1441,256.1496,171.1269) (-0.2769912,1.171602,0.05508945) (322.5622,334.6163,10.57378)
compute 11.4135369216145(-0.346979647874832,1.33071577548981,0.350556224584579) (-0.2689253,1.347249,0.4321715) (305.6562,227.6624,191.0109) (-0.2899635,1.172022,0.06062797) (323.6253,333.7468,10.63301)
compute 10.2282738086238(-0.410879045724869,1.29120719432831,0.281146585941315) (-0.3469796,1.330716,0.3505562) (320.3517,203.2036,204.2855) (-0.3029106,1.172057,0.07131992) (324.6555,333.3801,11.00452)
compute 24.7260698920993(-0.572956085205078,1.23889124393463,0.460400402545929) (-0.410879,1.291207,0.2811466) (315.4095,255.2857,151.3781) (-0.3065045,1.166306,0.07661075) (327.2477,333.7131,11.47112)
compute 8.02860108256442(-0.565757870674133,1.18018674850464,0.514694154262543) (-0.5729561,1.238891,0.4604004) (327.8964,283.7334,138.5191) (-0.3166212,1.16955,0.07675201) (325.9184,331.9853,14.93538)
compute 3.03151757493475(-0.539763808250427,1.18162178993225,0.499161630868912) (-0.5657579,1.180187,0.5146942) (326.0516,281.7543,138.4935) (-0.3029444,1.169874,0.07781383) (324.7659,337.0407,11.03497)
compute 4.77359643151122(-0.5238156914711,1.1980152130127,0.457261323928833) (-0.5397638,1.181622,0.4991616) (322.7936,271.2284,142.6127) (-0.2795073,1.1782,0.06681289) (318.5594,342.6446,9.266277)
compute 5.18476198651743(-0.4967080950737,1.21975576877594,0.41878142952919) (-0.5238157,1.198015,0.4572613) (321.7515,262.5553,150.6606) (-0.2655647,1.179642,0.05726117) (314.7688,346.3928,7.59289)
compute 6.88473880594941(-0.450186789035797,1.24870157241821,0.377093642950058) (-0.4967081,1.219756,0.4187814) (317.5044,251.8344,157.7511) (-0.2553451,1.17963,0.05420297) (314.7768,349.7364,6.23571)
compute 3.64773562547401(-0.418211489915848,1.2603485584259,0.363958746194839) (-0.4501868,1.248702,0.3770936) (317.2431,248.9303,164.5255) (-0.2469918,1.17823,0.05201213) (314.8464,353.7175,4.335746)
compute 3.38643320036799(-0.384900659322739,1.26642680168152,0.363472431898117) (-0.4182115,1.260349,0.3639587) (319.551,250.1871,170.945) (-0.2433065,1.175619,0.05128761) (314.1107,357.7281,1.866862)
compute 2.69916415864314(-0.358952701091766,1.27365338802338,0.365212738513947) (-0.3849007,1.266427,0.3634724) (320.8265,250.2409,175.1931) (-0.2337133,1.175668,0.05178028) (316.4025,6.84727,356.5935)
compute 3.13659260223848(-0.347431093454361,1.27885210514069,0.393918961286545) (-0.3589527,1.273653,0.3652127) (320.9008,257.376,170.6605) (-0.2264894,1.170074,0.05305791) (318.8431,13.08725,353.5047)
compute 2.20944081200005(-0.336980491876602,1.28193497657776,0.413139879703522) (-0.3474311,1.278852,0.393919) (318.904,260.4603,167.1198) (-0.2263513,1.170455,0.04822487) (316.223,14.84737,353.047)
compute 1.92602841878174(-0.318557143211365,1.28529453277588,0.417640119791031) (-0.3369805,1.281935,0.4131399) (318.456,262.0059,170.2278) (-0.2277378,1.175365,0.036973) (311.199,15.6902,353.4586)
compute 2.9456001065664(-0.290860027074814,1.29526078701019,0.418735355138779) (-0.3185571,1.285295,0.4176401) (316.8268,262.7158,171.1104) (-0.2320388,1.176435,0.03024911) (309.2722,16.8459,353.3733)
compute 3.69524817796919(-0.256619960069656,1.30794024467468,0.413048952817917) (-0.29086,1.295261,0.4187354) (311.909,261.4874,170.4518) (-0.2342069,1.175747,0.02883115) (309.394,17.13859,353.9887)
compute 3.18575173432508(-0.227853268384933,1.3160092830658,0.40199139714241) (-0.25662,1.30794,0.413049) (309.6554,261.327,170.9167) (-0.2376859,1.174772,0.02887506) (308.9222,16.57561,355.0179)
compute 2.18214218096008(-0.207529321312904,1.31957840919495,0.394894003868103) (-0.2278533,1.316009,0.4019914) (309.1915,261.335,172.7238) (-0.240661,1.174924,0.02990834) (309.1259,16.51063,355.6611)
compute 2.17533709550301(-0.188325926661491,1.31910860538483,0.384685277938843) (-0.2075293,1.319578,0.394894) (308.9734,263.4556,173.9714) (-0.2426629,1.177276,0.03313543) (309.5226,19.43415,354.2751)
compute 2.75962641866772(-0.161605700850487,1.31869828701019,0.377799421548843) (-0.1883259,1.319109,0.3846853) (307.6637,266.5677,174.1435) (-0.2435392,1.178974,0.04345108) (311.4109,20.90576,355.107)
compute 3.95685888738116(-0.12209253013134,1.31969547271729,0.379640132188797) (-0.1616057,1.318698,0.3777994) (303.1649,270.0867,171.3556) (-0.2211244,1.172035,0.04673772) (314.8096,22.80273,355.0035)
compute 4.66175977259249(-0.075491189956665,1.32037305831909,0.380667924880981) (-0.1220925,1.319695,0.3796401) (299.9072,273.9201,166.6807) (-0.1877092,1.166356,0.04203832) (314.5369,23.57023,352.8827)
compute 6.01778891282753(-0.0158864911645651,1.32326340675354,0.388433516025543) (-0.07549119,1.320373,0.3806679) (297.3801,279.0554,163.3044) (-0.1500741,1.165673,0.03876575) (314.1506,23.56667,352.1927)
compute 6.01436306381864(0.0417742468416691,1.33757829666138,0.397791922092438) (-0.01588649,1.323263,0.3884335) (292.5984,282.428,158.3188) (-0.1114666,1.169171,0.04169903) (314.164,22.51251,352.0751)
compute 3.89175162454859(0.075443297624588,1.35683310031891,0.394594937562943) (0.04177425,1.337578,0.3977919) (292.8875,283.5406,159.0557) (-0.07654295,1.171525,0.05732512) (316.5912,20.69618,352.7032)
compute 6.20913623132517(0.083959124982357,1.36326324939728,0.333427369594574) (0.0754433,1.356833,0.3945949) (294.7945,255.6875,184.6374) (-0.04481688,1.17415,0.07424533) (319.8491,19.10283,353.1061)
compute 6.82412649720367(0.0984898507595062,1.36250352859497,0.266755402088165) (0.08395912,1.363263,0.3334274) (300.445,230.9963,208.9139) (-0.01793995,1.176378,0.08506665) (320.9097,19.20395,351.0286)
compute 6.05927868748618(0.120627090334892,1.34932124614716,0.211913302540779) (0.09848985,1.362504,0.2667554) (309.684,212.2038,226.1522) (-0.004420199,1.179698,0.09267806) (320.6511,18.79099,348.7837)
compute 3.61844185047479(0.145710989832878,1.33525311946869,0.189954295754433) (0.1206271,1.349321,0.2119133) (314.627,200.6619,236.9832) (-0.0004270673,1.179073,0.09788326) (320.5167,18.16655,347.39)
compute 3.00708697530123(0.166155830025673,1.32510006427765,0.209529310464859) (0.145711,1.335253,0.1899543) (319.4543,193.9014,243.8131) (0.002937592,1.180792,0.1022708) (320.213,17.73514,346.4904)
compute 25.6440176653858(0.225866630673409,1.34859013557434,0.45781221985817) (0.1661558,1.3251,0.2095293) (280.809,209.5357,236.1696) (0.008226627,1.173578,0.103245) (323.2318,18.68625,344.978)
compute 17.1610767435416(0.254576772451401,1.23749041557312,0.585416436195374) (0.2258666,1.34859,0.4578122) (303.8705,11.37826,79.44007) (-0.002818762,1.173119,0.1052122) (321.3083,16.49619,346.8173)
compute 3.859117988935(0.231087774038315,1.2678484916687,0.58142477273941) (0.2545768,1.23749,0.5854164) (292.632,12.98078,71.42973) (-0.009328045,1.168972,0.113599) (321.4062,13.66309,346.4451)
compute 15.7401358564291(0.136710494756699,1.34581565856934,0.482484191656113) (0.2310878,1.267848,0.5814248) (277.7663,261.4004,174.0846) (-0.02125555,1.176046,0.117482) (319.4084,9.684241,348.1351)
compute 14.5857625124891(0.0518849976360798,1.37613081932068,0.367766827344894) (0.1367105,1.345816,0.4824842) (299.85,213.9801,216.7273) (-0.03209246,1.17498,0.1271619) (320.1404,9.775468,347.3287)
compute 6.76133342051437(0.019577169790864,1.38508248329163,0.309050261974335) (0.051885,1.376131,0.3677668) (312.9398,207.506,228.8501) (-0.04638328,1.173255,0.1296391) (320.0851,7.79936,349.1222)
compute 1.95793183275101(0.0181769374758005,1.39346420764923,0.291411221027374) (0.01957717,1.385082,0.3090503) (315.3018,201.1973,228.1442) (-0.05591258,1.172398,0.1300458) (319.487,7.706367,349.8221)
compute 3.37725586427892(0.024217713624239,1.39577484130859,0.324558705091476) (0.01817694,1.393464,0.2914112) (317.7995,197.5183,234.7334) (-0.06049646,1.172731,0.1296264) (319.452,8.001216,350.8337)
compute 27.9375901250063(0.0622280910611153,1.39244484901428,0.601316750049591) (0.02421771,1.395775,0.3245587) (304.8488,351.8867,97.7539) (-0.06000997,1.170817,0.1294955) (321.1152,11.40651,349.1313)
compute 4.05975368437401(0.0736345425248146,1.35504364967346,0.590398728847504) (0.06222809,1.392445,0.6013168) (293.6739,336.1228,107.3909) (-0.06380239,1.170267,0.141024) (323.1578,9.591959,351.8153)
compute 9.2275314853473(0.0717046111822128,1.3567898273468,0.498160123825073) (0.07363454,1.355044,0.5903987) (282.1097,299.6626,137.9878) (-0.05797634,1.168391,0.1523933) (323.689,11.14284,352.5706)
compute 8.59739013189812(0.0741143599152565,1.34978675842285,0.412505805492401) (0.07170461,1.35679,0.4981601) (302.9102,193.8997,235.3048) (-0.04885215,1.170675,0.1618157) (325.3077,11.42257,352.4643)
compute 20.4389038101439(0.0653586909174919,1.32909178733826,0.615655839443207) (0.07411436,1.349787,0.4125058) (307.0077,337.7001,116.3816) (-0.04244192,1.173186,0.1600942) (325.513,12.28662,351.0498)
compute 6.92271456799036(0.0585668422281742,1.32756316661835,0.546779632568359) (0.06535869,1.329092,0.6156558) (288.3648,305.0196,128.9783) (-0.05290414,1.171827,0.1559762) (326.0515,10.30181,352.9659)
compute 6.26149080470502(0.0341652445495129,1.3305766582489,0.489193975925446) (0.05856684,1.327563,0.5467796) (285.9572,265.4291,164.8773) (-0.05727943,1.175452,0.1504004) (322.1786,6.413653,355.552)
compute 7.66718260993341(-0.0103442668914795,1.35470545291901,0.431615561246872) (0.03416524,1.330577,0.489194) (294.3806,229.7501,194.8998) (-0.06523888,1.176361,0.1451674) (321.3592,3.042463,356.6858)
compute 5.25568287850502(-0.0460275188088417,1.36150979995728,0.393633633852005) (-0.01034427,1.354705,0.4316156) (311.6928,210.6921,217.8291) (-0.06986907,1.177339,0.1385935) (321.1475,1.204736,358.3716)
compute 18.1053039166318(-0.056571401655674,1.3930389881134,0.571608185768127) (-0.04602752,1.36151,0.3936336) (296.2565,312.1996,120.7946) (-0.08344828,1.174038,0.1355285) (322.5513,355.9974,1.211738)
compute 7.27630989013302(-0.0939857214689255,1.37952363491058,0.510682225227356) (-0.0565714,1.393039,0.5716082) (293.302,287.5958,143.26) (-0.09728494,1.174186,0.1354292) (322.569,350.0067,5.461084)
compute 17.9463783631244(-0.196756675839424,1.29349160194397,0.391334533691406) (-0.09398572,1.379524,0.5106822) (313.2209,229.6356,182.4021) (-0.1001229,1.169352,0.1371574) (326.715,346.7823,6.337715)
compute 23.6899218294943(-0.313283562660217,1.14887583255768,0.538402557373047) (-0.1967567,1.293492,0.3913345) (337.6805,278.8903,150.0732) (-0.1110536,1.165346,0.1362231) (329.2761,342.2012,8.222348)
compute 2.34298093900369(-0.322708308696747,1.12745654582977,0.537243127822876) (-0.3132836,1.148876,0.5384026) (334.5586,280.5034,146.4846) (-0.1304879,1.168427,0.1381882) (328.044,340.3322,9.877146)
compute 11.6942835997284(-0.316581100225449,1.15973889827728,0.425011515617371) (-0.3227083,1.127457,0.5372431) (324.4935,226.1216,183.7771) (-0.1404477,1.16406,0.1466104) (331.9841,337.9817,11.10893)
compute 21.1344711254526(-0.377859562635422,1.13880622386932,0.626191437244415) (-0.3165811,1.159739,0.4250115) (335.7601,295.8255,149.5197) (-0.1414289,1.164713,0.1471295) (332.7528,340.1068,9.953203)
compute 2.38385614286525(-0.356480419635773,1.14180648326874,0.616081655025482) (-0.3778596,1.138806,0.6261914) (331.4295,295.6573,138.6705) (-0.1460874,1.165233,0.1477715) (330.7174,340.1533,10.75558)
compute 7.99988627399847(-0.349378377199173,1.15922844409943,0.538326561450958) (-0.3564804,1.141806,0.6160817) (324.742,281.3969,138.9007) (-0.1406938,1.170931,0.1416729) (326.6146,345.0896,9.119403)
compute 8.96689369864766(-0.325603693723679,1.1677280664444,0.452285647392273) (-0.3493784,1.159228,0.5383266) (323.4984,256.3136,157.65) (-0.1182159,1.182281,0.1301975) (319.5303,355.4227,4.950876)
compute 5.43934474005257(-0.284245669841766,1.16679406166077,0.416968673467636) (-0.3256037,1.167728,0.4522856) (327.287,241.0998,173.7573) (-0.1077855,1.18174,0.1194151) (317.4268,1.159223,1.688896)
compute 3.70996811522356(-0.247147932648659,1.16713345050812,0.41713935136795) (-0.2842457,1.166794,0.4169687) (329.3143,238.6377,183.2877) (-0.1060666,1.181043,0.1166228) (317.0776,2.766423,1.339736)
compute 4.74536655484889(-0.202666118741035,1.17953860759735,0.428063213825226) (-0.2471479,1.167133,0.4171394) (326.7397,241.2126,187.8807) (-0.1007032,1.179525,0.1152501) (316.6978,7.974994,358.7526)
compute 4.55120613066761(-0.159902319312096,1.19448173046112,0.423669099807739) (-0.2026661,1.179539,0.4280632) (324.0804,241.1268,190.7051) (-0.09614169,1.177722,0.111857) (315.9833,12.29548,356.4677)
compute 3.59875372596401(-0.126592561602592,1.20664203166962,0.417529881000519) (-0.1599023,1.194482,0.4236691) (321.0453,241.3631,193.8943) (-0.0910309,1.177341,0.1059391) (315.5396,15.72608,354.9478)
compute 2.53988464388542(-0.103013709187508,1.21439397335052,0.412140399217606) (-0.1265926,1.206642,0.4175299) (317.7723,240.6851,195.4279) (-0.09107637,1.177024,0.1004971) (315.2098,13.37135,357.0048)
compute 2.02533480042556(-0.0864862352609634,1.2163690328598,0.400601774454117) (-0.1030137,1.214394,0.4121404) (316.7614,239.2827,197.0089) (-0.1105146,1.172462,0.1029146) (318.4775,357.0234,6.798645)
compute 1.60356812681975(-0.0779683515429497,1.21625864505768,0.387015879154205) (-0.08648624,1.216369,0.4006018) (316.4569,236.5681,199.3076) (-0.1378529,1.165611,0.1058043) (324.3971,334.8752,16.76092)
compute 1.91638481656477(-0.0763416737318039,1.21142876148224,0.36854213476181) (-0.07796835,1.216259,0.3870159) (318.2428,230.7224,201.6285) (-0.1473113,1.161894,0.09996092) (328.6044,322.8416,19.57443)
compute 0.867562036279632(-0.0786209255456924,1.20394253730774,0.364796757698059) (-0.07634167,1.211429,0.3685421) (320.2143,229.412,202.2188) (-0.1454701,1.161005,0.09918196) (328.6289,321.933,18.75022)
compute 1.17446021425196(-0.0869157165288925,1.19563841819763,0.364379942417145) (-0.07862093,1.203943,0.3647968) (321.1417,229.0047,201.6652) (-0.1315488,1.164348,0.09968381) (325.7073,326.8739,16.01123)
compute 0.780968934504417(-0.092511348426342,1.19034862518311,0.363076776266098) (-0.08691572,1.195638,0.3643799) (321.1072,229.0295,201.3178) (-0.1153865,1.17107,0.1002609) (320.5035,336.1297,11.82613)
compute 0.331413359957133(-0.092810370028019,1.1889820098877,0.360072374343872) (-0.09251135,1.190349,0.3630768) (321.0499,229.0517,201.2127) (-0.1029529,1.174799,0.09821816) (316.4023,346.3665,7.332251)
compute 0.262745456841353(-0.0909947082400322,1.18973755836487,0.358329951763153) (-0.09281037,1.188982,0.3600724) (320.7697,229.8392,202.0946) (-0.08860108,1.176742,0.09541138) (312.8952,1.135916,359.8917)
compute 1.16289560003131(-0.0795496478676796,1.19149839878082,0.359398901462555) (-0.09099471,1.189738,0.35833) (320.0585,229.7373,203.9848) (-0.08314962,1.175981,0.09267709) (312.3114,8.336629,356.5226)
compute 1.68037728133814(-0.0635099336504936,1.19648790359497,0.359845221042633) (-0.07954965,1.191498,0.3593989) (318.4651,229.4931,206.2195) (-0.08693738,1.175366,0.09141529) (312.3575,12.70296,354.9021)
compute 1.63063041710597(-0.0486143752932549,1.20057916641235,0.3546222448349) (-0.06350993,1.196488,0.3598452) (317.0381,229.3754,208.8197) (-0.09079485,1.17487,0.09246229) (312.4259,15.45828,354.3366)
compute 1.85213021164815(-0.0320185571908951,1.20303642749786,0.346774995326996) (-0.04861438,1.200579,0.3546222) (315.086,227.7664,210.9149) (-0.09670015,1.174809,0.09538943) (312.8541,16.92283,354.2739)
compute 1.9531307823403(-0.0147399110719562,1.20368909835815,0.337692350149155) (-0.03201856,1.203036,0.346775) (312.7018,225.4316,213.1735) (-0.101203,1.174168,0.09916393) (314.2878,18.39433,354.2096)
compute 2.00254171352646(-0.000733907683752477,1.197221159935,0.324924618005753) (-0.01473991,1.203689,0.3376924) (307.0017,223.9906,214.0029) (-0.1058128,1.174563,0.100408) (315.0857,20.14212,354.2244)
compute 3.06867237070933(0.0172235295176506,1.17439925670624,0.315006643533707) (-0.0007339077,1.197221,0.3249246) (296.4785,221.3064,213.7809) (-0.1114817,1.174493,0.1008559) (314.9107,20.15093,354.8974)
compute 2.35090538324697(0.0326790846884251,1.15816128253937,0.307926416397095) (0.01722353,1.174399,0.3150066) (285.7363,195.8996,231.2278) (-0.1143219,1.174525,0.1032635) (315.5789,20.26356,354.1279)
compute 1.35435821577926(0.0208762679249048,1.16364181041718,0.304173290729523) (0.03267908,1.158161,0.3079264) (284.9383,212.2028,210.0841) (-0.1207829,1.175365,0.1048199) (315.8776,18.34917,357.5706)
compute 2.06110465978388(0.0064328177832067,1.16087102890015,0.289732903242111) (0.02087627,1.163642,0.3041733) (292.2466,213.2692,219.2304) (-0.1234577,1.173856,0.1061292) (315.4866,17.79094,357.4969)
compute 1.1933216145895(-0.00255303736776114,1.15633845329285,0.283321052789688) (0.006432818,1.160871,0.2897329) (293.9716,207.2165,217.1023) (-0.1263635,1.174171,0.106266) (314.8438,19.88348,356.2043)
compute 1.10690898726654(-0.0136127797886729,1.15612745285034,0.282918155193329) (-0.002553037,1.156338,0.2833211) (294.9561,213.677,213.8021) (-0.1238207,1.174277,0.1029419) (314.922,25.23011,353.7867)
compute 0.515346144925066(-0.0185956507921219,1.15516197681427,0.282025396823883) (-0.01361278,1.156127,0.2829182) (295.201,216.1594,212.2669) (-0.1194441,1.173937,0.1018183) (315.7148,31.86866,350.0863)
compute 1.03504152020619(-0.020770126953721,1.15510416030884,0.271906137466431) (-0.01859565,1.155162,0.2820254) (296.5887,212.2603,216.1501) (-0.1170572,1.173019,0.1003271) (316.5995,35.69542,348.5478)
compute 0.893246561138746(-0.0191235281527042,1.15653133392334,0.263243526220322) (-0.02077013,1.155104,0.2719061) (297.3769,210.5673,219.2418) (-0.1175863,1.171842,0.09981725) (317.0617,38.21326,347.9246)
compute 1.04244308867027(-0.0153623810037971,1.15798580646515,0.253630667924881) (-0.01912353,1.156531,0.2632435) (298.2235,209.0997,222.2129) (-0.1189534,1.171428,0.09850133) (317.1104,39.39968,347.6953)
compute 0.956557174738239(-0.0120503045618534,1.15781497955322,0.244658425450325) (-0.01536238,1.157986,0.2536307) (300.1422,205.5837,225.6198) (-0.1216168,1.17004,0.09613827) (317.2652,39.9383,347.9304)
compute 0.296617606729722(-0.011840539984405,1.15860962867737,0.241808384656906) (-0.0120503,1.157815,0.2446584) (300.6269,205.2968,225.7417) (-0.1212593,1.169247,0.09442145) (317.2565,38.16611,349.5679)
compute 0.533350724199234(-0.0157353114336729,1.15879893302917,0.245447233319283) (-0.01184054,1.15861,0.2418084) (299.6706,208.5619,223.4163) (-0.1252554,1.166574,0.09251457) (317.8322,34.83095,351.4175)
compute 0.738872581261172(-0.0221372917294502,1.15881097316742,0.249136105179787) (-0.01573531,1.158799,0.2454472) (299.0236,210.3353,220.8153) (-0.1242121,1.166643,0.09139322) (318.3362,32.72408,352.556)
compute 0.572374119491982(-0.0275577716529369,1.15873193740845,0.250972777605057) (-0.02213729,1.158811,0.2491361) (299.1637,212.1927,218.6287) (-0.1206262,1.168275,0.09074846) (319.231,29.00457,354.613)
compute 0.763701952473241(-0.0344932489097118,1.15955317020416,0.25406289100647) (-0.02755777,1.158732,0.2509728) (299.2891,212.1801,218.0626) (-0.1191626,1.169381,0.09519275) (320.2675,22.72373,357.4605)
compute 1.18478784174834(-0.0422130599617958,1.16063296794891,0.262985378503799) (-0.03449325,1.159553,0.2540629) (298.3208,210.2637,218.6135) (-0.1164495,1.169408,0.1006141) (322.5095,15.02592,0.6619615)
compute 0.907726698941154(-0.047137662768364,1.16198205947876,0.270490378141403) (-0.04221306,1.160633,0.2629854) (297.0456,206.1071,220.4275) (-0.1110542,1.167343,0.1029081) (324.67,8.715642,2.640421)
compute 0.636095783852857(-0.0525178015232086,1.16251635551453,0.273841559886932) (-0.04713766,1.161982,0.2704904) (296.4271,204.173,221.0306) (-0.1048606,1.167368,0.103519) (325.7606,4.887346,3.209384)
compute 0.254550597661299(-0.0537373349070549,1.16354274749756,0.275826215744019) (-0.0525178,1.162516,0.2738416) (295.7583,202.4626,221.4527) (-0.09408932,1.167655,0.103775) (326.2139,3.472818,2.93806)
compute 0.697464731054673(-0.0468494407832623,1.16424691677094,0.276666909456253) (-0.05373733,1.163543,0.2758262) (295.2506,197.9766,223.3726) (-0.08190294,1.168206,0.1037235) (326.8849,2.393127,2.535341)
compute 0.559358977965241(-0.0413029454648495,1.16486823558807,0.27703920006752) (-0.04684944,1.164247,0.2766669) (294.8736,195.0054,223.9775) (-0.0744696,1.166417,0.1061526) (328.4707,359.1212,3.229782)
compute 0.168059195760086(-0.0396452769637108,1.16500806808472,0.277277886867523) (-0.04130295,1.164868,0.2770392) (294.7877,192.9782,224.3512) (-0.06958045,1.1632,0.1095208) (330.4605,355.7523,4.022456)
compute 0.204638095336721(-0.0390155874192715,1.16513526439667,0.279220819473267) (-0.03964528,1.165008,0.2772779) (294.7816,190.0355,224.5687) (-0.06421722,1.163105,0.1147714) (331.1804,351.0739,5.204306)
compute 0.726130294095094(-0.0434557758271694,1.16581511497498,0.284925997257233) (-0.03901559,1.165135,0.2792208) (294.1172,187.4573,224.814) (-0.06677565,1.162982,0.1191912) (332.4055,344.2537,7.009136)
compute 2.01129511498695(-0.0631418824195862,1.16645801067352,0.288997203111649) (-0.04345578,1.165815,0.284926) (293.4674,183.4269,225.7083) (-0.07556842,1.157648,0.1179436) (335.9974,332.7623,9.989578)
compute 4.0160178528427(-0.102888278663158,1.16710162162781,0.283283203840256) (-0.06314188,1.166458,0.2889972) (292.8306,181.3095,225.321) (-0.08492563,1.15051,0.1127629) (339.5401,322.6023,11.51714)
compute 3.13647141871057(-0.131848692893982,1.16743218898773,0.271244496107101) (-0.1028883,1.167102,0.2832832) (292.5327,179.355,224.9049) (-0.09132667,1.145468,0.1114312) (342.7724,316.0352,11.58151)
compute 1.6737603798839(-0.144932955503464,1.16792356967926,0.260818183422089) (-0.1318487,1.167432,0.2712445) (292.362,174.9737,226.0148) (-0.09468148,1.13559,0.1158241) (348.6227,314.5702,9.631722)
compute 0.66145771620536(-0.145190253853798,1.16952776908875,0.254406243562698) (-0.144933,1.167924,0.2608182) (291.3561,174.1256,224.1265) (-0.09559663,1.123889,0.1313594) (355.6357,318.3792,6.602035)
compute 1.57768931366082(-0.130123049020767,1.17417883872986,0.254913449287415) (-0.1451903,1.169528,0.2544062) (290.1919,178.7306,218.9185) (-0.08988018,1.111015,0.1505827) (3.872501,323.0604,3.139081)
compute 1.99707060918239(-0.11440122127533,1.18222284317017,0.264237999916077) (-0.130123,1.174179,0.2549134) (288.5667,183.6299,213.5085) (-0.08474388,1.103385,0.1710629) (10.41751,328.6111,0.7661485)
compute 2.2017542703819(-0.10094752907753,1.1870197057724,0.280993908643723) (-0.1144012,1.182223,0.264238) (281.8366,185.2908,210.6118) (-0.07933913,1.102983,0.1865963) (11.34787,333.1094,359.5495)
compute 1.97698448491814(-0.0870723426342011,1.18830502033234,0.295017957687378) (-0.1009475,1.18702,0.2809939) (276.4885,198.0291,198.9094) (-0.07106188,1.109899,0.1929003) (10.25666,337.4796,0.003116991)
compute 2.41327562374628(-0.0661452859640121,1.19382095336914,0.305696099996567) (-0.08707234,1.188305,0.295018) (273.4773,229.1628,170.3139) (-0.05783403,1.114018,0.1918656) (9.300677,343.2635,359.9628)
compute 3.06108437362616(-0.0403214171528816,1.20808291435242,0.313866049051285) (-0.06614529,1.193821,0.3056961) (272.7036,270.5082,130.2533) (-0.04744861,1.118083,0.1878691) (7.950684,346.4631,0.1213815)
compute 2.8188309006949(-0.0191465262323618,1.21905612945557,0.328892469406128) (-0.04032142,1.208083,0.313866) (276.0516,298.1737,106.033) (-0.03954557,1.12005,0.1771261) (5.343179,349.2034,0.08697712)
compute 0.869003513903507(-0.0111992638558149,1.21719622612,0.331875503063202) (-0.01914653,1.219056,0.3288925) (291.9183,324.9696,74.14938) (-0.02843585,1.12883,0.1719066) (0.4139361,354.7696,358.0464)
compute 2.16504389410093(0.00848209206014872,1.20817482471466,0.331881493330002) (-0.01119926,1.217196,0.3318755) (310.3204,315.1929,78.55109) (-0.01088768,1.129512,0.1682906) (358.1192,1.02561,355.5808)
compute 2.39305633840621(0.0306320767849684,1.20232355594635,0.324966818094254) (0.008482092,1.208175,0.3318815) (311.2823,315.8427,73.80009) (-3.805757E-05,1.126963,0.1664828) (356.8045,5.034148,353.9875)
compute 1.75420940568757(0.047395721077919,1.19905757904053,0.320961982011795) (0.03063208,1.202324,0.3249668) (311.1053,320.4853,69.67573) (0.005345438,1.1276,0.1660777) (354.1271,7.160948,354.5445)
compute 27.282202392507(-0.00819407589733601,0.975500702857971,0.467126131057739) (0.04739572,1.199058,0.320962) (308.4878,323.3586,68.82934) (0.004184537,1.130135,0.1652498) (352.2122,6.052402,355.0359)
compute 0.563309860555538(-0.00448755221441388,0.971299469470978,0.466540366411209) (-0.008194076,0.9755007,0.4671261) (308.4977,324.0116,66.51814) (0.01688977,1.13181,0.169875) (350.5518,7.331206,352.6182)
compute 3.00424017435819(-0.0111543769016862,0.942122519016266,0.463931739330292) (-0.004487552,0.9712995,0.4665404) (310.9789,321.981,65.95764) (0.03547491,1.129604,0.1812094) (352.4079,8.373468,350.7946)
compute 2.562927308015(-0.0141336834058166,0.916685044765472,0.464890003204346) (-0.01115438,0.9421225,0.4639317) (313.5916,323.0129,64.00323) (0.04650158,1.127108,0.1942858) (353.6353,6.961904,350.335)
compute 1.4078461382286(-0.0130404513329268,0.902771353721619,0.466738551855087) (-0.01413368,0.916685,0.46489) (315.0485,325.6913,58.41708) (0.05271599,1.131165,0.1990264) (352.5899,6.485745,349.0333)
compute 0.611957068423419(-0.0108462162315845,0.897714853286743,0.46939679980278) (-0.01304045,0.9027714,0.4667386) (315.6104,328.4968,55.18498) (0.04892505,1.130191,0.1959957) (352.0876,6.134753,347.7513)
compute 0.251979321697806(-0.0117688979953527,0.899431586265564,0.467799663543701) (-0.01084622,0.8977149,0.4693968) (314.5057,331.1897,50.85608) (0.02535458,1.135029,0.1767604) (350.2952,6.735481,348.3926)
compute 3.04466152307077(-0.0341320633888245,0.909719049930573,0.449881702661514) (-0.0117689,0.8994316,0.4677997) (313.0508,327.6678,52.76957) (-0.006290223,1.138193,0.1565072) (347.5979,7.993659,350.2614)
compute 4.48913619394773(-0.0689399391412735,0.922938942909241,0.424804210662842) (-0.03413206,0.909719,0.4498817) (311.9148,320.3676,59.25094) (-0.04595701,1.141846,0.1464489) (346.409,7.26123,352.7912)
compute 3.70035696769346(-0.10390754789114,0.921746730804443,0.412758082151413) (-0.06893994,0.9229389,0.4248042) (311.8676,315.427,62.92252) (-0.08024764,1.14253,0.1413965) (346.1307,5.268063,355.6198)
compute 3.4216251060717(-0.136128887534142,0.910836219787598,0.409084141254425) (-0.1039075,0.9217467,0.4127581) (314.648,312.4043,65.74805) (-0.1043983,1.143014,0.1380817) (345.9169,4.921379,357.4534)
compute 2.00536974168034(-0.154299274086952,0.90606427192688,0.402068704366684) (-0.1361289,0.9108362,0.4090841) (316.0157,310.7256,63.83561) (-0.1217836,1.143826,0.1303937) (343.8584,4.864118,359.2471)
compute 1.14470069552448(-0.158759027719498,0.906960308551788,0.391564339399338) (-0.1542993,0.9060643,0.4020687) (315.6015,306.3008,68.22849) (-0.1317754,1.146411,0.1196149) (342.4107,4.719056,0.04606724)
compute 1.54753173030251(-0.15746845304966,0.918951988220215,0.381867974996567) (-0.158759,0.9069603,0.3915643) (314.7454,304.7877,70.47308) (-0.1371621,1.149149,0.1082406) (341.1778,4.172002,0.7005473)
compute 1.25564222403144(-0.155489981174469,0.928323030471802,0.373748064041138) (-0.1574685,0.918952,0.381868) (313.4273,305.2162,69.42894) (-0.1384415,1.15092,0.09708518) (341.1643,3.906378,0.3848155)
compute 1.35427639386739(-0.156438514590263,0.932656466960907,0.360952436923981) (-0.15549,0.928323,0.3737481) (312.8444,304.58,69.67188) (-0.1417341,1.150212,0.09070899) (341.3853,3.20379,0.5990148)
compute 0.977187463670591(-0.161804616451263,0.932634949684143,0.352785795927048) (-0.1564385,0.9326565,0.3609524) (313.1091,302.4619,71.30056) (-0.1450942,1.150775,0.08649699) (341.2534,2.306484,1.395711)
compute 0.560161950481074(-0.165066629648209,0.93294620513916,0.348242610692978) (-0.1618046,0.9326349,0.3527858) (314.0443,300.3143,73.91238) (-0.144972,1.151005,0.08266281) (341.0986,1.693175,2.087651)
compute 0.53631590368214(-0.164474546909332,0.937692940235138,0.345817446708679) (-0.1650666,0.9329462,0.3482426) (313.9087,299.3641,74.92696) (-0.1435912,1.15112,0.07929195) (340.8055,0.948211,2.534862)
compute 1.15290020481641(-0.161769449710846,0.947905898094177,0.341202706098557) (-0.1644745,0.9376929,0.3458174) (312.9628,298.2402,75.90417) (-0.1390482,1.151661,0.0781865) (341.0765,0.6070322,2.719648)
compute 0.492065924151771(-0.158937647938728,0.951767861843109,0.340071767568588) (-0.1617694,0.9479059,0.3412027) (312.6241,297.0776,77.16743) (-0.1351885,1.151239,0.07747493) (340.9059,1.594936,2.216168)
compute 0.178144828046671(-0.15749990940094,0.952800869941711,0.340270161628723) (-0.1589376,0.9517679,0.3400718) (312.3005,296.6186,77.91958) (-0.1343442,1.151248,0.07697247) (341.1175,1.859,1.715246)
compute 0.359668726835712(-0.158181816339493,0.956314980983734,0.340619713068008) (-0.1574999,0.9528009,0.3402702) (311.4913,296.7896,77.59312) (-0.133237,1.151049,0.07720746) (341.3047,1.607813,1.468203)
Average= 5.58111436267823
Max= 36.523102403241
Standard Deviation= 9.01955673452409
Right: 8    Wrong: 1
0
