red 397.157 402.6578 14.08647 (-0.4001034,5,0.7) (-0.4001034,1.797893,0.7)
red 396.6574 403.2911 15.66373 (0.1771914,5,0.7) (0.1771914,1.590195,0.7)
red 398.1542 404.0022 14.89835 (0.182695,5,0.7) (0.182695,1.813371,0.7)
black 396.6574 404.7467 13.60288 (0.1226765,5,0.7) (0.1226765,0.07962685,0.7)
black 397.6561 404.9133 12.37498 (0.9969356,5,0.7) (0.9969356,0.07923378,0.7)
red 399.6525 405.8356 14.91975 (-0.06921852,5,0.7) (-0.06921852,1.635954,0.7)
red 399.1535 406.1467 15.01666 (-0.05915749,5,0.7) (-0.05915749,1.22026,0.7)
black 398.6532 406.6245 13.41935 (-0.7181549,5,0.7) (-0.7181549,0.07699579,0.7)
black 399.6525 407.18 12.76487 (-0.2680761,5,0.7) (-0.2680761,0.07596321,0.7)
red 401.6481 407.6245 13.38061 (-0.5283785,5,0.7) (-0.5283785,1.308638,0.7)
red 398.6532 407.88 15.21361 (-0.9052355,5,0.7) (-0.9052355,0.08189669,0.7)
red 397.6561 408.0578 16.81497 (-0.9584453,5,0.7) (-0.9584453,0.08380061,0.7)
red 401.1488 408.1689 16.28935 (-0.1130883,5,0.7) (-0.1130883,1.561242,0.7)
black 399.1535 408.4689 15.32953 (-0.6832559,5,0.7) (-0.6832559,0.07915032,0.7)
black 398.1542 408.48 16.70857 (0.3158803,5,0.7) (0.3158803,0.08271948,0.7)
red 400.6497 408.5133 13.27012 (0.9852927,5,0.7) (0.9852927,0.08248615,0.7)
red 402.1471 408.5244 15.38535 (-0.03977907,5,0.7) (-0.03977907,1.657088,0.7)
black 397.157 408.5356 18.08472 (0.8896964,5,0.7) (0.8896964,0.08269144,0.7)
black 401.1488 408.7689 12.89968 (0.06077874,5,0.7) (0.06077874,0.07751938,0.7)
red 402.6573 408.9133 14.61372 (-0.6245389,5,0.7) (-0.6245389,1.50861,0.7)
black 403.6565 409.5356 10.24771 (0.595341,5,0.7) (0.595341,0.07789107,0.7)
black 401.6481 409.8689 13.77876 (0.2640242,5,0.7) (0.2640242,0.07937167,0.7)
red 403.6565 410.2022 15.65889 (-0.1002611,5,0.7) (-0.1002611,1.63496,0.7)
red 400.1505 410.2356 16.37775 (0.6358421,5,0.7) (0.6358421,0.08109608,0.7)
red 404.1545 410.6467 14.31077 (-0.7385399,5,0.7) (-0.7385399,1.286647,0.7)
black 400.1505 410.7689 17.0927 (-0.8832476,5,0.7) (-0.8832476,0.08344346,0.7)
black 400.6497 410.9356 16.64723 (0.02995932,5,0.7) (0.02995932,0.08186984,0.7)
black 403.1473 411.28 13.65601 (0.46262,5,0.7) (0.46262,0.08172353,0.7)
red 403.1473 412.3245 15.13106 (0.5564406,5,0.7) (0.5564406,0.07975599,0.7)
red 405.1509 412.3578 14.0362 (-0.02597845,5,0.7) (-0.02597845,0.781561,0.7)
red 405.65 412.6133 13.66653 (-0.2760638,5,0.7) (-0.2760638,0.7963923,0.7)
black 402.6573 412.8245 16.50526 (0.06840575,5,0.7) (0.06840575,0.08417577,0.7)
black 402.1471 412.9578 17.34051 (0.1159452,5,0.7) (0.1159452,0.08350985,0.7)
red 404.6536 413.0356 14.02154 (0.8953886,5,0.7) (0.8953886,0.08074652,0.7)
black 404.1545 413.4133 15.253 (0.8410335,5,0.7) (0.8410335,0.07927279,0.7)
black 404.6536 413.4133 14.55981 (-0.06286371,5,0.7) (-0.06286371,0.08136608,0.7)
red 406.6561 413.5133 14.81594 (-0.3003904,5,0.7) (-0.3003904,1.233088,0.7)
black 405.1509 414.0022 14.68019 (0.3981807,5,0.7) (0.3981807,0.07943738,0.7)
red 408.1555 414.3022 13.87731 (-0.698395,5,0.7) (-0.698395,1.355962,0.7)
black 408.6547 414.7022 10.51281 (-0.2697476,5,0.7) (-0.2697476,0.07856925,0.7)
black 405.65 415.2578 15.73558 (-0.5318472,5,0.7) (-0.5318472,0.08276528,0.7)
red 407.1469 415.58 14.07729 (0.5819278,5,0.7) (0.5819278,0.07753749,0.7)
black 408.1555 415.7133 12.82209 (-0.01671135,5,0.7) (-0.01671135,0.07947499,0.7)
black 406.156 416.0467 16.12239 (-0.8522353,5,0.7) (-0.8522353,0.08065104,0.7)
black 410.1533 416.2356 10.55986 (-0.1320575,5,0.7) (-0.1320575,0.07572562,0.7)
red 406.156 416.3689 16.566 (0.428576,5,0.7) (0.428576,0.08462425,0.7)
red 410.1533 416.5133 14.9482 (0.7568614,5,0.7) (0.7568614,1.546315,0.7)
red 407.6564 416.5133 14.69382 (0.2599156,5,0.7) (0.2599156,0.07863444,0.7)
red 408.6547 416.5467 13.31402 (0.6220911,5,0.7) (0.6220911,0.08045325,0.7)
black 406.6561 416.7467 16.39251 (-0.6079147,5,0.7) (-0.6079147,0.08101469,0.7)
red 409.1511 416.88 13.07263 (-0.2246248,5,0.7) (-0.2246248,0.08163983,0.7)
red 409.6492 417.08 16.03036 (0.8957484,5,0.7) (0.8957484,1.287063,0.7)
black 407.6564 417.5578 16.13402 (-0.5260727,5,0.7) (-0.5260727,0.07940863,0.7)
red 410.6523 418.2022 16.43064 (-0.4845539,5,0.7) (-0.4845539,1.336729,0.7)
black 409.6492 418.5467 14.74698 (-0.2589725,5,0.7) (-0.2589725,0.08114076,0.7)
red 411.1475 418.6689 15.29792 (-0.8697429,5,0.7) (-0.8697429,1.025069,0.7)
black 407.1469 418.8689 18.50997 (-0.7932472,5,0.7) (-0.7932472,0.08318615,0.7)
black 411.1475 420.9911 16.04472 (-0.7922831,5,0.7) (-0.7922831,0.07974949,0.7)
black 409.1511 421.9356 19.83557 (0.4301917,5,0.7) (0.4301917,0.08419688,0.7)
black 410.6523 422.9356 19.21848 (0.8970571,5,0.7) (0.8970571,0.08311856,0.7)
0
