red 354.2146 359.3467 13.28477 (-0.0553993,5,0.7) (-0.0553993,1.809264,0.7)
red 353.7134 360.68 16.91843 (-0.6695054,5,0.7) (-0.6695054,1.742412,0.7)
red 355.7229 361.48 14.71829 (-0.378291,5,0.7) (-0.378291,1.816687,0.7)
red 354.7137 363.1356 14.07181 (-0.967979,5,0.7) (-0.967979,0.08183783,0.7)
red 353.2151 363.5467 16.70086 (0.8488705,5,0.7) (0.8488705,0.07991636,0.7)
red 356.7202 363.6022 16.15488 (-0.9154077,5,0.7) (-0.9154077,1.592936,0.7)
red 358.7174 364.4356 14.44189 (-0.5797029,5,0.7) (-0.5797029,1.769913,0.7)
red 356.221 364.5244 13.90614 (-0.9350574,5,0.7) (-0.9350574,0.07917269,0.7)
red 355.2239 364.6689 15.51973 (0.4857614,5,0.7) (0.4857614,0.08172733,0.7)
red 357.7195 365.0689 16.66048 (0.3256285,5,0.7) (0.3256285,1.494128,0.7)
red 358.2172 365.08 15.44075 (0.3500535,5,0.7) (0.3500535,1.4141,0.7)
red 359.7148 365.7245 14.68413 (0.4346478,5,0.7) (0.4346478,1.671285,0.7)
red 359.2159 366.4689 16.06858 (0.8362551,5,0.7) (0.8362551,1.386913,0.7)
red 357.2213 366.4689 15.24277 (0.3857631,5,0.7) (0.3857631,0.08127244,0.7)
red 360.2134 366.5356 14.67209 (0.5579996,5,0.7) (0.5579996,1.493906,0.7)
red 362.2213 367.6245 14.0436 (0.4431412,5,0.7) (0.4431412,1.845342,0.7)
red 361.7212 368.18 15.47905 (-0.1590582,5,0.7) (-0.1590582,1.634579,0.7)
red 362.7186 368.7467 15.49199 (0.2809264,5,0.7) (0.2809264,1.865175,0.7)
red 361.222 368.9133 13.01773 (0.9574137,5,0.7) (0.9574137,0.07902128,0.7)
red 364.2233 369.6133 13.99945 (-0.06702149,5,0.7) (-0.06702149,1.840285,0.7)
red 365.2154 370.58 13.13342 (-0.5752845,5,0.7) (-0.5752845,1.617808,0.7)
red 360.7232 370.58 16.08382 (-0.9499373,5,0.7) (-0.9499373,0.08305264,0.7)
red 364.7222 370.9911 15.24375 (-0.6320109,5,0.7) (-0.6320109,1.673412,0.7)
red 365.7148 371.3356 14.33897 (-0.2627856,5,0.7) (-0.2627856,1.800093,0.7)
red 366.2153 372.3689 15.0419 (0.2313782,5,0.7) (0.2313782,1.686504,0.7)
red 363.2148 373.1689 16.20295 (0.1205069,5,0.7) (0.1205069,0.082738,0.7)
red 366.7144 373.38 16.88035 (-0.1165987,5,0.7) (-0.1165987,1.875032,0.7)
red 363.7141 373.5022 15.96871 (-0.9203553,5,0.7) (-0.9203553,0.07943147,0.7)
red 367.7222 373.8134 14.69256 (-0.4018987,5,0.7) (-0.4018987,1.623824,0.7)
red 367.2241 374.08 16.40762 (0.1239465,5,0.7) (0.1239465,1.667306,0.7)
red 368.7194 375.4133 16.18479 (-0.3976125,5,0.7) (-0.3976125,1.694421,0.7)
red 369.7188 375.9244 14.52994 (-0.7545872,5,0.7) (-0.7545872,1.516213,0.7)
red 370.7179 376.0022 13.02217 (-0.7470689,5,0.7) (-0.7470689,1.634525,0.7)
red 369.2195 376.3245 16.65026 (-0.5028393,5,0.7) (-0.5028393,1.608891,0.7)
red 371.215 377.0133 14.92822 (-0.4612094,5,0.7) (-0.4612094,1.851404,0.7)
red 368.2202 377.0578 14.6601 (0.6574855,5,0.7) (0.6574855,0.0776006,0.7)
red 371.7141 377.3467 13.46606 (-0.01244652,5,0.7) (-0.01244652,1.549277,0.7)
red 370.218 377.7022 15.93497 (0.2647433,5,0.7) (0.2647433,1.232068,0.7)
red 372.2241 378.98 14.64102 (-0.9353981,5,0.7) (-0.9353981,1.235763,0.7)
red 372.7235 379.78 16.77861 (-0.004247785,5,0.7) (-0.004247785,1.661636,0.7)
0
