compute 18.1281573089067(-0.0893088802695274,0.859871625900269,0.410813957452774) (-0.1198828,0.9112067,0.5819658) (304.9286,334.5191,307.6932) (-0.1214015,1.309235,0.1597144) (333.8069,1.126315,1.229298)
compute 0.0153058121963815(-0.0891582891345024,0.859869658946991,0.410786658525467) (-0.08930888,0.8598716,0.410814) (304.9209,334.5209,307.6991) (-0.1211252,1.309611,0.159858) (333.6036,1.123671,1.300728)
compute 0.0168027446917083(-0.0890000611543655,0.859879553318024,0.410730987787247) (-0.08915829,0.8598697,0.4107867) (304.9107,334.7592,307.7585) (-0.1209134,1.309771,0.1600441) (333.4721,0.9055911,1.453667)
compute 0.0136320791876791(-0.0888853892683983,0.859843373298645,0.410795211791992) (-0.08900006,0.8598796,0.410731) (305.203,335.2062,307.8452) (-0.1223842,1.309874,0.16038) (333.191,0.6620235,1.562225)
compute 0.0162530530515803(-0.0889544561505318,0.859788537025452,0.41093173623085) (-0.08888539,0.8598434,0.4107952) (305.5181,335.4426,307.8241) (-0.122872,1.309951,0.1604306) (333.0986,0.6090272,1.740859)
compute 0.0391286087782049(-0.0891808420419693,0.859672129154205,0.411228895187378) (-0.08895446,0.8597885,0.4109317) (306.1129,335.7037,307.606) (-0.1236564,1.309943,0.1604911) (333.0136,0.5423332,1.8622)
compute 0.0306578593456573(-0.0894593372941017,0.859628558158875,0.411349445581436) (-0.08918084,0.8596721,0.4112289) (306.2696,335.6072,307.5438) (-0.1238411,1.310298,0.1603216) (333.247,0.5417682,1.967341)
compute 0.0221987883910828(-0.0896730050444603,0.859608948230743,0.411406368017197) (-0.08945934,0.8596286,0.4113494) (306.3354,335.58,307.4993) (-0.124295,1.310666,0.1599112) (333.6558,0.8533712,1.853745)
compute 0.00813910660659358(-0.089746817946434,0.859596788883209,0.411438435316086) (-0.08967301,0.8596089,0.4114064) (306.3747,335.61,307.4697) (-0.1247054,1.310383,0.1596067) (333.8261,1.179299,1.768766)
compute 0.0277620208856868(-0.0894860476255417,0.859553396701813,0.411523222923279) (-0.08974682,0.8595968,0.4114384) (306.5928,335.8503,307.4063) (-0.1249736,1.310037,0.1591807) (333.6472,1.407494,1.546435)
compute 0.0741788699095999(-0.0887506678700447,0.859502136707306,0.411605924367905) (-0.08948605,0.8595534,0.4115232) (306.8192,336.1295,307.3152) (-0.124771,1.309821,0.1578592) (333.4287,1.457734,1.39735)
compute 0.0241853971510255(-0.0885109379887581,0.859477996826172,0.411626905202866) (-0.08875067,0.8595021,0.4116059) (306.9088,336.2906,307.2666) (-0.1238815,1.310081,0.1565461) (333.0015,1.436845,1.350967)
compute 0.0251146838851504(-0.0882605612277985,0.859470248222351,0.411608844995499) (-0.08851094,0.859478,0.4116269) (306.9212,336.3102,307.2643) (-0.1231105,1.310911,0.1558069) (332.5838,1.45749,1.331123)
compute 0.0271566240734195(-0.0879925712943077,0.859498381614685,0.411642581224442) (-0.08826056,0.8594702,0.4116088) (306.9311,336.3828,307.2305) (-0.1221897,1.311752,0.1554064) (332.317,1.494205,1.158943)
compute 0.0412266997047291(-0.0875870138406754,0.859538614749908,0.411704778671265) (-0.08799257,0.8594984,0.4116426) (306.8922,336.5601,307.1636) (-0.121478,1.312099,0.1553625) (332.053,1.758753,0.9562901)
compute 0.0626570593884841(-0.0869636014103889,0.859569549560547,0.411759465932846) (-0.08758701,0.8595386,0.4117048) (306.8464,336.7928,307.0644) (-0.1207896,1.312186,0.1551318) (331.9686,1.969724,0.8728004)
compute 0.0770389558778503(-0.0861933454871178,0.859577119350433,0.41174727678299) (-0.0869636,0.8595695,0.4117595) (306.8088,336.9533,307.0046) (-0.1207087,1.312057,0.153855) (331.7532,1.959605,0.8496072)
compute 0.057273330342451(-0.0856325626373291,0.859543025493622,0.411635994911194) (-0.08619335,0.8595771,0.4117473) (306.8188,337.0293,306.9769) (-0.1204337,1.311855,0.152451) (331.496,1.994967,0.7422358)
compute 0.056262712381972(-0.0850978866219521,0.859450340270996,0.411487400531769) (-0.08563256,0.859543,0.411636) (306.9043,337.0371,306.9717) (-0.1200757,1.312739,0.1505185) (330.4557,1.941721,0.9722961)
compute 0.0893234644418587(-0.0842203721404076,0.859348833560944,0.4113549888134) (-0.08509789,0.8594503,0.4114874) (307.0042,337.0767,306.9199) (-0.119975,1.320671,0.14277) (325.5248,1.628111,1.521595)
compute 0.065372225700122(-0.0835841074585915,0.859227001667023,0.41126736998558) (-0.08422037,0.8593488,0.411355) (307.2424,337.124,306.8214) (-0.1209298,1.331062,0.1283152) (318.557,1.845509,1.338444)
compute 0.0286630037653882(-0.083338662981987,0.859162509441376,0.411134123802185) (-0.08358411,0.859227,0.4112674) (307.2531,337.1069,306.8365) (-0.121635,1.334023,0.115693) (313.9173,2.491537,1.303897)
compute 0.246783067770771(-0.0809910595417023,0.859338343143463,0.410393834114075) (-0.08333866,0.8591625,0.4111341) (305.9656,336.7084,307.5702) (-0.1212973,1.336622,0.1053752) (309.5965,2.690246,1.332205)
compute 0.160898760751902(-0.0797165706753731,0.859583795070648,0.409442901611328) (-0.08099106,0.8593383,0.4103938) (304.4899,336.4663,308.2571) (-0.12131,1.338597,0.09165431) (306.0639,2.615834,1.563849)
compute 0.0949658447935431(-0.0791453719139099,0.859749257564545,0.408702492713928) (-0.07971657,0.8595838,0.4094429) (303.3829,336.6228,308.582) (-0.1224607,1.33955,0.08052879) (303.1113,3.01537,1.341286)
compute 0.144693403013468(-0.077895775437355,0.859898388385773,0.407988429069519) (-0.07914537,0.8597493,0.4087025) (302.2642,336.5371,308.9541) (-0.1226755,1.339649,0.07410192) (301.7366,3.264312,1.360835)
compute 0.164843161765423(-0.0764121189713478,0.860033988952637,0.407282948493958) (-0.07789578,0.8598984,0.4079884) (301.3039,336.2903,309.3612) (-0.1238394,1.341014,0.07119402) (300.7912,2.791905,1.762826)
compute 0.0414991964331633(-0.0762959495186806,0.860091924667358,0.406888782978058) (-0.07641212,0.860034,0.4072829) (300.8518,336.1555,309.6439) (-0.1252377,1.341117,0.07120565) (300.665,1.764233,2.652087)
compute 0.389156635369102(-0.0801874622702599,0.860074579715729,0.406877964735031) (-0.07629595,0.8600919,0.4068888) (300.8627,336.1172,309.7112) (-0.1267527,1.342193,0.07190047) (300.6472,1.204062,3.146746)
compute 0.220581979905063(-0.0823927447199821,0.860057830810547,0.406923681497574) (-0.08018746,0.8600746,0.406878) (300.9728,335.9713,309.9485) (-0.1276688,1.343498,0.07191302) (300.8173,1.056305,3.225558)
compute 0.1468422155242(-0.0838590785861015,0.860040545463562,0.407000035047531) (-0.08239274,0.8600578,0.4069237) (301.1113,335.7363,310.2582) (-0.1293437,1.344122,0.07223482) (300.9231,0.3880423,3.813037)
compute 0.268561515932278(-0.0865431278944016,0.860029637813568,0.407091081142426) (-0.08385908,0.8600405,0.407) (301.1589,335.5154,310.4934) (-0.1313332,1.344251,0.07239669) (301.0183,359.6072,4.492348)
compute 0.177661850195072(-0.0883182212710381,0.860042929649353,0.407163470983505) (-0.08654313,0.8600296,0.4070911) (301.2122,334.8621,311.1268) (-0.1318924,1.344307,0.07163446) (301.0641,359.8907,4.199324)
compute 0.0895394474778389(-0.0892117992043495,0.86005312204361,0.407219558954239) (-0.08831822,0.8600429,0.4071635) (301.2252,334.4146,311.5941) (-0.1318089,1.345443,0.0703965) (301.0693,1.120204,3.146137)
compute 0.0172997999492017(-0.0890999957919121,0.860096395015717,0.407094836235046) (-0.0892118,0.8600531,0.4072196) (300.9552,333.9614,312.1208) (-0.1318872,1.345212,0.06953411) (301.082,1.401037,3.05834)
compute 0.072661509964786(-0.0885020568966866,0.860199928283691,0.406695187091827) (-0.0891,0.8600964,0.4070948) (300.1523,333.5968,312.5709) (-0.131749,1.344362,0.068475) (300.958,1.323325,3.089506)
compute 0.0596870511374637(-0.0879455506801605,0.860245168209076,0.406484216451645) (-0.08850206,0.8601999,0.4066952) (299.7903,333.4566,312.7308) (-0.1312138,1.343537,0.06790809) (300.92,1.385123,2.846862)
compute 0.0460344658462448(-0.0874955728650093,0.860259890556335,0.406388193368912) (-0.08794555,0.8602452,0.4064842) (299.6215,333.4901,312.7103) (-0.1304389,1.343231,0.06779929) (300.9858,1.295518,2.676074)
compute 0.116719493243529(-0.0863402932882309,0.860292732715607,0.406225115060806) (-0.08749557,0.8602599,0.4063882) (299.319,333.3149,312.7971) (-0.1298142,1.343217,0.06780371) (301.0618,0.994519,2.853785)
compute 0.0194061407000564(-0.0861666277050972,0.860307037830353,0.406139701604843) (-0.08634029,0.8602927,0.4062251) (299.1197,333.2782,312.7105) (-0.1287467,1.343149,0.06782527) (301.1148,0.8621607,2.807481)
compute 0.00495871681254423(-0.0862159729003906,0.860305607318878,0.406144380569458) (-0.08616663,0.860307,0.4061397) (299.0945,333.2202,312.6844) (-0.1284243,1.342389,0.06747296) (301.2124,0.6453416,2.88078)
compute 0.0151258078962487(-0.086363710463047,0.860299170017242,0.406176179647446) (-0.08621597,0.8603056,0.4061444) (299.0938,333.2251,312.6598) (-0.1283782,1.342303,0.06681472) (301.4495,0.8050191,2.749954)
compute 0.0154493190332026(-0.0864292234182358,0.860330700874329,0.406039863824844) (-0.08636371,0.8602992,0.4061762) (298.6565,333.2632,312.707) (-0.1286372,1.342058,0.06641342) (301.9888,1.512702,2.309165)
compute 0.224076477721531(-0.0843567997217178,0.860498666763306,0.405204474925995) (-0.08642922,0.8603307,0.4060399) (296.8573,333.4714,313.1848) (-0.1293109,1.341247,0.06716232) (302.4283,2.7113,1.443706)
compute 0.961243257496303(-0.0748975351452827,0.860769093036652,0.403516858816147) (-0.0843568,0.8604987,0.4052045) (293.99,332.2748,315.7938) (-0.1285314,1.340654,0.06911001) (303.2367,4.851836,359.7131)
compute 0.796967760567525(-0.0680203065276146,0.861156046390533,0.399508148431778) (-0.07489754,0.8607691,0.4035169) (288.3123,323.072,326.0999) (-0.1308616,1.340313,0.07502062) (304.1316,6.472543,358.5719)
compute 0.834586182205559(-0.0647908300161362,0.861193418502808,0.391812533140183) (-0.06802031,0.861156,0.3995081) (284.5654,286.4903,6.579863) (-0.1373314,1.339142,0.07604019) (304.8752,10.25173,356.1692)
compute 1.52210773441717(-0.0551305264234543,0.859748840332031,0.3801389336586) (-0.06479083,0.8611934,0.3918125) (287.3957,246.42,51.40723) (-0.142689,1.337509,0.07761987) (305.6059,14.48483,353.449)
compute 1.01855658629825(-0.0518097653985024,0.856356918811798,0.371127098798752) (-0.05513053,0.8597488,0.3801389) (294.9198,231.6774,71.3849) (-0.1487335,1.335796,0.07931465) (306.2278,15.24919,353.9292)
compute 0.740873910675368(-0.051400575786829,0.851823151111603,0.365281850099564) (-0.05180977,0.8563569,0.3711271) (300.4087,224.8835,80.68788) (-0.1403912,1.330143,0.08185159) (306.0908,15.81192,354.4366)
compute 1.14422388050793(-0.0416566543281078,0.845881760120392,0.366106897592545) (-0.05140058,0.8518232,0.3652819) (304.2181,218.8284,86.00359) (-0.116032,1.325718,0.08967429) (305.4636,9.861303,358.1314)
compute 1.88877751264069(-0.0317279770970345,0.837759912014008,0.379970699548721) (-0.04165665,0.8458818,0.3661069) (308.3204,210.7144,93.19541) (-0.07188356,1.318706,0.1032215) (305.261,7.78827,0.2165091)
compute 4.50723107507076(0.0115753784775734,0.833294093608856,0.391649276018143) (-0.03172798,0.8377599,0.3799707) (309.5803,205.0775,99.07201) (-0.0228917,1.321362,0.117819) (306.5453,11.39992,358.0055)
compute 5.9285741832722(0.0707288458943367,0.832715153694153,0.395564824342728) (0.01157538,0.8332941,0.3916493) (308.5865,199.8757,103.315) (0.003619737,1.32381,0.1274383) (308.1943,16.70335,353.076)
compute 2.97322522066863(0.100459426641464,0.832490801811218,0.395343244075775) (0.07072885,0.8327152,0.3955648) (309.4234,201.8502,105.6224) (0.01424523,1.320232,0.1294797) (309.606,17.68839,351.5104)
compute 1.57644954879499(0.115814633667469,0.83136260509491,0.391957372426987) (0.1004594,0.8324908,0.3953432) (310.1245,197.6969,111.1549) (0.02084465,1.318497,0.1292564) (309.9652,19.56212,349.4084)
compute 77.1226891251989(0.24563904106617,1.59154570102692,0.384326696395874) (0.1158146,0.8313626,0.3919574) (309.3882,193.362,117.0403) (0.03098758,1.318512,0.1315967) (310.131,18.14643,348.9753)
compute 4.78983638208628(0.250617772340775,1.6349710226059,0.403915137052536) (0.245639,1.591546,0.3843267) (304.8096,189.0809,123.3856) (0.04427394,1.315037,0.1412366) (311.0783,17.1368,348.8205)
compute 5.28170869524988(0.282852113246918,1.66192960739136,0.435912430286407) (0.2506178,1.634971,0.4039151) (301.1813,178.2662,131.9472) (0.05271921,1.309058,0.1526086) (312.7403,17.00653,349.0779)
compute 6.15858176427987(0.339379012584686,1.67304921150208,0.457681149244308) (0.2828521,1.66193,0.4359124) (303.4655,166.7191,150.2412) (0.05704073,1.307255,0.1610327) (313.2504,16.20005,349.2024)
compute 6.14735509242902(0.400417983531952,1.67692339420319,0.463864386081696) (0.339379,1.673049,0.4576811) (309.1731,159.1801,167.6619) (0.06088459,1.307084,0.1677647) (313.3763,15.43384,349.6124)
compute 3.20854597216434(0.427383273839951,1.68312752246857,0.480108112096787) (0.400418,1.676923,0.4638644) (304.4902,155.9451,174.4806) (0.06929018,1.30777,0.1734854) (314.3705,15.69884,350.2616)
compute 1.36700865400062(0.435629606246948,1.68851184844971,0.489588528871536) (0.4273833,1.683128,0.4801081) (299.7675,157.124,180.6337) (0.075156,1.307267,0.1746466) (313.7647,13.87681,351.563)
compute 0.564219766909945(0.430143713951111,1.68967640399933,0.490207552909851) (0.4356296,1.688512,0.4895885) (297.697,158.2212,182.6685) (0.06745394,1.308566,0.1717833) (311.819,5.303152,356.9641)
compute 2.3180107955062(0.413153678178787,1.68369793891907,0.504799127578735) (0.4301437,1.689676,0.4902076) (292.4244,157.4916,185.4394) (0.04357734,1.312452,0.1678258) (310.6332,350.2283,6.981957)
compute 2.02105408601463(0.407644271850586,1.67904996871948,0.523680567741394) (0.4131537,1.683698,0.5047991) (291.5758,158.4195,186.8317) (0.02045068,1.310499,0.1640828) (309.9474,336.9585,16.00159)
compute 2.07213818659806(0.414546757936478,1.68022501468658,0.543183147907257) (0.4076443,1.67905,0.5236806) (291.7081,153.5669,196.7313) (0.01075356,1.309467,0.1634428) (310.3665,338.1971,15.0983)
compute 2.12068813401014(0.430172145366669,1.67491924762726,0.556503355503082) (0.4145468,1.680225,0.5431831) (291.3451,140.454,213.8331) (-0.003003892,1.310396,0.1648977) (311.4379,338.4282,15.38878)
compute 1.83650205106217(0.419412851333618,1.66005754470825,0.557304203510284) (0.4301721,1.674919,0.5565034) (290.4854,141.9148,211.7431) (-0.01641015,1.311163,0.1636857) (312.3932,339.1693,15.47262)
compute 5.53184572112294(0.370375394821167,1.64343643188477,0.53783118724823) (0.4194129,1.660058,0.5573042) (291.8934,156.035,194.6942) (-0.03718857,1.305485,0.1636112) (313.0831,339.4008,14.70258)
compute 16.6834531251276(0.210665702819824,1.64134466648102,0.489641964435577) (0.3703754,1.643436,0.5378312) (297.8477,185.8838,151.3523) (-0.07262859,1.295535,0.1610904) (313.5755,341.3771,14.34516)
compute 20.5829657133019(0.00634363573044539,1.65542232990265,0.469144195318222) (0.2106657,1.641345,0.489642) (301.3986,204.946,110.926) (-0.1163682,1.294999,0.1573845) (314.5811,345.7472,10.14657)
compute 13.5530840409719(-0.122148774564266,1.69371724128723,0.488938361406326) (0.006343636,1.655422,0.4691442) (291.7928,206.6399,98.6099) (-0.1791617,1.305884,0.1499196) (315.4596,349.0085,7.548968)
compute 7.27279337071636(-0.188331753015518,1.71895718574524,0.505434155464172) (-0.1221488,1.693717,0.4889384) (292.7088,210.6239,100.6825) (-0.2152237,1.311599,0.1522961) (315.7954,349.6061,8.221451)
compute 4.84591074868801(-0.203476637601852,1.72716426849365,0.550728321075439) (-0.1883318,1.718957,0.5054342) (284.7371,228.3442,86.29078) (-0.2320999,1.301504,0.1605623) (320.9384,350.3107,10.85054)
compute 3.92668217391871(-0.189936950802803,1.69051742553711,0.546782553195953) (-0.2034766,1.727164,0.5507283) (285.3078,216.8698,104.8128) (-0.2466359,1.289464,0.1568053) (321.0065,348.2436,14.34843)
compute 6.87795758882859(-0.191959127783775,1.64209616184235,0.497977614402771) (-0.189937,1.690517,0.5467826) (294.1818,210.4661,115.7376) (-0.2635502,1.27863,0.1470863) (322.8228,339.4394,19.19232)
compute 9.04221818868033(-0.255008220672607,1.62486231327057,0.435495793819427) (-0.1919591,1.642096,0.4979776) (303.199,207.274,105.5275) (-0.2763131,1.272031,0.1390189) (323.225,336.2336,21.67562)
compute 9.80808501829212(-0.336087584495544,1.67829740047455,0.449304550886154) (-0.2550082,1.624862,0.4354958) (298.8388,222.0174,89.30289) (-0.2883522,1.270111,0.1315501) (321.9429,335.4062,21.85347)
compute 9.38620727834517(-0.417694866657257,1.68326950073242,0.495408982038498) (-0.3360876,1.678297,0.4493046) (302.3729,239.5877,78.725) (-0.3064438,1.267837,0.1294474) (322.5168,333.7666,22.81801)
compute 7.77165842228339(-0.449080258607864,1.62323021888733,0.533489286899567) (-0.4176949,1.68327,0.495409) (302.4401,257.2775,61.97663) (-0.3112661,1.261657,0.1304045) (322.2883,335.1832,23.0202)
compute 4.15036237356823(-0.411020994186401,1.60770606994629,0.527740895748138) (-0.4490803,1.62323,0.5334893) (298.7271,247.345,64.15889) (-0.309621,1.257897,0.1354155) (322.0927,338.1183,22.57058)
compute 12.3930684303487(-0.295649498701096,1.63336431980133,0.490459710359573) (-0.411021,1.607706,0.5277409) (297.5442,216.0412,100.765) (-0.3166606,1.25578,0.1378209) (317.974,342.2146,18.67254)
compute 13.0244802737869(-0.194872573018074,1.71580576896667,0.487123787403107) (-0.2956495,1.633364,0.4904597) (296.1011,181.9407,147.335) (-0.3267143,1.260406,0.1468031) (320.8239,342.8056,19.53419)
compute 5.30644538098072(-0.237312495708466,1.69484555721283,0.511110424995422) (-0.1948726,1.715806,0.4871238) (278.1791,203.4129,129.4777) (-0.3778377,1.242957,0.1664767) (337.7561,333.9778,27.67383)
compute 34.3663535596645(-0.456015795469284,1.43963086605072,0.439423888921738) (-0.2373125,1.694846,0.5111104) (306.759,235.5694,71.12463) (-0.4150156,1.18154,0.1733643) (357.6111,322.8056,30.42113)
compute 34.0252077810544(-0.632306337356567,1.14871895313263,0.447385162115097) (-0.4560158,1.439631,0.4394239) (331.2313,261.6432,14.46665) (-0.4081284,1.154051,0.1516817) (0.8113981,321.2566,28.09671)
compute 7.31441912165536(-0.64759761095047,1.10107421875,0.500735223293304) (-0.6323063,1.148719,0.4473852) (334.9634,267.6609,29.21428) (-0.4106894,1.152248,0.1411344) (358.2017,321.2406,29.10557)
compute 6.89285921832877(-0.579848349094391,1.10994827747345,0.509814858436584) (-0.6475976,1.101074,0.5007352) (320.1312,268.8794,27.85015) (-0.3897651,1.182501,0.1184221) (352.7173,319.1982,30.05859)
compute 2.62931590795506(-0.580803871154785,1.08432114124298,0.515617191791534) (-0.5798483,1.109948,0.5098149) (327.7267,274.9542,21.49407) (-0.347306,1.23781,0.09991974) (337.5002,322.683,26.85432)
compute 4.28885591177308(-0.587125539779663,1.10254192352295,0.47730964422226) (-0.5808039,1.084321,0.5156172) (319.6556,269.686,17.46003) (-0.3148411,1.262438,0.07789724) (329.3088,322.6604,26.83323)
compute 6.72348952805109(-0.621207058429718,1.04458713531494,0.477782636880875) (-0.5871255,1.102542,0.4773096) (335.5922,270.6566,19.19794) (-0.2930807,1.269087,0.06603955) (321.1469,325.5917,25.94952)
compute 2.12564547152979(-0.609036445617676,1.0541787147522,0.463232219219208) (-0.6212071,1.044587,0.4777826) (326.9792,264.0622,19.01351) (-0.2779591,1.271075,0.05929458) (316.5238,329.9993,22.83727)
compute 15.4217643068753(-0.511159896850586,1.170205950737,0.43601194024086) (-0.6090364,1.054179,0.4632322) (311.0734,245.9689,39.08001) (-0.2738765,1.263021,0.08227722) (322.5129,340.8441,14.56978)
compute 23.5587817092604(-0.28884482383728,1.23138344287872,0.484333217144012) (-0.5111599,1.170206,0.4360119) (286.3267,232.1685,72.84569) (-0.2711207,1.231635,0.1315722) (335.6822,350.742,6.865788)
compute 12.6107906990548(-0.209423869848251,1.19890964031219,0.576750576496124) (-0.2888448,1.231383,0.4843332) (280.5519,301.554,24.11393) (-0.2691743,1.205444,0.1571329) (342.0775,354.5269,6.214499)
compute 2.43632045505401(-0.212369352579117,1.19461703300476,0.552950084209442) (-0.2094239,1.19891,0.5767506) (280.8862,241.305,86.20129) (-0.2665693,1.205359,0.1641276) (339.5953,357.0918,5.192621)
compute 1.54440243723781(-0.217216312885284,1.20928025245667,0.553072035312653) (-0.2123694,1.194617,0.5529501) (283.0632,267.7928,59.41155) (-0.2689094,1.237816,0.1543261) (330.1266,356.639,4.982959)
compute 8.27072242568296(-0.232214942574501,1.28460383415222,0.522381901741028) (-0.2172163,1.20928,0.553072) (287.5856,228.5636,95.72095) (-0.2746508,1.248115,0.146262) (329.5053,353.6231,7.143844)
compute 8.40018596535009(-0.258587300777435,1.36370122432709,0.532600224018097) (-0.2322149,1.284604,0.5223819) (288.3556,240.7206,83.06638) (-0.2758295,1.256809,0.1460761) (328.3638,353.0748,8.700506)
compute 1.62619275808725(-0.27191835641861,1.35575377941132,0.537455260753632) (-0.2585873,1.363701,0.5326002) (289.6629,266.0486,58.7293) (-0.2836139,1.257201,0.1433033) (327.4743,349.1426,11.61107)
compute 8.63952839440571(-0.352043718099594,1.36010646820068,0.505437672138214) (-0.2719184,1.355754,0.5374553) (296.7271,247.4139,66.78529) (-0.2900374,1.24878,0.1447174) (328.8549,344.4965,13.95867)
compute 9.77424226807001(-0.44499534368515,1.36272442340851,0.535549521446228) (-0.3520437,1.360106,0.5054377) (304.4913,264.2602,52.16561) (-0.3156852,1.246072,0.130422) (328.9496,339.6399,18.23531)
compute 6.34593674121175(-0.497073978185654,1.3276538848877,0.526331901550293) (-0.4449953,1.362724,0.5355495) (307.0587,263.2272,53.8923) (-0.3588312,1.234913,0.1032862) (328.3548,326.2805,23.34964)
compute 10.7338160195563(-0.595355331897736,1.31893479824066,0.484068036079407) (-0.497074,1.327654,0.5263319) (311.2242,246.9023,58.59897) (-0.3801818,1.228811,0.09731391) (329.5518,323.0657,23.7887)
compute 10.6612435815333(-0.699707388877869,1.33937060832977,0.47637140750885) (-0.5953553,1.318935,0.484068) (307.8016,245.3436,52.45682) (-0.4038277,1.226456,0.09549239) (328.6895,320.8784,25.53388)
compute 10.8562373968354(-0.794235050678253,1.3057097196579,0.517811179161072) (-0.6997074,1.339371,0.4763714) (311.4706,263.0915,28.6328) (-0.4163218,1.235637,0.08663002) (320.8008,323.1133,25.42029)
compute 3.45126735240534(-0.799064338207245,1.27155637741089,0.516648471355438) (-0.7942351,1.30571,0.5178112) (312.4096,266.0189,31.34651) (-0.4258074,1.251925,0.08133865) (317.9442,328.0806,23.54721)
compute 9.20201828398763(-0.7243332862854,1.27194666862488,0.462956458330154) (-0.7990643,1.271556,0.5166485) (309.1598,245.5615,43.4517) (-0.4134537,1.259508,0.0852671) (314.2935,335.3919,21.16768)
compute 17.0745151622869(-0.575523376464844,1.34904479980469,0.430316030979156) (-0.7243333,1.271947,0.4629565) (304.2225,223.409,65.7391) (-0.3837356,1.268196,0.08451732) (308.6434,348.9123,13.48017)
compute 20.1285965759569(-0.408835232257843,1.45688831806183,0.39713653922081) (-0.5755234,1.349045,0.430316) (304.7248,205.6675,94.94564) (-0.3697902,1.277353,0.09516117) (309.9675,359.7195,7.431978)
compute 14.9529192345414(-0.30009126663208,1.5563588142395,0.371851146221161) (-0.4088352,1.456888,0.3971365) (304.0223,197.4598,110.1592) (-0.3498507,1.286842,0.1063218) (309.9555,6.925279,3.857925)
compute 12.7187554551955(-0.270169913768768,1.67922151088715,0.385494619607925) (-0.3000913,1.556359,0.3718511) (295.2905,194.0008,120.4993) (-0.3321899,1.299393,0.1076932) (309.5025,13.80375,358.6769)
compute 10.7972475012733(-0.308796316385269,1.76480031013489,0.438808083534241) (-0.2701699,1.679222,0.3854946) (290.7347,204.4499,118.5981) (-0.3165148,1.316644,0.1052921) (311.5097,19.08745,355.0698)
compute 7.76650977118249(-0.354463249444962,1.74681043624878,0.4989974796772) (-0.3087963,1.7648,0.4388081) (285.8718,234.7314,92.19405) (-0.2947567,1.323125,0.1224381) (318.8692,23.42646,354.3921)
compute 11.3297471945372(-0.355129539966583,1.6352835893631,0.479056656360626) (-0.3544632,1.74681,0.4989975) (291.1931,221.7349,100.2124) (-0.2739693,1.288357,0.134536) (331.9492,32.10399,352.2086)
compute 21.8331299161285(-0.258523941040039,1.44191861152649,0.448301166296005) (-0.3551295,1.635284,0.4790567) (291.2022,215.3568,105.5277) (-0.26577,1.243954,0.1356515) (339.457,35.57394,350.3768)
compute 24.6728377871592(-0.0993938967585564,1.25344371795654,0.442847669124603) (-0.2585239,1.441919,0.4483012) (280.7197,181.8895,148.1256) (-0.2608346,1.22984,0.143773) (341.9388,37.89559,348.5425)
compute 14.0247173079257(0.02581518702209,1.19027006626129,0.443870961666107) (-0.0993939,1.253444,0.4428477) (280.5267,134.3664,211.1713) (-0.2570321,1.231218,0.1555008) (344.2971,38.89412,350.4476)
compute 10.1903108900172(0.105677239596844,1.18240690231323,0.506675958633423) (0.02581519,1.19027,0.443871) (288.887,56.68476,293.6094) (-0.2442906,1.232881,0.169856) (350.7819,41.45242,351.8703)
compute 5.68172512330723(0.128489062190056,1.16649806499481,0.556221187114716) (0.1056772,1.182407,0.506676) (294.6949,46.60153,304.9502) (-0.2436965,1.230395,0.1803773) (350.7735,39.59822,353.4558)
compute 3.62629394431599(0.158999010920525,1.15032613277435,0.567294239997864) (0.1284891,1.166498,0.5562212) (295.103,57.59401,295.337) (-0.2454044,1.225162,0.1881025) (351.7187,38.08076,354.0135)
compute 3.58923090665006(0.188014104962349,1.14622592926025,0.588020324707031) (0.158999,1.150326,0.5672942) (297.8901,52.61499,304.2061) (-0.2427384,1.22691,0.1902624) (351.2009,35.44141,356.411)
compute 1.71286497431675(0.18117268383503,1.15336871147156,0.574035823345184) (0.1880141,1.146226,0.5880203) (295.1661,51.97689,304.5772) (-0.2482747,1.234293,0.1932086) (349.4195,31.81951,356.8451)
compute 6.25087379886376(0.138777419924736,1.16319894790649,0.52916544675827) (0.1811727,1.153369,0.5740358) (286.0164,62.21547,289.5641) (-0.2483695,1.239468,0.1960513) (348.2941,28.79683,358.1107)
compute 3.19316142657423(0.117087982594967,1.16750621795654,0.506129741668701) (0.1387774,1.163199,0.5291654) (280.0234,66.95814,282.4828) (-0.2446503,1.242575,0.1967514) (347.6295,26.79488,359.315)
compute 0.897210701378294(0.118318952620029,1.17278969287872,0.498983532190323) (0.117088,1.167506,0.5061297) (280.7763,75.82738,268.0529) (-0.2405729,1.248881,0.1979732) (346.27,26.38035,359.7011)
compute 0.759510668886696(0.113780684769154,1.17634201049805,0.494036734104156) (0.118319,1.17279,0.4989835) (279.8564,78.0664,260.0292) (-0.238277,1.253943,0.1993317) (345.3139,26.07881,359.9912)
compute 2.03977513588673(0.0983077734708786,1.17646563053131,0.480746060609818) (0.1137807,1.176342,0.4940367) (280.6026,81.49848,248.2053) (-0.2347799,1.256235,0.2082779) (345.2177,25.1841,0.4124439)
compute 1.97902013209932(0.0817695930600166,1.17636823654175,0.469877243041992) (0.09830777,1.176466,0.4807461) (279.4977,80.14193,246.0607) (-0.2289707,1.258014,0.2160634) (345.2605,24.69618,0.496515)
compute 0.525714081435403(0.0774592086672783,1.1742616891861,0.467727690935135) (0.08176959,1.176368,0.4698772) (280.0897,72.61069,250.7748) (-0.2228554,1.258617,0.2225882) (345.5209,24.8336,0.7227038)
compute 1.34092309821117(0.0863775536417961,1.16428649425507,0.468602955341339) (0.07745921,1.174262,0.4677277) (280.044,73.26704,249.887) (-0.2143149,1.259551,0.2284639) (346.9657,25.81058,0.407465)
compute 5.99170535496478(0.141402527689934,1.16351914405823,0.492303520441055) (0.08637755,1.164286,0.468603) (283.6836,86.95945,246.1206) (-0.2019067,1.251324,0.2333014) (350.275,27.9104,0.3426576)
compute 11.649337301153(0.22283923625946,1.14482462406158,0.573477923870087) (0.1414025,1.163519,0.4923035) (290.6093,61.46758,293.8537) (-0.2137909,1.242982,0.2408268) (351.8023,19.83288,2.433132)
compute 10.4567565869874(0.121274374425411,1.12419986724854,0.559564828872681) (0.2228392,1.144825,0.5734779) (282.6823,25.92217,322.4985) (-0.2882432,1.255464,0.2460809) (346.8056,357.1638,4.447382)
compute 11.3870688662148(0.00917561165988445,1.13052833080292,0.540581881999969) (0.1212744,1.1242,0.5595648) (278.6074,36.2724,298.3611) (-0.3185405,1.254407,0.2221973) (349.4187,349.622,7.743286)
compute 15.0681546437274(-0.129344820976257,1.17466771602631,0.500974655151367) (0.009175612,1.130528,0.5405819) (271.7409,333.6183,348.3374) (-0.3266104,1.256271,0.2037402) (345.3828,352.0483,8.93628)
compute 6.4312513221201(-0.167660385370255,1.21530258655548,0.469086974859238) (-0.1293448,1.174668,0.5009747) (279.4137,222.5688,96.46636) (-0.3197632,1.251019,0.1913848) (348.0198,359.6832,8.161726)
compute 5.5136484336819(-0.120137505233288,1.18988013267517,0.480719119310379) (-0.1676604,1.215303,0.469087) (274.5417,250.6719,71.36679) (-0.3236941,1.250005,0.1820009) (342.9372,355.8485,9.861001)
compute 5.92391383346411(-0.174604713916779,1.19156551361084,0.457486420869827) (-0.1201375,1.18988,0.4807191) (282.3847,243.5308,67.28629) (-0.3608825,1.259182,0.1525601) (337.244,333.0892,15.93275)
compute 16.8860428184097(-0.333026617765427,1.23457300662994,0.417904853820801) (-0.1746047,1.191566,0.4574864) (296.0276,233.7157,59.84919) (-0.3824224,1.254915,0.1286383) (338.1732,326.3705,19.47391)
compute 20.438435384558(-0.524624288082123,1.30571985244751,0.419098287820816) (-0.3330266,1.234573,0.4179049) (300.7515,232.4815,49.70316) (-0.4021882,1.247658,0.1142618) (335.6534,326.8402,20.80962)
compute 16.8080844447278(-0.681845724582672,1.35198068618774,0.456414848566055) (-0.5246243,1.30572,0.4190983) (301.8496,232.119,53.31071) (-0.4335394,1.241423,0.1026308) (333.0037,321.5007,23.6599)
compute 11.5597917521485(-0.774894058704376,1.34774303436279,0.524875998497009) (-0.6818457,1.351981,0.4564148) (297.5009,262.8456,30.2305) (-0.4555584,1.234394,0.1015197) (332.2542,320.8308,22.45501)
compute 3.35184868934541(-0.792134582996368,1.32299542427063,0.539498209953308) (-0.7748941,1.347743,0.524876) (294.5082,271.3732,24.43805) (-0.4733009,1.227503,0.1006356) (332.4846,320.7416,22.83198)
compute 4.44105495902872(-0.74892920255661,1.33317279815674,0.540917098522186) (-0.7921346,1.322995,0.5394982) (283.3421,263.4385,32.22244) (-0.483647,1.224929,0.09854701) (332.0379,322.7635,22.08483)
compute 7.26345147106926(-0.687425434589386,1.36419522762299,0.563953340053558) (-0.7489292,1.333173,0.5409171) (275.3479,311.9209,342.9689) (-0.4890015,1.235,0.09318092) (328.6696,323.3867,23.83448)
compute 2.86960196283499(-0.68261456489563,1.39215564727783,0.568258225917816) (-0.6874254,1.364195,0.5639533) (280.1193,273.9699,24.38179) (-0.4791896,1.258316,0.08030843) (318.5124,324.7512,26.07806)
compute 8.91204659249532(-0.653118968009949,1.43095946311951,0.493647694587708) (-0.6826146,1.392156,0.5682582) (288.1304,214.0301,85.79735) (-0.4669414,1.273619,0.07292575) (313.6848,329.5265,24.07312)
compute 9.8456303610472(-0.616557240486145,1.49213218688965,0.425715506076813) (-0.653119,1.430959,0.4936477) (295.7817,196.7382,97.22205) (-0.4637054,1.27826,0.07433291) (313.189,328.1031,24.91681)
compute 10.4726233580721(-0.594414532184601,1.59196305274963,0.403108358383179) (-0.6165572,1.492132,0.4257155) (295.173,171.5789,117.0908) (-0.4745281,1.284566,0.07812424) (311.4787,326.4808,25.10415)
compute 6.94270163434396(-0.61166924238205,1.65845775604248,0.393066436052322) (-0.5944145,1.591963,0.4031084) (298.0208,176.3194,113.6335) (-0.4896581,1.28768,0.08625551) (313.6612,326.4024,26.30762)
compute 6.68889193500889(-0.663287937641144,1.6981372833252,0.408401787281036) (-0.6116692,1.658458,0.3930664) (294.2095,196.6819,98.52992) (-0.5011489,1.287526,0.08842809) (314.279,324.4789,27.04076)
compute 6.53058122298104(-0.720102727413177,1.69625878334045,0.440548330545425) (-0.6632879,1.698137,0.4084018) (289.9917,223.8648,76.52952) (-0.5119697,1.289047,0.08941022) (315.8472,322.432,27.4594)
compute 7.20585345245761(-0.769838929176331,1.66465365886688,0.482019513845444) (-0.7201027,1.696259,0.4405483) (287.7569,248.0567,53.0716) (-0.515953,1.286398,0.09328667) (318.8965,320.5899,27.22363)
compute 6.62125072441489(-0.810787618160248,1.62979590892792,0.520649015903473) (-0.7698389,1.664654,0.4820195) (291.2568,265.1915,39.16846) (-0.5201889,1.274059,0.09553663) (322.2708,317.9323,26.57983)
compute 4.1517667114211(-0.835385084152222,1.62315344810486,0.553429484367371) (-0.8107876,1.629796,0.520649) (293.6084,274.2668,30.17665) (-0.5160225,1.273168,0.09907022) (324.517,317.6928,25.37888)
compute 0.637775648692793(-0.834908246994019,1.61988759040833,0.558886826038361) (-0.8353851,1.623153,0.5534295) (293.4797,266.9664,34.12413) (-0.4646199,1.287978,0.1032011) (321.3503,327.1209,22.6259)
compute 5.32398647459438(-0.789910316467285,1.59939575195313,0.5391446352005) (-0.8349082,1.619888,0.5588868) (296.1333,262.2235,36.43987) (-0.4087845,1.305917,0.1053453) (317.1718,343.657,15.8426)
compute 16.1185958561241(-0.662461996078491,1.53917765617371,0.460967779159546) (-0.7899103,1.599396,0.5391446) (285.9984,239.7181,40.89066) (-0.3231871,1.313015,0.1033736) (316.9524,25.68793,359.5385)
compute 20.5081382576029(-0.514653146266937,1.42843186855316,0.371825814247131) (-0.662462,1.539178,0.4609678) (289.3723,217.3529,56.79037) (-0.2605818,1.299122,0.07026798) (324.2694,49.21355,348.5169)
compute 19.4325103629366(-0.345912754535675,1.33888494968414,0.336184859275818) (-0.5146531,1.428432,0.3718258) (286.4369,204.1943,75.55893) (-0.2367651,1.269212,0.06745301) (334.0299,51.35047,347.3337)
compute 20.3160903305083(-0.169285953044891,1.23920142650604,0.348039120435715) (-0.3459128,1.338885,0.3361849) (280.2171,143.8419,153.7252) (-0.2135627,1.241101,0.09118114) (345.6731,51.48764,346.7449)
compute 12.3587550150772(-0.086020216345787,1.14787399768829,0.348073393106461) (-0.169286,1.239201,0.3480391) (274.4908,148.8028,166.4022) (-0.1957225,1.22849,0.1271354) (353.8744,46.74648,350.9248)
compute 19.3301873385405(0.0794608443975449,1.13231110572815,0.446761935949326) (-0.08602022,1.147874,0.3480734) (282.9394,56.7233,281.9814) (-0.1650799,1.222944,0.1601713) (354.6365,43.93587,351.9117)
compute 14.6538741236366(0.190915241837502,1.11425423622131,0.540172159671783) (0.07946084,1.132311,0.4467619) (289.032,46.82272,310.7326) (-0.1321836,1.209006,0.1866744) (0.7923908,44.65661,353.3867)
compute 7.94875874571739(0.201088592410088,1.05137622356415,0.587723553180695) (0.1909152,1.114254,0.5401722) (305.9483,37.10887,315.1475) (-0.1007487,1.198384,0.2007981) (9.468023,46.08308,354.3539)
compute 5.42426120827807(0.182247623801231,1.00249862670898,0.573643088340759) (0.2010886,1.051376,0.5877236) (300.3026,36.87504,309.9649) (-0.07415068,1.183848,0.2070438) (15.2447,48.77127,354.7482)
compute 11.846956275954(0.193210542201996,0.908146381378174,0.502844035625458) (0.1822476,1.002499,0.5736431) (303.317,51.71115,291.2951) (-0.04738986,1.166118,0.2084681) (19.75223,54.43407,355.9199)
compute 19.0772971865295(0.324337661266327,0.792648911476135,0.426291167736053) (0.1932105,0.9081464,0.502844) (313.355,66.64297,291.4853) (-0.002657965,1.133544,0.2258541) (22.35902,54.3356,355.6649)
compute 21.5280536447643(0.485171645879745,0.651147246360779,0.404950648546219) (0.3243377,0.7926489,0.4262912) (331.9566,76.81635,295.3206) (0.06691901,1.05085,0.2521589) (24.45422,52.93285,354.0416)
compute 20.8132752460339(0.541000604629517,0.452039361000061,0.42858162522316) (0.4851716,0.6511472,0.4049506) (352.1752,62.69528,304.1211) (0.1174346,0.9431712,0.2715398) (24.27082,55.38793,354.5742)
compute 14.9151257060935(0.572628021240234,0.310622990131378,0.463897556066513) (0.5410006,0.4520394,0.4285816) (2.825015,56.03573,316.3434) (0.1462117,0.8613278,0.2956046) (20.96355,52.49712,351.9213)
compute 5.77192908588506(0.616187155246735,0.344383537769318,0.48105400800705) (0.572628,0.310623,0.4638976) (345.5021,63.29538,316.0413) (0.1574983,0.8373052,0.3083433) (22.36161,52.47839,356.2661)
compute 13.435949213315(0.670454561710358,0.46704688668251,0.488878667354584) (0.6161872,0.3443835,0.481054) (329.5212,67.55747,319.2662) (0.1661319,0.8435364,0.3106393) (24.02709,49.2091,357.7618)
compute 7.28743300902646(0.715395629405975,0.521124422550201,0.508025169372559) (0.6704546,0.4670469,0.4888787) (333.3882,65.1917,319.9868) (0.1742544,0.8946291,0.2981044) (22.58932,47.60021,355.6539)
compute 3.41090096616316(0.74822336435318,0.512588381767273,0.504433453083038) (0.7153956,0.5211244,0.5080252) (345.1713,68.86561,324.4539) (0.1842365,0.9362849,0.29419) (20.60667,42.21643,352.9037)
compute 4.75877787587822(0.732684552669525,0.536956548690796,0.466626912355423) (0.7482234,0.5125884,0.5044335) (334.2013,72.74503,320.4259) (0.1868241,0.9835547,0.2890451) (21.40775,39.09621,353.5002)
compute 9.92412904083321(0.666255712509155,0.573814272880554,0.402771204710007) (0.7326846,0.5369565,0.4666269) (319.0399,79.62074,304.6111) (0.1634137,1.060476,0.2901043) (17.48086,29.0266,352.0582)
compute 10.7140426540835(0.589962720870972,0.600032269954681,0.332265406847) (0.6662557,0.5738143,0.4027712) (316.8491,82.40984,291.6961) (0.1065033,1.143688,0.2935619) (8.286142,7.066282,348.7534)
compute 9.32641239837624(0.524294912815094,0.625256478786469,0.271030813455582) (0.5899627,0.6000323,0.3322654) (317.2817,83.83197,285.3999) (0.04206622,1.216799,0.2708265) (356.0177,345.4143,351.2322)
compute 9.35530317948957(0.448126643896103,0.674058258533478,0.247178122401237) (0.5242949,0.6252565,0.2710308) (315.2692,81.55839,282.0923) (0.002839677,1.262852,0.2383543) (347.9558,334.4147,356.1154)
compute 10.2158861859367(0.384486645460129,0.747264742851257,0.279228001832962) (0.4481266,0.6740583,0.2471781) (310.6181,73.58169,274.8277) (-0.02783069,1.27,0.2160964) (345.5925,330.4877,1.108966)
compute 9.01214192968324(0.316577881574631,0.789071142673492,0.321210086345673) (0.3844866,0.7472647,0.279228) (299.4006,57.96919,271.4951) (-0.06421868,1.274575,0.1979352) (343.4944,326.2945,5.658564)
compute 6.80827836133458(0.25251579284668,0.801550924777985,0.340589702129364) (0.3165779,0.7890711,0.3212101) (288.2827,43.63303,272.5272) (-0.1016089,1.274598,0.1883028) (344.7345,322.782,9.870101)
compute 4.95845466093461(0.2032500654459,0.8035808801651,0.345823705196381) (0.2525158,0.8015509,0.3405897) (285.6912,25.9388,281.6648) (-0.1348349,1.270801,0.1895916) (346.4672,319.9256,12.10623)
compute 4.59299505131628(0.160191938281059,0.794451117515564,0.358946412801743) (0.2032501,0.8035809,0.3458237) (291.3977,359.5154,302.9008) (-0.1583887,1.273128,0.2034391) (344.4891,320.6397,13.69225)
compute 3.15624128136583(0.130118876695633,0.789216041564941,0.366970807313919) (0.1601919,0.7944511,0.3589464) (293.8951,344.0792,314.9177) (-0.1802626,1.265613,0.2277781) (348.9957,321.9511,13.72228)
compute 2.50406918024395(0.105424031615257,0.7852583527565,0.365730822086334) (0.1301189,0.789216,0.3669708) (295.0609,334.9932,319.0541) (-0.1959729,1.243038,0.2452814) (356.5904,323.8239,12.29498)
compute 1.90115408196392(0.0931521952152252,0.773453712463379,0.357275575399399) (0.105424,0.7852584,0.3657308) (299.3206,326.9741,327.1348) (-0.2025051,1.230801,0.2492826) (359.0743,326.5164,10.86465)
compute 1.99892536111365(0.0862630531191826,0.76410037279129,0.341008275747299) (0.0931522,0.7734537,0.3572756) (301.1991,326.0335,329.4927) (-0.2061274,1.224198,0.2467669) (359.5346,328.5633,10.22611)
compute 2.23073433953346(0.0844445452094078,0.761576354503632,0.318918913602829) (0.08626305,0.7641004,0.3410083) (303.4312,328.682,328.7258) (-0.2076092,1.228015,0.2419926) (0.4371314,331.072,9.280579)
compute 1.80765745710509(0.0827893763780594,0.757897853851318,0.301298141479492) (0.08444455,0.7615764,0.3189189) (303.8619,329.465,329.6001) (-0.1995807,1.23018,0.238717) (358.5437,334.5486,9.480813)
compute 1.59401850658863(0.0827968493103981,0.757830262184143,0.285358101129532) (0.08278938,0.7578979,0.3012981) (303.9119,329.9919,330.5973) (-0.1877133,1.233543,0.242728) (358.0395,339.1108,8.318128)
compute 1.08889120263962(0.0869001448154449,0.767836093902588,0.286628812551498) (0.08279685,0.7578303,0.2853581) (302.8933,330.6765,331.409) (-0.1735748,1.239821,0.2498496) (355.2213,344.0607,7.420452)
compute 3.2266939642171(0.0887723118066788,0.784065544605255,0.314454257488251) (0.08690014,0.7678361,0.2866288) (302.4059,332.4372,331.6548) (-0.1610319,1.243649,0.2553388) (353.4964,348.4515,5.891106)
compute 20.4684175806817(0.0341445654630661,0.877865970134735,0.487984955310822) (0.08877231,0.7840655,0.3144543) (301.5316,335.0884,330.1962) (-0.1503275,1.252422,0.2605228) (350.3309,353.5522,5.020578)
compute 0.425010813555352(0.0301842391490936,0.877826511859894,0.486442983150482) (0.03414457,0.877866,0.487985) (301.8355,335.7464,329.886) (-0.1427252,1.255423,0.2649751) (348.0591,357.062,3.877892)
compute 0.56976279710725(0.0280022397637367,0.876814484596252,0.481277942657471) (0.03018424,0.8778265,0.486443) (301.898,336.4411,329.3779) (-0.1337061,1.259114,0.2657401) (345.6895,0.08693081,3.045526)
compute 0.373531288536225(0.0282543916255236,0.875493168830872,0.477793246507645) (0.02800224,0.8768145,0.4812779) (301.5107,337.8545,328.2621) (-0.126436,1.260712,0.2645404) (343.7484,2.38522,1.936059)
compute 0.57882304672051(0.0282025709748268,0.869727849960327,0.477281361818314) (0.02825439,0.8754932,0.4777932) (301.6763,338.5455,327.7131) (-0.1207025,1.265791,0.2553585) (341.1006,4.164155,0.7006414)
compute 0.24441359772045(0.0280760359019041,0.867500245571136,0.478279143571854) (0.02820257,0.8697278,0.4772814) (301.6944,338.5822,327.2032) (-0.1109216,1.272793,0.2467497) (337.4038,4.906475,359.7852)
compute 0.444741509303827(0.0270377676934004,0.871698439121246,0.479316771030426) (0.02807604,0.8675002,0.4782791) (301.3757,339.1744,324.5186) (-0.09143713,1.27764,0.2380538) (334.2702,5.007452,359.2927)
compute 0.675875080538806(0.0227993316948414,0.876958847045898,0.479527682065964) (0.02703777,0.8716984,0.4793168) (301.3125,336.5054,323.4154) (-0.06358804,1.282129,0.2317183) (332.8178,3.892726,359.7803)
compute 0.411619749231862(0.0188834145665169,0.878039360046387,0.480191886425018) (0.02279933,0.8769588,0.4795277) (303.3528,331.3138,324.0593) (-0.03873257,1.292116,0.2290428) (330.7597,2.511801,1.065632)
compute 0.265347488526775(0.0175406113266945,0.876192688941956,0.478839993476868) (0.01888341,0.8780394,0.4801919) (303.9565,327.9185,321.4479) (-0.02549097,1.303334,0.2296182) (329.4392,1.163568,1.479143)
compute 1.5235693392253(0.0118618486449122,0.877002358436584,0.464725375175476) (0.01754061,0.8761927,0.47884) (304.8668,323.0809,320.5794) (-0.02862219,1.309486,0.2213077) (328.8887,0.4625651,1.967748)
compute 1.76730874747507(0.00156462006270885,0.888793170452118,0.456522822380066) (0.01186185,0.8770024,0.4647254) (303.6227,322.4795,320.5696) (-0.04375133,1.312972,0.2076229) (327.3862,1.673871,0.8418206)
compute 1.58712364995724(-0.00960430689156055,0.898088276386261,0.450139075517654) (0.00156462,0.8887932,0.4565228) (301.544,325.3006,319.5274) (-0.0654053,1.312001,0.1988043) (326.527,4.63925,359.3095)
compute 1.89961924389209(-0.0248307827860117,0.909353196620941,0.44868603348732) (-0.009604307,0.8980883,0.4501391) (301.4447,336.0291,309.6266) (-0.09281491,1.315423,0.1950421) (325.7083,4.531996,358.7494)
compute 1.64574411315048(-0.0408191233873367,0.912983238697052,0.450115412473679) (-0.02483078,0.9093532,0.448686) (302.4868,342.0713,303.0386) (-0.1108972,1.314875,0.1916448) (324.2651,3.158197,359.7764)
compute 1.90455190685182(-0.0593151450157166,0.908462047576904,0.45054879784584) (-0.04081912,0.9129832,0.4501154) (302.9656,337.5198,306.5373) (-0.1223261,1.316449,0.1873891) (322.1437,1.461854,1.839307)
compute 1.97924968228221(-0.0784066617488861,0.907166361808777,0.445491313934326) (-0.05931515,0.908462,0.4505488) (303.1744,333.752,306.7411) (-0.1257091,1.320151,0.1805747) (319.1421,359.0635,3.949865)
compute 1.48677881214101(-0.092980869114399,0.908128321170807,0.442713141441345) (-0.07840666,0.9071664,0.4454913) (300.2546,327.0528,312.0045) (-0.1273013,1.324197,0.1742427) (315.9842,359.3612,4.118577)
compute 1.93514727913764(-0.105456538498402,0.922676801681519,0.440033793449402) (-0.09298087,0.9081283,0.4427131) (297.6772,326.098,311.7243) (-0.1254609,1.326439,0.1733417) (314.7608,359.2169,4.596854)
compute 0.212855414872432(-0.103993438184261,0.921154797077179,0.439762532711029) (-0.1054565,0.9226768,0.4400338) (298.374,326.2743,310.8615) (-0.1243116,1.327213,0.1732472) (315.1424,358.6255,5.390952)
compute 0.320256667250933(-0.10468265414238,0.918029844760895,0.439889371395111) (-0.1039934,0.9211548,0.4397625) (299.0519,325.888,311) (-0.1234701,1.327456,0.1732406) (315.2857,358.5533,5.247199)
compute 0.223000366311542(-0.105372838675976,0.915913879871368,0.439750611782074) (-0.1046827,0.9180298,0.4398894) (299.1696,323.7838,313.6236) (-0.1209657,1.32643,0.1724035) (315.8284,359.1017,4.892193)
compute 0.204703895292276(-0.103446692228317,0.915224373340607,0.439820677042007) (-0.1053728,0.9159139,0.4397506) (299.3896,325.3092,312.4552) (-0.1165249,1.325986,0.172658) (316.5499,359.8287,4.757503)
compute 0.387290574472811(-0.0995918288826942,0.915219128131866,0.44019404053688) (-0.1034467,0.9152244,0.4398207) (299.3181,325.7045,312.8813) (-0.1160229,1.325406,0.1758231) (317.805,359.9802,4.609446)
compute 1.55857095576752(-0.0973077490925789,0.906797468662262,0.453108102083206) (-0.09959183,0.9152191,0.440194) (299.7795,327.4774,311.8358) (-0.1134073,1.325002,0.1802718) (319.2609,0.9038547,4.033293)
compute 0.178228727755117(-0.0959565714001656,0.906144022941589,0.454069286584854) (-0.09730775,0.9067975,0.4531081) (301.5091,330.1588,310.695) (-0.112871,1.325193,0.1826845) (320.9637,1.859803,3.391738)
compute 0.471550273995585(-0.0912784039974213,0.905805766582489,0.45455539226532) (-0.09595657,0.906144,0.4540693) (302.1666,331.7255,310.0127) (-0.1093425,1.325131,0.1836589) (322.1243,2.758584,2.714424)
compute 0.472194455204259(-0.0865868404507637,0.905512750148773,0.455002754926682) (-0.0912784,0.9058058,0.4545554) (302.9126,332.8457,309.2994) (-0.1046905,1.32452,0.1843489) (322.8981,3.585632,2.217676)
compute 0.386611881356371(-0.0827396586537361,0.90526956319809,0.455297589302063) (-0.08658684,0.9055128,0.4550028) (303.2556,334.788,307.8973) (-0.1008097,1.32478,0.1855993) (323.83,4.049169,1.798963)
compute 0.728374977594474(-0.0754592269659042,0.905105769634247,0.455150961875916) (-0.08273966,0.9052696,0.4552976) (303.5486,336.7866,307.7141) (-0.0954717,1.32356,0.1856145) (324.6201,5.071172,1.386159)
compute 0.60307729803663(-0.0695763006806374,0.904887616634369,0.453841835260391) (-0.07545923,0.9051058,0.455151) (304.4281,338.3171,306.8913) (-0.0933518,1.322563,0.1853203) (325.1819,5.614499,0.8810256)
compute 0.327931541613673(-0.0664091780781746,0.904818296432495,0.452994227409363) (-0.0695763,0.9048876,0.4538418) (304.2339,338.8126,306.6568) (-0.09234891,1.321378,0.1848829) (325.4808,5.971201,0.7251101)
compute 0.272306880487887(-0.0638034343719482,0.904864549636841,0.452204883098602) (-0.06640918,0.9048183,0.4529942) (303.8643,339.1931,307.0933) (-0.09106333,1.321116,0.1846304) (325.7159,6.259824,0.5755559)
compute 0.231494747677837(-0.0616096705198288,0.904932379722595,0.451468825340271) (-0.06380343,0.9048645,0.4522049) (303.1788,339.2931,307.2277) (-0.09013958,1.320841,0.1844528) (325.8911,6.343129,0.5612321)
compute 0.151982445125115(-0.0605069249868393,0.905113995075226,0.450438857078552) (-0.06160967,0.9049324,0.4514688) (301.9373,339.0359,307.8731) (-0.09034928,1.321025,0.183896) (326.4532,6.491587,0.5578313)
compute 0.13431496191059(-0.0595324747264385,0.905279040336609,0.449529320001602) (-0.06050692,0.905114,0.4504389) (300.5558,339.1508,307.6068) (-0.0905102,1.321608,0.1833269) (327.0793,6.563723,0.6374301)
compute 0.105945805712756(-0.0587684847414494,0.905400633811951,0.448805451393127) (-0.05953247,0.905279,0.4495293) (299.4838,338.9253,307.5101) (-0.09118364,1.321391,0.1832755) (327.1285,6.840949,0.253664)
compute 0.094376019840563(-0.0579673126339912,0.905478298664093,0.448312729597092) (-0.05876848,0.9054006,0.4488055) (299.0825,338.6208,307.8326) (-0.09217685,1.321794,0.1836735) (327.2436,6.536113,0.3884428)
compute 0.1159787742774(-0.0590904727578163,0.905527055263519,0.448027700185776) (-0.05796731,0.9054783,0.4483127) (298.7589,338.5682,307.8897) (-0.09714118,1.322093,0.1848889) (327.1303,4.734487,1.101401)
compute 0.256862901049609(-0.0616566836833954,0.905554711818695,0.447919756174088) (-0.05909047,0.9055271,0.4480277) (298.5497,338.6454,307.8093) (-0.0986554,1.322864,0.1854545) (326.8909,5.591236,0.7603886)
compute 0.0267942624627829(-0.0619171001017094,0.905570447444916,0.447858691215515) (-0.06165668,0.9055547,0.4479198) (298.4382,338.5631,307.8348) (-0.09826092,1.320147,0.190301) (325.857,5.482129,0.9417806)
compute 0.0140180897590995(-0.0620561465620995,0.905576467514038,0.447841942310333) (-0.0619171,0.9055704,0.4478587) (298.4164,338.5452,307.8212) (-0.09749241,1.318403,0.1982435) (322.7624,5.061589,0.9173937)
compute 0.0525311413734154(-0.0625814273953438,0.905578017234802,0.44784739613533) (-0.06205615,0.9055765,0.4478419) (298.3904,338.5617,307.7306) (-0.09667321,1.315691,0.2072163) (319.6992,4.56752,0.6457161)
compute 1.75450892795939(-0.0637781322002411,0.903882920742035,0.465269356966019) (-0.06258143,0.905578,0.4478474) (298.3257,338.5439,307.6683) (-0.09509595,1.315605,0.2162185) (314.9191,3.397156,1.719283)
compute 1.78702584129(-0.0646086111664772,0.899973928928375,0.482687056064606) (-0.06377813,0.9038829,0.4652694) (298.1055,338.8946,307.2641) (-0.09400432,1.314077,0.2226362) (311.3289,2.448955,2.74484)
compute 1.90215675436047(-0.0654918178915977,0.896848618984222,0.501429319381714) (-0.06460861,0.8999739,0.4826871) (297.8676,339.0894,306.9834) (-0.0933704,1.312708,0.2279017) (306.7981,2.028727,3.102925)
compute 2.19821978787469(-0.0666243210434914,0.892578601837158,0.522963047027588) (-0.06549182,0.8968486,0.5014293) (297.716,338.8321,307.1017) (-0.09201972,1.309291,0.2381558) (298.0712,0.8415346,3.954519)
compute 4.24294323274329(-0.0483936592936516,0.890435397624969,0.561216235160828) (-0.06662432,0.8925786,0.522963) (297.2678,338.22,307.454) (-0.09274973,1.310398,0.2407861) (288.7037,358.6178,5.094683)
compute 1.80800865106133(-0.0534442253410816,0.893031120300293,0.578381419181824) (-0.04839366,0.8904354,0.5612162) (296.5933,337.2563,307.9471) (-0.09330122,1.310609,0.2390299) (284.381,356.0913,6.990712)
compute 1.67466006899009(-0.0564491711556911,0.900570034980774,0.593030095100403) (-0.05344423,0.8930311,0.5783814) (295.8688,336.2288,308.5633) (-0.09422179,1.314291,0.2378009) (280.0881,352.1,10.79192)
compute 1.13819940845039(-0.0587618947029114,0.907255947589874,0.601946353912354) (-0.05644917,0.90057,0.5930301) (295.7161,336.0649,308.6483) (-0.09492537,1.31783,0.2360018) (275.983,346.287,16.5154)
compute 1.6631166377707(-0.0610114969313145,0.917704284191132,0.614688694477081) (-0.05876189,0.9072559,0.6019464) (295.7297,336.068,308.603) (-0.09573621,1.322409,0.2334104) (271.2726,271.4915,91.49148)
compute 1.490975904652(-0.0612806268036366,0.926958858966827,0.626375496387482) (-0.0610115,0.9177043,0.6146887) (295.7643,336.0456,308.6014) (-0.09528722,1.322685,0.2313405) (273.6268,206.3112,157.2352)
compute 0.572171551443932(-0.0589936524629593,0.931452929973602,0.629079401493073) (-0.06128063,0.9269589,0.6263755) (295.6739,336.1406,308.4323) (-0.09399729,1.322246,0.2253305) (272.1566,221.2314,143.4015)
Average= 5.60161411014543
Max= 77.1226891251989
Standard Deviation= 7.90142451844888
Right: 13    Wrong: 2
0
