purple 438.2578 444.1911 10.32627 (-0.7739317,4.998928,0.7) (-0.7739317,0.07277817,0.7)
yellow 437.7565 444.38 16.16102 (0.5180647,5,0.7) (0.5180647,1.721777,0.7)
blue 438.7561 444.6022 10.18717 (0.1222116,5,0.7) (0.1222116,0.07384828,0.7)
yellow 439.2552 445.1245 14.91284 (-0.2547663,5,0.7) (-0.2547663,1.804872,0.7)
yellow 440.2544 445.7022 13.52828 (-0.472895,5,0.7) (-0.472895,1.677252,0.7)
purple 438.7561 446.0133 12.37164 (-0.6774988,5,0.7) (-0.6774988,0.07770361,0.7)
blue 441.2526 447.0578 10.11954 (-0.5153832,5,0.7) (-0.5153832,0.07552442,0.7)
yellow 439.7543 447.1911 15.96236 (-0.2324566,5,0.7) (-0.2324566,1.262362,0.7)
blue 438.2578 447.3578 15.03835 (-0.3720211,4.998991,0.7) (-0.3720211,0.07972795,0.7)
purple 441.2526 447.4133 10.68374 (-0.5025406,5,0.7) (-0.5025406,0.07658447,0.7)
purple 437.7565 447.4578 15.87256 (0.6296859,5,0.7) (0.6296859,0.08299857,0.7)
yellow 441.2526 447.6356 14.4451 (-0.3004943,5,0.7) (-0.3004943,1.390649,0.7)
yellow 441.7516 447.9245 13.91792 (-0.4472305,5,0.7) (-0.4472305,1.355225,0.7)
yellow 438.7561 447.9467 15.1654 (0.9706731,5,0.7) (0.9706731,0.08115245,0.7)
purple 439.2552 448.0133 14.56199 (-0.3651043,5,0.7) (-0.3651043,0.08218017,0.7)
yellow 440.7535 448.3689 16.44018 (-0.8728521,5,0.7) (-0.8728521,1.306834,0.7)
purple 439.7543 448.38 14.37165 (0.5036964,5,0.7) (0.5036964,0.0815236,0.7)
yellow 438.2578 448.48 16.57423 (-0.6436486,4.999012,0.7) (-0.6436486,0.08226103,0.7)
purple 441.7516 448.5244 11.62776 (-0.8687615,5,0.7) (-0.8687615,0.07559676,0.7)
blue 441.7516 448.5911 11.72729 (-0.8423512,5,0.7) (-0.8423512,0.07457536,0.7)
blue 437.7565 448.78 17.63065 (0.8613138,5,0.7) (0.8613138,0.0838934,0.7)
blue 442.7498 449.1245 11.01784 (-0.5515814,5,0.7) (-0.5515814,0.0787967,0.7)
purple 440.2544 449.2689 14.92414 (0.5557747,5,0.7) (0.5557747,0.08351172,0.7)
blue 439.2552 449.5022 16.60428 (0.6441536,5,0.7) (0.6441536,0.08242708,0.7)
yellow 443.2486 449.7133 13.64712 (0.08949864,5,0.7) (0.08949864,1.09434,0.7)
purple 440.7535 450.0022 19.01587 (0.08668172,5,0.7) (0.08668172,1.25097,0.7)
purple 444.257 450.0689 10.14536 (-0.9904356,5,0.7) (-0.9904356,0.07990035,0.7)
blue 442.2507 450.2245 13.42247 (-0.9806578,5,0.7) (-0.9806578,0.0783418,0.7)
purple 442.7498 450.8134 13.55967 (0.6027701,5,0.7) (0.6027701,0.08179642,0.7)
blue 443.2486 450.9022 12.95825 (-0.9400718,5,0.7) (-0.9400718,0.08165428,0.7)
yellow 444.7541 450.9911 13.40926 (0.198645,5,0.7) (0.198645,1.151798,0.7)
purple 442.2507 450.9911 14.52496 (-0.4011034,5,0.7) (-0.4011034,0.07991275,0.7)
purple 444.7541 451.0467 13.81283 (0.2950461,5,0.7) (0.2950461,1.249259,0.7)
purple 445.2533 451.5356 10.87762 (-0.252757,5,0.7) (-0.252757,0.07789773,0.7)
yellow 442.2507 451.7022 15.5229 (0.7334464,5,0.7) (0.7334464,0.08293188,0.7)
blue 439.7543 451.7467 18.8596 (0.1529628,5,0.7) (0.1529628,0.08333147,0.7)
purple 445.7513 451.78 10.46765 (-0.09987581,5,0.7) (-0.09987581,0.07325134,0.7)
yellow 444.257 452.0578 16.90845 (-0.8438253,5,0.7) (-0.8438253,1.342174,0.7)
yellow 443.7487 452.0911 13.95812 (-0.3564709,5,0.7) (-0.3564709,0.08085709,0.7)
yellow 445.7513 452.2356 14.70708 (-0.7658746,5,0.7) (-0.7658746,1.410761,0.7)
blue 440.2544 452.6133 19.30933 (-0.1132056,5,0.7) (-0.1132056,0.08139099,0.7)
blue 440.7535 452.6911 18.78315 (-0.7519658,5,0.7) (-0.7519658,0.08106959,0.7)
blue 446.7506 452.7022 10.35272 (0.3285012,5,0.7) (0.3285012,0.07752097,0.7)
yellow 442.7498 452.7356 16.24674 (0.8368697,5,0.7) (0.8368697,0.08231598,0.7)
blue 444.7541 452.9245 13.71283 (-0.4239372,5,0.7) (-0.4239372,0.07854038,0.7)
purple 446.7506 453.0356 10.87413 (-0.3112196,5,0.7) (-0.3112196,0.07615212,0.7)
blue 443.7487 453.2578 15.59273 (-0.714402,5,0.7) (-0.714402,0.080513,0.7)
yellow 447.2476 453.3245 14.8501 (-0.9085791,5,0.7) (-0.9085791,1.678553,0.7)
purple 443.7487 453.8245 16.37191 (-0.2549361,5,0.7) (-0.2549361,0.08440293,0.7)
yellow 446.7506 454.28 15.16429 (0.1924912,5,0.7) (0.1924912,0.9771969,0.7)
blue 446.2522 454.4467 13.75075 (-0.06238568,5,0.7) (-0.06238568,0.08100414,0.7)
blue 445.2533 454.7356 15.55761 (0.4629385,5,0.7) (0.4629385,0.07875377,0.7)
yellow 445.2533 454.9133 15.8091 (0.6546803,5,0.7) (0.6546803,0.0819191,0.7)
yellow 446.2522 455.6022 15.38085 (0.8304021,5,0.7) (0.8304021,0.08124912,0.7)
blue 445.7513 455.7245 16.23338 (-0.8744974,5,0.7) (-0.8744974,0.0829019,0.7)
purple 443.2486 455.7356 19.46689 (0.3459208,5,0.7) (0.3459208,0.08362463,0.7)
purple 446.2522 455.98 15.90385 (0.6424544,5,0.7) (0.6424544,0.08339158,0.7)
blue 447.2476 456.4467 15.16617 (0.3168256,5,0.7) (0.3168256,0.08142105,0.7)
blue 444.257 456.5356 19.21317 (0.5225098,5,0.7) (0.5225098,0.08137658,0.7)
purple 447.2476 457.38 16.43924 (-0.9132693,5,0.7) (-0.9132693,0.08184129,0.7)
0
