compute 99.3012078341999(-0.00837119482457638,0.0255343299359083,0.189654424786568) (-0.7254928,0.706548,0.2792649) (345.4104,11.39658,348.7428) (-0.1535166,0.6209554,-0.01578207) (48.38648,27.57457,2.010874)
compute 1.38585109280779(-0.00741792423650622,0.0127376029267907,0.194888293743134) (-0.008371195,0.02553433,0.1896544) (345.377,11.7785,348.1567) (-0.153732,0.6151637,-0.01094896) (47.9128,26.9407,1.472996)
compute 1.23517121156845(-0.00509994849562645,0.00176598073448986,0.200066640973091) (-0.007417924,0.0127376,0.1948883) (345.3441,11.92656,347.8918) (-0.1539035,0.6123478,-0.006891332) (47.47763,26.40721,1.225288)
compute 0.446209520516531(-0.0036343710962683,-0.000585836300160736,0.20356397330761) (-0.005099948,0.001765981,0.2000666) (345.2859,11.98498,347.8215) (-0.1542787,0.6120905,-0.01124503) (47.19566,26.43879,1.117886)
compute 0.154460588791002(-0.00327564380131662,-0.0015449965139851,0.204720318317413) (-0.003634371,-0.0005858363,0.203564) (345.2069,12.05174,347.7665) (-0.1555654,0.6096225,-0.008925631) (46.77711,26.90292,1.211115)
compute 0.0204787721615003(-0.00332827633246779,-0.00135687040165067,0.20465886592865) (-0.003275644,-0.001544997,0.2047203) (345.072,12.18287,347.5919) (-0.1557981,0.6079463,-0.005925766) (46.46449,27.00877,1.152444)
compute 0.075635751985385(-0.00355108734220266,-0.0020327540114522,0.204915016889572) (-0.003328276,-0.00135687,0.2046589) (345.0039,12.26578,347.3206) (-0.1557615,0.6059643,-0.006424687) (46.37604,26.95235,1.054704)
compute 0.420560203269569(-0.00415867893025279,-0.00617118459194899,0.205352410674095) (-0.003551087,-0.002032754,0.204915) (345.1192,12.30399,346.7364) (-0.1553149,0.6030766,-0.007178261) (46.35127,26.60123,0.932424)
compute 0.686385121619858(-0.00642494997009635,-0.0126497810706496,0.205287143588066) (-0.004158679,-0.006171185,0.2053524) (345.1148,12.30339,346.7332) (-0.1547805,0.6003696,-0.005074508) (46.48574,26.23,0.8365973)
compute 0.116348973281531(-0.00698076141998172,-0.0136519987136126,0.205086290836334) (-0.00642495,-0.01264978,0.2052871) (345.1142,12.30165,346.7341) (-0.1546353,0.5981767,-0.00395593) (46.57668,26.20944,0.9437788)
compute 0.0205035374620126(-0.0068502901121974,-0.0135249691084027,0.204992055892944) (-0.006980761,-0.013652,0.2050863) (345.0766,12.28738,346.7699) (-0.1545793,0.5969751,-0.005322366) (46.52018,26.17133,1.01819)
compute 0.0305964542184905(-0.0066263503395021,-0.0135082472115755,0.204784244298935) (-0.00685029,-0.01352497,0.2049921) (344.9743,12.2578,346.8602) (-0.1543853,0.5947416,-0.00323931) (46.53391,25.99971,1.017424)
compute 0.138046125870245(-0.00647011306136847,-0.0148713896051049,0.204632237553597) (-0.00662635,-0.01350825,0.2047842) (344.7878,12.19996,347.0683) (-0.1544138,0.5916904,-0.002490311) (46.86712,26.1234,1.160732)
compute 0.0773369223126253(-0.00631247274577618,-0.0156277976930141,0.204599127173424) (-0.006470113,-0.01487139,0.2046322) (344.6628,12.16389,347.2074) (-0.1544332,0.5898584,-0.002972639) (46.88545,26.20762,1.196753)
compute 0.0119810642170964(-0.00631475634872913,-0.0157362055033445,0.204548165202141) (-0.006312473,-0.0156278,0.2045991) (344.6178,12.15612,347.2323) (-0.154193,0.5888971,-0.000466763) (46.76604,26.34083,1.187338)
compute 0.0250231809629747(-0.0065250052139163,-0.0156669374555349,0.204431489109993) (-0.006314756,-0.01573621,0.2045482) (344.5226,12.13507,347.3201) (-0.1536455,0.5878892,-0.0005086353) (46.80389,26.40563,1.225923)
compute 0.0242271072704401(-0.00672687031328678,-0.0155436396598816,0.204379111528397) (-0.006525005,-0.01566694,0.2044315) (344.4034,12.10284,347.4641) (-0.1533924,0.5859635,-0.001124597) (46.75684,26.2515,1.148852)
compute 0.0205892222248438(-0.00686056446284056,-0.0154140302911401,0.204291254281998) (-0.00672687,-0.01554364,0.2043791) (344.3402,12.08872,347.5278) (-0.1533348,0.5861736,0.001437739) (46.69759,26.20226,1.01941)
compute 0.0621600505191104(-0.00694012455642223,-0.0160304941236973,0.204296708106995) (-0.006860564,-0.01541403,0.2042913) (344.2856,12.07625,347.5847) (-0.1534304,0.5872626,0.003565558) (46.55396,26.24195,1.06224)
compute 0.401245834623608(-0.00699662882834673,-0.0197500679641962,0.205800503492355) (-0.006940125,-0.01603049,0.2042967) (344.2606,12.07269,347.601) (-0.1535212,0.5886101,0.005490729) (46.41292,26.12257,0.9258457)
compute 0.233783923460224(-0.00710361078381538,-0.0199897214770317,0.208123564720154) (-0.006996629,-0.01975007,0.2058005) (344.2322,12.06986,347.624) (-0.153906,0.5888684,0.006796726) (46.32396,26.07043,0.8637105)
compute 0.192650464994956(-0.00728751951828599,-0.0199378430843353,0.21004056930542) (-0.007103611,-0.01998972,0.2081236) (344.2159,12.07026,347.638) (-0.1541034,0.5883866,0.007049673) (46.50045,26.02005,0.7474189)
compute 0.102874816724738(-0.00738591514527798,-0.0200770143419504,0.211055099964142) (-0.00728752,-0.01993784,0.2100406) (344.2107,12.07096,347.6378) (-0.1547707,0.5880513,0.008416281) (46.27617,26.02222,0.699536)
compute 0.0322648575679818(-0.00746853277087212,-0.0198582727462053,0.211277425289154) (-0.007385915,-0.02007701,0.2110551) (344.2082,12.07185,347.6375) (-0.1553659,0.5880375,0.009144128) (46.11305,26.07707,0.7315896)
compute 0.0320468634610196(-0.00752699328586459,-0.0195917207747698,0.211445450782776) (-0.007468533,-0.01985827,0.2112774) (344.2039,12.07244,347.6357) (-0.1555542,0.5878683,0.009782092) (45.95115,25.92706,0.6253557)
compute 0.01884252034677(-0.00755230756476521,-0.0197050366550684,0.211593851447105) (-0.007526993,-0.01959172,0.2114455) (344.1989,12.07321,347.6332) (-0.1558459,0.5878276,0.01061532) (45.87404,25.76066,0.5069539)
compute 0.0242019171948575(-0.00754116289317608,-0.0199066177010536,0.211727321147919) (-0.007552308,-0.01970504,0.2115939) (344.1944,12.07332,347.6322) (-0.1566475,0.5876493,0.01068285) (45.73235,25.66956,0.4495716)
compute 0.0474743007533769(-0.00745254335924983,-0.0203513354063034,0.211867868900299) (-0.007541163,-0.01990662,0.2117273) (344.1884,12.07443,347.6268) (-0.1569876,0.5877013,0.01077624) (45.64318,25.77722,0.547999)
compute 0.111625234617988(-0.00733425281941891,-0.0214484743773937,0.2120361328125) (-0.007452543,-0.02035134,0.2118679) (344.1801,12.07715,347.6153) (-0.1574012,0.5881523,0.01120629) (45.68621,25.60437,0.4710595)
compute 0.0316249849736164(-0.00715525820851326,-0.0216728914529085,0.212168842554092) (-0.007334253,-0.02144847,0.2120361) (344.1748,12.07644,347.6155) (-0.1581657,0.5883915,0.01182404) (45.60228,25.41426,0.2490204)
compute 0.0217350947189938(-0.00700283702462912,-0.0216569099575281,0.21232296526432) (-0.007155258,-0.02167289,0.2121688) (344.1721,12.07669,347.6153) (-0.1588959,0.5883597,0.01198174) (45.48995,25.47213,0.238936)
compute 0.0501451399955063(-0.00691705383360386,-0.0220317784696817,0.212644785642624) (-0.007002837,-0.02165691,0.212323) (344.1654,12.07582,347.6171) (-0.1592626,0.5885627,0.01220144) (45.4131,25.41762,0.178737)
compute 0.0902532281716459(-0.00696840509772301,-0.0228409208357334,0.213041290640831) (-0.006917054,-0.02203178,0.2126448) (344.1616,12.07658,347.6183) (-0.1593935,0.5890197,0.01236757) (45.48426,25.43838,0.1332516)
compute 0.149770799390583(-0.00704636471346021,-0.0242865029722452,0.213425144553185) (-0.006968405,-0.02284092,0.2130413) (344.154,12.07605,347.6189) (-0.1597666,0.5891535,0.01275063) (45.53481,25.52494,0.2966154)
compute 0.0478787346043463(-0.00710174720734358,-0.0247079748660326,0.213645443320274) (-0.007046365,-0.0242865,0.2134251) (344.1411,12.074,347.6215) (-0.1615816,0.5885097,0.01358798) (45.5652,25.21905,0.1224801)
compute 0.017440112037652(-0.00722826737910509,-0.0246680174022913,0.213758632540703) (-0.007101747,-0.02470797,0.2136454) (344.133,12.07376,347.6228) (-0.1621344,0.5883087,0.01476899) (45.52536,25.2152,359.9534)
compute 0.0336581560622538(-0.00746026681736112,-0.0244625676423311,0.213889986276627) (-0.007228267,-0.02466802,0.2137586) (344.123,12.07203,347.6213) (-0.1640033,0.5882229,0.01490449) (45.42381,25.62485,0.1318535)
compute 0.0482880304329797(-0.00788840837776661,-0.0245193298906088,0.21410596370697) (-0.007460267,-0.02446257,0.21389) (344.1057,12.07074,347.6079) (-0.1642603,0.587984,0.01630824) (45.41801,25.52411,359.9692)
compute 0.095851069768699(-0.00881730858236551,-0.0246120393276215,0.214323431253433) (-0.007888408,-0.02451933,0.214106) (344.0872,12.06768,347.5939) (-0.1651575,0.5873966,0.01659913) (45.5536,25.4866,0.1235156)
compute 0.076626461671323(-0.00946473516523838,-0.0248833317309618,0.214630678296089) (-0.008817309,-0.02461204,0.2143234) (344.0651,12.06152,347.5838) (-0.1651977,0.5871538,0.01769231) (45.45395,25.5105,0.3374573)
compute 0.0688628462329156(-0.00988472159951925,-0.0252919048070908,0.214992463588715) (-0.009464735,-0.02488333,0.2146307) (344.0259,12.04451,347.6023) (-0.1654072,0.5865706,0.01820023) (45.45562,25.58638,0.1852849)
compute 0.0462854081405902(-0.0101920049637556,-0.0254704020917416,0.215289026498795) (-0.009884722,-0.0252919,0.2149925) (343.994,12.03056,347.6156) (-0.1657615,0.5863513,0.01881739) (45.30449,25.76119,0.293167)
compute 0.0366675561277764(-0.0104775801301003,-0.025395704433322,0.215506553649902) (-0.010192,-0.0254704,0.215289) (343.962,12.01332,347.6323) (-0.1660492,0.5861364,0.01928788) (45.16185,26.00299,0.3944075)
compute 0.0407598938715106(-0.0108046587556601,-0.0252676773816347,0.215713351964951) (-0.01047758,-0.0253957,0.2155066) (343.9464,12.00436,347.6346) (-0.1662329,0.585915,0.01950403) (45.15573,25.77661,0.1115104)
compute 0.0389729475286548(-0.0110831940546632,-0.0253710150718689,0.21596559882164) (-0.01080466,-0.02526768,0.2157134) (343.9106,11.97648,347.6755) (-0.1671357,0.5856655,0.01938112) (44.97499,26.14757,0.3388271)
compute 0.0443541492560425(-0.0112065766006708,-0.0256589911878109,0.216279566287994) (-0.01108319,-0.02537102,0.2159656) (343.8778,11.94879,347.7138) (-0.1681568,0.5855826,0.01802602) (44.81192,26.65853,1.01249)
compute 0.07303335003632(-0.0112108821049333,-0.0262281037867069,0.216737255454063) (-0.01120658,-0.02565899,0.2162796) (343.8586,11.93297,347.7339) (-0.1700868,0.5850855,0.01653419) (44.729,26.5667,0.8155718)
compute 0.0311918658733352(-0.0113130928948522,-0.0263650976121426,0.216998174786568) (-0.01121088,-0.0262281,0.2167373) (343.8392,11.91429,347.7678) (-0.1724975,0.5849484,0.01506893) (44.62386,26.74163,0.8450634)
compute 0.0806151942599032(-0.0121127823367715,-0.0264186169952154,0.217084854841232) (-0.01131309,-0.0263651,0.2169982) (343.7975,11.87194,347.8542) (-0.1753243,0.584704,0.01338341) (44.58445,26.73218,0.908902)
compute 0.16910121141987(-0.01378792244941,-0.0263708513230085,0.216858699917793) (-0.01211278,-0.02641862,0.2170849) (343.7565,11.82493,347.9727) (-0.1770525,0.5835993,0.01285518) (44.40511,26.43478,0.7953382)
compute 0.139431863212345(-0.0147746158763766,-0.0265366211533546,0.215887576341629) (-0.01378792,-0.02637085,0.2168587) (343.7557,11.82437,347.9725) (-0.1788208,0.5832502,0.01273735) (44.35285,26.16449,0.8172442)
compute 0.0902596741637847(-0.0151959899812937,-0.0262971110641956,0.215126156806946) (-0.01477462,-0.02653662,0.2158876) (343.7541,11.82369,347.9708) (-0.1796405,0.5829775,0.01160623) (44.26163,26.28636,0.7890199)
compute 0.0824618131136388(-0.015995092689991,-0.0262569468468428,0.214926615357399) (-0.01519599,-0.02629711,0.2151262) (343.7555,11.82408,347.9716) (-0.1802212,0.5831589,0.01061393) (44.37634,26.46332,0.8238173)
compute 0.0795297828169123(-0.0167295280843973,-0.0264196451753378,0.214668482542038) (-0.01599509,-0.02625695,0.2149266) (343.7537,11.82267,347.9654) (-0.1800016,0.5830178,0.01082943) (44.45724,26.34848,0.7889589)
compute 0.0615937420772542(-0.0170337148010731,-0.0269294623285532,0.214504361152649) (-0.01672953,-0.02641965,0.2146685) (343.7505,11.81995,347.95) (-0.1798352,0.5828941,0.01155435) (44.39848,26.38711,0.858431)
compute 0.132447409306369(-0.0172214992344379,-0.0282388217747211,0.214436933398247) (-0.01703371,-0.02692946,0.2145044) (343.7455,11.81463,347.919) (-0.179151,0.5827033,0.01206055) (44.27461,26.36002,0.8357475)
compute 0.0611878897319907(-0.0172904673963785,-0.0288465414196253,0.214419156312943) (-0.0172215,-0.02823882,0.2144369) (343.744,11.81162,347.8892) (-0.1787051,0.5826967,0.01287235) (44.44119,26.4657,0.7979724)
compute 0.0938756330671293(-0.0172983817756176,-0.0297848582267761,0.214446768164635) (-0.01729047,-0.02884654,0.2144192) (343.7423,11.80953,347.8806) (-0.1784889,0.581769,0.01346751) (44.65175,26.62562,0.9310542)
compute 0.0135211613988904(-0.0174193345010281,-0.0298320595175028,0.214484512805939) (-0.01729838,-0.02978486,0.2144468) (343.741,11.80793,347.8733) (-0.1779096,0.5809845,0.01341807) (44.65524,26.59309,0.8516029)
compute 0.0352431528692988(-0.0176641847938299,-0.0295909885317087,0.214562878012657) (-0.01741933,-0.02983206,0.2144845) (343.7406,11.80699,347.8645) (-0.1779087,0.5807924,0.01344437) (44.64415,26.73081,0.8241698)
compute 0.0472184678329778(-0.0180571544915438,-0.0293341670185328,0.214613631367683) (-0.01766418,-0.02959099,0.2145629) (343.7414,11.8066,347.8508) (-0.1770118,0.5797971,0.0135747) (44.73182,26.84906,1.019704)
compute 0.0529539437540093(-0.0185163412243128,-0.0290732141584158,0.214651882648468) (-0.01805715,-0.02933417,0.2146136) (343.7433,11.80727,347.8512) (-0.1753828,0.5784785,0.01358817) (44.78334,26.57548,0.9575622)
compute 0.0331654893036932(-0.0186728145927191,-0.0293166786432266,0.214813858270645) (-0.01851634,-0.02907321,0.2146519) (343.7429,11.80689,347.8503) (-0.1752205,0.5779248,0.0134205) (44.57761,26.35442,0.8980241)
compute 0.0889613573083919(-0.0184733476489782,-0.0301629081368446,0.215002328157425) (-0.01867281,-0.02931668,0.2148139) (343.7435,11.80704,347.8502) (-0.1751596,0.5778096,0.01365624) (44.58721,26.22542,0.708129)
compute 0.0623888729230081(-0.018065057694912,-0.0306202843785286,0.215117841959) (-0.01847335,-0.03016291,0.2150023) (343.743,11.80674,347.8496) (-0.1753938,0.5777411,0.01385596) (44.54787,26.49269,0.844912)
compute 0.0279163324078897(-0.0177909471094608,-0.0305992029607296,0.215166330337524) (-0.01806506,-0.03062028,0.2151178) (343.7423,11.80647,347.849) (-0.176079,0.5770324,0.01328259) (43.84108,26.91889,0.9629132)
compute 0.0090053908534163(-0.0177141074091196,-0.0306322518736124,0.215199694037437) (-0.01779095,-0.0305992,0.2151663) (343.7415,11.80625,347.848) (-0.178489,0.5854526,0.01586071) (41.60024,28.24751,1.771642)
compute 0.209146536446114(-0.0182634126394987,-0.0309920180588961,0.213213980197906) (-0.01771411,-0.03063225,0.2151997) (343.7213,11.89125,347.6385) (-0.1823292,0.6060448,0.02391557) (37.5883,30.26285,2.609093)
compute 0.914560469348229(-0.0210534166544676,-0.0226518902927637,0.210703954100609) (-0.01826341,-0.03099202,0.213214) (345.1017,11.2914,346.6285) (-0.185999,0.6339425,0.03353018) (33.92115,32.83432,3.398994)
compute 3.09947770394057(-0.019247317686677,0.00824531633406878,0.209037587046623) (-0.02105342,-0.02265189,0.210704) (343.2852,10.33252,347.1907) (-0.1948553,0.6646846,0.04136094) (31.54461,36.88554,5.129032)
compute 4.85642448132446(-0.0170608889311552,0.0563908256590366,0.203061357140541) (-0.01924732,0.008245316,0.2090376) (341.3304,10.5529,348.0595) (-0.2099689,0.6984255,0.0507112) (30.94546,41.65644,6.306506)
compute 5.88791444524076(-0.0277940295636654,0.112934119999409,0.190635204315186) (-0.01706089,0.05639083,0.2030614) (340.396,11.35851,347.8161) (-0.2332768,0.7346357,0.0577065) (36.06333,45.45485,5.658366)
compute 6.17991610044811(-0.0388354025781155,0.172576874494553,0.178804472088814) (-0.02779403,0.1129341,0.1906352) (339.7869,11.29257,347.3951) (-0.2557455,0.7722716,0.06496545) (38.94387,45.72073,4.060815)
compute 6.35618471064489(-0.0432826578617096,0.235346183180809,0.169840976595879) (-0.0388354,0.1725769,0.1788045) (339.7278,7.698114,349.0391) (-0.2682771,0.8187551,0.06801146) (40.14227,47.62587,4.912902)
compute 6.17161818020977(-0.0421975739300251,0.296969503164291,0.166635319590569) (-0.04328266,0.2353462,0.169841) (339.4503,7.540747,348.1812) (-0.2755932,0.882511,0.06584473) (39.63396,50.05187,6.405524)
compute 6.69389831579835(-0.03840072453022,0.363798230886459,0.167212128639221) (-0.04219757,0.2969695,0.1666353) (339.3921,6.776181,348.2036) (-0.2728996,0.9387529,0.06137158) (39.58785,51.48182,6.977885)
compute 6.11393487835074(-0.0298887137323618,0.424148172140121,0.172054693102837) (-0.03840072,0.3637982,0.1672121) (339.3018,6.701799,348.2411) (-0.2657375,0.9854885,0.05527478) (38.70127,52.58518,6.704037)
compute 4.91921509341667(-0.018237391486764,0.471331626176834,0.179659694433212) (-0.02988871,0.4241482,0.1720547) (338.8043,7.671546,348.0694) (-0.2641062,1.023412,0.04788997) (37.58413,52.52768,5.679531)
compute 4.38365165827752(-0.00306279398500919,0.51187390089035,0.186565905809402) (-0.01823739,0.4713316,0.1796597) (337.9068,10.71796,347.9272) (-0.2637311,1.060291,0.04257727) (34.80651,52.26164,4.303608)
compute 4.09316164370974(0.0119046429172158,0.549115777015686,0.194591850042343) (-0.003062794,0.5118739,0.1865659) (337.8554,12.17847,349.8813) (-0.2650564,1.092806,0.03714791) (33.1027,52.0339,3.299084)
compute 4.16714729451273(0.0240923091769218,0.588323950767517,0.201711654663086) (0.01190464,0.5491158,0.1945919) (337.8271,14.0465,350.9844) (-0.2670247,1.119732,0.03410566) (31.64232,52.19262,2.66137)
compute 4.06232534568663(0.0341869927942753,0.627224445343018,0.20763598382473) (0.02409231,0.588324,0.2017117) (337.1698,14.98341,351.6745) (-0.2699038,1.143782,0.03174552) (30.26884,52.83855,1.949155)
compute 3.61496664792007(0.0445099696516991,0.661423444747925,0.213173404335976) (0.03418699,0.6272244,0.207636) (336.3242,16.10171,352.2461) (-0.2717309,1.160297,0.03254695) (29.81154,53.3599,1.344566)
compute 3.16855115580641(0.0541760213673115,0.69109445810318,0.218666136264801) (0.04450997,0.6614234,0.2131734) (335.5049,17.10791,352.6123) (-0.2737373,1.172805,0.03271917) (29.1246,53.67463,0.3973599)
compute 2.76032491673586(0.0625261664390564,0.717105388641357,0.222621634602547) (0.05417602,0.6910945,0.2186661) (334.9543,18.13634,352.3338) (-0.2762643,1.179464,0.03617608) (28.86238,54.13872,0.3851196)
compute 2.02935581383621(0.0690570250153542,0.735063076019287,0.229455217719078) (0.06252617,0.7171054,0.2226216) (335.1506,17.47044,352.9906) (-0.2850643,1.184438,0.03848369) (28.28438,54.26453,0.5595309)
compute 1.87608949538009(0.0707118436694145,0.751740753650665,0.23788657784462) (0.06905703,0.7350631,0.2294552) (335.6984,16.21239,354.081) (-0.2917014,1.188631,0.04206011) (27.81247,53.70718,0.3923455)
compute 1.40325554012277(0.0703876242041588,0.762683928012848,0.246664643287659) (0.07071184,0.7517408,0.2378866) (336.1092,15.62212,354.2425) (-0.2974176,1.192089,0.03354941) (27.35569,53.4432,0.3323509)
compute 0.569631217425191(0.0716962441802025,0.76690685749054,0.25025662779808) (0.07038762,0.7626839,0.2466646) (336.5814,15.07715,354.2993) (-0.2999299,1.194347,0.02814029) (26.72719,53.31793,0.6592052)
compute 0.48301226222714(0.0764070376753807,0.765851140022278,0.250101804733276) (0.07169624,0.7669069,0.2502566) (337.2898,14.61232,354.0354) (-0.3001516,1.195477,0.02207954) (25.92887,53.11578,0.6489193)
compute 0.849125164433838(0.0808631628751755,0.761212706565857,0.244558408856392) (0.07640704,0.7658511,0.2501018) (338.1253,13.85755,354.0878) (-0.3006142,1.197875,0.01494283) (25.37144,52.92215,0.5020425)
compute 0.85802826909189(0.0815016031265259,0.75799298286438,0.236630797386169) (0.08086316,0.7612127,0.2445584) (338.9422,13.28316,354.0364) (-0.3001553,1.201402,0.01182634) (25.05434,52.93499,0.4954062)
compute 0.36231162400767(0.0813437402248383,0.756781339645386,0.233219936490059) (0.0815016,0.757993,0.2366308) (340.0639,13.00088,353.9311) (-0.2970759,1.201545,0.008879312) (24.81537,53.13105,0.8497781)
compute 0.328426405482696(0.0810729190707207,0.756028413772583,0.23003463447094) (0.08134374,0.7567813,0.2332199) (340.6622,12.93264,353.7955) (-0.2976969,1.202287,0.004171089) (25.01094,53.36172,0.9938967)
compute 0.424415795250808(0.0807541683316231,0.752656221389771,0.227477371692657) (0.08107292,0.7560284,0.2300346) (341.5526,12.51514,353.9658) (-0.2962759,1.200946,0.006282785) (25.21127,53.41234,1.184491)
compute 0.455787598837028(0.0805695801973343,0.748131334781647,0.226962044835091) (0.08075417,0.7526562,0.2274774) (341.9906,12.43524,353.9018) (-0.2949749,1.200736,0.005443298) (25.37373,53.21906,1.246304)
compute 0.28599836896952(0.0798833146691322,0.745429158210754,0.226324245333672) (0.08056958,0.7481313,0.226962) (342.48,12.21166,353.8781) (-0.2943409,1.200778,0.00427957) (25.47221,53.07862,1.095761)
compute 0.361437351772081(0.0766699388623238,0.744128704071045,0.225301146507263) (0.07988331,0.7454292,0.2263242) (343.0135,11.84968,353.8868) (-0.2941019,1.201196,0.004105606) (25.40615,53.08356,1.079198)
compute 0.223808828964572(0.0747120156884193,0.743217349052429,0.224713772535324) (0.07666994,0.7441287,0.2253011) (343.2471,11.68544,353.8809) (-0.2929727,1.20253,0.002215975) (25.48738,53.31453,1.141647)
compute 0.175131587917475(0.0741661265492439,0.741575360298157,0.22444361448288) (0.07471202,0.7432173,0.2247138) (343.4578,11.5504,353.8581) (-0.292257,1.202783,0.002142088) (25.71687,53.38074,1.128271)
compute 0.0614326440342011(0.0738909170031548,0.741037249565125,0.224333643913269) (0.07416613,0.7415754,0.2244436) (343.6725,11.42913,353.8412) (-0.2918897,1.203601,0.002464638) (25.85368,53.39911,1.163087)
compute 0.0511821797301197(0.07346560806036,0.740887641906738,0.224091380834579) (0.07389092,0.7410372,0.2243336) (343.8135,11.3849,353.8224) (-0.291812,1.20421,0.001050466) (25.98707,53.45409,1.139022)
compute 0.0860156332082491(0.072859451174736,0.740859925746918,0.223481729626656) (0.07346561,0.7408876,0.2240914) (343.9769,11.35015,353.8109) (-0.2919077,1.205629,8.302275E-05) (26.03797,53.48809,0.8934963)
compute 0.148910852388338(0.0719100162386894,0.740961909294128,0.22233909368515) (0.07285945,0.7408599,0.2234817) (344.112,11.28285,353.8419) (-0.2922837,1.211866,-0.001454054) (25.83804,53.6394,0.8682802)
compute 0.067458858068908(0.0714124664664268,0.741068184375763,0.221896126866341) (0.07191002,0.7409619,0.2223391) (344.4028,11.04479,354.0125) (-0.2923339,1.212967,-0.002720288) (25.69297,53.62509,0.8437535)
compute 0.0649141542413529(0.0710784643888474,0.741599977016449,0.22173173725605) (0.07141247,0.7410682,0.2218961) (344.4998,10.97205,354.0687) (-0.2920517,1.213384,-0.004596754) (25.92158,53.46321,0.7557331)
compute 0.129497720360546(0.0705330148339272,0.742744863033295,0.221469655632973) (0.07107846,0.7416,0.2217317) (344.6223,10.89836,354.1217) (-0.2928725,1.215478,-0.005513011) (25.51143,53.18972,0.7839935)
compute 1.05260913633155(0.0680029019713402,0.752953052520752,0.22103376686573) (0.07053301,0.7427449,0.2214697) (344.8352,10.27241,354.3814) (-0.2942587,1.219077,-0.006308465) (25.10096,52.96503,0.6465747)
compute 1.09803363919182(0.0684587582945824,0.763923764228821,0.220974832773209) (0.0680029,0.7529531,0.2210338) (344.7908,9.243564,355.1973) (-0.29631,1.223829,-0.009584113) (24.39045,53.0422,0.638981)
compute 1.18372814264547(0.0740325599908829,0.774358510971069,0.221387177705765) (0.06845876,0.7639238,0.2209748) (344.2545,9.063736,355.6248) (-0.2970054,1.225869,-0.01372873) (23.87672,53.05491,0.5495329)
compute 0.438061215298248(0.0766136422753334,0.777896642684937,0.221290215849876) (0.07403256,0.7743585,0.2213872) (343.9249,9.173717,355.8629) (-0.2970725,1.227262,-0.0171029) (23.59305,53.16519,0.5227396)
compute 0.0625713142718708(0.0763683170080185,0.778401136398315,0.221013054251671) (0.07661364,0.7778966,0.2212902) (343.8642,9.018124,356.0418) (-0.297343,1.227677,-0.01880552) (23.41111,53.12021,0.5059717)
compute 0.0983500870286778(0.0763213485479355,0.777423441410065,0.221108868718147) (0.07636832,0.7784011,0.2210131) (343.9791,8.649979,356.2897) (-0.2972032,1.227867,-0.01903401) (23.68887,53.15722,0.4780938)
compute 0.127635348593784(0.0755361691117287,0.776417255401611,0.22109617292881) (0.07632135,0.7774234,0.2211089) (344.001,8.578221,356.2881) (-0.2969181,1.22794,-0.01916518) (23.87204,53.14576,0.4466746)
compute 0.235359543391153(0.073191300034523,0.77623587846756,0.221006155014038) (0.07553617,0.7764173,0.2210962) (344.0313,8.499661,356.2534) (-0.2973957,1.226956,-0.01996283) (23.81391,53.00524,0.3170981)
compute 0.147071512589789(0.071756549179554,0.775969803333282,0.220822587609291) (0.0731913,0.7762359,0.2210062) (344.0965,8.442069,356.2072) (-0.2981837,1.226826,-0.02068483) (23.71725,52.96489,0.2317409)
compute 0.0759424805110005(0.0711851790547371,0.775623023509979,0.220462024211884) (0.07175655,0.7759698,0.2208226) (344.191,8.417876,356.1827) (-0.299246,1.226775,-0.0216426) (23.90573,52.77116,0.1737194)
compute 0.0962211470109491(0.0704526379704475,0.775246739387512,0.219964385032654) (0.07118518,0.775623,0.220462) (344.2335,8.44021,356.1603) (-0.2998455,1.22606,-0.02237795) (23.73704,52.16929,359.7206)
compute 0.136607111315479(0.0700197517871857,0.773954689502716,0.2198676019907) (0.07045264,0.7752467,0.2199644) (344.2567,8.437929,356.1625) (-0.3003078,1.226079,-0.02288337) (23.85066,52.07421,359.4902)
compute 0.101929498418679(0.0693588182330132,0.773200690746307,0.219684258103371) (0.07001975,0.7739547,0.2198676) (344.2573,8.436344,356.1632) (-0.3009101,1.22651,-0.02415897) (23.80838,52.43675,359.6975)
compute 0.154889412514779(0.0679132863879204,0.772776782512665,0.219323962926865) (0.06935882,0.7732007,0.2196843) (344.2831,8.404049,356.1887) (-0.3010835,1.226721,-0.02558962) (23.78362,52.55511,359.6733)
compute 0.204012934777185(0.0659913718700409,0.772675693035126,0.218647092580795) (0.06791329,0.7727768,0.219324) (344.3239,8.360723,356.2284) (-0.3010702,1.227218,-0.02578753) (23.60961,52.45286,359.4969)
compute 0.147165541630682(0.0647469535470009,0.772517144680023,0.217877641320229) (0.06599137,0.7726757,0.2186471) (344.3613,8.334547,356.261) (-0.3010294,1.227551,-0.02580958) (23.73376,52.48411,359.5369)
compute 0.0908073007451717(0.0641591995954514,0.771891832351685,0.217580780386925) (0.06474695,0.7725171,0.2178776) (344.4304,8.282692,356.3089) (-0.3009479,1.227417,-0.02586773) (23.6274,52.44362,359.5365)
compute 0.07937887516528(0.0635579004883766,0.771395564079285,0.217431589961052) (0.0641592,0.7718918,0.2175808) (344.5002,8.181241,356.3756) (-0.300644,1.227482,-0.02580246) (23.69959,52.51896,359.4687)
compute 0.110259221587627(0.0624988302588463,0.771149158477783,0.217248931527138) (0.0635579,0.7713956,0.2174316) (344.5448,8.10872,356.4177) (-0.3002141,1.227422,-0.02580728) (23.78843,52.46302,359.5445)
compute 0.0972634795815096(0.0615724958479404,0.770869672298431,0.217149883508682) (0.06249883,0.7711492,0.2172489) (344.6213,8.004899,356.472) (-0.2998899,1.227562,-0.02558789) (23.90231,52.38672,359.5781)
compute 0.104562575555598(0.0605547353625298,0.770683944225311,0.216998219490051) (0.0615725,0.7708697,0.2171499) (344.7312,7.883278,356.536) (-0.2992435,1.227685,-0.02483419) (24.00986,52.46229,359.6171)
compute 0.086218371006111(0.0597604960203171,0.770593881607056,0.21667505800724) (0.06055474,0.7706839,0.2169982) (344.7906,7.837297,356.5642) (-0.2979514,1.227816,-0.02404304) (24.0809,52.50469,359.6059)
compute 0.060117500302535(0.0593010410666466,0.770419061183929,0.216329008340836) (0.0597605,0.7705939,0.2166751) (344.8381,7.810974,356.5813) (-0.296941,1.228273,-0.02349451) (24.04503,52.52969,359.5797)
compute 0.0378802569866052(0.0591191649436951,0.770196199417114,0.216082543134689) (0.05930104,0.7704191,0.216329) (344.8811,7.786263,356.6025) (-0.2958174,1.228264,-0.02318628) (23.98434,52.75537,359.6108)
compute 0.0244624458763431(0.058982789516449,0.770059764385223,0.215932115912437) (0.05911916,0.7701962,0.2160825) (344.9562,7.745272,356.6418) (-0.2943125,1.228331,-0.0231069) (24.05247,52.79773,359.6785)
compute 0.0238199397935519(0.0589270666241646,0.769831717014313,0.21597246825695) (0.05898279,0.7700598,0.2159321) (345.0402,7.696319,356.6979) (-0.2935656,1.228095,-0.02310315) (24.11795,52.79953,359.7035)
compute 0.0446050411685965(0.0589243583381176,0.769385695457459,0.215976759791374) (0.05892707,0.7698317,0.2159725) (345.0777,7.68511,356.7148) (-0.2926515,1.227743,-0.02306237) (24.03274,52.90193,359.7204)
compute 0.0406226091576191(0.0588244237005711,0.769015669822693,0.215842172503471) (0.05892436,0.7693857,0.2159768) (345.1736,7.648992,356.7505) (-0.2919742,1.227502,-0.02309674) (23.96822,52.89864,359.6696)
compute 0.0448207280603145(0.0587239786982536,0.768684506416321,0.215557336807251) (0.05882442,0.7690157,0.2158422) (345.2711,7.64072,356.7641) (-0.2917427,1.227474,-0.02294105) (23.94127,52.90602,359.7816)
compute 0.0451138898990546(0.0586597099900246,0.768335580825806,0.215278685092926) (0.05872398,0.7686845,0.2155573) (345.3754,7.644067,356.7805) (-0.2915109,1.227491,-0.0229249) (23.92027,52.67638,359.8063)
compute 0.0584667320475769(0.0586615726351738,0.767805695533752,0.21503159403801) (0.05865971,0.7683356,0.2152787) (345.4568,7.655081,356.7724) (-0.2914589,1.227345,-0.02245779) (23.82632,52.69131,359.9092)
compute 0.20945884803325(0.0587820149958134,0.765727043151855,0.215259626507759) (0.05866157,0.7678057,0.2150316) (345.64,7.570421,356.7801) (-0.2915078,1.227386,-0.02196303) (23.77108,52.74215,0.1612302)
compute 0.159913792179426(0.0587820932269096,0.764140546321869,0.215460300445557) (0.05878201,0.765727,0.2152596) (345.7504,7.360232,356.7966) (-0.2912136,1.227316,-0.02204227) (23.79458,52.53796,0.02037958)
compute 0.121551224028058(0.0586988255381584,0.762930810451508,0.215544417500496) (0.05878209,0.7641405,0.2154603) (345.8151,7.284966,356.7699) (-0.2908832,1.227229,-0.02189942) (23.68392,52.44393,0.1139565)
compute 0.0950731849999555(0.0588149465620518,0.761987745761871,0.215512230992317) (0.05869883,0.7629308,0.2155444) (345.8871,7.214374,356.7469) (-0.2904636,1.2273,-0.02156934) (23.76555,52.40176,0.1288401)
compute 0.0246093189102042(0.058620061725378,0.761977255344391,0.215362325310707) (0.05881495,0.7619877,0.2155122) (345.9022,7.211154,356.7343) (-0.2904502,1.227111,-0.02073844) (23.65797,52.43872,0.1604407)
compute 0.0797847841177761(0.0579817779362202,0.761735618114471,0.214949086308479) (0.05862006,0.7619773,0.2153623) (345.9049,7.215343,356.7271) (-0.2905179,1.226977,-0.02017403) (23.54375,52.60223,0.2686771)
compute 0.0455531866932175(0.0577469877898693,0.761353433132172,0.214869603514671) (0.05798178,0.7617356,0.2149491) (345.9354,7.222401,356.7267) (-0.2903107,1.227195,-0.0198697) (23.65926,52.53303,0.473376)
compute 0.087861369601944(0.0578592792153358,0.76048344373703,0.214919313788414) (0.05774699,0.7613534,0.2148696) (345.9827,7.250359,356.7108) (-0.2901351,1.226558,-0.01963511) (23.90925,52.52879,0.4236908)
compute 0.170982745414569(0.0582144558429718,0.758812546730042,0.214993223547935) (0.05785928,0.7604834,0.2149193) (346.0447,7.269392,356.6945) (-0.29015,1.22636,-0.01914538) (23.93439,52.56567,0.4758863)
compute 0.0673169116619035(0.0585168749094009,0.758212864398956,0.214947611093521) (0.05821446,0.7588125,0.2149932) (346.1155,7.284983,356.6716) (-0.2900049,1.226195,-0.01914555) (23.8569,52.40547,0.3587539)
compute 0.0413227540092991(0.0589155331254005,0.758312165737152,0.214903250336647) (0.05851687,0.7582129,0.2149476) (346.1617,7.276513,356.6664) (-0.2900766,1.2262,-0.01917515) (23.81222,52.42896,0.32221)
compute 0.0296094394144515(0.0591080188751221,0.758522689342499,0.214823871850967) (0.05891553,0.7583122,0.2149033) (346.1725,7.270064,356.6776) (-0.29022,1.226397,-0.0191542) (23.68679,52.49017,0.2915207)
compute 0.0471740373211304(0.059528261423111,0.758708536624908,0.21493062376976) (0.05910802,0.7585227,0.2148239) (346.191,7.259005,356.7229) (-0.29005,1.226549,-0.01919308) (23.68524,52.38884,0.2812599)
compute 0.124176643301031(0.0607099495828152,0.758520245552063,0.21526250243187) (0.05952826,0.7587085,0.2149306) (346.2102,7.237194,356.8013) (-0.2900155,1.226653,-0.01922455) (23.71184,52.33869,0.3118709)
compute 0.0422285908181012(0.061046477407217,0.758568048477173,0.215513080358505) (0.06070995,0.7585202,0.2152625) (346.243,7.187962,356.8919) (-0.2900838,1.226539,-0.01928229) (23.63827,52.31826,0.2575966)
compute 0.0345737126062605(0.0612096078693867,0.758827149868011,0.215673670172691) (0.06104648,0.758568,0.2155131) (346.2617,7.153382,356.9347) (-0.2901276,1.226681,-0.01919751) (23.645,52.36487,0.324291)
compute 0.0281909638788082(0.0611840933561325,0.759092390537262,0.215765699744225) (0.06120961,0.7588271,0.2156737) (346.2755,7.115103,356.9613) (-0.2900259,1.226828,-0.01922381) (23.6559,52.27834,0.3345219)
compute 0.0250807842572386(0.0613884963095188,0.759074926376343,0.215909987688065) (0.06118409,0.7590924,0.2157657) (346.3123,7.054741,357.007) (-0.2901473,1.227032,-0.01915933) (23.70091,52.37613,0.3875547)
compute 0.023421386759852(0.0615704692900181,0.759025633335114,0.216048955917358) (0.0613885,0.7590749,0.21591) (346.3491,6.985416,357.0637) (-0.2900969,1.22712,-0.01840985) (23.77344,52.36841,0.412743)
compute 0.0412853260050687(0.0615018270909786,0.759432673454285,0.216041579842567) (0.06157047,0.7590256,0.216049) (346.3742,6.940065,357.1001) (-0.2898306,1.22708,-0.01682947) (23.75158,52.32808,0.5911708)
compute 0.0217754633483213(0.0614401735365391,0.759634137153625,0.216096609830856) (0.06150183,0.7594327,0.2160416) (346.389,6.866966,357.142) (-0.2894299,1.226944,-0.01589856) (23.70374,52.31191,0.4058999)
compute 0.0304554335993734(0.0612848773598671,0.75987583398819,0.216197699308395) (0.06144017,0.7596341,0.2160966) (346.4152,6.772358,357.1934) (-0.2889006,1.227099,-0.01551454) (23.77162,52.35543,0.4963046)
compute 0.0780631787966447(0.0609542950987816,0.760579407215118,0.216269016265869) (0.06128488,0.7598758,0.2161977) (346.4267,6.732225,357.2204) (-0.2883514,1.227283,-0.01478059) (23.74189,52.2897,0.5295454)
compute 0.0569398168421785(0.0606745108962059,0.761059463024139,0.216393440961838) (0.0609543,0.7605794,0.216269) (346.4563,6.682084,357.2519) (-0.287816,1.227473,-0.01413243) (23.84483,52.31622,0.610889)
compute 0.0329136843545186(0.0608575642108917,0.760955274105072,0.216646358370781) (0.06067451,0.7610595,0.2163934) (346.5,6.619266,357.2921) (-0.2870787,1.227539,-0.01277845) (24.00245,52.09082,0.5673574)
compute 0.0409022145303982(0.0610861517488956,0.760787010192871,0.216940864920616) (0.06085756,0.7609553,0.2166464) (346.516,6.591051,357.3043) (-0.2863971,1.22774,-0.01208404) (24.11902,52.22855,0.7048241)
compute 0.0182411060989092(0.061210073530674,0.760887026786804,0.217029824852943) (0.06108615,0.760787,0.2169409) (346.5319,6.551473,357.315) (-0.285453,1.22776,-0.01168451) (24.12849,52.28989,0.7322149)
compute 0.0638340457819834(0.0609841346740723,0.761474549770355,0.216923773288727) (0.06121007,0.760887,0.2170298) (346.5498,6.525305,357.318) (-0.28526,1.227727,-0.01147889) (24.11133,52.28135,0.7368903)
compute 0.063456618894922(0.060785423964262,0.762070417404175,0.216833606362343) (0.06098413,0.7614745,0.2169238) (346.5941,6.464613,357.3166) (-0.2853318,1.227665,-0.01128592) (24.04614,52.45942,0.7716854)
compute 0.00637655344266478(0.0607697330415249,0.762131989002228,0.216828241944313) (0.06078542,0.7620704,0.2168336) (346.6378,6.401619,357.3209) (-0.2850994,1.227717,-0.01125278) (24.06557,52.49343,0.8075225)
compute 0.0608924495930725(0.0611310265958309,0.761674821376801,0.217005029320717) (0.06076973,0.762132,0.2168282) (346.6635,6.348688,357.3391) (-0.284687,1.227822,-0.01125505) (24.12943,52.43678,0.7955022)
compute 0.0208248645904439(0.0612867921590805,0.76155012845993,0.217064663767815) (0.06113103,0.7616748,0.217005) (346.6642,6.31858,357.3431) (-0.2847362,1.227644,-0.01132418) (23.99325,52.45101,0.8125367)
compute 0.0193298292043456(0.0613353252410889,0.76170825958252,0.216964647173882) (0.06128679,0.7615501,0.2170647) (346.6599,6.294245,357.3421) (-0.2846159,1.227759,-0.01138701) (24.07711,52.3907,0.8276408)
compute 0.0247696705876032(0.0613052733242512,0.761901319026947,0.216812402009964) (0.06133533,0.7617083,0.2169646) (346.6822,6.188559,357.373) (-0.2845067,1.227647,-0.01199671) (23.9878,52.21181,0.6630071)
compute 0.0200630001614621(0.0614427551627159,0.762035667896271,0.216754943132401) (0.06130527,0.7619013,0.2168124) (346.686,6.144024,357.3874) (-0.2847055,1.227763,-0.01253619) (23.93149,52.34595,0.6885503)
compute 0.0694349434738619(0.0620865784585476,0.761817574501038,0.216896533966064) (0.06144276,0.7620357,0.2167549) (346.6914,6.08757,357.4066) (-0.2846378,1.227866,-0.01265906) (23.85865,52.25885,0.7063047)
compute 0.0295520413465941(0.0623624138534069,0.761767506599426,0.216990023851395) (0.06208658,0.7618176,0.2168965) (346.701,6.038447,357.4276) (-0.2845638,1.228104,-0.01260377) (24.04182,52.26499,0.7103536)
compute 0.0167798373752912(0.0623090751469135,0.761926591396332,0.216988205909729) (0.06236241,0.7617675,0.21699) (346.714,5.968381,357.4572) (-0.2846465,1.228099,-0.01256135) (24.02064,52.33019,0.7418672)
compute 0.0178000354992723(0.0621920377016068,0.762051701545715,0.216939896345139) (0.06230908,0.7619266,0.2169882) (346.7523,5.866354,357.4844) (-0.2843789,1.228068,-0.01271266) (24.00199,52.09929,0.7204269)
compute 0.0110631509803732(0.0620814822614193,0.762048363685608,0.216937512159348) (0.06219204,0.7620517,0.2169399) (346.8003,5.731502,357.5024) (-0.2843646,1.228058,-0.012771) (24.0147,52.06494,0.675932)
compute 0.0107885936704512(0.0620719417929649,0.76194840669632,0.216976970434189) (0.06208148,0.7620484,0.2169375) (346.834,5.592423,357.5201) (-0.2844378,1.228059,-0.012761) (23.98146,52.11907,0.7529088)
compute 0.0457516378687337(0.0622462779283524,0.761528611183167,0.217028930783272) (0.06207194,0.7619484,0.216977) (346.8623,5.478189,357.5318) (-0.2843238,1.228195,-0.01275774) (24.06849,52.07414,0.7141931)
compute 0.0448590331334124(0.0624269731342793,0.761119484901428,0.216994315385818) (0.06224628,0.7615286,0.2170289) (346.8803,5.440972,357.5371) (-0.2843818,1.228287,-0.01263403) (24.10972,52.16206,0.8039131)
compute 0.0180282776020367(0.0623927041888237,0.760992407798767,0.216871112585068) (0.06242697,0.7611195,0.2169943) (346.8924,5.422481,357.5361) (-0.2843622,1.228367,-0.01260205) (24.15673,52.1667,0.8239037)
compute 0.0256018979783417(0.0622856765985489,0.760815322399139,0.216720342636108) (0.0623927,0.7609924,0.2168711) (346.9405,5.40649,357.5231) (-0.2844598,1.228399,-0.01252586) (24.14186,52.27804,0.9108085)
compute 0.0247924726319486(0.0622440911829472,0.760631501674652,0.216559261083603) (0.06228568,0.7608153,0.2167203) (347.0013,5.376194,357.5068) (-0.2844493,1.228322,-0.01252524) (24.10415,52.31345,0.841701)
compute 0.0238926254030356(0.0621976256370544,0.760561883449554,0.216335475444794) (0.06224409,0.7606315,0.2165593) (347.0197,5.364559,357.5057) (-0.2845008,1.228266,-0.01248907) (24.02146,52.39008,0.9020185)
compute 0.0281372204949384(0.0620411038398743,0.760556399822235,0.216101720929146) (0.06219763,0.7605619,0.2163355) (347.0403,5.350556,357.5133) (-0.2842804,1.228397,-0.01255399) (24.12822,52.24583,0.8452847)
compute 0.0347067067722854(0.0617817565798759,0.760642647743225,0.215887814760208) (0.0620411,0.7605564,0.2161017) (347.0461,5.347871,357.5133) (-0.2844453,1.228329,-0.01255302) (23.95846,52.3163,0.8174713)
compute 0.0240757367499272(0.0616000890731812,0.760713636875153,0.21574667096138) (0.06178176,0.7606426,0.2158878) (347.0547,5.344466,357.5129) (-0.2844396,1.228866,-0.01255613) (23.88841,52.27424,0.764169)
compute 0.0324905739392374(0.0618451870977879,0.760501503944397,0.215724527835846) (0.06160009,0.7607136,0.2157467) (347.0743,5.32001,357.5244) (-0.284505,1.229114,-0.01250375) (23.86695,52.30038,0.6686724)
compute 0.0154782725149072(0.0619889311492443,0.760497093200684,0.2156672924757) (0.06184519,0.7605015,0.2157245) (347.0682,5.306968,357.5414) (-0.2844562,1.229119,-0.01257671) (23.7559,52.30449,0.5869254)
compute 0.0375251108030902(0.0622862614691257,0.760268688201904,0.215651825070381) (0.06198893,0.7604971,0.2156673) (347.0309,5.276195,357.6071) (-0.2842566,1.229367,-0.01253948) (23.88843,52.29166,0.6464696)
compute 0.0056950322898019(0.0623292587697506,0.760243594646454,0.215679481625557) (0.06228626,0.7602687,0.2156518) (347.0107,5.251831,357.6469) (-0.2841217,1.229398,-0.01239452) (23.92513,52.23079,0.6670145)
compute 0.0145264942760155(0.0623663924634457,0.760365664958954,0.215610042214394) (0.06232926,0.7602436,0.2156795) (346.9998,5.242278,357.6616) (-0.2839014,1.229278,-0.0120867) (23.85474,52.30719,0.6786464)
compute 0.051840505021669(0.0623440705239773,0.76074743270874,0.215260043740273) (0.06236639,0.7603657,0.21561) (346.9973,5.233036,357.6715) (-0.2834035,1.229293,-0.01192762) (23.91341,52.08905,0.619006)
compute 0.0333376238411466(0.0623493120074272,0.760989427566528,0.215030804276466) (0.06234407,0.7607474,0.21526) (346.9983,5.224155,357.6845) (-0.2832223,1.229184,-0.01168829) (23.87774,51.95625,0.5485241)
compute 0.018276059069641(0.062461968511343,0.761043608188629,0.214897483587265) (0.06234931,0.7609894,0.2150308) (346.9979,5.222032,357.6862) (-0.2828575,1.229175,-0.01158777) (23.84909,52.08279,0.5827696)
compute 0.0182985111233743(0.0625423118472099,0.761106669902802,0.214745655655861) (0.06246197,0.7610436,0.2148975) (346.9971,5.21992,357.6864) (-0.282381,1.229093,-0.01165971) (23.81026,52.03149,0.4867615)
compute 0.0564331505363136(0.0629681646823883,0.760741055011749,0.214686959981918) (0.06254231,0.7611067,0.2147457) (346.9985,5.220267,357.6876) (-0.282355,1.229126,-0.01157309) (23.82084,52.13462,0.5095115)
compute 0.0519396741017578(0.0633551031351089,0.760401129722595,0.214619860053062) (0.06296816,0.7607411,0.214687) (346.998,5.22008,357.6873) (-0.282223,1.229031,-0.01168068) (23.77855,52.04373,0.4147223)
compute 0.014498636965903(0.0634488612413406,0.760377824306488,0.214511752128601) (0.0633551,0.7604011,0.2146199) (346.9974,5.219935,357.6867) (-0.2821189,1.229312,-0.01161589) (23.96976,52.04036,0.4432452)
compute 0.0402095613662425(0.0633780881762505,0.760747015476227,0.214369028806686) (0.06344886,0.7603778,0.2145118) (346.9963,5.219295,357.6858) (-0.2821404,1.229332,-0.01160685) (23.98288,52.06295,0.4257362)
compute 0.0287864797603222(0.0633879527449608,0.761024117469788,0.214291676878929) (0.06337809,0.760747,0.214369) (346.9952,5.218649,357.685) (-0.2821838,1.229367,-0.01160049) (23.9415,52.10421,0.5727326)
compute 0.0392659071978081(0.0637779459357262,0.761058330535889,0.214321941137314) (0.06338795,0.7610241,0.2142917) (346.9962,5.218443,357.6859) (-0.2819779,1.229396,-0.01171532) (23.9837,51.93921,0.4608596)
compute 0.0378364833437887(0.0641537457704544,0.761028468608856,0.214354231953621) (0.06377795,0.7610583,0.2143219) (346.9911,5.213714,357.6851) (-0.282153,1.22947,-0.01191384) (23.90303,52.0635,0.5632901)
compute 0.0415951800628503(0.0642044469714165,0.761441051959991,0.21436907351017) (0.06415375,0.7610285,0.2143542) (346.9827,5.195287,357.6892) (-0.2822629,1.230372,-0.012038) (23.74487,52.05556,0.5224013)
compute 0.0661048016419416(0.064214289188385,0.762102007865906,0.21437406539917) (0.06420445,0.7614411,0.2143691) (346.975,5.181545,357.693) (-0.282575,1.230788,-0.01226941) (23.63708,52.03512,0.6003044)
compute 0.0332027325034343(0.0645213350653648,0.762201428413391,0.214452043175697) (0.06421429,0.762102,0.2143741) (346.9653,5.124509,357.7209) (-0.2830854,1.231319,-0.01243345) (23.56711,51.96889,0.5731269)
compute 0.046784960367821(0.0649582222104073,0.762107312679291,0.214590445160866) (0.06452134,0.7622014,0.214452) (346.9532,5.075682,357.7429) (-0.2834768,1.231571,-0.01271041) (23.5607,51.93428,0.5975928)
compute 0.0292369898060364(0.06514672935009,0.762295961380005,0.214710265398026) (0.06495822,0.7621073,0.2145904) (346.9237,4.998329,357.7851) (-0.2837048,1.231762,-0.01291472) (23.67795,51.90403,0.5457755)
compute 0.0642804976965632(0.0649170130491257,0.76289039850235,0.214794367551804) (0.06514673,0.762296,0.2147103) (346.8962,4.962255,357.7911) (-0.2840656,1.231775,-0.01323316) (23.64922,51.97004,0.5345413)
compute 0.0547460552095493(0.0647433772683144,0.763407945632935,0.214835703372955) (0.06491701,0.7628904,0.2147944) (346.869,4.927241,357.7909) (-0.2846746,1.231904,-0.01333982) (23.62527,51.93214,0.4447376)
compute 0.0410092251880765(0.0645303279161453,0.763751924037933,0.214768886566162) (0.06474338,0.7634079,0.2148357) (346.8543,4.90132,357.7932) (-0.2855701,1.231932,-0.01346052) (23.58727,51.86326,0.5535002)
compute 0.0291559988966984(0.0647814646363258,0.763631045818329,0.21485447883606) (0.06453033,0.7637519,0.2147689) (346.8415,4.894074,357.7932) (-0.2865115,1.231943,-0.01363595) (23.4828,51.76461,0.5506218)
compute 0.0173277824715766(0.0648504048585892,0.763512790203094,0.214960724115372) (0.06478146,0.763631,0.2148545) (346.8292,4.881217,357.8024) (-0.2869919,1.232041,-0.01364589) (23.43183,51.78483,0.5568998)
compute 0.0442844550125454(0.064506471157074,0.763789653778076,0.214926555752754) (0.0648504,0.7635128,0.2149607) (346.8085,4.865025,357.8142) (-0.2869534,1.231964,-0.01388413) (23.39736,51.65855,0.4677917)
compute 0.0665970408090588(0.0639421492815018,0.764136135578156,0.214855790138245) (0.06450647,0.7637897,0.2149266) (346.763,4.832546,357.824) (-0.2868485,1.231977,-0.01414475) (23.4261,51.56842,0.3862359)
compute 0.0585881960470024(0.0634004101157188,0.764359176158905,0.214850381016731) (0.06394215,0.7641361,0.2148558) (346.716,4.783631,357.8311) (-0.2870144,1.231786,-0.01419806) (23.3161,51.62432,0.3416276)
compute 0.0465064736428594(0.0629653260111809,0.76451849937439,0.214890420436859) (0.06340041,0.7643592,0.2148504) (346.6568,4.747879,357.8187) (-0.2869698,1.23192,-0.01427863) (23.23099,51.57534,0.3206789)
compute 0.0170951937711844(0.0629622563719749,0.764585971832275,0.215047463774681) (0.06296533,0.7645185,0.2148904) (346.5509,4.692704,357.7964) (-0.2870346,1.232356,-0.01440352) (23.12125,51.57613,0.2539599)
compute 0.0209803342681196(0.062951847910881,0.764604032039642,0.215256229043007) (0.06296226,0.764586,0.2150475) (346.4773,4.675043,357.7862) (-0.2871438,1.232452,-0.01445498) (23.13582,51.63533,0.2703626)
compute 0.0169986164027494(0.0628904402256012,0.764690041542053,0.215389370918274) (0.06295185,0.764604,0.2152562) (346.4281,4.677527,357.781) (-0.2869224,1.232453,-0.0147516) (23.12016,51.51641,0.1888913)
compute 0.0414136325612566(0.0625843852758408,0.764964997768402,0.215436682105064) (0.06289044,0.76469,0.2153894) (346.3767,4.688047,357.7658) (-0.2868158,1.232594,-0.01472207) (23.19317,51.56706,0.2277188)
compute 0.03767421838799(0.0623129308223724,0.765201687812805,0.215547248721123) (0.06258439,0.764965,0.2154367) (346.3456,4.678323,357.7553) (-0.2866333,1.232482,-0.01479508) (23.12812,51.51601,0.1602504)
compute 0.0362617057660683(0.0620674677193165,0.765403926372528,0.215721428394318) (0.06231293,0.7652017,0.2155472) (346.2993,4.669837,357.7264) (-0.2865088,1.232534,-0.01484767) (23.15989,51.43099,0.1501117)
compute 0.0252140522426159(0.0619618333876133,0.765501439571381,0.215928569436073) (0.06206747,0.7654039,0.2157214) (346.2375,4.674794,357.6694) (-0.2864442,1.232536,-0.01496612) (23.02059,51.31767,0.05715608)
compute 0.0896928906699427(0.0618073232471943,0.766383409500122,0.215876251459122) (0.06196183,0.7655014,0.2159286) (346.0178,4.522367,357.5086) (-0.2865211,1.233923,-0.01657488) (22.71513,51.43356,359.8926)
compute 1.15297580816119(0.0611709430813789,0.777797520160675,0.214376777410507) (0.06180732,0.7663834,0.2158763) (343.9332,5.119048,355.8027) (-0.2861684,1.239118,-0.02038203) (21.66607,51.50245,359.7497)
compute 3.01504593826095(0.0611320771276951,0.805551409721375,0.202596694231033) (0.06117094,0.7777975,0.2143768) (339.1279,9.216473,352.2241) (-0.2853406,1.249055,-0.02628264) (19.50675,51.61303,0.06800467)
compute 6.12233341816231(0.0460023060441017,0.851690173149109,0.165305927395821) (0.06113208,0.8055514,0.2025967) (324.5287,13.60771,351.653) (-0.281929,1.25957,-0.03283542) (16.71658,51.69049,0.3296428)
compute 6.83200815255499(0.0329271517693996,0.881268382072449,0.1051245033741) (0.04600231,0.8516902,0.1653059) (308.6048,33.08609,343.7841) (-0.2782282,1.278619,-0.04161957) (9.729776,49.52801,359.8467)
compute 2.90359335977944(0.0320770479738712,0.864896059036255,0.0811597406864166) (0.03292715,0.8812684,0.1051245) (323.0276,39.47006,330.5888) (-0.2830685,1.301002,-0.04642761) (0.8272347,43.99328,358.186)
compute 3.56890871442406(0.0245940014719963,0.837730944156647,0.0592560544610024) (0.03207705,0.8648961,0.08115974) (333.5703,42.379,324.5919) (-0.2915952,1.314065,-0.05196327) (354.3217,38.49533,357.2015)
compute 4.69378624003452(0.00697132805362344,0.805899202823639,0.0296023096889257) (0.024594,0.8377309,0.05925605) (334.1546,44.47154,324.4804) (-0.3049584,1.322478,-0.05746845) (349.6909,31.94362,356.8102)
compute 3.38248803555556(-0.0215376894921064,0.789925634860992,0.0208728387951851) (0.006971328,0.8058992,0.02960231) (332.932,37.42415,332.238) (-0.3195423,1.324076,-0.05779532) (347.0591,26.11726,356.6429)
compute 2.90752918033102(-0.0502839237451553,0.785909950733185,0.019169632345438) (-0.02153769,0.7899256,0.02087284) (329.0377,30.61547,327.7567) (-0.3376341,1.32587,-0.05606546) (344.7713,21.43602,357.046)
compute 3.13748899224316(-0.0787789523601532,0.793977081775665,0.0295300595462322) (-0.05028392,0.78591,0.01916963) (326.2857,27.03674,330.8805) (-0.3572849,1.327821,-0.04627694) (343.3319,18.96918,357.1573)
compute 5.258177304193(-0.118416711688042,0.823275983333588,0.0478403121232986) (-0.07877895,0.7939771,0.02953006) (319.318,22.68855,336.2618) (-0.3819459,1.329255,-0.03513353) (342.5915,18.35842,357.2454)
compute 4.60925328572385(-0.155187383294106,0.834981501102448,0.0730478540062904) (-0.1184167,0.823276,0.04784031) (316.4252,16.11853,339.691) (-0.4025396,1.330719,-0.02157428) (341.8977,18.78685,357.6161)
compute 3.4972559817307(-0.181078746914864,0.832817256450653,0.0964579656720161) (-0.1551874,0.8349815,0.07304785) (315.4541,12.99475,339.8897) (-0.4250968,1.3323,-0.006331607) (340.7163,18.8805,357.7332)
compute 2.73444999621423(-0.203608632087708,0.820715427398682,0.106136381626129) (-0.1810787,0.8328173,0.09645797) (315.8764,13.33753,334.0908) (-0.4436959,1.331493,0.003310376) (339.9951,17.88173,358.2972)
compute 1.05818861719935(-0.207110688090324,0.820738732814789,0.11612194031477) (-0.2036086,0.8207154,0.1061364) (315.1934,12.00667,336.4751) (-0.4508413,1.332484,0.00124769) (340.5911,16.41778,358.903)
compute 2.42147988748933(-0.23003177344799,0.821542739868164,0.108354449272156) (-0.2071107,0.8207387,0.1161219) (314.4942,7.73925,337.964) (-0.4507388,1.334019,-0.02871897) (339.7878,16.14012,357.8374)
compute 2.0844912275631(-0.238209336996078,0.825363636016846,0.0895651280879974) (-0.2300318,0.8215427,0.1083544) (314.5652,7.865176,335.5486) (-0.4483055,1.336672,-0.06551469) (338.6179,14.39325,358.0136)
compute 3.14088575064693(-0.244643613696098,0.82510769367218,0.0588234476745129) (-0.2382093,0.8253636,0.08956513) (315.1791,5.963291,334.1326) (-0.4314654,1.333733,-0.1044753) (338.9308,12.28183,358.5506)
compute 3.02448902697417(-0.234330669045448,0.824453949928284,0.0303986482322216) (-0.2446436,0.8251077,0.05882345) (315.1266,3.06759,334.3661) (-0.4100014,1.327844,-0.1356211) (341.3582,9.105386,359.5639)
compute 2.63890871340365(-0.219755277037621,0.819883704185486,0.00887994188815355) (-0.2343307,0.8244539,0.03039865) (316.653,1.912102,332.4254) (-0.3931812,1.322776,-0.156435) (343.1879,5.679079,0.06621972)
compute 1.47525201748925(-0.211280554533005,0.818709909915924,-0.00313829979859293) (-0.2197553,0.8198837,0.008879942) (318.1252,1.718163,330.2318) (-0.3872019,1.320304,-0.1734613) (346.0735,2.610015,358.6328)
compute 0.712557205605919(-0.2076565772295,0.818816065788269,-0.00927257258445024) (-0.2112806,0.8187099,-0.0031383) (320.9525,4.767293,326.0894) (-0.3900192,1.324011,-0.1848315) (348.0234,359.9731,358.2561)
compute 1.07852719722479(-0.209981590509415,0.829138457775116,-0.0113617423921824) (-0.2076566,0.8188161,-0.009272573) (321.5758,6.723671,322.4394) (-0.3962733,1.33321,-0.1885004) (346.68,0.8049189,358.0313)
compute 1.15730281153738(-0.219210088253021,0.831393718719482,-0.0179711002856493) (-0.2099816,0.8291385,-0.01136174) (319.8026,3.787693,324.8675) (-0.4040675,1.338191,-0.1869696) (341.6969,3.149468,356.5806)
Average= 1.11848853109057
Max= 6.83200815255499
Standard Deviation= 6.41312479420969
Right: 0    Wrong: 0
0
