compute 141.986342008329(-0.963778078556061,0.0056065539829433,0.0281650573015213) (-0.7133856,1.28115,0.5993971) (344.1758,288.3125,1.851558) (-0.8308313,0.5718969,-0.03291456) (52.50656,279.0573,5.394418)
compute 0.00772997118593683(-0.963737845420837,0.0055873398669064,0.0281019117683172) (-0.9637781,0.005606554,0.02816506) (344.2552,288.3392,1.750694) (-0.8309655,0.5717915,-0.03270068) (52.45744,279.1425,5.31451)
compute 0.0206181104750383(-0.963647782802582,0.00553058926016092,0.0279253367334604) (-0.9637378,0.00558734,0.02810191) (344.316,288.3642,1.650587) (-0.8311666,0.5717289,-0.0327797) (52.59365,279.2187,5.482795)
compute 0.0277709543332712(-0.963556349277496,0.00553586939349771,0.0276631638407707) (-0.9636478,0.005530589,0.02792534) (344.371,288.3911,1.532062) (-0.83137,0.5714536,-0.03278057) (52.73271,279.1922,5.470794)
compute 0.0246692179399562(-0.963511765003204,0.0056705167517066,0.0274613238871098) (-0.9635563,0.005535869,0.02766316) (344.4295,288.4243,1.36994) (-0.8313102,0.571436,-0.03305989) (52.66656,279.4205,5.517131)
compute 0.0321172896769198(-0.963572859764099,0.00591538287699223,0.0272626783698797) (-0.9635118,0.005670517,0.02746132) (344.4505,288.4375,1.305133) (-0.8317752,0.5715353,-0.03308075) (52.63399,279.3905,5.468835)
compute 0.0285283342854069(-0.96369481086731,0.0060493303462863,0.0270422864705324) (-0.9635729,0.005915383,0.02726268) (344.4526,288.4383,1.302259) (-0.8320217,0.5718836,-0.03317856) (52.7434,279.2889,5.4616)
compute 0.0297229982291343(-0.963885366916656,0.00593039905652404,0.0268476344645023) (-0.9636948,0.00604933,0.02704229) (344.4606,288.4406,1.279457) (-0.831993,0.5724866,-0.03348199) (52.72738,279.6771,5.688218)
compute 0.0247082594936996(-0.964065551757813,0.00583357457071543,0.0267090406268835) (-0.9638854,0.005930399,0.02684763) (344.4711,288.4421,1.240678) (-0.8328974,0.5743158,-0.0335295) (52.53739,279.8181,5.743213)
compute 0.0218263790788012(-0.964222013950348,0.00591105408966541,0.0265780612826347) (-0.9640656,0.005833575,0.02670904) (344.4836,288.4434,1.192013) (-0.8330387,0.5750505,-0.03343796) (52.49412,279.735,5.759876)
compute 0.023545629951184(-0.964399695396423,0.00602035038173199,0.0264688674360514) (-0.964222,0.005911054,0.02657806) (344.4889,288.4437,1.180388) (-0.8343925,0.5756555,-0.03564674) (52.66532,279.7081,5.595342)
compute 0.0360404278704658(-0.964625418186188,0.00627599144354463,0.0263522993773222) (-0.9643997,0.00602035,0.02646887) (344.4888,288.4431,1.180204) (-0.8363808,0.5762903,-0.0384038) (52.75974,279.7051,5.552527)
compute 0.248315097113739(-0.965973258018494,0.00750971911475062,0.024670846760273) (-0.9646254,0.006275991,0.0263523) (344.4935,288.4428,1.168683) (-0.8364852,0.5775447,-0.03944461) (52.77128,280.1864,5.834167)
compute 0.171012756474209(-0.96661388874054,0.00814553257077932,0.0232183076441288) (-0.9659733,0.007509719,0.02467085) (344.5079,288.4453,1.132172) (-0.8375251,0.5798944,-0.04105509) (52.62803,279.8683,5.667072)
compute 0.21305558821894(-0.966742634773254,0.00998768210411072,0.0221556797623634) (-0.9666139,0.008145533,0.02321831) (344.5156,288.4484,1.121236) (-0.8379453,0.58025,-0.04290403) (52.79569,279.593,5.302647)
compute 0.113689592133293(-0.966851890087128,0.0108939614146948,0.021477997303009) (-0.9667426,0.009987682,0.02215568) (344.5195,288.4491,1.113183) (-0.8384964,0.5804455,-0.0435857) (52.916,279.9958,5.606871)
compute 0.0410268077266192(-0.966972291469574,0.0110715990886092,0.0211283285170794) (-0.9668519,0.01089396,0.021478) (344.5215,288.4504,1.102782) (-0.8391085,0.5802729,-0.04388285) (52.89275,280.2362,5.672343)
compute 0.0527927614400434(-0.967095136642456,0.0112525532022119,0.0206478368490934) (-0.9669723,0.0110716,0.02112833) (344.5359,288.4606,1.044658) (-0.8390077,0.5796186,-0.04397634) (52.88912,280.181,5.515041)
compute 0.0465946790638536(-0.967247366905212,0.0114443488419056,0.0202514193952084) (-0.9670951,0.01125255,0.02064784) (344.559,288.4771,0.9936802) (-0.8380741,0.5781335,-0.04439691) (53.6015,280.5498,5.757903)
compute 0.0983047001174663(-0.967599272727966,0.0116737773641944,0.0193626526743174) (-0.9672474,0.01144435,0.02025142) (344.5651,288.4809,0.9871331) (-0.8302004,0.5725391,-0.04507177) (57.30321,281.4583,6.726807)
compute 0.117987786274872(-0.968065500259399,0.0116357784718275,0.0182794630527496) (-0.9675993,0.01167378,0.01936265) (344.5697,288.4846,0.982765) (-0.821291,0.5668776,-0.04350702) (62.60371,283.916,8.935212)
compute 0.315077377640615(-0.968045353889465,0.0146982409060001,0.017538994550705) (-0.9680655,0.01163578,0.01827946) (344.5787,288.4905,0.9833611) (-0.8164641,0.5637259,-0.04200512) (65.18001,284.9745,9.611073)
compute 0.192921640684266(-0.968125522136688,0.0127734635025263,0.0174356456845999) (-0.9680454,0.01469824,0.01753899) (344.624,288.5021,1.029881) (-0.8148336,0.5614097,-0.04087976) (65.79855,283.7535,8.401314)
compute 0.839427826267182(-0.971714556217194,0.0051856036297977,0.0175200793892145) (-0.9681255,0.01277346,0.01743565) (344.6861,288.5154,1.072514) (-0.8142088,0.5617269,-0.0409583) (65.39855,282.8376,7.308757)
compute 0.542758039267296(-0.97308623790741,-4.96748652949464E-05,0.0179311484098434) (-0.9717146,0.005185604,0.01752008) (344.8,288.5292,1.112585) (-0.81358,0.5618366,-0.040596) (65.15704,282.205,6.887909)
compute 0.0597211096327538(-0.973181068897247,-0.000324292399454862,0.0184529274702072) (-0.9730862,-4.967487E-05,0.01793115) (345.0141,288.5193,1.248435) (-0.8136504,0.5617736,-0.04006892) (65.20095,282.4448,7.157105)
compute 0.430633592673308(-0.972135424613953,0.00377621594816446,0.0192510429769754) (-0.9731811,-0.0003242924,0.01845293) (345.2068,288.5178,1.347382) (-0.8129226,0.5611644,-0.03936296) (65.22717,282.2734,7.055277)
compute 0.0922359445217877(-0.972013294696808,0.004580894485116,0.0196850057691336) (-0.9721354,0.003776216,0.01925104) (345.4113,288.5095,1.41512) (-0.8123659,0.5607755,-0.03855771) (65.31499,281.6292,6.43473)
compute 0.0123335475408834(-0.972036898136139,0.00459074135869741,0.0198056604713202) (-0.9720133,0.004580894,0.01968501) (345.6591,288.4541,1.601585) (-0.8115386,0.5599142,-0.03829904) (65.13244,281.026,5.68772)
compute 0.0144380712873971(-0.972040235996246,0.00452664261683822,0.0199349895119667) (-0.9720369,0.004590741,0.01980566) (345.9504,288.3369,1.947379) (-0.8106954,0.5596192,-0.04012256) (64.62014,280.9252,5.539965)
compute 0.0529205811491147(-0.971677601337433,0.00482016149908304,0.0201847925782204) (-0.9720402,0.004526643,0.01993499) (346.0952,288.2839,2.069615) (-0.8104646,0.5595793,-0.04103992) (64.48867,280.8299,5.347857)
compute 0.276930876015274(-0.969835758209229,0.00687935156747699,0.0203756354749203) (-0.9716776,0.004820161,0.02018479) (346.3455,288.1906,2.346153) (-0.8104696,0.5604191,-0.04290502) (64.19989,281.0738,5.194589)
compute 0.137695155372979(-0.968795955181122,0.00778033584356308,0.0203205663710833) (-0.9698358,0.006879352,0.02037564) (346.5179,288.1499,2.50715) (-0.8104206,0.5605994,-0.04410965) (63.89947,280.6273,4.645314)
compute 0.0937115152423478(-0.968628823757172,0.00690266164019704,0.020037829875946) (-0.968796,0.007780336,0.02032057) (346.6472,288.1465,2.580004) (-0.8103656,0.5608015,-0.04525321) (63.70514,280.8737,4.922964)
compute 0.130798268868168(-0.968687057495117,0.00566108571365476,0.0196305010467768) (-0.9686288,0.006902662,0.02003783) (346.7014,288.1524,2.589589) (-0.8106075,0.5607734,-0.04559657) (63.7075,281.0009,4.988868)
compute 0.0402016104022095(-0.968653082847595,0.00541370781138539,0.0193154346197844) (-0.9686871,0.005661086,0.0196305) (346.737,288.1563,2.601582) (-0.8111058,0.5609258,-0.0466496) (63.75763,280.7212,4.689272)
compute 0.0412672234334646(-0.968363761901855,0.00564030185341835,0.0191276930272579) (-0.9686531,0.005413708,0.01931543) (346.7727,288.1555,2.643384) (-0.8113446,0.5611104,-0.04729893) (63.59217,280.4498,4.468581)
compute 0.0732535981014716(-0.967797756195068,0.0059474459849298,0.0187785383313894) (-0.9683638,0.005640302,0.01912769) (346.8445,288.1226,2.892642) (-0.811056,0.5609145,-0.04730077) (63.33755,280.2129,4.354177)
compute 0.0400762016827523(-0.967642843723297,0.00574441021308303,0.01846968755126) (-0.9677978,0.005947446,0.01877854) (346.8674,288.0835,3.126726) (-0.8113405,0.5610909,-0.04734519) (63.5336,280.3434,4.63767)
compute 0.0168660732167466(-0.967536151409149,0.00569904316216707,0.018347192555666) (-0.9676428,0.00574441,0.01846969) (346.8679,288.0759,3.187974) (-0.810798,0.5611935,-0.04728611) (63.77417,280.3427,4.648299)
compute 0.0123616316853144(-0.967569649219513,0.00558779994025826,0.0183049570769072) (-0.9675362,0.005699043,0.01834719) (346.8442,288.0486,3.353798) (-0.8108133,0.5611731,-0.04744756) (63.90658,280.5937,4.549001)
compute 0.00261679003141463(-0.967592835426331,0.00558704184368253,0.0182928498834372) (-0.9675696,0.0055878,0.01830496) (346.7969,288.0049,3.572519) (-0.8108361,0.5612345,-0.04747416) (63.9563,280.6431,4.676556)
compute 0.0116594103315041(-0.967613279819489,0.00569675257429481,0.0182590894401073) (-0.9675928,0.005587042,0.01829285) (346.7543,287.9787,3.715588) (-0.8107707,0.5612648,-0.04801441) (63.88745,280.5642,4.661951)
compute 0.0283297028729334(-0.967652857303619,0.00597524736076593,0.0182254519313574) (-0.9676133,0.005696753,0.01825909) (346.6955,287.9542,3.844343) (-0.8105997,0.561263,-0.04830395) (63.70621,280.4992,4.71041)
compute 0.0105626370561916(-0.967693567276001,0.0060548409819603,0.0181691981852055) (-0.9676529,0.005975247,0.01822545) (346.5928,287.9096,4.082353) (-0.8106302,0.5612688,-0.04818602) (63.75965,280.343,4.499266)
compute 0.0525013971222316(-0.967763185501099,0.00555639388039708,0.0180197209119797) (-0.9676936,0.006054841,0.0181692) (346.4938,287.8532,4.368749) (-0.8106875,0.5611603,-0.04819333) (63.80689,280.3543,4.524232)
compute 0.034194747316224(-0.967870056629181,0.00525475293397903,0.0178992245346308) (-0.9677632,0.005556394,0.01801972) (346.441,287.8156,4.554278) (-0.8106787,0.56111,-0.04835231) (63.84509,280.606,4.730277)
compute 0.0186229079777131(-0.968020677566528,0.0053598890081048,0.0178685486316681) (-0.9678701,0.005254753,0.01789922) (346.3979,287.7988,4.661031) (-0.8108001,0.5610897,-0.04834011) (63.88787,280.5754,4.758716)
compute 0.0474272829274779(-0.968185842037201,0.00580347655341029,0.017838791012764) (-0.9680207,0.005359889,0.01786855) (346.3672,287.7924,4.707125) (-0.8107072,0.5609213,-0.04833448) (63.85175,280.5301,4.647966)
compute 0.0495565010356667(-0.968331515789032,0.00625308929011226,0.0176897533237934) (-0.9681858,0.005803477,0.01783879) (346.3266,287.7854,4.760962) (-0.810605,0.5607884,-0.04844929) (63.76242,280.6673,4.773304)
compute 0.0590233655106829(-0.968440890312195,0.00680687744170427,0.0175173245370388) (-0.9683315,0.006253089,0.01768975) (346.2621,287.7725,4.82983) (-0.810816,0.5605728,-0.04831823) (63.90761,280.5057,4.673688)
compute 0.0350708517797825(-0.968545258045197,0.00704710045829415,0.0172840934246778) (-0.9684409,0.006806877,0.01751732) (346.1966,287.7617,4.887873) (-0.8107384,0.5604718,-0.04835501) (63.83754,280.5357,4.738077)
compute 0.0380366109115345(-0.968603730201721,0.0073189758695662,0.0170245878398418) (-0.9685453,0.0070471,0.01728409) (346.1461,287.7574,4.9006) (-0.8104787,0.55999,-0.04839156) (63.68114,280.4665,4.573185)
compute 0.0266335599558954(-0.968548774719238,0.00751255126670003,0.0168501082807779) (-0.9686037,0.007318976,0.01702459) (346.0829,287.7552,4.900381) (-0.8106164,0.5600313,-0.04835054) (63.81953,280.5023,4.527908)
compute 0.0827462125134209(-0.968341529369354,0.00672756507992744,0.0166902970522642) (-0.9685488,0.007512551,0.01685011) (346.0249,287.7552,4.895987) (-0.8105133,0.5599594,-0.04812059) (63.61795,280.5046,4.462533)
compute 0.16570310550109(-0.968047618865967,0.00510799326002598,0.016499625518918) (-0.9683415,0.006727565,0.0166903) (345.9968,287.7557,4.899789) (-0.8153177,0.5595073,-0.04639439) (61.82022,281.0896,4.12129)
compute 0.104008168207516(-0.967236518859863,0.00471452949568629,0.0159809030592442) (-0.9680476,0.005107993,0.01649963) (345.9931,287.7581,4.900514) (-0.8258108,0.5629308,-0.03839227) (58.68142,285.3208,5.222032)
compute 0.228539903434098(-0.965224504470825,0.00509102130308747,0.0149644874036312) (-0.9672365,0.004714529,0.0159809) (345.4383,287.5251,3.847319) (-0.8373699,0.5706422,-0.02265168) (55.75964,291.0143,5.220206)
compute 0.320497144303124(-0.964993059635162,0.00651592295616865,0.0121030313894153) (-0.9652245,0.005091021,0.01496449) (344.8694,286.5638,2.659292) (-0.8486561,0.58139,0.004399435) (52.96944,299.1934,5.967155)
compute 1.4190927414817(-0.964699625968933,0.0206802040338516,0.0112848225980997) (-0.9649931,0.006515923,0.01210303) (343.3043,284.1696,0.1534789) (-0.8512856,0.59808,0.03968528) (51.31732,308.2337,7.14931)
compute 3.94896644355381(-0.960473299026489,0.0566378235816956,0.0270525552332401) (-0.9646996,0.0206802,0.01128482) (342.0732,285.3421,359.2688) (-0.8454259,0.6299813,0.07504022) (51.95482,313.7852,8.182903)
compute 6.20176798810458(-0.948292374610901,0.103433653712273,0.0658851191401482) (-0.9604733,0.05663782,0.02705256) (340.8408,288.4477,358.3109) (-0.8299984,0.6650448,0.1129196) (55.28818,317.1852,10.63891)
compute 7.42022899131711(-0.931081712245941,0.1559057533741,0.115447722375393) (-0.9482924,0.1034337,0.06588512) (341.1543,289.0762,356.55) (-0.8027546,0.6940611,0.1578181) (58.4593,319.3228,13.06031)
compute 8.52879406440319(-0.904334843158722,0.214018493890762,0.171852931380272) (-0.9310817,0.1559058,0.1154477) (339.6203,290.9967,355.086) (-0.7783836,0.7211273,0.1994145) (59.61586,320.2151,14.36911)
compute 7.29264883314782(-0.875483214855194,0.257764250040054,0.222569450736046) (-0.9043348,0.2140185,0.1718529) (338.5013,289.5264,355.7263) (-0.7554775,0.7555323,0.2375406) (60.2991,320.8315,16.56753)
compute 6.70036821564557(-0.851785480976105,0.284652829170227,0.27918142080307) (-0.8754832,0.2577643,0.2225695) (339.0153,291.4305,357.3812) (-0.7479749,0.7860408,0.2617199) (60.5776,321.8809,16.81004)
compute 4.46112266588269(-0.839443802833557,0.292092025279999,0.321401119232178) (-0.8517855,0.2846528,0.2791814) (340.1386,293.2839,359.0011) (-0.7595769,0.8040581,0.279516) (58.81267,323.169,17.1925)
compute 3.95089926541664(-0.837742030620575,0.290647268295288,0.360846996307373) (-0.8394438,0.292092,0.3214011) (340.8412,292.7101,1.317524) (-0.78424,0.8043379,0.2896359) (57.3066,325.3013,18.59743)
compute 5.04100826559445(-0.846050024032593,0.290598511695862,0.410567730665207) (-0.837742,0.2906473,0.360847) (340.0042,293.9556,3.517554) (-0.8032437,0.8097847,0.3103254) (54.96272,328.1187,20.27642)
compute 5.39194322183613(-0.860829770565033,0.289484888315201,0.462410032749176) (-0.84605,0.2905985,0.4105677) (338.6866,298.5345,4.069149) (-0.8136489,0.807201,0.335344) (54.04954,325.3351,18.34513)
compute 4.34290583156029(-0.871510684490204,0.290909141302109,0.504481077194214) (-0.8608298,0.2894849,0.46241) (337.7361,300.7613,4.135407) (-0.8150104,0.7998399,0.3757113) (55.58925,324.6806,16.81866)
compute 3.23153013361738(-0.876487255096436,0.283328801393509,0.535498023033142) (-0.8715107,0.2909091,0.5044811) (337.7947,298.5417,3.120036) (-0.8165621,0.7925254,0.4143281) (55.7146,322.4618,16.92411)
compute 4.01618713773022(-0.878918468952179,0.271137058734894,0.573687374591827) (-0.8764873,0.2833288,0.535498) (337.9197,295.639,3.353046) (-0.8178498,0.7802891,0.4583004) (56.57918,314.5141,14.5276)
compute 3.39545664984189(-0.877143263816834,0.271442145109177,0.607594132423401) (-0.8789185,0.2711371,0.5736874) (339.0605,298.391,0.6898352) (-0.8127282,0.7789356,0.4905866) (57.49341,313.6172,16.24814)
compute 2.45925833856515(-0.878106534481049,0.269121527671814,0.632058024406433) (-0.8771433,0.2714421,0.6075941) (339.67,294.7811,0.3275917) (-0.8218566,0.7801189,0.5146692) (58.35746,313.0695,17.54198)
compute 3.12119980257996(-0.877400815486908,0.256731569766998,0.660696804523468) (-0.8781065,0.2691215,0.632058) (340.506,296.5612,0.4340721) (-0.8390164,0.769322,0.5230206) (58.62693,315.1657,20.86341)
compute 2.64749484385309(-0.879772543907166,0.245132803916931,0.684377312660217) (-0.8774008,0.2567316,0.6606968) (340.8868,295.4682,0.5242943) (-0.8585814,0.7603495,0.5291412) (58.07323,317.7998,23.34712)
compute 3.71086450672433(-0.887787163257599,0.233076572418213,0.718545496463776) (-0.8797725,0.2451328,0.6843773) (339.5835,294.5549,2.395833) (-0.8739501,0.7500654,0.5325896) (57.41867,316.4742,23.94024)
compute 4.80495117413778(-0.902978241443634,0.209134519100189,0.757336795330048) (-0.8877872,0.2330766,0.7185455) (338.3733,296.4537,3.386301) (-0.890485,0.7210698,0.5545782) (56.8881,313.4968,20.65424)
compute 5.16699113321938(-0.911661326885223,0.168128058314323,0.787550270557404) (-0.9029782,0.2091345,0.7573368) (336.6364,297.7131,1.651516) (-0.8998991,0.6813633,0.5803869) (56.33426,310.4599,18.49379)
compute 6.20689756784691(-0.923750460147858,0.111140996217728,0.808971881866455) (-0.9116613,0.1681281,0.7875503) (336.6169,290.412,2.746631) (-0.9018836,0.6352507,0.6031065) (55.99609,309.8949,19.00517)
compute 3.62808950834373(-0.925455689430237,0.0786321386694908,0.824989676475525) (-0.9237505,0.111141,0.8089719) (334.7937,289.3459,1.289492) (-0.9006042,0.5971256,0.6127455) (56.78335,310.8477,21.0993)
compute 2.52281682533515(-0.926811277866364,0.0539750196039677,0.830151975154877) (-0.9254557,0.07863214,0.8249897) (333.9503,283.7404,2.192613) (-0.8989102,0.5785928,0.6138316) (57.15257,309.588,21.30877)
compute 2.02054957976671(-0.924949467182159,0.0346394963562489,0.835713744163513) (-0.9268113,0.05397502,0.830152) (335.0846,285.6907,2.333113) (-0.9004795,0.5728603,0.6123624) (56.81089,307.7314,20.42345)
compute 1.09670265861853(-0.91948926448822,0.0251539926975966,0.836411654949188) (-0.9249495,0.0346395,0.8357137) (335.8068,286.6099,3.073515) (-0.9019678,0.5707295,0.6053032) (55.54919,306.0036,20.07073)
compute 0.265136429646214(-0.920789301395416,0.0228436347097158,0.836368262767792) (-0.9194893,0.02515399,0.8364117) (336.6076,289.1229,3.233323) (-0.9014726,0.5692126,0.6052102) (55.52761,304.3316,19.96483)
compute 0.990021966120114(-0.930646777153015,0.0234590005129576,0.837050795555115) (-0.9207893,0.02284363,0.8363683) (335.1018,287.4592,2.898799) (-0.8918957,0.5649747,0.6008548) (55.43517,303.4434,19.93332)
compute 1.26977105980883(-0.943310081958771,0.0236043259501457,0.837973535060883) (-0.9306468,0.023459,0.8370508) (335.0333,285.8308,3.914396) (-0.8767211,0.5624859,0.6016591) (55.62717,305.5372,22.23462)
compute 0.79790554402549(-0.949139356613159,0.0222084876149893,0.843240082263947) (-0.9433101,0.02360433,0.8379735) (335.9412,288.3738,2.886331) (-0.8700917,0.5621799,0.6034089) (55.59597,304.6857,21.67708)
compute 0.556033338937327(-0.954633057117462,0.0216681696474552,0.843906879425049) (-0.9491394,0.02220849,0.8432401) (337.8893,287.3915,3.713814) (-0.8618575,0.5619112,0.6018727) (55.3038,302.8764,19.99937)
compute 0.180545312143432(-0.955236077308655,0.0216480530798435,0.845608532428741) (-0.9546331,0.02166817,0.8439069) (339.3564,288.9044,3.099908) (-0.860096,0.563323,0.6031172) (54.71807,301.074,18.76098)
compute 0.180983897180249(-0.954490423202515,0.0232857670634985,0.845801949501038) (-0.9552361,0.02164805,0.8456085) (339.6859,290.1462,3.375224) (-0.8599852,0.5636755,0.6050613) (54.61001,300.6248,18.93458)
compute 0.135169863328388(-0.953452587127686,0.0226806495338678,0.845182418823242) (-0.9544904,0.02328577,0.8458019) (340.0721,289.5749,3.877261) (-0.8598564,0.56349,0.6095007) (54.68148,300.2401,18.80423)
compute 0.231002250657063(-0.951617538928986,0.0227286629378796,0.843780100345612) (-0.9534526,0.02268065,0.8451824) (340.1902,287.9751,4.742512) (-0.8598183,0.561838,0.6120157) (54.70897,300.2119,18.55502)
compute 0.14890841694484(-0.950315356254578,0.0234102103859186,0.843540966510773) (-0.9516175,0.02272866,0.8437801) (340.1922,287.7166,4.836289) (-0.8588008,0.5602279,0.6137282) (54.53326,300.3615,18.66885)
compute 0.032401880451671(-0.950567245483398,0.0233717523515224,0.843340814113617) (-0.9503154,0.02341021,0.843541) (340.1916,287.7162,4.838934) (-0.8568872,0.5607799,0.614727) (54.10722,300.0459,18.49553)
compute 0.0645407451065725(-0.950337171554565,0.0227832961827517,0.843209147453308) (-0.9505672,0.02337175,0.8433408) (340.1911,287.7169,4.844797) (-0.8560112,0.5625765,0.6142735) (53.53585,299.7329,18.17582)
compute 0.248419616693427(-0.949725091457367,0.0203795917332172,0.843072056770325) (-0.9503372,0.0227833,0.8432091) (340.1867,287.7082,4.975247) (-0.8545079,0.5615398,0.6139717) (53.50887,299.1306,17.89295)
compute 0.0467147600575914(-0.949498355388641,0.0200221668928862,0.8432697057724) (-0.9497251,0.02037959,0.8430721) (340.1863,287.7137,4.992518) (-0.8534343,0.5609463,0.6150855) (53.13516,298.9047,17.6188)
compute 0.0888068741846586(-0.949439585208893,0.0192093309015036,0.84362256526947) (-0.9494984,0.02002217,0.8432697) (340.1882,287.7149,4.993403) (-0.8520319,0.5604212,0.6154869) (53.04259,299.2075,17.8384)
compute 0.179646224475107(-0.9493607878685,0.0174419619143009,0.843934774398804) (-0.9494396,0.01920933,0.8436226) (340.2104,287.7818,5.10833) (-0.8506234,0.5592298,0.61668) (52.98898,299.2188,17.88174)
compute 0.226662120967695(-0.949302792549133,0.0151802590116858,0.844072282314301) (-0.9493608,0.01744196,0.8439348) (340.2633,287.8559,5.244541) (-0.849906,0.558777,0.6180797) (53.03637,299.1685,17.75457)
compute 0.0330001260256471(-0.949236392974854,0.0148777849972248,0.843958258628845) (-0.9493028,0.01518026,0.8440723) (340.385,287.9632,5.584638) (-0.8495684,0.5584165,0.6196251) (53.05227,298.8109,17.32222)
compute 0.114035402804169(-0.948948264122009,0.0137850251048803,0.844110786914825) (-0.9492364,0.01487778,0.8439583) (340.7453,288.5009,5.941759) (-0.8487214,0.5580031,0.6202815) (53.16326,298.9316,17.19725)
compute 0.135129852081858(-0.947872042655945,0.0129707371816039,0.844179272651672) (-0.9489483,0.01378503,0.8441108) (341.3951,289.4322,6.628311) (-0.8473501,0.5572512,0.6212055) (52.9846,298.9965,17.24993)
compute 0.182694726707427(-0.94611656665802,0.0130917495116591,0.843687951564789) (-0.947872,0.01297074,0.8441793) (341.6708,289.7453,6.805753) (-0.8450478,0.5559636,0.6250383) (53.14021,299.161,17.48451)
compute 0.133660898271763(-0.944937527179718,0.0137170050293207,0.843614161014557) (-0.9461166,0.01309175,0.843688) (341.7056,289.7779,6.808898) (-0.8441841,0.5552154,0.6282895) (52.93874,298.919,17.19978)
compute 0.314024124313091(-0.944671034812927,0.0137299811467528,0.846743047237396) (-0.9449375,0.01371701,0.8436142) (341.7303,289.7889,6.830883) (-0.843965,0.5549924,0.6298571) (52.8978,298.7574,16.90528)
compute 0.460586993576583(-0.944648444652557,0.0130508067086339,0.85129851102829) (-0.944671,0.01372998,0.846743) (341.7722,289.809,6.870726) (-0.842611,0.5548401,0.6301791) (52.91438,298.7285,16.91055)
compute 0.266222558621214(-0.944770812988281,0.0117635037750006,0.853625595569611) (-0.9446484,0.01305081,0.8512985) (341.8136,289.8145,6.925102) (-0.8429003,0.5547917,0.6303851) (52.93428,298.8143,16.93077)
compute 0.0202821396164737(-0.944789052009583,0.0117421485483646,0.853826463222504) (-0.9447708,0.0117635,0.8536256) (341.8427,289.8222,6.946617) (-0.8426927,0.5547512,0.6308526) (53.01364,298.804,16.87186)
compute 0.0125998972762012(-0.94482833147049,0.0116334008052945,0.853876531124115) (-0.9447891,0.01174215,0.8538265) (341.8656,289.8275,6.95353) (-0.8429385,0.5546545,0.6310258) (52.93661,298.9271,16.81774)
compute 0.0188494623364458(-0.944874167442322,0.0114785134792328,0.853779375553131) (-0.9448283,0.0116334,0.8538765) (341.8982,289.8172,6.995241) (-0.842981,0.5545825,0.6313991) (52.83105,298.8358,16.78168)
compute 0.0244803013612514(-0.944989323616028,0.0114117683842778,0.85357391834259) (-0.9448742,0.01147851,0.8537794) (341.9413,289.8027,7.048198) (-0.8425197,0.5542318,0.6330335) (52.59728,298.2883,16.30071)
compute 0.0368180138430659(-0.945303916931152,0.011239449493587,0.853490889072418) (-0.9449893,0.01141177,0.8535739) (341.995,289.7909,7.114098) (-0.8427509,0.5545824,0.6332904) (52.68589,298.5579,16.62017)
compute 0.052994255247636(-0.945776641368866,0.0110062612220645,0.853545606136322) (-0.9453039,0.01123945,0.8534909) (342.0825,289.7513,7.318331) (-0.8419333,0.5544647,0.6336651) (52.56453,298.2195,16.3569)
compute 0.0425483632901684(-0.946122705936432,0.0108122834935784,0.853699386119843) (-0.9457766,0.01100626,0.8535456) (342.1164,289.7502,7.357916) (-0.8418205,0.554341,0.6339545) (52.46664,298.06,16.11941)
compute 0.0267536279029523(-0.946348428726196,0.0107335429638624,0.853819489479065) (-0.9461227,0.01081228,0.8536994) (342.1413,289.7505,7.373787) (-0.8418476,0.5545061,0.6350851) (52.74296,298.3573,16.15897)
compute 0.0132794525000186(-0.946465194225311,0.0107543580234051,0.85387921333313) (-0.9463484,0.01073354,0.8538195) (342.1583,289.7533,7.376735) (-0.8405554,0.5543862,0.6375414) (52.76933,298.7219,16.3345)
compute 0.0264708551884216(-0.946638107299805,0.0105826687067747,0.853982627391815) (-0.9464652,0.01075436,0.8538792) (342.182,289.7533,7.386795) (-0.840452,0.5541717,0.6382874) (52.56059,298.4411,16.16387)
compute 0.0386677904538014(-0.946842551231384,0.0103160375729203,0.854174017906189) (-0.9466381,0.01058267,0.8539826) (342.2171,289.7553,7.400867) (-0.8404933,0.5542269,0.6388601) (52.49991,298.0819,15.94435)
compute 0.100053945289091(-0.947208762168884,0.00944526493549347,0.854503750801086) (-0.9468426,0.01031604,0.854174) (342.2436,289.7574,7.401157) (-0.8407573,0.555094,0.6391551) (52.59854,298.0719,16.05379)
compute 0.0458268660037299(-0.947464823722839,0.00913514662533998,0.854723453521729) (-0.9472088,0.009445265,0.8545038) (342.2748,289.5655,7.468362) (-0.8409098,0.5553856,0.639964) (52.63882,298.497,16.37077)
compute 0.0149463781868129(-0.947591781616211,0.00918179843574762,0.854787051677704) (-0.9474648,0.009135147,0.8547235) (342.2918,289.2451,7.634828) (-0.8408483,0.5551276,0.6420736) (52.53366,298.6277,16.17064)
compute 0.0254580065474566(-0.947703957557678,0.00909693446010351,0.854999244213104) (-0.9475918,0.009181798,0.8547871) (342.3008,289.2174,7.625597) (-0.8412709,0.5557005,0.6435409) (52.6673,298.7136,16.08521)
compute 0.0231610868987228(-0.947865903377533,0.00908033642917871,0.855163991451263) (-0.947704,0.009096934,0.8549992) (342.3086,289.1985,7.616936) (-0.8419005,0.5558901,0.6443882) (52.82928,298.9818,16.3379)
compute 0.0501710808813884(-0.948243260383606,0.00881001818925142,0.855354368686676) (-0.9478659,0.009080336,0.855164) (342.3159,289.1733,7.612844) (-0.8419366,0.5557299,0.6447521) (52.71836,298.8853,16.14396)
compute 0.0755908377945198(-0.948908388614655,0.00852625258266926,0.855574548244476) (-0.9482433,0.008810018,0.8553544) (342.3201,289.1418,7.614796) (-0.8420004,0.5557872,0.644831) (52.74001,298.8138,16.06271)
compute 0.0662337487854265(-0.949496924877167,0.00837032031267881,0.855835318565369) (-0.9489084,0.008526253,0.8555745) (342.3202,289.1051,7.613367) (-0.8419827,0.5557824,0.6449462) (52.74728,298.7009,16.0248)
compute 0.0479758678381982(-0.949837446212769,0.00867469515651464,0.855982184410095) (-0.9494969,0.00837032,0.8558353) (342.2498,288.7406,7.601695) (-0.8419613,0.5558182,0.6449602) (52.68662,298.7245,15.95134)
compute 0.0505336958933936(-0.950259685516357,0.00894334819167852,0.856052219867706) (-0.9498374,0.008674695,0.8559822) (342.1251,288.4261,7.597876) (-0.8418784,0.5560122,0.6455417) (52.62972,298.8224,16.01765)
compute 0.0704263572567112(-0.950880646705627,0.00876451376825571,0.856332242488861) (-0.9502597,0.008943348,0.8560522) (342.0907,288.3585,7.581979) (-0.8420817,0.5563793,0.6461179) (52.81664,298.674,15.98356)
compute 0.072643624285479(-0.951495766639709,0.00857550371438265,0.856669306755066) (-0.9508806,0.008764514,0.8563322) (342.0651,288.3154,7.542224) (-0.8420393,0.5563594,0.646529) (52.78073,298.6507,15.95409)
compute 0.0575666526151334(-0.952006042003632,0.00854281056672335,0.856933772563934) (-0.9514958,0.008575504,0.8566693) (342.0393,288.2788,7.50562) (-0.8420163,0.5563514,0.6471136) (52.75021,298.6424,15.85384)
compute 0.0379902569072607(-0.952293872833252,0.00870066322386265,0.857124984264374) (-0.952006,0.008542811,0.8569338) (342.0048,288.2422,7.438123) (-0.8422065,0.556442,0.6479302) (52.65452,298.65,15.79881)
compute 0.0235983780627101(-0.952455878257751,0.00877241510897875,0.857280850410461) (-0.9522939,0.008700663,0.857125) (341.9738,288.2176,7.386533) (-0.8425195,0.5566416,0.6483513) (52.76111,298.8636,16.10601)
compute 0.0330819315901508(-0.952558755874634,0.00857407134026289,0.857524812221527) (-0.9524559,0.008772415,0.8572809) (341.935,288.1925,7.324214) (-0.8424388,0.5566173,0.6484113) (52.72212,298.7114,15.98215)
compute 0.0249831270390165(-0.952650487422943,0.00851576682180166,0.857749760150909) (-0.9525588,0.008574071,0.8575248) (341.8985,288.1722,7.263746) (-0.8428493,0.5566608,0.6485445) (52.75,298.6877,15.9576)
compute 0.0235561013969507(-0.952691614627838,0.00856626778841019,0.857976138591766) (-0.9526505,0.008515767,0.8577498) (341.868,288.1603,7.205052) (-0.8428243,0.5567195,0.6485193) (52.7114,298.8447,15.98709)
compute 0.0276676372085528(-0.952770471572876,0.0084622772410512,0.858220100402832) (-0.9526916,0.008566268,0.8579761) (341.8626,288.1577,7.197286) (-0.8428959,0.5566632,0.649064) (52.70543,298.899,15.98051)
compute 0.0694591142143078(-0.952668190002441,0.00913862138986588,0.858340740203857) (-0.9527705,0.008462277,0.8582201) (341.8647,288.1609,7.196241) (-0.843078,0.5568002,0.6494333) (52.82795,298.9154,16.12319)
compute 0.0894426706251419(-0.952470600605011,0.0100109344348311,0.858345985412598) (-0.9526682,0.009138621,0.8583407) (341.87,288.1689,7.19146) (-0.8430733,0.5566883,0.6501839) (52.67997,299.1236,16.10273)
compute 0.0265645801411354(-0.952332317829132,0.0098136980086565,0.858457982540131) (-0.9524706,0.01001093,0.858346) (341.8758,288.1809,7.181139) (-0.8433921,0.5567678,0.6506918) (52.78641,299.2487,16.23187)
compute 0.0220093866254636(-0.952210128307343,0.00967901106923819,0.858581960201263) (-0.9523323,0.009813698,0.858458) (341.8866,288.2007,7.154616) (-0.8434892,0.5568168,0.6511938) (52.91396,299.5021,16.23225)
compute 0.0212010492560051(-0.952117383480072,0.00972712878137827,0.858766436576843) (-0.9522101,0.009679011,0.858582) (341.8911,288.2098,7.138396) (-0.8433233,0.5566785,0.6514928) (52.76066,299.7083,16.26897)
compute 0.0286000485198529(-0.952168762683868,0.00972435716539621,0.859047770500183) (-0.9521174,0.009727129,0.8587664) (341.8924,288.2122,7.133373) (-0.8431838,0.5566905,0.6515692) (52.63039,299.5251,16.22021)
compute 0.0390372341431974(-0.95229971408844,0.00961736869066954,0.859399616718292) (-0.9521688,0.009724357,0.8590478) (341.8928,288.2126,7.133209) (-0.843304,0.5568987,0.6509224) (52.75792,299.3163,16.19069)
compute 0.0390732113600482(-0.952354073524475,0.00964244548231363,0.859785735607147) (-0.9522997,0.009617369,0.8593996) (341.8918,288.2117,7.13307) (-0.8433545,0.5569243,0.6504121) (52.78101,299.4015,16.18121)
compute 0.0734035155843223(-0.952346801757813,0.00959170237183571,0.860517978668213) (-0.9523541,0.009642445,0.8597857) (341.8934,288.2129,7.132217) (-0.8435631,0.5570546,0.6500878) (52.8628,299.782,16.38996)
compute 0.0718002320100519(-0.952257513999939,0.00957428012043238,0.861230194568634) (-0.9523468,0.009591702,0.860518) (341.893,288.2125,7.132299) (-0.843607,0.5570011,0.6499328) (52.79535,299.6507,16.4045)
compute 0.0486712952658139(-0.952127814292908,0.00961615517735481,0.861697435379028) (-0.9522575,0.00957428,0.8612302) (341.8932,288.2126,7.132193) (-0.8438901,0.5571629,0.6494526) (52.9535,299.472,16.33891)
compute 0.0359479357879757(-0.952023565769196,0.00985080283135176,0.861949026584625) (-0.9521278,0.009616155,0.8616974) (341.8917,288.2111,7.132312) (-0.8440806,0.5571763,0.6492383) (52.92732,299.4612,16.26351)
compute 0.0509509923268082(-0.951920747756958,0.0102779446169734,0.862207055091858) (-0.9520236,0.009850803,0.861949) (341.8927,288.2116,7.131973) (-0.8441586,0.5571338,0.6487138) (52.86019,299.6472,16.36369)
compute 0.154046800736421(-0.951740801334381,0.0117979617789388,0.862380862236023) (-0.9519207,0.01027794,0.8622071) (341.8918,288.2106,7.131981) (-0.8445237,0.5572467,0.6487926) (52.89144,299.6942,16.5315)
compute 0.068069858241399(-0.951588153839111,0.0124538764357567,0.862479984760284) (-0.9517408,0.01179796,0.8623809) (341.891,288.2097,7.132018) (-0.844802,0.5571861,0.6490726) (52.903,299.3307,16.29002)
compute 0.0173855364363201(-0.951575517654419,0.0123636275529861,0.862628042697906) (-0.9515882,0.01245388,0.86248) (341.8903,288.209,7.132145) (-0.8455912,0.5576699,0.6490931) (52.85981,299.2902,16.28437)
compute 0.0352455398693733(-0.951613068580627,0.0120820356532931,0.86283665895462) (-0.9515755,0.01236363,0.862628) (341.8896,288.2083,7.132095) (-0.8460333,0.557804,0.6489865) (52.88628,299.4294,16.42547)
compute 0.0395766702525213(-0.951582729816437,0.0117757441475987,0.863085448741913) (-0.9516131,0.01208204,0.8628367) (341.8908,288.2093,7.131672) (-0.8465583,0.5578867,0.6490049) (52.98986,299.5027,16.52914)
compute 0.0176876486980074(-0.951517343521118,0.0116815948858857,0.863220155239105) (-0.9515827,0.01177574,0.8630854) (341.8918,288.2097,7.131639) (-0.8469694,0.558041,0.6489648) (53.19322,299.6561,16.5872)
compute 0.012683866118471(-0.951437294483185,0.0117447301745415,0.86314469575882) (-0.9515173,0.01168159,0.8632202) (341.9112,288.2185,7.131263) (-0.8469213,0.5579426,0.6488945) (53.11717,299.7001,16.63144)
compute 0.0328167634428533(-0.951483368873596,0.0119289802387357,0.862877070903778) (-0.9514373,0.01174473,0.8631447) (341.927,288.223,7.140249) (-0.8470303,0.5576861,0.6487826) (53.24897,299.8968,16.72496)
compute 0.0320738896973198(-0.951581418514252,0.0121105946600437,0.862631559371948) (-0.9514834,0.01192898,0.8628771) (341.933,288.2248,7.138249) (-0.8469949,0.5573059,0.6490149) (53.26139,300.1394,16.83378)
compute 0.0431776698569638(-0.951754868030548,0.0123356878757477,0.862306475639343) (-0.9515814,0.01211059,0.8626316) (341.9369,288.2252,7.136381) (-0.8467836,0.5571177,0.6493292) (53.23479,300.0804,16.5847)
compute 0.0424573698040892(-0.951982378959656,0.0125244306400418,0.862001717090607) (-0.9517549,0.01233569,0.8623065) (341.9384,288.225,7.136044) (-0.8464081,0.5570807,0.6493781) (53.15588,300.0905,16.53014)
compute 0.041181553721179(-0.952183246612549,0.0127646075561643,0.861734211444855) (-0.9519824,0.01252443,0.8620017) (341.9415,288.2261,7.136119) (-0.8462263,0.5570267,0.6494509) (53.10409,299.9511,16.55351)
compute 0.0346868937038859(-0.952370941638947,0.0130274882540107,0.861607789993286) (-0.9521832,0.01276461,0.8617342) (341.9425,288.2242,7.137814) (-0.8458287,0.5568701,0.6493621) (53.11643,299.5987,16.4157)
compute 0.0278467831331206(-0.952627956867218,0.0130650717765093,0.861708164215088) (-0.9523709,0.01302749,0.8616078) (341.9456,288.222,7.140286) (-0.8455122,0.5566908,0.6487215) (52.972,299.4243,16.19958)
compute 0.0496212580290607(-0.952924847602844,0.012906352058053,0.862072706222534) (-0.952628,0.01306507,0.8617082) (341.9506,288.221,7.14305) (-0.8452969,0.5567319,0.6482841) (53.02193,299.356,16.13327)
compute 0.0538625001762038(-0.953151345252991,0.0128273591399193,0.862554967403412) (-0.9529248,0.01290635,0.8620727) (341.9577,288.2122,7.158302) (-0.8450813,0.5567596,0.6479498) (53.07877,299.1033,15.96714)
compute 0.0546464242967146(-0.953326463699341,0.0126074505969882,0.863023579120636) (-0.9531513,0.01282736,0.862555) (341.9695,288.2048,7.175138) (-0.8446307,0.5567036,0.6476364) (53.07319,298.9557,15.75772)
compute 0.0471327986934936(-0.953444302082062,0.0124122882261872,0.863436102867126) (-0.9533265,0.01260745,0.8630236) (341.9774,288.1971,7.187347) (-0.8443075,0.5565934,0.6475637) (52.92976,298.8789,15.70796)
compute 0.0299766622307506(-0.953534960746765,0.0122957648709416,0.863696992397308) (-0.9534443,0.01241229,0.8634361) (341.9845,288.1891,7.197991) (-0.8442559,0.5566049,0.6473686) (52.88474,299.0929,15.82578)
compute 0.0206452315156879(-0.953621208667755,0.0121456533670425,0.863809466362) (-0.953535,0.01229576,0.863697) (341.9874,288.1858,7.2006) (-0.8443049,0.5566458,0.6472706) (52.96265,299.239,15.85724)
compute 0.0183198244928807(-0.95367044210434,0.0119693232700229,0.86380273103714) (-0.9536212,0.01214565,0.8638095) (341.9896,288.1835,7.202245) (-0.8444079,0.5567306,0.6473092) (53.03436,299.2457,16.00492)
compute 0.0114682548921713(-0.953669190406799,0.011883077211678,0.863727152347565) (-0.9536704,0.01196932,0.8638027) (341.9925,288.183,7.202614) (-0.8444307,0.556699,0.64757) (53.12032,299.0359,15.99503)
compute 0.0138152629294183(-0.953708052635193,0.0117529574781656,0.86370176076889) (-0.9536692,0.01188308,0.8637272) (341.9951,288.1818,7.202539) (-0.8442033,0.556477,0.6475786) (52.93551,298.8608,15.82792)
compute 0.0133288231976624(-0.953679502010345,0.0116453263908625,0.863775014877319) (-0.9537081,0.01175296,0.8637018) (342.0005,288.1815,7.201199) (-0.8442363,0.556462,0.647833) (52.97814,298.5898,15.69513)
compute 0.0356801403921291(-0.953564882278442,0.0113447336480021,0.863929331302643) (-0.9536795,0.01164533,0.863775) (342.0151,288.1833,7.186767) (-0.8442637,0.5563867,0.6480345) (53.01137,298.3564,15.41008)
compute 0.0356815423267585(-0.953311562538147,0.0111496299505234,0.864087700843811) (-0.9535649,0.01134473,0.8639293) (342.0583,288.1926,7.133244) (-0.844394,0.5564994,0.6477056) (53.0432,298.7579,15.73162)
compute 0.0466378439562806(-0.95285564661026,0.0111800581216812,0.864181101322174) (-0.9533116,0.01114963,0.8640877) (342.0862,288.1966,7.098789) (-0.8443998,0.5564851,0.6476606) (53.01307,298.7863,15.82572)
compute 0.0352029003109602(-0.952512979507446,0.0111652500927448,0.864260375499725) (-0.9528556,0.01118006,0.8641811) (342.0929,288.1955,7.094495) (-0.8443756,0.5564874,0.6472332) (53.01211,298.4344,15.65515)
compute 0.0216207734634227(-0.952333152294159,0.0111480336636305,0.864379167556763) (-0.952513,0.01116525,0.8642604) (342.0975,288.1962,7.094222) (-0.8444893,0.5566435,0.6461133) (53.14477,298.2034,15.50269)
compute 0.0310094922752295(-0.952165305614471,0.0113320630043745,0.864563882350922) (-0.9523332,0.01114803,0.8643792) (342.0992,288.1943,7.095023) (-0.8446363,0.5566664,0.6446677) (53.10463,297.8539,15.29361)
compute 0.0302326293749249(-0.952016592025757,0.0113902157172561,0.864820599555969) (-0.9521653,0.01133206,0.8645639) (342.1053,288.1946,7.096776) (-0.845129,0.5567196,0.6443232) (53.16245,298.0566,15.61089)
compute 0.0433692170607157(-0.951787054538727,0.0115543883293867,0.865149915218353) (-0.9520166,0.01139022,0.8648206) (342.1103,288.193,7.099071) (-0.8456197,0.5564058,0.6441052) (53.198,298.3013,15.82952)
compute 0.0513566810919672(-0.9515221118927,0.0119010405614972,0.865420818328857) (-0.9517871,0.01155439,0.8651499) (342.1182,288.1911,7.104316) (-0.8458571,0.556039,0.6439579) (53.21208,298.3389,15.53164)
compute 0.0268309217033805(-0.951412081718445,0.0120559660717845,0.865610241889954) (-0.9515221,0.01190104,0.8654208) (342.1275,288.1902,7.110914) (-0.8463422,0.5559186,0.6438382) (53.16897,298.4539,15.38542)
compute 0.0171349102481957(-0.951389670372009,0.0122253224253654,0.865623533725739) (-0.9514121,0.01205597,0.8656102) (342.1474,288.1905,7.137829) (-0.8466562,0.5560968,0.6440257) (53.27414,298.4971,15.622)
compute 0.0148753912710402(-0.95150363445282,0.0121680274605751,0.865547001361847) (-0.9513897,0.01222532,0.8656235) (342.1702,288.1914,7.172367) (-0.8466644,0.5560431,0.6443934) (53.35127,298.1091,15.3374)
compute 0.0201878852263717(-0.951656460762024,0.0122736776247621,0.86546802520752) (-0.9515036,0.01216803,0.865547) (342.1794,288.1927,7.184945) (-0.8465628,0.555956,0.6443387) (53.29306,297.9706,15.23997)
compute 0.0208840893255506(-0.951731562614441,0.0124676637351513,0.865449488162994) (-0.9516565,0.01227368,0.865468) (342.1899,288.1956,7.203028) (-0.8466659,0.5560279,0.6440757) (53.33186,298.2324,15.43101)
compute 0.0155214744376218(-0.951875388622284,0.0124135361984372,0.865471303462982) (-0.9517316,0.01246766,0.8654495) (342.204,288.1988,7.232993) (-0.8465326,0.5559282,0.6442394) (53.30375,298.1324,15.28261)
compute 0.0246772842873313(-0.952064275741577,0.0122570348903537,0.865498244762421) (-0.9518754,0.01241354,0.8654713) (342.2135,288.2008,7.255922) (-0.8464543,0.555873,0.6444199) (53.2997,297.9438,15.12587)
compute 0.0267082775955119(-0.952227175235748,0.0120475590229034,0.865467965602875) (-0.9520643,0.01225703,0.8654982) (342.2217,288.2033,7.274165) (-0.8464013,0.5558865,0.6444154) (53.28996,297.9809,15.10353)
compute 0.0212023621461676(-0.952339828014374,0.0118796201422811,0.86540424823761) (-0.9522272,0.01204756,0.865468) (342.2296,288.2079,7.289732) (-0.8463085,0.5559207,0.6448156) (53.3182,298.0008,15.19899)
compute 0.034792247178959(-0.95248681306839,0.0115679604932666,0.865356147289276) (-0.9523398,0.01187962,0.8654042) (342.2405,288.2155,7.31472) (-0.8460801,0.5558521,0.6450483) (53.22027,297.9549,15.21902)
compute 0.0211136156234546(-0.952528178691864,0.0113664818927646,0.865308463573456) (-0.9524868,0.01156796,0.8653561) (342.2492,288.2244,7.332526) (-0.8458954,0.5557379,0.6454781) (53.1793,298.0014,15.19174)
compute 0.0178589100677225(-0.9524906873703,0.011243948712945,0.86518406867981) (-0.9525282,0.01136648,0.8653085) (342.2595,288.2382,7.349037) (-0.8458959,0.5557879,0.6460132) (53.35329,298.3247,15.48818)
compute 0.0178397047661025(-0.952375471591949,0.0111789405345917,0.865064382553101) (-0.9524907,0.01124395,0.8651841) (342.2703,288.2538,7.35563) (-0.8454522,0.5549322,0.6463911) (53.40251,298.566,15.62756)
compute 0.0117144250373676(-0.952351868152618,0.0112533066421747,0.86497700214386) (-0.9523755,0.01117894,0.8650644) (342.2784,288.2664,7.359374) (-0.8452063,0.5547649,0.6464443) (53.27652,298.6747,15.64547)
compute 0.00961116103662646(-0.952438771724701,0.011217606253922,0.864997267723084) (-0.9523519,0.01125331,0.864977) (342.287,288.2793,7.365442) (-0.8447674,0.5544881,0.6464294) (52.96878,298.4787,15.34665)
compute 0.0134104633856016(-0.952423930168152,0.0113508179783821,0.865001559257507) (-0.9524388,0.01121761,0.8649973) (342.2986,288.2935,7.38771) (-0.8446904,0.5548577,0.64606) (52.54342,298.0016,14.80344)
compute 0.0198794212145911(-0.952253460884094,0.0113684944808483,0.865102291107178) (-0.9524239,0.01135082,0.8650016) (342.3156,288.3123,7.445255) (-0.8479199,0.5581714,0.6436486) (51.11875,297.4008,14.08735)
compute 0.128472530265176(-0.951619863510132,0.010454379953444,0.865745306015015) (-0.9522535,0.01136849,0.8651023) (342.3319,288.33,7.495429) (-0.8578679,0.5731845,0.6418723) (45.97574,296.0529,12.71877)
compute 0.245981296141957(-0.950739741325378,0.00843637529760599,0.866842448711395) (-0.9516199,0.01045438,0.8657453) (342.4142,288.3949,7.540899) (-0.8696803,0.5974238,0.633791) (40.01247,292.8167,9.748027)
compute 0.350576925757358(-0.949703335762024,0.0100597385317087,0.863913118839264) (-0.9507397,0.008436375,0.8668424) (340.7856,286.067,6.988771) (-0.879204,0.6232099,0.6209342) (34.23718,289.5332,6.631939)
compute 2.12783940243493(-0.947967231273651,0.0275831893086433,0.851968050003052) (-0.9497033,0.01005974,0.8639131) (331.8061,281.1209,8.134975) (-0.8857488,0.6397102,0.6069577) (29.49118,287.5499,4.528785)
compute 3.9314514467827(-0.953984320163727,0.0647869929671288,0.840774178504944) (-0.9479672,0.02758319,0.8519681) (326.7513,282.0923,6.788205) (-0.8906473,0.6495293,0.5922627) (26.53588,286.6689,3.682878)
compute 5.17922629932727(-0.962885499000549,0.11431035399437,0.82850044965744) (-0.9539843,0.06478699,0.8407742) (326.2364,291.7098,350.6759) (-0.8977842,0.657741,0.5792449) (25.09071,286.6657,2.814086)
compute 7.75184288467239(-0.973420381546021,0.186165884137154,0.801391303539276) (-0.9628855,0.1143104,0.8285004) (327.6279,288.5857,341.414) (-0.9089253,0.6744498,0.5621185) (25.30579,288.6964,2.428075)
compute 10.420373806958(-0.969897150993347,0.280846357345581,0.758013725280762) (-0.9734204,0.1861659,0.8013913) (312.3431,275.4828,333.1475) (-0.9135278,0.7021254,0.5484642) (28.84192,290.3568,4.302678)
compute 8.3997011754462(-0.981233656406403,0.355954766273499,0.722156941890717) (-0.9698972,0.2808464,0.7580137) (323.6708,278.127,331.0587) (-0.9130257,0.7520667,0.5344) (30.63761,289.1024,5.338664)
compute 6.63854963393689(-0.979298949241638,0.416874378919601,0.695849299430847) (-0.9812337,0.3559548,0.7221569) (324.3644,275.6775,325.4532) (-0.9093021,0.7950615,0.5330036) (30.81721,288.0387,5.567469)
compute 8.19158866016678(-0.970358610153198,0.489648520946503,0.659322500228882) (-0.9792989,0.4168744,0.6958493) (336.9963,263.4566,312.6347) (-0.8996431,0.8768045,0.539336) (29.82437,285.8213,3.690901)
compute 6.4072313869998(-0.948955774307251,0.548952341079712,0.647910356521606) (-0.9703586,0.4896485,0.6593225) (335.545,264.4081,309.5018) (-0.8866305,0.9477592,0.5475332) (26.86337,284.0817,2.163842)
compute 6.78047250381049(-0.91943633556366,0.608780980110168,0.635801792144775) (-0.9489558,0.5489523,0.6479104) (332.8897,260.2221,317.8388) (-0.8669805,1.027322,0.556805) (21.82054,282.218,1.344084)
compute 5.40889241193871(-0.891599476337433,0.654881060123444,0.630751669406891) (-0.9194363,0.608781,0.6358018) (336.2615,257.7726,323.3681) (-0.8348567,1.110664,0.5663831) (14.05268,280.4709,0.8125559)
compute 7.29575751755989(-0.855227589607239,0.717786431312561,0.624208867549896) (-0.8915995,0.6548811,0.6307517) (330.3707,248.622,330.7444) (-0.8009633,1.189568,0.5679757) (6.134997,277.1839,0.7567963)
compute 6.50480897369297(-0.819200575351715,0.77132785320282,0.616046488285065) (-0.8552276,0.7177864,0.6242089) (325.3955,238.1329,334.1175) (-0.7616138,1.251362,0.5547006) (358.3321,271.4301,0.3933144)
compute 3.96866900396924(-0.795170962810516,0.797373712062836,0.598179638385773) (-0.8192006,0.7713279,0.6160465) (326.8837,232.2227,334.3839) (-0.7267226,1.286681,0.5293851) (351.9927,264.7893,0.3957013)
compute 3.36847362783908(-0.778990685939789,0.810633420944214,0.571778118610382) (-0.795171,0.7973737,0.5981796) (327.4385,229.0104,336.0391) (-0.6894066,1.30322,0.5038543) (347.7834,259.7635,0.1352711)
compute 4.74249882990728(-0.772245466709137,0.818042874336243,0.52542370557785) (-0.7789907,0.8106334,0.5717781) (326.7045,225.6447,336.4459) (-0.658735,1.310448,0.451961) (344.4493,255.6808,359.3441)
compute 3.84686489444435(-0.775701820850372,0.822103559970856,0.487326443195343) (-0.7722455,0.8180429,0.5254237) (325.7294,225.7213,336.3671) (-0.6441096,1.307536,0.4042053) (340.9463,253.6345,358.8765)
compute 5.14204770096184(-0.775089979171753,0.825846672058105,0.436046034097672) (-0.7757018,0.8221036,0.4873264) (322.3223,223.7434,337.2727) (-0.6353754,1.297791,0.3526087) (338.6411,252.9655,358.1232)
compute 6.68053823568188(-0.7574063539505,0.828717768192291,0.37168762087822) (-0.77509,0.8258467,0.436046) (321.5539,219.2233,338.6062) (-0.6304768,1.300726,0.3040001) (338.4034,251.985,358.421)
compute 5.32445307871629(-0.750021874904633,0.853660821914673,0.325230181217194) (-0.7574064,0.8287178,0.3716876) (318.0066,218.9098,335.5091) (-0.6264797,1.316685,0.2684819) (338.8548,248.6791,0.2829192)
compute 4.36076924132423(-0.742054402828217,0.859388649463654,0.282740861177444) (-0.7500219,0.8536608,0.3252302) (320.1753,216.9,332.8633) (-0.6227658,1.31961,0.2363576) (339.7867,244.5752,0.9910547)
compute 3.83022332105193(-0.740424513816834,0.867964446544647,0.245446622371674) (-0.7420544,0.8593886,0.2827409) (321.354,219.4132,321.6648) (-0.6132751,1.3172,0.2002919) (342.3758,237.9014,5.349129)
compute 2.82221478035665(-0.728757381439209,0.861169338226318,0.22066368162632) (-0.7404245,0.8679644,0.2454466) (324.3526,211.9951,322.1228) (-0.6012076,1.303141,0.1787673) (347.648,230.5371,10.35712)
compute 2.82473545087661(-0.719688951969147,0.846213281154633,0.198482766747475) (-0.7287574,0.8611693,0.2206637) (325.5493,203.0976,327.4645) (-0.5924094,1.292165,0.1643125) (351.9585,223.3338,12.82251)
compute 5.85099387020265(-0.726957857608795,0.897222459316254,0.170758411288261) (-0.719689,0.8462133,0.1984828) (324.9362,201.3321,325.6473) (-0.5982926,1.291306,0.1606681) (353.735,216.5724,13.93167)
compute 4.98120982191758(-0.773293495178223,0.884535074234009,0.157594665884972) (-0.7269579,0.8972225,0.1707584) (325.2083,202.871,323.7202) (-0.6052807,1.30612,0.1629861) (349.4812,215.0381,11.15518)
compute 13.209931747008(-0.875520706176758,0.800948679447174,0.153969496488571) (-0.7732935,0.8845351,0.1575947) (327.1505,204.0377,318.1323) (-0.6245556,1.327441,0.1635425) (335.2424,212.7237,10.05781)
compute 1.91330237046847(-0.883378386497498,0.798275828361511,0.136730432510376) (-0.8755207,0.8009487,0.1539695) (326.3288,200.2504,318.5388) (-0.6611343,1.349261,0.1533691) (312.1499,206.8085,12.78963)
compute 11.1996088203764(-0.957916021347046,0.792473435401917,0.0533422008156776) (-0.8833784,0.7982758,0.1367304) (326.7492,198.1612,318.039) (-0.6949917,1.354903,0.1278593) (282.1581,191.5407,22.43498)
compute 4.79608492176261(-1.00080513954163,0.801289319992065,0.0337706208229065) (-0.957916,0.7924734,0.0533422) (326.0771,196.3512,319.159) (-0.7105529,1.353444,0.1315877) (283.4543,199.5249,16.79011)
compute 3.49013450143006(-1.03532457351685,0.801904320716858,0.0286584366112947) (-1.000805,0.8012893,0.03377062) (327.1436,197.3826,320.7227) (-0.7313111,1.35609,0.1179088) (275.5142,175.4789,43.60867)
compute 2.89836586994527(-1.06363272666931,0.803194522857666,0.0225726887583733) (-1.035325,0.8019043,0.02865844) (329.6958,198.7453,321.8837) (-0.7426062,1.36203,0.1048034) (272.6044,143.9284,78.91766)
compute 2.62353764218217(-1.08926641941071,0.808214724063873,0.0250234827399254) (-1.063633,0.8031945,0.02257269) (331.1706,204.7349,321.9519) (-0.7450249,1.365244,0.09042736) (271.9743,135.1678,92.45767)
compute 2.1099876843053(-1.10468935966492,0.812241196632385,0.0388482883572578) (-1.089266,0.8082147,0.02502348) (331.3281,212.6523,320.6068) (-0.7422002,1.361663,0.06820709) (271.2825,85.61407,148.5206)
compute 3.27944103340004(-1.11094236373901,0.811160564422607,0.0710228979587555) (-1.104689,0.8122412,0.03884829) (331.9759,221.5291,321.4676) (-0.7368948,1.363196,0.04371475) (270.422,181.0669,62.72775)
compute 3.91718460635882(-1.10828614234924,0.816098093986511,0.109791427850723) (-1.110942,0.8111606,0.0710229) (331.2834,233.9865,316.7206) (-0.7350021,1.369176,0.03347178) (271.5149,163.4121,91.52232)
compute 4.76692353724492(-1.09939432144165,0.82577383518219,0.155613601207733) (-1.108286,0.8160981,0.1097914) (331.5797,240.1397,316.7146) (-0.7509712,1.377877,0.03299082) (271.5899,112.7569,152.092)
compute 5.97854242971725(-1.08418881893158,0.832058191299438,0.213090524077415) (-1.099394,0.8257738,0.1556136) (331.1716,247.1905,318.4699) (-0.7535258,1.381813,0.04506808) (272.4259,91.21268,184.9489)
compute 8.74441316291125(-1.04907095432281,0.833706736564636,0.293156087398529) (-1.084189,0.8320582,0.2130905) (330.6468,257.0296,317.4926) (-0.7494858,1.38051,0.08628674) (273.7097,82.40473,207.3246)
compute 10.4448361211913(-0.998486399650574,0.834010422229767,0.384537547826767) (-1.049071,0.8337067,0.2931561) (331.8562,268.5062,317.8864) (-0.7489661,1.375896,0.126581) (274.8449,66.93192,234.823)
compute 9.28157244445297(-0.932897210121155,0.833776414394379,0.45020917057991) (-0.9984864,0.8340104,0.3845375) (331.835,279.1383,319.8337) (-0.7378265,1.380105,0.1507441) (276.488,74.74712,235.6275)
compute 6.98348073596067(-0.882434844970703,0.842069745063782,0.497766196727753) (-0.9328972,0.8337764,0.4502092) (334.368,289.4032,322.5679) (-0.7288263,1.388395,0.1686934) (278.4036,95.10471,219.9536)
compute 3.87431105370754(-0.858543634414673,0.845662713050842,0.528053641319275) (-0.8824348,0.8420697,0.4977662) (342.052,297.7565,325.0391) (-0.7295493,1.388631,0.1815664) (279.5799,97.36016,219.2906)
compute 2.38142927926713(-0.852178871631622,0.847411394119263,0.550934910774231) (-0.8585436,0.8456627,0.5280536) (353.3055,303.9497,331.8743) (-0.7288985,1.395074,0.1970504) (280.5879,125.8992,188.1557)
Average= 2.0675449049332
Max= 13.209931747008
Standard Deviation= 9.25810772644897
Right: 1    Wrong: 4
0
