yellow 326.0376 332.1378 14.56478 (0.2216886,5,0.7) (0.2216886,1.582466,0.7)
yellow 326.5372 332.6045 13.73878 (-0.09644878,5,0.7) (-0.09644878,1.360029,0.7)
blue 327.0374 333.56 11.25786 (-0.2934188,5,0.7) (-0.2934188,0.07829332,0.7)
purple 326.5372 333.56 12.02035 (-0.4903303,5,0.7) (-0.4903303,0.07758427,0.7)
purple 327.5355 334.36 11.7218 (0.8251793,5,0.7) (0.8251793,0.08000776,0.7)
yellow 327.0374 334.4711 16.236 (-0.6174555,5,0.7) (-0.6174555,1.3384,0.7)
purple 327.0374 334.5045 12.69265 (0.5966992,5,0.7) (0.5966992,0.08053373,0.7)
purple 326.0376 334.7489 14.50254 (0.6690698,5,0.7) (0.6690698,0.08356829,0.7)
yellow 327.5355 335.1156 16.78345 (-0.1585277,5,0.7) (-0.1585277,1.414515,0.7)
blue 327.5355 335.5822 13.54092 (-0.4097902,5,0.7) (-0.4097902,0.08064312,0.7)
blue 329.0328 335.6378 11.3781 (-0.984581,5,0.7) (-0.984581,0.07844843,0.7)
yellow 329.531 335.8822 14.88659 (-0.2631603,5,0.7) (-0.2631603,1.535375,0.7)
yellow 330.0299 336.0822 13.79419 (-0.3833293,5,0.7) (-0.3833293,1.39049,0.7)
blue 328.5347 336.36 13.2161 (-0.8187978,5,0.7) (-0.8187978,0.08021183,0.7)
blue 326.0376 336.4044 16.76789 (0.6076899,5,0.7) (0.6076899,0.08280167,0.7)
blue 329.531 336.76 12.32449 (0.7376063,5,0.7) (0.7376063,0.07899184,0.7)
blue 328.0346 337.0267 14.89027 (0.8440611,5,0.7) (0.8440611,0.0824582,0.7)
blue 330.5302 337.1933 11.46301 (0.7761652,5,0.7) (0.7761652,0.07822108,0.7)
purple 328.0346 337.2489 15.20263 (0.2643981,5,0.7) (0.2643981,0.08358389,0.7)
yellow 332.0377 337.5711 13.31218 (0.1848179,5,0.7) (0.1848179,1.558728,0.7)
blue 326.5372 337.6378 17.72041 (-0.1254104,5,0.7) (-0.1254104,0.08012785,0.7)
yellow 328.0346 337.6489 15.74331 (0.2258385,5,0.7) (0.2258385,0.07992104,0.7)
yellow 329.0328 337.7044 14.43257 (0.7608523,5,0.7) (0.7608523,0.08068059,0.7)
purple 328.5347 337.9711 15.5105 (-0.7589068,5,0.7) (-0.7589068,0.08397658,0.7)
purple 331.0294 338.2044 12.23304 (0.09741843,5,0.7) (0.09741843,0.07527035,0.7)
purple 329.0328 338.6045 15.68506 (0.6503606,5,0.7) (0.6503606,0.08084318,0.7)
blue 331.0294 338.6156 12.84716 (-0.7105498,5,0.7) (-0.7105498,0.07607084,0.7)
yellow 330.5302 338.7711 13.80593 (0.5437315,5,0.7) (0.5437315,0.07733664,0.7)
purple 332.5278 338.86 10.95003 (0.8844621,5,0.7) (0.8844621,0.07947341,0.7)
yellow 328.5347 338.8822 16.73275 (0.3098347,5,0.7) (0.3098347,0.08076268,0.7)
yellow 331.5287 338.9711 16.16125 (-0.5211296,5,0.7) (-0.5211296,1.317899,0.7)
blue 334.0351 339.8378 10.12624 (-0.1380652,5,0.7) (-0.1380652,0.07914516,0.7)
purple 330.5302 340.1489 15.74522 (0.9570651,5,0.7) (0.9570651,0.08069369,0.7)
purple 329.531 340.2822 17.2591 (0.3088879,5,0.7) (0.3088879,0.08046529,0.7)
blue 333.5346 340.6822 12.20858 (0.3825578,5,0.7) (0.3825578,0.07937357,0.7)
purple 332.0377 340.7044 14.43685 (-0.7919521,5,0.7) (-0.7919521,0.08239394,0.7)
purple 335.0335 340.9711 10.33037 (-0.04123914,5,0.7) (-0.04123914,0.07497822,0.7)
yellow 331.0294 340.9822 16.20505 (-0.2986997,5,0.7) (-0.2986997,0.08354717,0.7)
purple 330.0299 341.2822 17.91826 (-0.4048146,5,0.7) (-0.4048146,0.08421864,0.7)
yellow 333.5346 341.4489 13.3432 (-0.861809,5,0.7) (-0.861809,0.07903509,0.7)
purple 335.5315 341.56 10.47764 (0.9538705,5,0.7) (0.9538705,0.07851219,0.7)
yellow 334.5355 341.9378 16.66277 (0.06275475,5,0.7) (0.06275475,1.468084,0.7)
blue 330.0299 342.0378 18.8663 (-0.04088342,5,0.7) (-0.04088342,0.08096102,0.7)
purple 334.0351 342.1045 17.44601 (0.1034445,5,0.7) (0.1034445,1.35919,0.7)
purple 333.5346 342.9822 15.51592 (0.01074874,5,0.7) (0.01074874,0.08026424,0.7)
yellow 332.5278 343.0711 16.98795 (0.8422849,5,0.7) (0.8422849,0.08266588,0.7)
blue 332.0377 343.2933 17.92782 (0.1177491,5,0.7) (0.1177491,0.08258591,0.7)
yellow 333.0269 343.4378 16.81187 (-0.9827468,5,0.7) (-0.9827468,0.08272171,0.7)
yellow 334.0351 343.8044 15.96583 (0.8122869,5,0.7) (0.8122869,0.08397686,0.7)
purple 331.5287 343.8933 19.31096 (0.1539308,5,0.7) (0.1539308,0.08191781,0.7)
blue 332.5278 343.9156 18.08721 (-0.9077537,5,0.7) (-0.9077537,0.08351014,0.7)
blue 331.5287 343.9156 19.34151 (-0.5666203,5,0.7) (-0.5666203,0.08293307,0.7)
yellow 335.5315 344.1711 14.38497 (0.5770299,5,0.7) (0.5770299,0.08052008,0.7)
purple 333.0269 344.2156 17.834 (0.8721228,5,0.7) (0.8721228,0.08474202,0.7)
blue 333.0269 344.3044 17.94686 (-0.6265676,5,0.7) (-0.6265676,0.08423852,0.7)
yellow 335.0335 344.5711 15.64499 (-0.8224001,5,0.7) (-0.8224001,0.08299917,0.7)
blue 334.5355 345.0378 16.94325 (0.8634024,5,0.7) (0.8634024,0.08238341,0.7)
blue 335.0335 347.2156 19.0897 (-0.3058249,5,0.7) (-0.3058249,0.08155848,0.7)
purple 334.5355 347.2489 19.75099 (-0.3755347,5,0.7) (-0.3755347,0.0831255,0.7)
blue 335.5315 347.3267 18.60065 (-0.507571,5,0.7) (-0.507571,0.08073029,0.7)
0
