compute 19.6075595650196(0.168055012822151,1.03436100482941,0.235362678766251) (0.2524166,1.065379,0.4096229) (277.4128,212.6214,210.8951) (-0.008565113,1.218586,0.08061142) (336.1592,354.2914,359.2919)
compute 0.205999984929661(0.168454721570015,1.03437423706055,0.233341872692108) (0.168055,1.034361,0.2353627) (277.429,213.2896,210.5574) (-0.009104703,1.218357,0.08100305) (335.9986,354.644,359.3408)
compute 0.0956431204444(0.168840616941452,1.03438091278076,0.232466772198677) (0.1684547,1.034374,0.2333419) (277.4665,213.8424,210.468) (-0.009711377,1.218317,0.0820144) (335.9629,354.6445,359.5565)
compute 0.032866964849827(0.169165104627609,1.0343542098999,0.232421845197678) (0.1688406,1.034381,0.2324668) (277.4721,215.1726,209.395) (-0.01031588,1.218133,0.08297323) (335.8353,354.7088,359.7166)
compute 0.0274801430139509(0.169410362839699,1.03424680233002,0.232483714818954) (0.1691651,1.034354,0.2324218) (277.6352,216.0737,208.6257) (-0.01079886,1.218651,0.08346833) (335.0413,355.0451,359.9302)
compute 0.0496978216476145(0.169737368822098,1.03399038314819,0.232756301760674) (0.1694104,1.034247,0.2324837) (277.7918,216.5589,208.2304) (-0.01063496,1.218782,0.08442252) (335.1705,354.8951,359.82)
compute 0.0859844222164621(0.169901177287102,1.03378975391388,0.233576208353043) (0.1697374,1.03399,0.2327563) (277.8606,217.4155,207.5457) (-0.01130965,1.218393,0.08595945) (334.8842,354.8957,0.03087043)
compute 0.216923413774361(0.169943287968636,1.03337967395782,0.23570591211319) (0.1699012,1.03379,0.2335762) (277.8655,217.4797,207.4908) (-0.01404737,1.218245,0.08682461) (334.3249,354.3324,0.1904871)
compute 0.369774540917633(0.168251812458038,1.03303170204163,0.238975644111633) (0.1699433,1.03338,0.2357059) (278.0724,216.0482,208.9096) (-0.01519023,1.218557,0.08779744) (334.3632,354.15,0.2007387)
compute 0.17552292626039(0.167571857571602,1.03273952007294,0.240567222237587) (0.1682518,1.033032,0.2389756) (278.3059,214.9531,209.8919) (-0.01560733,1.218215,0.08907029) (334.2478,354.5279,0.04945048)
compute 0.145081760394571(0.167006939649582,1.03242838382721,0.241866812109947) (0.1675719,1.03274,0.2405672) (278.3759,214.7624,210.0273) (-0.01593316,1.218226,0.09066893) (334.3491,354.823,0.1414676)
compute 0.0696840805378219(0.166862905025482,1.03222239017487,0.242516741156578) (0.1670069,1.032428,0.2418668) (278.376,214.7432,210.0426) (-0.0160604,1.218173,0.09188377) (334.4251,354.9413,0.06496627)
compute 0.05288325281727(0.166758373379707,1.03208434581757,0.243016421794891) (0.1668629,1.032222,0.2425167) (278.4995,214.5532,210.2231) (-0.0160363,1.218364,0.09332281) (334.6176,354.8033,0.2539641)
compute 0.100727099436596(0.166610792279243,1.03203737735748,0.244011715054512) (0.1667584,1.032084,0.2430164) (278.6268,214.3214,210.4584) (-0.01703632,1.218575,0.09514072) (334.8712,354.4646,0.3696011)
compute 0.200187753395318(0.165772631764412,1.0320645570755,0.245829477906227) (0.1666108,1.032037,0.2440117) (278.7336,214.4889,210.3191) (-0.01787023,1.21895,0.09582186) (334.2711,354.2537,0.4215113)
compute 0.241085506094841(0.164774790406227,1.03216624259949,0.24802178144455) (0.1657726,1.032065,0.2458295) (278.7574,214.6717,210.106) (-0.01829702,1.22095,0.09645111) (333.4326,354.371,0.5105239)
compute 0.710760885397668(0.164243280887604,1.03216803073883,0.255109488964081) (0.1647748,1.032166,0.2480218) (278.8414,214.8089,209.8189) (-0.01832094,1.224907,0.09410847) (330.1708,353.8801,0.9652299)
compute 0.32876966842668(0.162919327616692,1.03215146064758,0.258118778467178) (0.1642433,1.032168,0.2551095) (278.7039,217.062,207.3821) (-0.01960299,1.226572,0.09055804) (329.2954,354.0399,1.166412)
compute 0.354538526027099(0.159390226006508,1.03222393989563,0.258450359106064) (0.1629193,1.032151,0.2581188) (278.6029,218.2433,206.1497) (-0.02163794,1.227589,0.08880702) (328.6646,354.3329,0.9268669)
compute 0.0767003488995198(0.15862537920475,1.03224503993988,0.258503824472427) (0.1593902,1.032224,0.2584504) (278.6093,218.1912,206.1936) (-0.02169868,1.227526,0.08809862) (328.6,354.3366,0.929495)
compute 0.0308261757290609(0.15832482278347,1.0322265625,0.258437871932983) (0.1586254,1.032245,0.2585038) (278.735,217.644,206.6937) (-0.02211488,1.227402,0.08792464) (328.5653,354.7897,0.7257702)
compute 0.0209984969429224(0.158212244510651,1.03221452236176,0.258261024951935) (0.1583248,1.032227,0.2584379) (278.7468,217.5976,206.7369) (-0.02140329,1.227497,0.08840559) (328.6455,354.4432,0.749851)
compute 0.0389055815518015(0.1581751704216,1.03220474720001,0.257873862981796) (0.1582122,1.032215,0.258261) (279.0104,216.1684,208.1653) (-0.02144822,1.227794,0.08900271) (329.0422,354.6935,0.5297555)
compute 0.0508604578702925(0.158183798193932,1.0322824716568,0.257371306419373) (0.1581752,1.032205,0.2578739) (279.19,215.7654,208.6201) (-0.01983252,1.227887,0.09020552) (329.2437,354.5717,0.3889548)
compute 0.0338061472133508(0.158398538827896,1.03249680995941,0.257222205400467) (0.1581838,1.032282,0.2573713) (279.1744,215.9742,208.4132) (-0.01897387,1.228111,0.09070835) (329.3683,354.0339,0.5866292)
compute 0.0332517870890401(0.158484593033791,1.03277468681335,0.257383286952972) (0.1583985,1.032497,0.2572222) (279.0255,218.1525,206.1794) (-0.0187003,1.228261,0.09072905) (329.5652,353.9156,0.6370271)
compute 0.0378132048729141(0.158578425645828,1.03308629989624,0.257575839757919) (0.1584846,1.032775,0.2573833) (278.9475,219.047,205.1247) (-0.01799954,1.22801,0.09095551) (329.5219,353.6314,0.7463859)
compute 0.0523454810433563(0.158730417490005,1.0332179069519,0.258059144020081) (0.1585784,1.033086,0.2575758) (279.158,218.7584,205.1552) (-0.01782671,1.227183,0.09141472) (328.952,353.6206,0.692742)
compute 0.167912446153384(0.158853396773338,1.03315734863281,0.259732663631439) (0.1587304,1.033218,0.2580591) (279.3242,218.0165,205.6148) (-0.01729932,1.226634,0.09109745) (328.3726,353.2836,0.813563)
compute 0.169385550457758(0.158960774540901,1.03290021419525,0.261403441429138) (0.1588534,1.033157,0.2597327) (279.3958,217.8372,205.6694) (-0.01706904,1.226737,0.09046949) (328.0758,353.0576,1.072402)
compute 0.125040530712641(0.159015074372292,1.0325710773468,0.262608528137207) (0.1589608,1.0329,0.2614034) (279.6559,216.9973,206.2047) (-0.01651531,1.228779,0.08928213) (327.0219,352.4063,1.315912)
compute 0.77057653162611(0.156574741005898,1.03245830535889,0.26991680264473) (0.1590151,1.032571,0.2626085) (279.9566,217.0474,206.0495) (-0.01974294,1.233333,0.08348904) (323.6505,350.1875,1.995047)
compute 0.807413128614742(0.150258854031563,1.03226268291473,0.274943023920059) (0.1565747,1.032458,0.2699168) (280.1749,217.3723,205.6164) (-0.02056279,1.233387,0.07943976) (323.5333,349.9382,2.085681)
compute 0.181124123534768(0.148851677775383,1.03214550018311,0.27607735991478) (0.1502589,1.032263,0.274943) (280.0349,217.4961,204.9271) (-0.02082614,1.233185,0.07981282) (323.4851,349.5899,2.1188)
compute 0.271949043974941(0.146482855081558,1.03197276592255,0.277401924133301) (0.1488517,1.032146,0.2760774) (280.4741,216.8859,204.7096) (-0.02309148,1.23254,0.08050334) (323.1182,348.9601,2.343606)
compute 0.239045421780635(0.144433125853539,1.03179883956909,0.278619557619095) (0.1464829,1.031973,0.2774019) (280.8119,216.2927,204.9228) (-0.02652035,1.23171,0.08043057) (322.4951,348.6337,2.659111)
compute 0.192212582436817(0.142784640192986,1.03170025348663,0.279603093862534) (0.1444331,1.031799,0.2786196) (280.9526,215.2152,205.5496) (-0.02703601,1.232632,0.07903303) (320.7089,348.1587,3.14201)
compute 0.220566321651297(0.140822812914848,1.03152656555176,0.280596077442169) (0.1427846,1.0317,0.2796031) (281.4305,215.0853,204.9413) (-0.02763871,1.233778,0.07713377) (320.078,347.7868,3.284294)
compute 0.141005962149252(0.139526665210724,1.03134059906006,0.281119227409363) (0.1408228,1.031527,0.2805961) (281.7917,215.192,203.5431) (-0.02823572,1.233535,0.07678217) (320.1204,348.3878,2.74502)
compute 0.180921409605014(0.138674318790436,1.03120625019073,0.2795290350914) (0.1395267,1.031341,0.2811192) (281.0981,223.9318,192.5153) (-0.02908156,1.231099,0.07819206) (322.2733,349.6884,1.810166)
compute 0.445761508465499(0.139994084835052,1.03136217594147,0.275274127721787) (0.1386743,1.031206,0.279529) (280.1532,236.2067,178.1758) (-0.02764719,1.230543,0.08364262) (322.6255,350.7899,1.126114)
compute 0.219677876706939(0.14218944311142,1.03141856193542,0.275218814611435) (0.1399941,1.031362,0.2752741) (280.3695,241.1842,172.5646) (-0.02675754,1.231583,0.08610529) (322.4973,350.3853,1.650181)
compute 0.179947367170514(0.143934428691864,1.03171050548553,0.275547295808792) (0.1421894,1.031419,0.2752188) (279.6794,239.7362,173.3115) (-0.02665202,1.232739,0.08757933) (322.5216,350.2211,1.665003)
compute 0.180007199260185(0.144910678267479,1.03209233283997,0.277010649442673) (0.1439344,1.031711,0.2755473) (279.1916,237.4592,174.2297) (-0.02642643,1.232997,0.08801589) (322.531,350.3612,1.845796)
compute 0.083010360171626(0.145283222198486,1.0322197675705,0.277741432189941) (0.1449107,1.032092,0.2770106) (279.2475,243.5536,165.3613) (-0.02666741,1.233279,0.08757995) (321.1224,350.6638,1.914349)
compute 0.239719613995855(0.145131215453148,1.03189206123352,0.280111253261566) (0.1452832,1.03222,0.2777414) (280.9097,244.7818,160.8354) (-0.02553194,1.235085,0.0855841) (320.1628,350.3873,2.134771)
compute 0.0559945021193038(0.145081117749214,1.03183078765869,0.279556930065155) (0.1451312,1.031892,0.2801113) (283.0697,243.8611,157.3004) (-0.02607435,1.237364,0.08063082) (318.6305,350.6846,2.565221)
compute 0.183646751573048(0.144150003790855,1.03085386753082,0.278311431407928) (0.1450811,1.031831,0.2795569) (286.816,241.8987,156.4926) (-0.02607389,1.237387,0.07852146) (318.5334,350.6686,2.591859)
compute 0.207621970267574(0.143357321619987,1.02952253818512,0.276929438114166) (0.14415,1.030854,0.2783114) (290.7305,239.8251,157.7379) (-0.02525414,1.237173,0.07822356) (318.5336,350.0425,3.053515)
compute 0.164379930770263(0.142302647233009,1.02832102775574,0.276547193527222) (0.1433573,1.029523,0.2769294) (293.2834,239.0164,161.7128) (-0.02372568,1.23561,0.08181717) (319.6117,351.9071,2.102836)
compute 1.2677807425814(0.152001559734344,1.02785336971283,0.26839616894722) (0.1423026,1.028321,0.2765472) (294.9149,237.4825,165.8268) (-0.01535783,1.233859,0.08632878) (320.2583,357.2958,359.4474)
compute 2.10180345018098(0.168698638677597,1.02750039100647,0.255635261535645) (0.1520016,1.027853,0.2683962) (295.1603,235.7386,168.9178) (-0.007702455,1.233701,0.08788519) (320.4777,0.03440683,357.6945)
compute 26.2294828819118(0.0614983849227428,1.25389397144318,0.333433926105499) (0.1686986,1.0275,0.2556353) (294.5551,232.0645,173.4115) (-0.004911248,1.234339,0.0890047) (321.1617,0.5348294,356.9336)
compute 8.5606589582446(0.0609714277088642,1.33337342739105,0.365233719348907) (0.06149838,1.253894,0.3334339) (293.5977,231.866,175.7298) (-0.001617878,1.234236,0.08880825) (321.4719,1.18227,356.4907)
compute 7.00103562431203(0.058068323880434,1.39742147922516,0.393356114625931) (0.06097143,1.333373,0.3652337) (292.9651,231.7526,180.463) (-0.0007041618,1.232634,0.09014548) (321.8568,1.561958,356.4738)
compute 5.59476763030154(0.0874207243323326,1.43460381031036,0.423122763633728) (0.05806832,1.397421,0.3933561) (290.9906,233.0158,182.2077) (-0.0007629134,1.231136,0.09305041) (322.8047,2.308922,355.8774)
compute 4.63607532832414(0.0944046825170517,1.47346198558807,0.447424739599228) (0.08742072,1.434604,0.4231228) (289.5197,233.6332,183.035) (-0.0002347752,1.230213,0.09561703) (324.2733,2.651358,355.7728)
compute 3.68490651847727(0.0947961732745171,1.50291275978088,0.469568639993668) (0.09440468,1.473462,0.4474247) (284.5521,238.6959,178.6826) (0.004363172,1.228883,0.09574661) (325.4516,3.788243,355.1441)
compute 1.60021096299493(0.0856786146759987,1.51114583015442,0.479823112487793) (0.09479617,1.502913,0.4695686) (285.46,257.3848,162.278) (0.008442529,1.22739,0.09481342) (326.1289,4.380121,354.5354)
compute 2.87761824906404(0.0848814696073532,1.52171421051025,0.506576478481293) (0.08567861,1.511146,0.4798231) (287.4625,289.9157,129.6367) (0.01144698,1.22902,0.09407651) (327.3508,3.383982,355.1387)
compute 3.6836642509102(0.101138427853584,1.52135872840881,0.539629817008972) (0.08488147,1.521714,0.5065765) (289.5864,321.1299,99.79805) (0.01389833,1.228089,0.09354735) (327.6898,3.712581,354.286)
compute 3.98323427170686(0.116221278905869,1.50622773170471,0.573247909545898) (0.1011384,1.521359,0.5396298) (293.53,332.6039,83.12397) (0.01294866,1.227191,0.09065923) (327.8944,4.517639,354.1129)
compute 4.64061212727248(0.143018335103989,1.47796547412872,0.598480641841888) (0.1162213,1.506228,0.5732479) (294.9432,344.2887,73.10093) (0.01304028,1.227254,0.08973922) (328.346,4.418453,354.344)
compute 4.6005347026484(0.156495854258537,1.44199502468109,0.623798131942749) (0.1430183,1.477965,0.5984806) (299.238,344.4429,72.57314) (0.01446649,1.224727,0.09204207) (330.2673,5.914774,353.7626)
compute 3.86445358505793(0.157555550336838,1.40361821651459,0.619382500648499) (0.1564959,1.441995,0.6237981) (294.5552,343.1953,74.66493) (0.007496387,1.22275,0.09507296) (332.3228,0.4316312,356.5471)
compute 10.8257922716288(0.0795352980494499,1.33153128623962,0.598499655723572) (0.1575556,1.403618,0.6193825) (303.1018,306.669,108.9715) (-0.001862966,1.220789,0.09818819) (334.3498,352.2987,358.8838)
compute 11.6018799894366(-0.0134377432987094,1.26705205440521,0.572832465171814) (0.0795353,1.331531,0.5984997) (310.6227,290.9383,114.7843) (-0.003055591,1.219913,0.09867459) (335.1958,349.9846,0.7970041)
compute 9.32350755842645(-0.0983138680458069,1.22905325889587,0.566130638122559) (-0.01343774,1.267052,0.5728325) (310.8083,293.094,102.0025) (-0.005633794,1.218249,0.09367461) (336.1152,348.1844,0.8656594)
compute 6.95511797754842(-0.160487487912178,1.19788885116577,0.565364181995392) (-0.09831387,1.229053,0.5661306) (314.3895,287.6264,105.1002) (-0.01243527,1.221457,0.08130372) (331.8589,345.3232,2.708799)
compute 3.63210588908088(-0.179955884814262,1.16950845718384,0.576972544193268) (-0.1604875,1.197889,0.5653642) (317.3769,296.424,94.40035) (-0.01884138,1.228813,0.0663115) (326.0473,342.0179,5.71665)
compute 1.52260163865913(-0.185166791081429,1.15523362159729,0.576020121574402) (-0.1799559,1.169508,0.5769725) (315.772,294.0742,94.64544) (-0.02183105,1.229049,0.06029821) (326.3779,340.5708,5.922444)
compute 0.375458581175507(-0.186213493347168,1.15433931350708,0.572527050971985) (-0.1851668,1.155234,0.5760201) (314.0459,292.0346,97.60898) (-0.02567615,1.225996,0.06055643) (326.2244,338.7202,7.669521)
compute 0.816600382082684(-0.192909181118011,1.1515805721283,0.568753361701965) (-0.1862135,1.154339,0.5725271) (314.4742,288.4581,104.3802) (-0.03453687,1.223817,0.06015114) (326.5387,335.9428,9.104663)
compute 2.12460484835473(-0.213138610124588,1.14966487884521,0.562548935413361) (-0.1929092,1.151581,0.5687534) (314.584,285.1023,105.0056) (-0.03998107,1.222183,0.0613514) (327.8959,334.2951,9.138826)
compute 3.48479018782112(-0.219472259283066,1.16650354862213,0.532703995704651) (-0.2131386,1.149665,0.5625489) (311.7275,280.0946,108.3687) (-0.04384901,1.221915,0.06355479) (328.2075,332.5491,9.33942)
compute 4.0248615538198(-0.250853508710861,1.19127380847931,0.528056144714355) (-0.2194723,1.166504,0.532704) (309.7595,275.9095,109.5233) (-0.05208649,1.222081,0.06470739) (329.0811,329.736,10.43533)
compute 7.45373327032717(-0.292942762374878,1.22145080566406,0.474449634552002) (-0.2508535,1.191274,0.5280561) (312.0093,267.3793,114.958) (-0.0721534,1.21873,0.0643207) (330.2631,326.8813,11.05778)
compute 7.57675063578154(-0.351916193962097,1.25866222381592,0.444815874099731) (-0.2929428,1.221451,0.4744496) (312.0038,266.3425,113.1817) (-0.09518631,1.215037,0.06516835) (331.0861,324.9185,11.81096)
compute 6.55434662711312(-0.408737033605576,1.28902792930603,0.432763397693634) (-0.3519162,1.258662,0.4448159) (312.2929,262.1138,118.2727) (-0.1133886,1.213166,0.06734002) (332.2123,323.926,12.04808)
compute 5.27305748331756(-0.451895356178284,1.31928586959839,0.434289783239365) (-0.408737,1.289028,0.4327634) (311.5541,262.4122,120.9459) (-0.1232609,1.210208,0.07274176) (332.5864,324.7951,11.81388)
compute 3.4489512671064(-0.484319597482681,1.33077025413513,0.436800569295883) (-0.4518954,1.319286,0.4342898) (314.8726,263.4738,124.0593) (-0.1304586,1.206825,0.07379891) (332.8192,326.3748,11.28068)
compute 2.13833300335308(-0.500032067298889,1.33511650562286,0.450638025999069) (-0.4843196,1.33077,0.4368006) (314.6198,270.621,118.2376) (-0.1343412,1.204847,0.07399432) (332.7919,326.1432,10.64148)
compute 3.12546520755139(-0.528848588466644,1.32812976837158,0.460519671440125) (-0.5000321,1.335117,0.450638) (317.7926,269.2138,119.8883) (-0.145345,1.204031,0.07551883) (332.4046,324.9273,9.922839)
compute 5.76463976351664(-0.568067133426666,1.29636359214783,0.488375067710876) (-0.5288486,1.32813,0.4605197) (324.2976,276.3022,111.6169) (-0.1687807,1.195061,0.07877643) (334.6344,322.1461,9.601776)
compute 5.6719225139422(-0.595675587654114,1.26256895065308,0.524607181549072) (-0.5680671,1.296364,0.4883751) (327.6599,278.0099,113.7789) (-0.1915712,1.184548,0.08313718) (337.4199,316.3748,9.522744)
compute 5.15230442854562(-0.606953620910645,1.22451984882355,0.55746591091156) (-0.5956756,1.262569,0.5246072) (328.5379,282.7258,112.6729) (-0.2042991,1.17399,0.08994079) (340.5979,317.4398,9.161139)
compute 3.15339530717942(-0.60662305355072,1.20883846282959,0.584822356700897) (-0.6069536,1.22452,0.5574659) (326.0067,285.2636,109.2505) (-0.2073209,1.169991,0.09095776) (340.8994,321.591,9.709519)
compute 2.07189926204805(-0.594222128391266,1.1923440694809,0.58667403459549) (-0.6066231,1.208838,0.5848224) (325.9893,283.6783,109.6524) (-0.189635,1.180835,0.0974159) (337.2653,329.7816,9.737659)
compute 7.37917047423924(-0.530551970005035,1.20792436599731,0.552783310413361) (-0.5942221,1.192344,0.586674) (317.9044,267.5667,120.6616) (-0.1530076,1.197903,0.1002475) (333.1246,339.5302,9.474463)
compute 12.0077454340024(-0.427955538034439,1.27025759220123,0.550111949443817) (-0.530552,1.207924,0.5527833) (303.5752,265.8447,120.6049) (-0.1285922,1.208559,0.09957074) (330.3377,343.1031,7.749412)
compute 10.237699445838(-0.34227666258812,1.32617390155792,0.546431481838226) (-0.4279555,1.270258,0.5501119) (296.6673,258.8609,133.2618) (-0.10861,1.215033,0.1013495) (331.6481,345.7364,6.22214)
compute 9.65509988790138(-0.255324512720108,1.36453175544739,0.563463628292084) (-0.3422767,1.326174,0.5464315) (284.1288,272.2687,120.1862) (-0.09204192,1.215633,0.09929558) (331.2064,344.8498,5.11157)
compute 4.82848550686888(-0.209889382123947,1.35886609554291,0.578792572021484) (-0.2553245,1.364532,0.5634636) (285.7177,315.4937,80.31949) (-0.08301646,1.219698,0.09099267) (328.0878,342.6433,5.449024)
compute 2.59694264569779(-0.209149807691574,1.3334686756134,0.573422729969025) (-0.2098894,1.358866,0.5787926) (290.3285,298.4672,98.67611) (-0.07591311,1.22209,0.08653961) (328.4413,340.6474,5.771836)
compute 1.36940154272323(-0.205852195620537,1.32046663761139,0.570666134357452) (-0.2091498,1.333469,0.5734227) (289.0942,299.1045,95.93246) (-0.07481675,1.221233,0.08919004) (328.1176,339.7855,5.315965)
compute 1.94716898528004(-0.220198109745979,1.33203601837158,0.564381957054138) (-0.2058522,1.320467,0.5706661) (290.7976,283.2213,114.0582) (-0.07355137,1.220558,0.09187357) (327.9343,338.699,4.607692)
compute 6.00291651809807(-0.238560646772385,1.38326966762543,0.539055466651917) (-0.2201981,1.332036,0.564382) (291.6656,275.5194,121.1457) (-0.07801966,1.221904,0.09416405) (329.1784,337.9507,5.448025)
compute 5.89832720959033(-0.258699238300323,1.43058216571808,0.510159254074097) (-0.2385606,1.38327,0.5390555) (296.0915,270.7751,128.7728) (-0.08243654,1.21983,0.09189234) (328.9737,337.7553,5.399634)
compute 3.60926241373252(-0.275400191545486,1.45980799198151,0.523182570934296) (-0.2586992,1.430582,0.5101593) (302.4126,280.9589,119.8626) (-0.08649295,1.218961,0.08335887) (328.52,337.2645,5.740191)
compute 1.5513722587848(-0.27620604634285,1.46535086631775,0.537649869918823) (-0.2754002,1.459808,0.5231826) (300.6371,285.5719,115.0813) (-0.09670001,1.218887,0.07724582) (327.9979,335.292,7.011621)
compute 3.05814204204466(-0.279634088277817,1.43525660037994,0.541869699954987) (-0.276206,1.465351,0.5376499) (300.1952,287.3054,111.3916) (-0.1038222,1.217449,0.07458442) (328.6898,333.5817,7.978471)
compute 8.62619159177625(-0.308657616376877,1.35423064231873,0.54766172170639) (-0.2796341,1.435257,0.5418697) (302.4912,287.4734,104.0226) (-0.1026661,1.217368,0.07338645) (329.1317,334.2885,7.986766)
compute 12.1384876481616(-0.363745868206024,1.24670839309692,0.559431970119476) (-0.3086576,1.354231,0.5476617) (315.6729,282.3074,110.7796) (-0.09387349,1.218505,0.07443652) (326.2415,335.5231,7.845201)
compute 5.19647009364246(-0.386978924274445,1.20239651203156,0.573468089103699) (-0.3637459,1.246708,0.559432) (320.6752,283.7922,109.9585) (-0.08932422,1.22067,0.07538646) (325.6966,335.2808,7.594342)
compute 2.38270739189214(-0.396000802516937,1.18088805675507,0.57833856344223) (-0.3869789,1.202397,0.5734681) (324.3443,286.6736,108.3568) (-0.08463199,1.223824,0.07011607) (325.3379,335.9824,7.388649)
compute 1.05808953140937(-0.395403504371643,1.17036592960358,0.577398657798767) (-0.3960008,1.180888,0.5783386) (324.3269,288.5135,105.6431) (-0.07840458,1.229506,0.06038585) (321.5823,335.349,7.310016)
compute 0.810994712978829(-0.393466681241989,1.1759979724884,0.571894109249115) (-0.3954035,1.170366,0.5773987) (322.3493,285.8568,107.5355) (-0.07534936,1.229927,0.0582485) (321.9106,335.482,6.425891)
compute 3.37686736066588(-0.373731583356857,1.20197081565857,0.563161373138428) (-0.3934667,1.175998,0.5718941) (318.7641,281.9546,109.3674) (-0.07026455,1.229385,0.06366991) (322.0724,336.9329,5.845372)
compute 4.34858803892794(-0.339686632156372,1.22632157802582,0.551371395587921) (-0.3737316,1.201971,0.5631614) (314.9354,279.9302,109.8692) (-0.05464096,1.22962,0.07069716) (322.0479,344.9152,1.894683)
compute 5.1494212024348(-0.291078507900238,1.24164581298828,0.544018030166626) (-0.3396866,1.226322,0.5513714) (310.614,280.8692,109.657) (-0.03534147,1.22954,0.07523315) (321.2907,355.23,358.6487)
compute 4.84593573297378(-0.244080439209938,1.25027692317963,0.552079975605011) (-0.2910785,1.241646,0.544018) (306.9265,282.5867,109.4407) (-0.02836839,1.229298,0.07461055) (321.5831,356.5858,357.0835)
compute 6.07948752539777(-0.186959907412529,1.26929926872253,0.560530543327332) (-0.2440804,1.250277,0.55208) (302.7487,283.1282,112.1498) (-0.02404494,1.229616,0.07558351) (322.4853,358.431,355.7143)
compute 9.29673513510939(-0.105990692973137,1.31400775909424,0.569914877414703) (-0.1869599,1.269299,0.5605305) (293.0553,290.4755,108.5416) (-0.01861812,1.229765,0.08040036) (323.6656,0.04293626,354.0396)
compute 10.8732814482867(-0.0178477987647057,1.37735033035278,0.576347172260284) (-0.1059907,1.314008,0.5699149) (284.5697,295.2363,111.8489) (-0.008358698,1.229434,0.08413561) (323.6961,0.9450946,353.2125)
compute 9.21096885982875(0.0564484819769859,1.43179440498352,0.576663970947266) (-0.0178478,1.37735,0.5763472) (279.2156,323.0683,88.49565) (-0.0003355592,1.23011,0.08587456) (324.6822,2.003753,352.6314)
compute 3.84577695906453(0.086123913526535,1.45502912998199,0.584313571453094) (0.05644848,1.431794,0.576664) (282.6541,331.6303,84.05647) (0.003151112,1.228312,0.08412759) (325.7053,2.38464,353.0275)
compute 1.56393299753136(0.100877873599529,1.45126914978027,0.587887346744537) (0.08612391,1.455029,0.5843136) (284.7715,339.7017,77.43932) (0.003729131,1.22828,0.07917868) (325.7187,1.457727,352.9896)
compute 1.61140748158248(0.110145457088947,1.43809282779694,0.588287174701691) (0.1008779,1.451269,0.5878873) (284.4684,341.2159,75.24923) (-0.002078094,1.229021,0.07758351) (326.1327,357.7379,354.9455)
compute 2.84391384831545(0.110081195831299,1.41093575954437,0.579844772815704) (0.1101455,1.438093,0.5882872) (281.1725,350.0697,64.54652) (-0.01970133,1.228326,0.07411987) (327.2397,347.7745,359.5231)
compute 13.6084821933861(-0.0110487835481763,1.35522413253784,0.552590012550354) (0.1100812,1.410936,0.5798448) (294.6024,284.7143,127.3877) (-0.03378449,1.225945,0.07003094) (329.1721,338.636,2.926781)
compute 13.1366570425365(-0.133178889751434,1.31219005584717,0.53046578168869) (-0.01104878,1.355224,0.55259) (306.9422,272.2202,129.2028) (-0.03839044,1.223359,0.06780044) (330.8822,337.7771,3.104105)
compute 9.35639269327226(-0.226317211985588,1.31097829341888,0.5216343998909) (-0.1331789,1.31219,0.5304658) (309.2112,270.0823,125.6757) (-0.04459581,1.223204,0.06498931) (330.6066,336.5136,3.63483)
compute 6.24014171969888(-0.283083438873291,1.32439374923706,0.49946328997612) (-0.2263172,1.310978,0.5216344) (310.6638,269.3549,123.1711) (-0.05195332,1.221984,0.06106871) (330.0353,333.4465,4.584307)
compute 1.62573927657854(-0.299324184656143,1.32381987571716,0.499923378229141) (-0.2830834,1.324394,0.4994633) (310.0629,277.6709,111.9623) (-0.06066009,1.221645,0.05982551) (330.8069,331.6013,5.631291)
compute 1.66482809030853(-0.297684520483017,1.30741047859192,0.497641175985336) (-0.2993242,1.32382,0.4999234) (307.9537,277.0844,108.126) (-0.07191726,1.217156,0.05923712) (331.8256,328.7404,7.140371)
compute 3.41951687709081(-0.321535438299179,1.28323805332184,0.493624061346054) (-0.2976845,1.30741,0.4976412) (311.2303,271.1011,115.3612) (-0.08053332,1.216931,0.0602387) (332.9146,325.1301,8.446637)
compute 4.86784349892944(-0.368753463029861,1.27179622650146,0.490601986646652) (-0.3215354,1.283238,0.4936241) (312.8405,272.2552,111.956) (-0.08360917,1.213648,0.06453033) (334.4062,324.5625,7.061177)
compute 5.44530868830777(-0.422190308570862,1.26793503761292,0.480868875980377) (-0.3687535,1.271796,0.490602) (312.9786,270.3576,116.6017) (-0.09419496,1.211099,0.06660573) (336.0199,322.5794,6.996694)
compute 5.38386314486157(-0.475595772266388,1.26852440834045,0.474078625440598) (-0.4221903,1.267935,0.4808689) (314.7788,266.8481,122.22) (-0.1057083,1.207335,0.06834721) (337.1042,322.2441,6.094614)
compute 4.48017347140409(-0.510046780109406,1.26643395423889,0.502643525600433) (-0.4755958,1.268524,0.4740786) (316.7598,275.5988,115.3537) (-0.1267869,1.199287,0.07273898) (338.7439,322.3658,5.856622)
compute 4.75005532749157(-0.5172318816185,1.24624812602997,0.545037031173706) (-0.5100468,1.266434,0.5026435) (316.9182,288.4372,104.9945) (-0.1464696,1.18851,0.07553013) (340.9236,320.0456,7.240531)
compute 6.10034412452732(-0.538767635822296,1.21802473068237,0.594646215438843) (-0.5172319,1.246248,0.545037) (318.2736,290.787,104.2646) (-0.1549384,1.186912,0.08000273) (342.3264,318.9122,7.441089)
compute 4.50633034294883(-0.547877967357636,1.19284546375275,0.6308913230896) (-0.5387676,1.218025,0.5946462) (318.8463,292.7592,103.1779) (-0.1550473,1.184838,0.08383801) (343.191,318.9032,7.180717)
compute 1.20921822009962(-0.552697479724884,1.18414390087128,0.62401556968689) (-0.547878,1.192845,0.6308913) (317.9633,286.9181,108.1487) (-0.1564344,1.18487,0.08722005) (342.5205,316.2441,7.997564)
compute 5.95552307056029(-0.573455035686493,1.18407118320465,0.568194925785065) (-0.5526975,1.184144,0.6240156) (321.4059,276.9691,113.7293) (-0.1595906,1.186463,0.09509775) (343.0407,315.7006,6.870288)
compute 6.59865295512717(-0.619768559932709,1.1832789182663,0.521198630332947) (-0.573455,1.184071,0.5681949) (326.9286,273.6614,107.3767) (-0.174487,1.18266,0.09760675) (343.3663,314.4214,5.976698)
compute 7.55617195169598(-0.685039699077606,1.16483569145203,0.487895488739014) (-0.6197686,1.183279,0.5211986) (333.4344,268.1929,103.7378) (-0.197762,1.177837,0.09413512) (343.1064,310.5657,6.746769)
compute 7.09337061324195(-0.741958200931549,1.12285721302032,0.493343651294708) (-0.6850397,1.164836,0.4878955) (340.3908,272.006,94.03866) (-0.2193676,1.166058,0.09041452) (344.255,306.5892,6.508764)
compute 4.59061213672763(-0.766966640949249,1.08937168121338,0.512334942817688) (-0.7419582,1.122857,0.4933437) (340.0463,276.4075,92.28115) (-0.2338683,1.155656,0.08705157) (345.3728,304.4563,7.991065)
compute 2.90687526567254(-0.765859186649323,1.06387519836426,0.526252388954163) (-0.7669666,1.089372,0.5123349) (342.7192,278.8123,93.73846) (-0.236178,1.15341,0.08578479) (344.334,304.5769,9.666059)
compute 1.94193507585133(-0.747596025466919,1.06122040748596,0.53229558467865) (-0.7658592,1.063875,0.5262524) (340.1172,278.1627,93.59483) (-0.2216256,1.166208,0.08796057) (343.476,306.8788,9.251087)
compute 2.15674661096485(-0.726080477237701,1.06160366535187,0.530849933624268) (-0.747596,1.06122,0.5322956) (338.1455,273.9424,96.21089) (-0.2083955,1.172657,0.09279419) (343.4587,309.1483,8.54966)
compute 4.0628905718118(-0.687057554721832,1.06957805156708,0.522829413414001) (-0.7260805,1.061604,0.5308499) (333.0208,271.2774,96.2503) (-0.1886431,1.181527,0.09489842) (341.3154,313.4395,9.946848)
compute 5.72181794405522(-0.633870005607605,1.08446311950684,0.50788152217865) (-0.6870576,1.069578,0.5228294) (327.9307,269.866,97.25239) (-0.1598975,1.195445,0.09619752) (337.9344,318.9161,9.730985)
compute 5.04720741032239(-0.587764441967011,1.09174644947052,0.488680988550186) (-0.63387,1.084463,0.5078815) (326.9738,267.5226,97.70866) (-0.13258,1.20594,0.0942739) (334.8038,323.6151,8.010005)
compute 5.03122761988475(-0.540667235851288,1.09489727020264,0.471266895532608) (-0.5877644,1.091746,0.488681) (327.4229,267.4355,95.9119) (-0.1072167,1.211616,0.08957802) (332.6315,327.2698,6.947906)
compute 2.68305225157082(-0.522657215595245,1.0860790014267,0.453441232442856) (-0.5406672,1.094897,0.4712669) (331.4346,267.9494,96.06493) (-0.08864871,1.21264,0.08633265) (333.2963,322.7062,8.446493)
compute 1.74725075587588(-0.518877506256104,1.08022606372833,0.437417954206467) (-0.5226572,1.086079,0.4534412) (329.4492,266.9699,94.13424) (-0.07130504,1.211867,0.08546646) (332.9994,321.1321,7.902443)
compute 2.34515894303728(-0.50030130147934,1.08459877967834,0.423787802457809) (-0.5188775,1.080226,0.437418) (327.0765,264.2051,95.65488) (-0.06053235,1.210379,0.08150285) (332.159,324.9875,6.390306)
compute 2.70822675999746(-0.477394908666611,1.09904682636261,0.423805981874466) (-0.5003013,1.084599,0.4237878) (326.3727,262.6428,98.65471) (-0.05674849,1.208552,0.0800904) (330.2475,332.8804,6.47596)
compute 4.17420574737566(-0.455206453800201,1.13323998451233,0.43280041217804) (-0.4773949,1.099047,0.423806) (323.4186,263.893,101.4439) (-0.05774639,1.21448,0.07855546) (328.2678,338.6483,3.735689)
compute 4.98322748983513(-0.440520375967026,1.17510759830475,0.455486923456192) (-0.4552065,1.13324,0.4328004) (319.3698,267.723,103.6679) (-0.06108434,1.214997,0.08076249) (328.811,342.3846,1.299353)
compute 4.85802934143486(-0.419301718473434,1.21499216556549,0.473348468542099) (-0.4405204,1.175108,0.4554869) (315.2464,271.2073,102.5333) (-0.06227875,1.216981,0.08327049) (328.6412,345.1423,1.017952)
compute 4.87077127053219(-0.386641681194305,1.25009822845459,0.4819116294384) (-0.4193017,1.214992,0.4733485) (310.377,268.2055,108.972) (-0.06494151,1.21698,0.08715138) (328.0887,348.072,359.7855)
compute 8.70981798186469(-0.310949742794037,1.29000449180603,0.498169362545013) (-0.3866417,1.250098,0.4819116) (302.0503,270.122,110.8338) (-0.06627849,1.216586,0.09399599) (328.4375,350.5749,359.042)
compute 10.6543647057442(-0.214035481214523,1.33003187179565,0.51706337928772) (-0.3109497,1.290004,0.4981694) (292.8096,274.4634,113.7457) (-0.05848582,1.21706,0.09746202) (327.8954,353.5822,358.4104)
compute 8.30304467218271(-0.143549412488937,1.3662166595459,0.541891396045685) (-0.2140355,1.330032,0.5170634) (288.4078,283.5229,113.2297) (-0.04635963,1.218438,0.09983999) (328.5608,356.6645,356.6616)
compute 5.51139278312981(-0.102519921958447,1.39045858383179,0.569576323032379) (-0.1435494,1.366217,0.5418914) (289.671,303.0019,99.4147) (-0.03288086,1.22173,0.09848156) (330.1968,359.1623,355.4654)
compute 2.27837069314863(-0.0875796899199486,1.40605247020721,0.576837003231049) (-0.1025199,1.390459,0.5695763) (292.4648,299.8925,105.2704) (-0.02444058,1.221555,0.09749648) (330.9967,359.9324,354.8002)
compute 2.15314615482737(-0.070079118013382,1.4166054725647,0.583616971969604) (-0.08757969,1.406052,0.576837) (293.4846,305.9684,98.48097) (-0.02355983,1.220025,0.09719507) (331.4791,359.6612,354.5746)
compute 3.03784887008855(-0.0412846617400646,1.41131985187531,0.575505614280701) (-0.07007912,1.416605,0.583617) (288.109,326.3413,77.39747) (-0.02328862,1.21584,0.09620769) (333.3704,359.809,354.7832)
compute 2.80195313769869(-0.0336140505969524,1.38902282714844,0.590641617774963) (-0.04128466,1.41132,0.5755056) (288.0039,340.9423,63.35612) (-0.01950778,1.214026,0.09818175) (334.4391,0.7706063,354.8481)
compute 2.01222222366438(-0.030073506757617,1.37026512622833,0.597006916999817) (-0.03361405,1.389023,0.5906416) (287.7357,352.6577,50.32883) (-0.01872265,1.21419,0.09874555) (334.3939,359.6865,355.7327)
compute 3.50563210050039(-0.0582631044089794,1.3494256734848,0.597104370594025) (-0.03007351,1.370265,0.5970069) (288.7077,334.2393,65.93523) (-0.03479677,1.215144,0.09728417) (334.267,349.8166,358.4227)
compute 4.02455480252343(-0.0918479338288307,1.32731187343597,0.595448076725006) (-0.0582631,1.349426,0.5971044) (290.4081,324.3256,72.93227) (-0.04869071,1.217809,0.08669841) (331.1489,341.0625,1.180373)
compute 5.92852627048309(-0.14520500600338,1.30632185935974,0.58037543296814) (-0.09184793,1.327312,0.5954481) (294.5597,306.7068,88.97462) (-0.0600181,1.219761,0.07795152) (330.3892,337.6252,3.554871)
compute 4.46420869856861(-0.187431007623672,1.29783010482788,0.568637847900391) (-0.145205,1.306322,0.5803754) (298.1557,297.8807,94.21157) (-0.06882873,1.219486,0.07316561) (330.001,334.4459,5.296633)
compute 2.58616023620215(-0.210727527737617,1.2947244644165,0.557846665382385) (-0.187431,1.29783,0.5686378) (298.0801,295.2603,95.84291) (-0.08054642,1.21629,0.07126853) (332.9047,330.1802,7.569175)
compute 4.93861656069(-0.251401484012604,1.26684379577637,0.555146455764771) (-0.2107275,1.294724,0.5578467) (304.4496,291.3556,99.2045) (-0.09009155,1.21202,0.07088193) (333.3578,327.0076,9.093941)
compute 0.814551617016986(-0.256421595811844,1.26096773147583,0.552573561668396) (-0.2514015,1.266844,0.5551465) (301.9559,291.0208,95.25371) (-0.07732993,1.216353,0.07023089) (329.3865,333.4994,7.040375)
compute 1.17271405212815(-0.250603258609772,1.26207184791565,0.562695503234863) (-0.2564216,1.260968,0.5525736) (301.1148,291.4183,96.95826) (-0.05583581,1.220159,0.07079134) (327.7206,344.248,3.401392)
compute 2.8572251182656(-0.222293853759766,1.26503098011017,0.565184414386749) (-0.2506033,1.262072,0.5626955) (299.9064,292.3827,95.99317) (-0.03936176,1.223137,0.07104349) (326.2076,352.7475,0.6650124)
compute 5.20425303589162(-0.177353143692017,1.26787853240967,0.539095163345337) (-0.2222939,1.265031,0.5651844) (296.7151,290.2406,99.56006) (-0.02492746,1.223167,0.07172516) (325.5158,359.7134,357.9086)
compute 4.3597584116753(-0.13381215929985,1.26876831054688,0.541129946708679) (-0.1773531,1.267879,0.5390952) (293.9239,296.0454,92.78039) (-0.01723979,1.224126,0.07384825) (324.975,2.346485,356.6569)
compute 3.69814384169012(-0.0970571041107178,1.26487910747528,0.542381703853607) (-0.1338122,1.268768,0.5411299) (292.9018,295.5567,96.58266) (-0.01034982,1.224878,0.07543976) (325.6111,4.294912,355.7447)
compute 3.5932639932127(-0.0631165280938149,1.25308501720428,0.542079448699951) (-0.0970571,1.264879,0.5423817) (292.8323,300.6117,92.13026) (-0.002490215,1.225177,0.07643633) (327.6792,7.585296,353.5158)
compute 3.12620429396415(-0.0339652113616467,1.24180388450623,0.541577279567719) (-0.06311653,1.253085,0.5420794) (292.3234,304.4285,88.81709) (0.004880346,1.221376,0.0786709) (329.6356,10.40394,351.5952)
compute 3.03713073367658(-0.00497512565925717,1.2327516078949,0.541359305381775) (-0.03396521,1.241804,0.5415773) (291.0242,311.9573,82.05403) (0.01200621,1.220541,0.08099834) (331.032,12.37474,350.3919)
compute 1.82037958339738(0.011852603405714,1.22583198547363,0.541929006576538) (-0.004975126,1.232752,0.5413593) (290.5731,317.5962,76.30014) (0.01286817,1.219961,0.08312524) (331.9512,12.8562,349.5053)
compute 1.68006601537021(0.0270092114806175,1.21864342689514,0.540999472141266) (0.0118526,1.225832,0.541929) (290.2606,323.3969,70.12367) (0.01558142,1.218,0.08625839) (333.6443,14.24992,349.1128)
compute 1.16459744451862(0.0360913015902042,1.21178686618805,0.543475747108459) (0.02700921,1.218643,0.5409995) (290.3762,326.5745,66.68378) (0.01871523,1.21954,0.08826378) (331.2509,14.93598,348.8314)
compute 0.829138808037786(0.0441140718758106,1.20970499515533,0.543695032596588) (0.0360913,1.211787,0.5434757) (290.2142,328.6417,64.33081) (0.02045698,1.221058,0.08322918) (330.3494,13.98493,349.248)
compute 0.626586921725666(0.0491436161100864,1.20599746704102,0.543227016925812) (0.04411407,1.209705,0.543695) (290.0383,329.7626,63.75064) (0.02054479,1.221624,0.0796908) (330.3646,13.48994,349.3136)
compute 0.618236473820612(0.054609626531601,1.20311594009399,0.543024122714996) (0.04914362,1.205997,0.543227) (289.5441,331.3175,62.26698) (0.0168221,1.220083,0.07847837) (328.6295,11.97544,350.4459)
compute 0.668254112394475(0.0603541471064091,1.20150423049927,0.540014266967773) (0.05460963,1.203116,0.5430241) (289.4288,328.4402,65.16252) (0.01535255,1.222932,0.07485466) (326.7481,10.77593,350.8633)
compute 0.805204195863916(0.0683978497982025,1.20125293731689,0.539747655391693) (0.06035415,1.201504,0.5400143) (289.338,328.0667,65.65528) (0.01330488,1.223691,0.07467061) (326.2704,9.611572,351.7454)
compute 0.5461402888588(0.0738553106784821,1.20105612277985,0.539813280105591) (0.06839785,1.201253,0.5397477) (289.1171,329.6969,64.07387) (0.00891896,1.223698,0.07597014) (326.7557,7.972259,352.4909)
compute 0.12774982105704(0.0734788775444031,1.19984126091003,0.539933323860168) (0.07385531,1.201056,0.5398133) (288.8909,329.4829,63.34621) (0.002664179,1.222962,0.0814644) (328.0043,0.8737462,354.8848)
compute 0.94770200377431(0.0695944428443909,1.19581401348114,0.532284379005432) (0.07347888,1.199841,0.5399333) (288.7535,325.3332,65.66557) (-0.01102182,1.22129,0.08740152) (330.2081,349.1584,358.264)
compute 0.659586022991142(0.0686495825648308,1.19262397289276,0.526589095592499) (0.06959444,1.195814,0.5322844) (288.2511,324.5405,64.08243) (-0.01790935,1.22116,0.08588671) (331.1041,341.8292,0.9482588)
compute 1.1925902715281(0.0634430348873138,1.18969404697418,0.516267538070679) (0.06864958,1.192624,0.5265891) (287.8282,322.0462,64.72052) (-0.02182546,1.221313,0.0848283) (332.1999,336.6239,2.751937)
compute 0.711603800208523(0.0592497661709785,1.18702793121338,0.511173784732819) (0.06344303,1.189694,0.5162675) (287.9948,318.5578,67.12791) (-0.02141327,1.22085,0.08482302) (333.1849,334.6096,3.075468)
compute 0.795336969434012(0.0554627664387226,1.18404793739319,0.504846513271332) (0.05924977,1.187028,0.5111738) (288.2763,318.2933,65.46424) (-0.02066273,1.220231,0.08526243) (333.7468,332.8063,3.857458)
compute 1.13784373724022(0.0517616495490074,1.17904889583588,0.495318651199341) (0.05546277,1.184048,0.5048465) (288.0156,316.7028,64.1054) (-0.02006173,1.2193,0.08641569) (334.4482,329.6981,4.424923)
compute 1.38573595174012(0.0466051660478115,1.17130947113037,0.485045462846756) (0.05176165,1.179049,0.4953187) (288.477,311.4808,67.07674) (-0.02037876,1.217044,0.08728617) (335.7234,327.7172,5.349763)
compute 1.07408573289766(0.0442375130951405,1.16824185848236,0.475027978420258) (0.04660517,1.171309,0.4850455) (288.4221,306.7007,71.08253) (-0.02186619,1.216029,0.0893947) (335.4929,329.8221,4.768536)
compute 0.418525527955753(0.0452704578638077,1.16988337039948,0.471319228410721) (0.04423751,1.168242,0.475028) (287.1845,303.4759,75.91476) (-0.01230147,1.22381,0.0910823) (330.9961,336.4058,3.865162)
compute 0.619448687428801(0.0495145507156849,1.17439293861389,0.471167117357254) (0.04527046,1.169883,0.4713192) (286.4228,307.2957,71.67048) (-0.0046492,1.229315,0.08918363) (326.1564,342.682,2.48989)
compute 0.23735460943642(0.0504121296107769,1.17436552047729,0.468970000743866) (0.04951455,1.174393,0.4711671) (286.9371,305.1347,75.17974) (-0.001645397,1.231742,0.08461156) (323.2969,347.1009,1.501085)
compute 0.294457423311501(0.0529672726988792,1.17379331588745,0.467623025178909) (0.05041213,1.174366,0.46897) (287.3297,305.7648,75.42387) (-0.0008461475,1.231086,0.08656593) (323.4613,351.522,359.846)
compute 0.847465099296635(0.0609871447086334,1.17108106613159,0.467242151498795) (0.05296727,1.173793,0.467623) (286.9878,311.0453,71.39902) (0.003153089,1.230422,0.09215318) (325.0034,357.5682,356.9903)
compute 1.36933985463142(0.0727879032492638,1.16421127319336,0.466213941574097) (0.06098714,1.171081,0.4672422) (286.4695,319.4276,64.05599) (0.01401498,1.226901,0.09891075) (327.3004,5.222542,353.1253)
compute 1.77766011413919(0.0882353186607361,1.15554642677307,0.464695602655411) (0.0727879,1.164211,0.4662139) (286.3887,328.6296,56.11528) (0.02553808,1.224936,0.1030845) (329.8681,13.0727,350.2068)
compute 1.78031072746909(0.104088000953197,1.14754581451416,0.463417589664459) (0.08823532,1.155546,0.4646956) (286.6857,336.3664,50.15207) (0.03013507,1.220972,0.1065649) (333.3168,17.71487,348.1011)
compute 1.70078487884151(0.118194982409477,1.1381983757019,0.461718946695328) (0.104088,1.147546,0.4634176) (287.7808,345.8588,41.56213) (0.03583049,1.216757,0.1091031) (335.6045,20.16015,347.5995)
compute 1.460080177972(0.128256842494011,1.12799298763275,0.45892745256424) (0.118195,1.138198,0.4617189) (288.7737,349.6793,38.34472) (0.03819088,1.216283,0.1093142) (335.8065,20.17029,347.4223)
compute 1.53584395017985(0.138658970594406,1.11802065372467,0.453614264726639) (0.1282568,1.127993,0.4589275) (289.6424,354.0785,33.90533) (0.03858757,1.216021,0.1085759) (335.5195,19.97721,347.4978)
compute 1.02932972244649(0.144367560744286,1.11380207538605,0.446159899234772) (0.138659,1.118021,0.4536143) (289.9065,355.426,32.3644) (0.04160121,1.216528,0.1073512) (335.8522,20.22283,347.5113)
compute 0.677489902092268(0.149686083197594,1.11380457878113,0.441963165998459) (0.1443676,1.113802,0.4461599) (289.8839,357.8231,29.57238) (0.04356912,1.215906,0.1053282) (336.3416,18.80885,347.832)
compute 0.511870252012476(0.150532856583595,1.11308395862579,0.436966687440872) (0.1496861,1.113805,0.4419632) (289.8323,357.9985,29.02083) (0.04414848,1.214987,0.106354) (338.03,15.38657,348.7711)
compute 0.556217682647046(0.149330124258995,1.10972905158997,0.432696342468262) (0.1505329,1.113084,0.4369667) (290.6361,352.6423,32.11818) (0.03035268,1.214483,0.1126022) (339.1601,3.196491,352.1487)
compute 0.933664500703308(0.149838000535965,1.10589218139648,0.424199670553207) (0.1493301,1.109729,0.4326963) (290.1636,348.19,34.6656) (0.009014092,1.213217,0.1176008) (339.5017,349.6427,356.0121)
compute 0.738581065991683(0.150720924139023,1.10152566432953,0.418308645486832) (0.149838,1.105892,0.4241997) (289.4493,348.9866,32.29217) (0.006369054,1.212505,0.116614) (339.171,345.3369,358.0506)
compute 0.291121698496553(0.151836171746254,1.09967732429504,0.416355431079865) (0.1507209,1.101526,0.4183086) (288.5637,348.9123,30.96925) (0.008225568,1.213107,0.1144984) (339.0648,343.9047,358.7729)
compute 0.3019202859917(0.151848569512367,1.09973227977753,0.413336753845215) (0.1518362,1.099677,0.4163554) (287.7539,344.9669,33.98499) (0.01054817,1.213682,0.112858) (338.8915,344.3151,359.0781)
compute 0.38272070232651(0.151909723877907,1.10016179084778,0.409534215927124) (0.1518486,1.099732,0.4133368) (287.1851,340.9315,38.99772) (0.01290483,1.213575,0.1104321) (338.3986,343.5518,359.3526)
compute 0.636571731770041(0.151339948177338,1.10164344310761,0.403369605541229) (0.1519097,1.100162,0.4095342) (287.0153,341.3402,38.1926) (0.01225238,1.214966,0.1057182) (337.3062,340.9283,359.8629)
compute 0.857026976877568(0.150089770555496,1.10192549228668,0.394895702600479) (0.1513399,1.101643,0.4033696) (286.0465,340.1742,39.06216) (0.005389094,1.21719,0.1001816) (335.2347,335.2459,0.7348902)
compute 1.43062349927773(0.145435020327568,1.10102355480194,0.381397992372513) (0.1500898,1.101925,0.3948957) (284.0053,330.711,50.89102) (-0.001176417,1.218493,0.09711289) (334.7418,328.4673,2.705619)
compute 0.819666502256726(0.143191665410995,1.10121738910675,0.37351667881012) (0.145435,1.101024,0.381398) (282.5038,326.9116,57.27702) (-0.002629757,1.216933,0.09488748) (336.3336,326.5231,3.961057)
compute 0.83391667316899(0.144417434930801,1.10734724998474,0.367997258901596) (0.1431917,1.101217,0.3735167) (281.4056,330.1268,54.64143) (-0.004142128,1.21478,0.09592013) (337.6549,325.0261,3.997326)
compute 0.846464334282224(0.152310967445374,1.10579490661621,0.370630234479904) (0.1444174,1.107347,0.3679973) (281.2011,331.7474,52.75805) (-0.003171504,1.213867,0.09697157) (338.4543,323.6529,4.538911)
compute 4.10399642447026(0.178912982344627,1.08243691921234,0.391391158103943) (0.152311,1.105795,0.3706302) (281.2045,331.938,52.51283) (-0.003502689,1.211876,0.09654246) (340.1604,321.5696,5.135518)
compute 5.02206775322317(0.208672866225243,1.05232095718384,0.418400317430496) (0.178913,1.082437,0.3913912) (281.5865,329.796,54.74729) (-0.007566676,1.209244,0.0981392) (342.4684,319.039,5.474248)
compute 4.43578581567054(0.23030923306942,1.02599310874939,0.446796298027039) (0.2086729,1.052321,0.4184003) (282.4502,315.8268,70.64048) (-0.01020397,1.207643,0.1015384) (344.1725,317.523,5.659677)
compute 2.23700232418401(0.241696253418922,1.01762771606445,0.464139133691788) (0.2303092,1.025993,0.4467963) (282.5461,315.415,70.78696) (-0.01358829,1.207087,0.1056789) (344.5475,315.9809,5.671535)
compute 0.478328463742681(0.237622573971748,1.01921284198761,0.466081380844116) (0.2416963,1.017628,0.4641391) (281.3299,323.5799,60.89734) (-0.01452113,1.20767,0.1081258) (344.8955,314.8429,5.306112)
compute 1.10553373816769(0.226965695619583,1.01976454257965,0.468970507383347) (0.2376226,1.019213,0.4660814) (281.596,322.8672,60.79943) (-0.01476642,1.208016,0.109998) (345.1718,313.5434,5.290416)
compute 1.03235063049543(0.217957437038422,1.01837420463562,0.473817467689514) (0.2269657,1.019765,0.4689705) (282.4542,319.8585,63.83601) (-0.01541193,1.207487,0.1128273) (345.1082,312.1706,4.643429)
compute 0.788468983942584(0.215843185782433,1.01776301860809,0.481388777494431) (0.2179574,1.018374,0.4738175) (282.3304,322.1215,61.64339) (-0.01577625,1.207898,0.115497) (344.7438,312.234,4.482555)
compute 0.399166961202582(0.21618390083313,1.01801931858063,0.485357612371445) (0.2158432,1.017763,0.4813888) (281.686,332.0173,51.25206) (-0.01660684,1.210676,0.1168989) (344.8256,312.7477,4.490278)
compute 0.049508166898533(0.215694487094879,1.01804995536804,0.485425740480423) (0.2161839,1.018019,0.4853576) (281.6153,333.916,48.58017) (-0.01793836,1.210686,0.1176306) (345.3651,312.5578,4.050493)
compute 0.0525917521349496(0.215298637747765,1.01826620101929,0.485155314207077) (0.2156945,1.01805,0.4854257) (281.4207,335.6678,46.32527) (-0.01944575,1.210176,0.1161599) (344.9242,313.8505,4.374326)
compute 1.16199734564241(0.218474149703979,1.02259564399719,0.474850177764893) (0.2152986,1.018266,0.4851553) (279.8064,340.8888,40.70935) (-0.02055333,1.210568,0.115887) (345.7596,316.3631,4.717871)
compute 2.57287342899617(0.229852899909019,1.02602076530457,0.452030003070831) (0.2184741,1.022596,0.4748502) (279.5629,341.9777,39.70057) (-0.01103229,1.203926,0.1214049) (349.6727,323.4261,3.144295)
compute 3.93546409666454(0.24868306517601,1.0277886390686,0.417517870664597) (0.2298529,1.026021,0.45203) (279.3028,341.3658,40.74424) (-0.001054764,1.200461,0.1270613) (349.7309,330.4052,2.343687)
compute 2.8920947197291(0.259217619895935,1.02998852729797,0.390673786401749) (0.2486831,1.027789,0.4175179) (278.7823,337.731,44.99593) (0.007222444,1.202178,0.1260657) (348.8854,334.4288,2.156063)
compute 2.49141095945626(0.272471994161606,1.03539252281189,0.370281845331192) (0.2592176,1.029989,0.3906738) (278.2924,323.993,61.76227) (0.01238707,1.203662,0.1246316) (348.4557,337.0036,1.509666)
compute 1.15891147866241(0.277235209941864,1.0351814031601,0.359718948602676) (0.272472,1.035393,0.3702818) (278.4229,323.5438,62.16252) (0.01487367,1.20294,0.1233818) (348.0984,338.2369,1.02574)
compute 0.627934473332315(0.28090313076973,1.03524768352509,0.354622662067413) (0.2772352,1.035181,0.3597189) (278.4053,323.9035,61.79982) (0.0152136,1.202959,0.1203771) (347.9507,338.6683,0.9810248)
compute 2.84608625223193(0.309246122837067,1.03307688236237,0.353214412927628) (0.2809031,1.035248,0.3546227) (278.1643,326.9713,58.33488) (0.01699517,1.202847,0.1191014) (347.7996,339.7142,0.9495859)
compute 0.553052954231683(0.314292937517166,1.03288054466248,0.350960999727249) (0.3092461,1.033077,0.3532144) (276.9255,334.8205,49.9443) (0.01896637,1.202629,0.1184392) (347.3521,340.6811,0.6216785)
compute 1.03729550644004(0.322304129600525,1.03273689746857,0.344373255968094) (0.3142929,1.032881,0.350961) (276.0862,337.3261,47.74998) (0.02270644,1.202567,0.1214534) (347.999,342.8125,0.04292647)
compute 1.53654559319329(0.33382460474968,1.03261601924896,0.334206581115723) (0.3223041,1.032737,0.3443733) (275.3727,343.3081,42.78688) (0.02770042,1.201311,0.1233896) (348.7061,345.1887,359.442)
compute 1.89588394245463(0.347710460424423,1.03261697292328,0.32129842042923) (0.3338246,1.032616,0.3342066) (275.2584,351.4409,34.28374) (0.03149264,1.200964,0.1260947) (349.4305,347.3634,359.3999)
compute 1.2352778865763(0.356231540441513,1.03247308731079,0.312356293201447) (0.3477105,1.032617,0.3212984) (275.7411,343.4293,42.92218) (0.03182427,1.201735,0.128194) (350.3472,348.8748,358.9953)
compute 1.61554602100456(0.366837054491043,1.03234815597534,0.300169974565506) (0.3562315,1.032473,0.3123563) (276.0372,340.9317,45.77793) (0.03771229,1.197114,0.1289145) (352.4125,353.2216,358.0398)
compute 3.31317870123876(0.383656561374664,1.03246283531189,0.271625161170959) (0.3668371,1.032348,0.30017) (277.0159,352.7897,34.0019) (0.04400852,1.194191,0.1292306) (353.3443,357.7209,358.0785)
compute 26.0378676757715(0.140137121081352,1.09899616241455,0.335411190986633) (0.3836566,1.032463,0.2716252) (278.5806,355.5266,30.74714) (0.04480146,1.193705,0.1274983) (352.7726,358.938,357.2115)
compute 1.53412505306511(0.144660621881485,1.08804762363434,0.345159083604813) (0.1401371,1.098996,0.3354112) (279.7456,357.2585,28.96651) (0.04598655,1.195336,0.1268136) (353.7284,359.7135,356.9978)
Average= 3.10441658172455
Max= 26.2294828819118
Standard Deviation= 3.72459555384621
Right: 9    Wrong: 1
0
