compute 97.6107331779033(-0.196417585015297,0.883314967155457,0.366005927324295) (0,0,0) (322.3052,314.744,51.65962) (-0.08006538,1.219503,0.06578482) (339.6066,350.7562,356.2121)
compute 1.92270737505108(-0.179570943117142,0.877392411231995,0.373132944107056) (-0.1964176,0.883315,0.3660059) (323.0561,318.4151,50.6228) (-0.07614321,1.225552,0.06268584) (336.2181,354.247,356.5492)
compute 1.30621643948433(-0.1699348539114,0.87750643491745,0.381950706243515) (-0.1795709,0.8773924,0.3731329) (323.6458,320.45,50.66685) (-0.07161407,1.230708,0.05569036) (332.5522,358.0894,355.991)
compute 1.32767109875264(-0.161357536911964,0.878683924674988,0.39201620221138) (-0.1699349,0.8775064,0.3819507) (322.8549,322.2414,50.46803) (-0.06933355,1.232062,0.05077389) (331.0728,0.9401891,355.1834)
compute 1.28582358194395(-0.152599424123764,0.88706761598587,0.396299123764038) (-0.1613575,0.8786839,0.3920162) (322.0027,323.5207,50.53925) (-0.06900141,1.232249,0.04926705) (331.2405,2.66688,354.9241)
compute 2.04566743522743(-0.144625827670097,0.892817735671997,0.414238840341568) (-0.1525994,0.8870676,0.3962991) (320.6778,324.8464,51.84315) (-0.06987415,1.231696,0.04808003) (331.7783,4.003231,354.9762)
compute 6.92467643060366(-0.125476837158203,0.953613758087158,0.44129940867424) (-0.1446258,0.8928177,0.4142388) (314.1787,324.5026,60.78639) (-0.07072543,1.229168,0.04697614) (333.4579,4.996365,354.5522)
compute 12.0242621427377(-0.0887254998087883,1.05880832672119,0.486484915018082) (-0.1254768,0.9536138,0.4412994) (303.5901,329.0177,67.09438) (-0.07133611,1.227319,0.04645246) (334.5753,5.732306,354.8183)
compute 10.8142342459035(-0.0591382756829262,1.15419030189514,0.527977585792542) (-0.0887255,1.058808,0.4864849) (296.0609,333.351,73.23585) (-0.07182109,1.22676,0.04521136) (334.0049,6.131007,354.8086)
compute 8.90816090085088(-0.0336181111633778,1.23241317272186,0.562116086483002) (-0.05913828,1.15419,0.5279776) (292.3533,340.7214,71.86301) (-0.07242091,1.23113,0.03754099) (331.0815,5.640363,354.4051)
compute 4.47166818842373(-0.0159418173134327,1.27321302890778,0.566859722137451) (-0.03361811,1.232413,0.5621161) (293.2463,347.2944,66.14313) (-0.07580105,1.23383,0.02829827) (327.6771,3.697149,354.3765)
compute 1.53107509492557(-0.0280590448528528,1.26494371891022,0.562476754188538) (-0.01594182,1.273213,0.5668597) (300.1586,335.2005,74.8932) (-0.08346974,1.235322,0.02035809) (324.7976,0.2435431,355.9152)
compute 6.07943486577627(-0.0646542683243752,1.21639823913574,0.56219619512558) (-0.02805904,1.264944,0.5624768) (306.2461,322.6784,85.14143) (-0.08600926,1.234897,0.01924296) (325.0877,358.218,356.993)
compute 4.80433525381636(-0.084705077111721,1.17370128631592,0.571312069892883) (-0.06465427,1.216398,0.5621962) (309.8853,318.8972,89.10489) (-0.08589913,1.229971,0.02222088) (328.423,358.5112,356.6371)
compute 1.45986478563918(-0.0860815718770027,1.16184628009796,0.579719483852386) (-0.08470508,1.173701,0.5713121) (310.7252,319.3588,88.52388) (-0.08408444,1.227291,0.03208943) (331.6414,359.1637,356.4364)
compute 0.790020015913573(-0.0844229087233543,1.16480243206024,0.586855530738831) (-0.08608157,1.161846,0.5797195) (309.5319,320.8254,87.44836) (-0.08292206,1.227018,0.03610644) (331.4495,358.6591,356.7745)
compute 0.757921538387773(-0.0850799009203911,1.17105793952942,0.591084182262421) (-0.08442291,1.164802,0.5868555) (308.3741,321.6165,86.62888) (-0.080732,1.227374,0.03764652) (331.8021,357.884,356.8999)
compute 0.413214210352279(-0.0887578502297401,1.16943109035492,0.590135157108307) (-0.0850799,1.171058,0.5910842) (308.3088,320.4118,87.47562) (-0.07827577,1.230253,0.0359868) (328.1861,358.7486,356.9022)
compute 2.22488184952332(-0.0943885520100594,1.14859986305237,0.584716200828552) (-0.08875785,1.169431,0.5901352) (310.4895,315.8493,90.67174) (-0.07409312,1.238198,0.02360014) (321.2097,1.888797,355.1948)
compute 4.10702043765516(-0.0946020260453224,1.10760426521301,0.582251012325287) (-0.09438855,1.1486,0.5847162) (313.52,315.7978,89.36121) (-0.07277986,1.24078,0.01448387) (317.3463,4.907757,353.4057)
compute 5.8632971749334(-0.0988448038697243,1.04939877986908,0.587903082370758) (-0.09460203,1.107604,0.582251) (318.4245,317.7349,84.01736) (-0.0731646,1.241207,0.01086895) (314.957,7.358939,353.0562)
compute 6.94829788340344(-0.101465590298176,0.980204641819,0.593663930892944) (-0.0988448,1.049399,0.5879031) (324.1856,319.7304,79.61451) (-0.07223357,1.240922,0.009590236) (314.5759,9.283791,352.1506)
compute 3.32413091252197(-0.0911701023578644,0.9490966796875,0.588070869445801) (-0.1014656,0.9802046,0.5936639) (326.3042,323.6013,76.20449) (-0.07211854,1.239475,0.01367496) (315.3145,9.14503,353.0097)
compute 2.90682630625317(-0.0741178840398788,0.947404265403748,0.564590632915497) (-0.0911701,0.9490967,0.5880709) (326.1851,326.5919,72.6339) (-0.07277118,1.2377,0.01524637) (313.2579,10.18339,353.3119)
compute 0.970533041789294(-0.0681572034955025,0.951015055179596,0.557835936546326) (-0.07411788,0.9474043,0.5645906) (325.585,327.2669,72.61127) (-0.07289914,1.240674,0.00542079) (309.8642,10.59827,352.6203)
compute 3.50677443844268(-0.0625315606594086,0.985626339912415,0.558233201503754) (-0.0681572,0.9510151,0.5578359) (322.751,327.0729,74.84495) (-0.0755592,1.241648,0.003812422) (310.7979,9.20577,353.3961)
compute 5.89902388475159(-0.0545760169625282,1.04397881031036,0.554835140705109) (-0.06253156,0.9856263,0.5582332) (316.2141,326.0742,78.29752) (-0.08052693,1.23906,0.006100134) (312.8864,7.559365,355.0932)
compute 6.71734207089792(-0.0540108419954777,1.10988235473633,0.541847765445709) (-0.05457602,1.043979,0.5548351) (312.7954,321.9662,83.44537) (-0.08198561,1.238595,0.003880748) (310.6446,7.358621,354.9285)
compute 14.6969960935073(-0.0323300324380398,1.25353527069092,0.51962274312973) (-0.05401084,1.109882,0.5418478) (301.9154,315.6732,99.99562) (-0.08446024,1.244184,-0.006873536) (304.5733,7.013561,353.8141)
compute 17.9669034483354(-0.00122701073996723,1.41820800304413,0.454842686653137) (-0.03233003,1.253535,0.5196227) (285.9943,292.0432,134.0705) (-0.08923209,1.244822,-0.01125375) (301.2347,6.25156,353.5817)
compute 14.1654956083562(0.00664812978357077,1.53065001964569,0.369046986103058) (-0.001227011,1.418208,0.4548427) (282.0263,237.5565,198.1576) (-0.09291004,1.244617,-0.01340259) (299.5685,6.754337,353.0735)
compute 8.42738721754305(-0.00548006361350417,1.59279322624207,0.313430309295654) (0.00664813,1.53065,0.369047) (286.4826,225.0548,218.1813) (-0.09464583,1.242517,-0.01557232) (299.4954,7.640884,353.3828)
compute 5.02872062740834(-0.024807870388031,1.6270192861557,0.282064467668533) (-0.005480064,1.592793,0.3134303) (290.8571,229.8011,220.0246) (-0.09824597,1.240001,-0.01625255) (299.4221,6.788069,355.2054)
compute 5.33045122563966(-0.0398984327912331,1.65461039543152,0.239025220274925) (-0.02480787,1.627019,0.2820645) (294.1129,230.8765,222.9599) (-0.1022951,1.239376,-0.02028595) (297.8821,6.583087,355.6102)
compute 3.96930461201504(-0.0527740083634853,1.66640245914459,0.203378275036812) (-0.03989843,1.65461,0.2390252) (297.4811,232.3562,224.4224) (-0.1074282,1.238977,-0.02787998) (295.4343,5.406344,356.4359)
compute 1.41720303685424(-0.0589311793446541,1.67505371570587,0.19399257004261) (-0.05277401,1.666402,0.2033783) (299.6252,234.0116,223.584) (-0.1113293,1.238254,-0.03491207) (293.1151,3.509256,357.558)
compute 1.05027717490289(-0.0634063556790352,1.67923402786255,0.202525213360786) (-0.05893118,1.675054,0.1939926) (302.1409,237.7735,217.7857) (-0.1154318,1.237693,-0.03723176) (292.2489,1.007109,359.3845)
compute 1.19716673559975(-0.0644079297780991,1.68120884895325,0.214290320873261) (-0.06340636,1.679234,0.2025252) (301.8132,243.3373,213.3215) (-0.11947,1.23781,-0.03748938) (292.4015,359.1712,0.2691463)
compute 0.523564447261653(-0.0611680001020432,1.6771445274353,0.213660940527916) (-0.06440793,1.681209,0.2142903) (295.343,241.8379,211.3411) (-0.1225681,1.236621,-0.0368457) (291.5384,359.704,359.4425)
compute 0.253685431049629(-0.0607329495251179,1.67553055286407,0.211752682924271) (-0.061168,1.677145,0.2136609) (295.257,236.9088,214.4485) (-0.1262911,1.235733,-0.04090724) (289.679,0.7771637,357.8027)
compute 0.367489752012217(-0.0644064247608185,1.67546081542969,0.21182744204998) (-0.06073295,1.675531,0.2117527) (295.9888,237.8737,212.3619) (-0.1297683,1.234288,-0.04223322) (288.6308,1.922988,356.3574)
compute 0.931856589063786(-0.0728175267577171,1.67516434192657,0.215827584266663) (-0.06440642,1.675461,0.2118274) (296.4676,240.2127,210.9822) (-0.134664,1.233264,-0.04264142) (288.5348,2.791471,355.7931)
compute 0.846010187333695(-0.0782275572419167,1.67411911487579,0.222247272729874) (-0.07281753,1.675164,0.2158276) (297.3782,243.7179,208.6472) (-0.1396412,1.232454,-0.04033975) (289.0013,4.746871,354.4083)
compute 0.819173340370693(-0.0714617744088173,1.67361164093018,0.226837605237961) (-0.07822756,1.674119,0.2222473) (295.3181,243.1563,208.7879) (-0.14074,1.231193,-0.03302912) (289.4904,6.979208,353.3491)
compute 3.05118589033095(-0.0417643412947655,1.67564606666565,0.233538135886192) (-0.07146177,1.673612,0.2268376) (290.7305,238.8441,210.2834) (-0.1353801,1.232943,-0.02049608) (290.386,9.1453,351.5758)
compute 4.1514056814068(-0.0015912022208795,1.68259501457214,0.241364240646362) (-0.04176434,1.675646,0.2335381) (285.7305,224.3653,221.9059) (-0.1266342,1.236444,-0.001362444) (291.4023,11.35668,349.5025)
compute 3.69923648735575(0.0323276817798615,1.68990516662598,0.254190236330032) (-0.001591202,1.682595,0.2413642) (283.3063,216.2339,231.617) (-0.1151129,1.237201,0.02010406) (292.7488,10.93078,349.4008)
compute 2.24279165395013(0.0535749197006226,1.69216680526733,0.261005759239197) (0.03232768,1.689905,0.2541902) (283.5249,207.7227,240.2341) (-0.1038583,1.237362,0.04382112) (293.1844,11.09409,348.7444)
compute 2.87232636263895(0.0706411004066467,1.7009471654892,0.282375752925873) (0.05357492,1.692167,0.2610058) (283.6191,207.0336,240.9527) (-0.09548563,1.240817,0.06854158) (294.7313,11.9184,348.1443)
compute 5.51205852940666(0.0951295867562294,1.70881307125092,0.331127375364304) (0.0706411,1.700947,0.2823758) (276.4005,227.9164,219.3303) (-0.09403464,1.241925,0.08869538) (296.0804,9.576001,350.1918)
compute 6.09166932137056(0.108493290841579,1.71830785274506,0.389796823263168) (0.09512959,1.708813,0.3311274) (275.3622,322.3963,124.5443) (-0.1068453,1.241222,0.1059971) (296.4739,6.120668,353.3797)
compute 5.13951435406475(0.116405591368675,1.72078835964203,0.440518647432327) (0.1084933,1.718308,0.3897968) (279.1253,352.9048,94.3559) (-0.1228287,1.239939,0.1240274) (297.334,5.381037,353.3318)
compute 2.67461563761984(0.113319218158722,1.70648777484894,0.462908923625946) (0.1164056,1.720788,0.4405186) (279.0696,14.63526,72.41613) (-0.1459597,1.233483,0.1414071) (297.8327,3.29242,353.9648)
compute 6.29794970240476(0.0520638711750507,1.69919121265411,0.475595921278) (0.1133192,1.706488,0.4629089) (275.9801,22.12256,59.67031) (-0.177569,1.230511,0.1564118) (297.6356,357.715,355.6574)
compute 10.9003849151624(-0.0540429949760437,1.70006990432739,0.500543892383575) (0.05206387,1.699191,0.4755959) (279.4244,297.4021,137.3324) (-0.2068938,1.238796,0.1672139) (297.4236,351.0313,0.7815089)
compute 11.1531613754773(-0.165535643696785,1.7019190788269,0.502839803695679) (-0.05404299,1.70007,0.5005439) (287.2683,276.5696,154.9722) (-0.2283094,1.247175,0.1789439) (299.1242,347.0566,2.873911)
compute 9.59162756961436(-0.242032200098038,1.69715356826782,0.560506939888) (-0.1655356,1.701919,0.5028398) (294.2247,273.5336,156.7786) (-0.2392922,1.246695,0.1876042) (299.8322,344.2575,3.996613)
compute 5.78169261442253(-0.293172180652618,1.68835282325745,0.586002945899963) (-0.2420322,1.697154,0.5605069) (297.5598,273.2974,155.092) (-0.2395354,1.243809,0.1929647) (300.7213,342.8295,4.252763)
compute 3.51309945269651(-0.319707214832306,1.67851972579956,0.606820940971375) (-0.2931722,1.688353,0.5860029) (301.0849,276.584,155.7244) (-0.2358011,1.239756,0.2006578) (301.4555,342.6611,2.596938)
compute 1.79533187203197(-0.334459185600281,1.67910325527191,0.617036640644073) (-0.3197072,1.67852,0.6068209) (299.3818,273.4772,157.3962) (-0.2295467,1.243114,0.2111574) (300.7484,339.251,3.311824)
compute 2.21379838624785(-0.345102250576019,1.6737676858902,0.635700702667236) (-0.3344592,1.679103,0.6170366) (299.9409,275.2177,156.505) (-0.2228877,1.242206,0.230433) (301.2112,336.9486,4.578683)
compute 4.28275184096257(-0.351528733968735,1.64708542823792,0.668578565120697) (-0.3451023,1.673768,0.6357007) (309.4834,288.5616,146.0028) (-0.2074354,1.239255,0.2495858) (300.6566,342.7514,1.447847)
compute 6.62752771419227(-0.289021104574203,1.66907167434692,0.667231798171997) (-0.3515287,1.647085,0.6685786) (301.8716,276.392,165.1673) (-0.1726983,1.243215,0.2621969) (296.8844,1.575956,348.7363)
compute 13.4223953117789(-0.161515533924103,1.70857656002045,0.653168976306915) (-0.2890211,1.669072,0.6672318) (292.9279,264.7086,190.4647) (-0.1499187,1.242727,0.2856305) (296.9657,14.37629,341.4149)
compute 11.2313666591524(-0.0516416952013969,1.73181307315826,0.654640138149261) (-0.1615155,1.708577,0.653169) (284.6591,260.9371,197.0688) (-0.1269017,1.240689,0.3083649) (297.8888,21.49611,336.7151)
compute 6.8249408630723(0.0148701118305326,1.74178683757782,0.666245520114899) (-0.0516417,1.731813,0.6546401) (279.3784,249.4215,211.3607) (-0.1102117,1.243809,0.3226594) (297.5452,22.06793,335.9058)
compute 5.34133396435976(0.0632130354642868,1.75871014595032,0.651094675064087) (0.01487011,1.741787,0.6662455) (277.0576,225.2949,233.0949) (-0.09938182,1.244747,0.331007) (298.3746,25.40965,332.6561)
compute 11.9348296323843(0.0628970563411713,1.69965720176697,0.754809021949768) (0.06321304,1.75871,0.6510947) (280.9223,316.006,138.9345) (-0.09131178,1.242921,0.338696) (304.8347,34.74475,326.9213)
compute 30.0603735405524(0.156894773244858,1.72817206382751,0.470707029104233) (0.06289706,1.699657,0.754809) (287.385,198.6107,254.5449) (-0.08535847,1.222853,0.3344206) (316.5782,45.51207,321.8451)
compute 43.1417582399288(0.194003656506538,1.3030081987381,0.533792316913605) (0.1568948,1.728172,0.470707) (302.0367,145.6366,301.7899) (-0.08844647,1.207909,0.3181656) (324.8102,53.13441,318.6701)
compute 24.0652066546891(0.337417364120483,1.15058672428131,0.652593076229095) (0.1940037,1.303008,0.5337923) (325.3682,99.57397,335.0599) (-0.1144907,1.211643,0.2998787) (318.4866,48.79453,320.3249)
compute 15.1116388785107(0.223487466573715,1.22508311271667,0.718216478824615) (0.3374174,1.150587,0.6525931) (302.317,74.55376,355.1468) (-0.1642455,1.232904,0.2958613) (301.9215,19.70841,334.8751)
compute 27.6527637155706(0.00732745556160808,1.39710664749146,0.705957353115082) (0.2234875,1.225083,0.7182165) (272.9786,83.00003,331.2683) (-0.1997933,1.235748,0.2901867) (298.8506,342.2486,0.004586238)
compute 24.0816106210845(-0.193571761250496,1.51562690734863,0.64608371257782) (0.007327456,1.397107,0.7059574) (290.1145,222.9759,182.9356) (-0.2117207,1.232632,0.2852151) (298.4836,326.2134,11.90907)
compute 19.5347846597055(-0.368736952543259,1.5748655796051,0.583085954189301) (-0.1935718,1.515627,0.6460837) (306.3496,229.4363,178.1525) (-0.2218947,1.230899,0.2851287) (298.3617,316.5021,18.15458)
compute 14.4086887115832(-0.509864389896393,1.57101690769196,0.554288983345032) (-0.368737,1.574866,0.583086) (318.9118,232.1186,181.8997) (-0.2270668,1.227206,0.2863066) (300.7074,309.5718,21.2183)
compute 14.9601492424558(-0.597481727600098,1.50215291976929,0.654096603393555) (-0.5098644,1.571017,0.554289) (340.7342,286.0427,154.4371) (-0.2413107,1.220638,0.2869569) (304.0868,304.7777,21.30653)
compute 8.49481593261341(-0.606923580169678,1.56856989860535,0.60198301076889) (-0.5974817,1.502153,0.6540966) (313.6704,249.322,167.8196) (-0.2505874,1.224401,0.2929057) (304.1544,300.6639,21.49606)
compute 6.25767860100627(-0.628935575485229,1.60429573059082,0.555561125278473) (-0.6069236,1.56857,0.601983) (317.5877,240.4436,179.9704) (-0.2578859,1.231059,0.304388) (301.9012,302.8418,19.25801)
compute 1.56273455926071(-0.638239741325378,1.60490143299103,0.568102240562439) (-0.6289356,1.604296,0.5555611) (315.1684,251.387,164.1292) (-0.2528552,1.232172,0.3021307) (299.9921,309.1768,15.52152)
compute 7.24760313065426(-0.643815457820892,1.54290723800659,0.605229139328003) (-0.6382397,1.604901,0.5681022) (337.5307,272.7485,151.3358) (-0.2292988,1.231724,0.2908312) (292.0614,322.8347,10.29667)
compute 8.0656038142802(-0.584347188472748,1.59003257751465,0.577877283096313) (-0.6438155,1.542907,0.6052291) (329.5659,256.5114,168.154) (-0.2233481,1.232454,0.2837905) (288.405,333.2484,4.78863)
compute 13.4408454770767(-0.467292547225952,1.65143620967865,0.60223788022995) (-0.5843472,1.590033,0.5778773) (319.1711,246.9797,183.6621) (-0.2272876,1.233089,0.2911201) (287.867,340.3546,2.925014)
compute 11.0880204160804(-0.372855722904205,1.70945143699646,0.599022388458252) (-0.4672925,1.651436,0.6022379) (311.7321,231.3209,202.0228) (-0.2312218,1.230784,0.2990936) (287.8806,347.6193,357.8116)
compute 6.12428745373603(-0.314464896917343,1.72711718082428,0.593625843524933) (-0.3728557,1.709451,0.5990224) (311.0686,231.6584,207.8063) (-0.2335029,1.230384,0.3016716) (287.9015,352.8521,353.994)
compute 4.08762846566315(-0.2767134308815,1.72322261333466,0.578442633152008) (-0.3144649,1.727117,0.5936258) (303.7238,235.4807,208.1885) (-0.2354026,1.232121,0.3036487) (288.4878,358.5735,349.416)
compute 4.58201814937462(-0.247934967279434,1.73029470443726,0.543495893478394) (-0.2767134,1.723223,0.5784426) (301.5953,228.5044,210.4053) (-0.2347736,1.237794,0.3063875) (289.0808,0.7392656,348.0433)
compute 3.58966907153765(-0.236477315425873,1.74106550216675,0.511226952075958) (-0.247935,1.730295,0.5434959) (307.0565,215.7539,224.3077) (-0.2285755,1.242365,0.3120997) (290.6872,0.9334743,348.0729)
compute 12.3360701075154(-0.25757697224617,1.70542359352112,0.627426445484161) (-0.2364773,1.741066,0.511227) (316.2752,292.5308,154.7445) (-0.2048615,1.238067,0.3122753) (293.4484,7.899004,343.1262)
compute 12.0193521302621(-0.162847712635994,1.73819422721863,0.561101973056793) (-0.257577,1.705424,0.6274264) (295.8295,227.1941,202.3273) (-0.1787587,1.229326,0.3128642) (291.9908,13.48569,339.3048)
compute 7.0924583840877(-0.0980131179094315,1.7517716884613,0.53575587272644) (-0.1628477,1.738194,0.561102) (296.5273,211.0956,224.6252) (-0.1531854,1.22163,0.3169438) (292.0104,13.84282,341.2833)
compute 11.696781214259(-0.134494245052338,1.67957425117493,0.620243310928345) (-0.09801312,1.751772,0.5357559) (317.5216,288.2578,161.1075) (-0.1165874,1.200479,0.3149709) (295.1656,22.70719,339.3013)
compute 9.36465025829965(-0.0715488493442535,1.67773163318634,0.550931334495544) (-0.1344942,1.679574,0.6202433) (304.9912,265.8528,168.3475) (-0.09089132,1.180648,0.3002643) (298.076,38.79646,327.0168)
compute 28.5748828508178(0.197038933634758,1.58019864559174,0.550362884998322) (-0.07154885,1.677732,0.5509313) (285.5652,226.011,210.5458) (-0.07228382,1.18902,0.2787121) (299.1484,46.88327,319.9595)
compute 13.5773865722355(0.319224119186401,1.54428887367249,0.597435295581818) (0.1970389,1.580199,0.5503629) (279.5504,101.2244,332.4772) (-0.05283855,1.201936,0.2697575) (301.7084,51.93212,314.1978)
compute 10.0479392116021(0.313761681318283,1.49631989002228,0.685555934906006) (0.3192241,1.544289,0.5974353) (314.5598,0.6879385,96.12947) (-0.04598159,1.212726,0.2808332) (303.3125,47.9399,318.7181)
compute 15.8326481180395(0.201582327485085,1.58347856998444,0.615652918815613) (0.3137617,1.49632,0.6855559) (280.1737,312.8334,129.265) (-0.06906201,1.223398,0.3123518) (299.4975,17.87937,341.0467)
compute 26.6448745191193(-0.0628306195139885,1.55357003211975,0.629298865795136) (0.2015823,1.583479,0.6156529) (307.2646,255.7274,168.6244) (-0.08909661,1.208109,0.3341248) (303.1931,2.556805,354.3552)
compute 23.0178549892254(-0.196193441748619,1.41125357151031,0.751538574695587) (-0.06283062,1.55357,0.6292989) (337.1166,298.0208,149.8878) (-0.1179422,1.196568,0.3353345) (298.9007,355.1714,358.4724)
compute 10.5383616299136(-0.185802042484283,1.45070731639862,0.654373109340668) (-0.1961934,1.411254,0.7515386) (319.3593,267.5811,155.3998) (-0.1240035,1.210039,0.3183949) (290.4604,357.1842,354.4799)
compute 10.671221071632(-0.128023460507393,1.52896416187286,0.610498309135437) (-0.185802,1.450707,0.6543731) (305.9059,243.4429,181.5863) (-0.116734,1.216065,0.3164379) (289.9704,8.120055,345.7941)
compute 7.84176608136679(-0.082125648856163,1.585728764534,0.581853926181793) (-0.1280235,1.528964,0.6104983) (300.7989,232.8004,197.6873) (-0.1142888,1.216238,0.3257334) (291.289,13.63398,342.3712)
compute 6.73601268147233(-0.0586087182164192,1.6245059967041,0.532047629356384) (-0.08212565,1.585729,0.5818539) (300.0981,220.4336,210.5995) (-0.108946,1.223499,0.3280576) (291.3566,17.49499,338.8491)
compute 6.89591651042728(-0.0444336831569672,1.67923378944397,0.492559611797333) (-0.05860872,1.624506,0.5320476) (300.2939,210.6833,221.563) (-0.08905833,1.228725,0.3314152) (293.2747,24.00623,331.6984)
compute 5.4686824371211(-0.019635671749711,1.72751438617706,0.499244779348373) (-0.04443368,1.679234,0.4925596) (292.577,199.5198,229.8333) (-0.07738072,1.230716,0.3306381) (293.2807,22.2162,334.0227)
compute 9.69111902730354(-0.00835600215941668,1.70757949352264,0.593410313129425) (-0.01963567,1.727514,0.4992448) (289.3136,320.3534,117.0342) (-0.1097804,1.225528,0.3204392) (291.9353,346.3544,3.603451)
compute 9.26927151351157(0.00234354450367391,1.71447384357452,0.501595675945282) (-0.008356002,1.707579,0.5934103) (277.275,221.2169,201.9628) (-0.1364928,1.210566,0.3106153) (294.5276,336.1886,10.40505)
compute 15.2641022409864(-0.145360678434372,1.68418920040131,0.47781366109848) (0.002343545,1.714474,0.5015957) (300.96,210.4731,203.6048) (-0.1737063,1.206458,0.3022411) (294.8585,327.2967,16.78643)
compute 12.3792356105461(-0.254602193832397,1.66198790073395,0.423981130123138) (-0.1453607,1.684189,0.4778137) (319.1117,207.6964,208.8992) (-0.1996347,1.209006,0.3045374) (295.3285,324.198,17.11962)
compute 7.24631929430267(-0.324784874916077,1.64475417137146,0.418660938739777) (-0.2546022,1.661988,0.4239811) (324.9843,205.3544,209.0364) (-0.2264172,1.212717,0.3146736) (297.5415,320.5412,17.99079)
compute 14.7573135661411(-0.380196928977966,1.67914772033691,0.551040768623352) (-0.3247849,1.644754,0.4186609) (303.4891,238.7127,183.6253) (-0.2644345,1.221067,0.3151002) (301.052,312.984,23.53037)
compute 6.83565980515883(-0.416615307331085,1.65870070457459,0.605154037475586) (-0.3801969,1.679148,0.5510408) (310.6952,275.8615,158.1884) (-0.2749384,1.235311,0.3181928) (302.1907,313.6201,25.54221)
compute 4.24913106678087(-0.427617281675339,1.65526556968689,0.564255774021149) (-0.4166153,1.658701,0.605154) (308.5309,249.0211,173.4247) (-0.2792157,1.216938,0.340117) (307.5114,312.7538,25.16888)
compute 5.90547478031307(-0.437266051769257,1.63572263717651,0.509370088577271) (-0.4276173,1.655266,0.5642558) (309.4001,223.6439,187.6411) (-0.3009247,1.208793,0.3405266) (309.5285,310.9099,22.67485)
compute 7.84654637550563(-0.51355642080307,1.62813532352448,0.492665559053421) (-0.4372661,1.635723,0.5093701) (311.5924,223.9167,183.5683) (-0.3408544,1.204693,0.3244823) (311.6292,304.4733,26.39155)
compute 9.40805296630727(-0.601638913154602,1.60700905323029,0.467243105173111) (-0.5135564,1.628135,0.4926656) (319.9477,231.636,179.3219) (-0.3817302,1.20886,0.3130166) (311.8156,302.5876,24.46348)
compute 5.84765744048077(-0.658691763877869,1.61722493171692,0.47499668598175) (-0.6016389,1.607009,0.4672431) (315.6239,218.4613,186.494) (-0.4242814,1.214852,0.297116) (312.6904,296.6622,25.7389)
compute 18.7113071794461(-0.746141254901886,1.59173035621643,0.638440608978271) (-0.6586918,1.617225,0.4749967) (319.4909,285.1181,133.235) (-0.4421687,1.215829,0.2887155) (315.1021,296.982,25.7924)
compute 7.76865176079301(-0.797326743602753,1.54454207420349,0.603965878486633) (-0.7461413,1.59173,0.6384406) (319.724,256.7261,155.5492) (-0.4464235,1.212598,0.2837325) (315.8867,299.8348,25.26155)
compute 19.6483266337725(-0.863526999950409,1.3801052570343,0.688722789287567) (-0.7973267,1.544542,0.6039659) (352.4393,264.9706,157.9218) (-0.4444302,1.203099,0.2821532) (314.3474,301.594,26.18198)
compute 3.55646510076669(-0.829461395740509,1.38829755783081,0.694827318191528) (-0.863527,1.380105,0.6887228) (349.3047,267.0466,151.2282) (-0.4275413,1.214379,0.2827245) (305.828,301.9477,27.83866)
compute 15.0197615184487(-0.768532812595367,1.52237856388092,0.665343165397644) (-0.8294614,1.388298,0.6948273) (331.6705,263.4973,165.7733) (-0.4179716,1.227352,0.2959496) (303.9282,305.9258,25.03204)
compute 13.7921510698486(-0.70845639705658,1.63555097579956,0.614302277565002) (-0.7685328,1.522379,0.6653432) (311.9516,246.8975,171.6407) (-0.4147188,1.234041,0.3027716) (303.156,308.3486,23.16606)
compute 6.35778965937357(-0.693260014057159,1.68557012081146,0.578117966651917) (-0.7084564,1.635551,0.6143023) (310.0217,243.2567,178.5844) (-0.4128409,1.237209,0.3043426) (302.0798,306.4027,23.51953)
compute 4.06581445099418(-0.692673981189728,1.70874428749084,0.544715881347656) (-0.69326,1.68557,0.578118) (308.3988,231.8445,183.09) (-0.4308186,1.239181,0.3072534) (302.7433,301.2867,25.10545)
compute 4.95228804803525(-0.72799152135849,1.70527386665344,0.579257786273956) (-0.692674,1.708744,0.5447159) (306.8596,234.6964,178.4132) (-0.4420913,1.237098,0.3092949) (301.6661,303.3012,23.16138)
compute 9.94245632471191(-0.747563660144806,1.65636456012726,0.663578927516937) (-0.7279915,1.705274,0.5792578) (319.8153,280.8251,151.29) (-0.4335088,1.238312,0.3108728) (297.5402,318.3331,15.41337)
compute 14.9732740060321(-0.624531805515289,1.70532441139221,0.593679070472717) (-0.7475637,1.656365,0.6635789) (312.7608,232.4067,204.3761) (-0.4196432,1.241698,0.3244521) (296.1999,331.8676,8.353012)
compute 14.7911700599647(-0.486196637153625,1.75472259521484,0.576327621936798) (-0.6245318,1.705324,0.5936791) (298.9084,211.2331,223.6658) (-0.3961526,1.249888,0.3390257) (295.7004,345.7823,357.7722)
compute 11.4986158719502(-0.441077798604965,1.72762298583984,0.678561270236969) (-0.4861966,1.754723,0.5763276) (301.7794,306.702,131.9204) (-0.3764268,1.243074,0.3388682) (297.2213,5.242675,345.731)
compute 9.02102125295337(-0.365234732627869,1.6992769241333,0.638784229755402) (-0.4410778,1.727623,0.6785613) (290.6486,249.7781,169.6821) (-0.3557043,1.234874,0.3192199) (294.3154,26.01544,331.1731)
compute 11.1798145852263(-0.253759682178497,1.69169342517853,0.642609119415283) (-0.3652347,1.699277,0.6387842) (287.7474,261.4844,175.8345) (-0.3433324,1.23053,0.3032029) (294.1321,34.3813,325.7756)
compute 11.9602626881171(-0.137762144207954,1.67283236980438,0.620391547679901) (-0.2537597,1.691693,0.6426091) (276.1265,260.1133,177.7452) (-0.3184927,1.224879,0.2918447) (297.0443,42.31712,320.4246)
compute 11.616062857759(-0.0389980785548687,1.6303813457489,0.576381742954254) (-0.1377621,1.672832,0.6203915) (276.049,185.9527,257.8298) (-0.2837878,1.20916,0.2911958) (306.31,52.98449,313.2039)
compute 17.3311868045599(0.121513314545155,1.57140827178955,0.548181116580963) (-0.03899808,1.630381,0.5763817) (286.6989,137.4486,310.4168) (-0.2340049,1.190017,0.3000896) (311.5232,53.61579,316.2195)
compute 18.4553072164772(0.289807349443436,1.49588751792908,0.542387187480927) (0.1215133,1.571408,0.5481811) (305.5432,122.2267,323.9729) (-0.1781212,1.171389,0.3080992) (312.2162,54.36182,317.4768)
compute 19.2944637735944(0.364500343799591,1.38056421279907,0.677846133708954) (0.2898073,1.495888,0.5423872) (319.3553,43.67728,31.37592) (-0.1341939,1.174541,0.2975694) (315.7731,58.87788,319.1085)
compute 3.26028224867303(0.394031524658203,1.37057077884674,0.668307542800903) (0.3645003,1.380564,0.6778461) (306.6168,45.28175,33.52628) (-0.09690007,1.205141,0.2866737) (318.8504,59.96056,316.8657)
compute 11.5074821414104(0.42882576584816,1.39304089546204,0.560945212841034) (0.3940315,1.370571,0.6683075) (306.2401,106.2635,334.1532) (-0.09960949,1.21556,0.2801536) (302.6315,51.96975,318.0665)
compute 10.4468020428674(0.374049931764603,1.45762860774994,0.499776571989059) (0.4288258,1.393041,0.5609452) (310.7034,132.2839,303.6548) (-0.1347274,1.216855,0.2609415) (291.1312,34.56571,329.1571)
compute 15.3767835404014(0.255412369966507,1.5554301738739,0.497648030519485) (0.3740499,1.457629,0.4997766) (298.7637,139.994,294.8563) (-0.1422734,1.216288,0.2541576) (288.1339,23.03416,337.3615)
compute 14.7439296044998(0.122569940984249,1.61850094795227,0.508293032646179) (0.2554124,1.55543,0.497648) (281.9101,175.5034,254.4627) (-0.1436884,1.211629,0.2572366) (288.5783,20.41286,338.9153)
compute 9.08795785607946(0.0401883125305176,1.65587747097015,0.49961194396019) (0.1225699,1.618501,0.508293) (291.3577,219.2219,221.9015) (-0.1399862,1.212468,0.2617976) (289.7178,13.25197,344.7183)
compute 4.7986823991709(-0.00316641479730606,1.67101395130157,0.485683917999268) (0.04018831,1.655877,0.4996119) (298.8192,230.1395,205.3666) (-0.1495315,1.21295,0.2582426) (289.161,336.5097,14.54559)
compute 1.27006217450909(-0.00482657644897699,1.67479956150055,0.473674803972244) (-0.003166415,1.671014,0.4856839) (302.6245,220.318,213.1735) (-0.1738068,1.206694,0.2491144) (297.8578,301.0874,39.47793)
compute 3.02983357827202(0.0243023186922073,1.6831226348877,0.474147200584412) (-0.004826576,1.6748,0.4736748) (299.9411,200.8699,227.5503) (-0.1793277,1.204268,0.2462912) (297.5602,301.424,38.73435)
compute 2.54401067182967(0.040953204035759,1.68843960762024,0.492631703615189) (0.02430232,1.683123,0.4741472) (295.4016,186.1948,238.0726) (-0.1819862,1.206209,0.2501707) (295.6114,309.3188,33.10608)
compute 0.967554802293852(0.0407031923532486,1.6816920042038,0.499561607837677) (0.0409532,1.68844,0.4926317) (293.6659,184.4965,240.0836) (-0.1710119,1.210366,0.2678258) (294.92,323.5767,23.35806)
compute 3.5618185528298(0.0721700638532639,1.69762253761292,0.494590759277344) (0.04070319,1.681692,0.4995616) (301.8516,174.5566,250.3279) (-0.1813846,1.216636,0.2908007) (300.1317,317.3154,24.30619)
compute 10.8379588439173(0.100144237279892,1.70871031284332,0.598709166049957) (0.07217006,1.697623,0.4945908) (301.2808,75.46171,319.6627) (-0.2297805,1.207441,0.2991437) (311.12,305.8315,30.19236)
compute 27.7826475966143(-0.176120430231094,1.68347775936127,0.5835862159729) (0.1001442,1.70871,0.5987092) (281.5294,223.6157,183.4848) (-0.2856975,1.179616,0.2990332) (319.3593,299.2916,32.20272)
compute 33.8885145130711(-0.48869514465332,1.56546998023987,0.526890933513641) (-0.1761204,1.683478,0.5835862) (321.9607,237.7523,174.7952) (-0.3433615,1.167346,0.2867542) (319.0816,296.6163,29.77206)
compute 25.9964941463588(-0.710730254650116,1.43473839759827,0.492373734712601) (-0.4886951,1.56547,0.5268909) (339.9067,242.5926,173.9672) (-0.4043084,1.157614,0.2797863) (316.2329,294.4565,29.34781)
compute 18.1521486736078(-0.816001176834106,1.39777100086212,0.635557174682617) (-0.7107303,1.434738,0.4923737) (337.0725,279.9669,154.6768) (-0.4174189,1.162314,0.2817351) (310.1088,305.2312,21.99315)
compute 3.34261279488572(-0.786312103271484,1.38295662403107,0.631507575511932) (-0.8160012,1.397771,0.6355572) (344.0734,279.5394,153.7789) (-0.4190991,1.175409,0.2802825) (302.0336,318.4687,19.36189)
compute 21.7574380308995(-0.66254585981369,1.55707859992981,0.590251445770264) (-0.7863121,1.382957,0.6315076) (317.9168,254.9834,177.421) (-0.4156087,1.199362,0.2920131) (301.5408,328.3386,12.34609)
compute 17.4603791714143(-0.604703485965729,1.61720299720764,0.743632674217224) (-0.6625459,1.557079,0.5902514) (314.853,307.0426,138.3411) (-0.3745013,1.214935,0.3082007) (302.0948,347.45,359.0821)
compute 12.832973434388(-0.503233194351196,1.54539632797241,0.71175628900528) (-0.6047035,1.617203,0.7436327) (323.6888,287.2631,154.6437) (-0.321763,1.204132,0.3077277) (304.5204,27.39577,338.0986)
compute 28.9708828231926(-0.230899199843407,1.54367315769196,0.612951219081879) (-0.5032332,1.545396,0.7117563) (307.0892,266.6029,184.8701) (-0.2569815,1.181952,0.3061442) (307.8258,44.00607,328.0349)
compute 30.8727979062335(0.0598466992378235,1.54115200042725,0.509156107902527) (-0.2308992,1.543673,0.6129512) (286.7538,199.0822,247.9423) (-0.1937793,1.181743,0.3088616) (308.7055,46.55025,325.3521)
compute 21.098422172257(0.262958019971848,1.5148663520813,0.458468854427338) (0.0598467,1.541152,0.5091561) (311.9398,149.417,280.1201) (-0.1451317,1.207659,0.311852) (304.6507,34.50354,331.2173)
compute 5.78563574807475(0.31739267706871,1.51465392112732,0.478069394826889) (0.262958,1.514866,0.4584689) (318.283,136.4845,285.946) (-0.151464,1.223016,0.3072154) (296.2391,355.8692,357.8466)
compute 13.521354091879(0.198344200849533,1.57644164562225,0.49517023563385) (0.3173927,1.514654,0.4780694) (310.6621,150.1964,270.2429) (-0.1588108,1.217098,0.3093765) (297.2051,340.5057,10.78273)
compute 20.2603097646159(0.000880953099112958,1.62143552303314,0.500812292098999) (0.1983442,1.576442,0.4951702) (300.7878,187.571,234.1401) (-0.1787911,1.205055,0.3188862) (298.2361,339.5302,11.63793)
compute 18.1594604242643(-0.176641449332237,1.60523056983948,0.466174215078354) (0.0008809531,1.621436,0.5008123) (310.3281,206.5009,214.3287) (-0.2309485,1.203812,0.3248801) (300.137,336.7947,12.79335)
compute 21.2360909809511(-0.382810115814209,1.56493151187897,0.497280895709991) (-0.1766414,1.605231,0.4661742) (324.1669,228.6484,194.5268) (-0.2640058,1.198618,0.3227875) (300.5166,335.2789,11.88719)
compute 17.4323049860975(-0.430175572633743,1.54908275604248,0.664295434951782) (-0.3828101,1.564932,0.4972809) (325.6032,308.386,155.3605) (-0.2950432,1.206692,0.3072795) (298.6471,348.9507,358.3433)
compute 17.3428539733936(-0.325556188821793,1.638028383255,0.558366596698761) (-0.4301756,1.549083,0.6642954) (301.4803,240.2393,191.7493) (-0.3064347,1.222284,0.31164) (297.747,355.3849,353.4674)
compute 15.6802159104225(-0.187042087316513,1.69996666908264,0.518813967704773) (-0.3255562,1.638028,0.5583666) (305.1584,178.5432,244.886) (-0.3127237,1.236761,0.3172579) (297.3926,349.5295,0.1414435)
compute 20.7192966500622(-0.173489019274712,1.64360857009888,0.717733561992645) (-0.1870421,1.699967,0.518814) (319.2167,4.679195,92.7608) (-0.3193373,1.209192,0.3258131) (303.9135,338.9077,7.853975)
compute 14.5606088801892(-0.265569090843201,1.6657235622406,0.607129216194153) (-0.173489,1.643609,0.7177336) (278.7373,227.0083,199.1583) (-0.3490016,1.185211,0.3220057) (305.2986,325.7605,16.13656)
compute 29.2553297571484(-0.533994793891907,1.5978102684021,0.512668311595917) (-0.2655691,1.665724,0.6071292) (309.5903,233.8702,184.6545) (-0.3978605,1.170876,0.3050583) (303.1628,311.9218,26.46535)
compute 25.4613898774755(-0.683865785598755,1.49151122570038,0.688927888870239) (-0.5339948,1.59781,0.5126683) (329.9908,293.0376,144.7659) (-0.4184981,1.16157,0.2711918) (300.2785,313.0722,22.80397)
compute 2.54955481294947(-0.683700203895569,1.47001028060913,0.675227344036102) (-0.6838658,1.491511,0.6889279) (336.303,284.758,144.567) (-0.4265944,1.180472,0.2490431) (296.2162,304.1094,34.33075)
compute 18.3259179575595(-0.600027084350586,1.59058964252472,0.565485119819641) (-0.6837002,1.47001,0.6752273) (318.3553,260.6407,172.6256) (-0.4163298,1.204975,0.2496101) (294.5955,309.2807,31.99754)
compute 17.6419521891471(-0.489995121955872,1.67215299606323,0.45429053902626) (-0.6000271,1.59059,0.5654851) (307.6568,211.2497,204.9185) (-0.4059803,1.205251,0.2585298) (296.9763,306.2382,32.17249)
compute 11.724301279073(-0.408536493778229,1.65828609466553,0.371115267276764) (-0.4899951,1.672153,0.4542905) (313.3782,167.4885,223.6709) (-0.4232317,1.197698,0.2661117) (299.4363,307.9079,24.07067)
compute 5.91799156726524(-0.439349293708801,1.6391875743866,0.324338346719742) (-0.4085365,1.658286,0.3711153) (322.4953,165.5888,221.1037) (-0.4562908,1.197962,0.2543612) (299.5174,305.9894,24.90856)
compute 10.0632155438413(-0.539869606494904,1.63863897323608,0.319627016782761) (-0.4393493,1.639188,0.3243383) (326.6124,178.9641,219.6931) (-0.4825785,1.202746,0.2548207) (299.7108,306.7971,22.44878)
compute 10.8581451290416(-0.635207951068878,1.64023268222809,0.371569216251373) (-0.5398696,1.638639,0.319627) (315.785,184.7245,212.673) (-0.4972515,1.203713,0.265454) (302.5138,308.7215,19.42657)
compute 7.21556970114509(-0.684142172336578,1.63744044303894,0.424522876739502) (-0.635208,1.640233,0.3715692) (312.2062,192.2226,210.6322) (-0.5045519,1.204348,0.2709087) (303.8121,307.8024,19.50966)
compute 15.5414886426231(-0.771728694438934,1.65112388134003,0.552175343036652) (-0.6841422,1.63744,0.4245229) (305.1635,230.2997,183.1806) (-0.5010099,1.202136,0.2719961) (303.8615,312.3595,16.02639)
compute 20.4357585911545(-0.792445003986359,1.55955696105957,0.733692169189453) (-0.7717287,1.651124,0.5521753) (340.6242,312.5391,132.8629) (-0.4786091,1.206417,0.2626997) (299.8769,331.368,7.549617)
compute 12.1221100575108(-0.705633759498596,1.59390544891357,0.656371116638184) (-0.792445,1.559557,0.7336922) (321.3755,278.7892,153.2138) (-0.4409119,1.211855,0.2840095) (299.5912,356.814,351.1799)
compute 23.0311207150227(-0.504046440124512,1.65995943546295,0.566690146923065) (-0.7056338,1.593905,0.6563711) (301.8383,243.0655,182.0861) (-0.406142,1.214229,0.2918761) (297.8442,3.433495,347.2358)
compute 17.9633938455116(-0.331233978271484,1.69233858585358,0.529869019985199) (-0.5040464,1.659959,0.5666901) (302.0114,187.0745,229.1765) (-0.3666321,1.221168,0.3057722) (296.3945,356.0833,350.9857)
compute 25.2865252800244(-0.290411531925201,1.6754709482193,0.778846621513367) (-0.331234,1.692339,0.529869) (317.9194,356.3248,81.15849) (-0.3486561,1.224964,0.3121825) (299.3848,343.3319,0.9902609)
compute 12.9893766601257(-0.327996671199799,1.66798055171967,0.654735207557678) (-0.2904115,1.675471,0.7788466) (275.6147,291.913,118.9938) (-0.3986723,1.207117,0.3138683) (306.9891,314.3376,17.40454)
compute 20.3984958861894(-0.462498873472214,1.59274399280548,0.52109956741333) (-0.3279967,1.667981,0.6547352) (300.8086,192.3114,198.3003) (-0.4362521,1.18096,0.3066228) (314.9708,306.356,21.66555)
compute 24.8454476218569(-0.69432532787323,1.50928509235382,0.489150613546371) (-0.4624989,1.592744,0.5210996) (314.103,200.5489,181.5384) (-0.4624331,1.153431,0.2949429) (313.8526,303.6589,19.96958)
compute 29.2446811604153(-0.863418281078339,1.37370777130127,0.685495972633362) (-0.6943253,1.509285,0.4891506) (341.4632,300.7431,151.5024) (-0.4690332,1.140491,0.2925948) (309.5869,316.5691,12.56918)
compute 8.35540791915564(-0.828848004341125,1.31043100357056,0.643279492855072) (-0.8634183,1.373708,0.685496) (342.6624,276.0996,141.433) (-0.4302088,1.170272,0.2928046) (301.8316,338.7888,5.681255)
compute 14.6064950395717(-0.686664938926697,1.33449256420136,0.66651713848114) (-0.828848,1.310431,0.6432795) (337.8108,275.8254,136.1679) (-0.3482325,1.189994,0.2915358) (301.1361,22.15306,337.9175)
compute 21.928324262003(-0.483845859766006,1.41063439846039,0.70045804977417) (-0.6866649,1.334493,0.6665171) (319.4008,273.7222,141.6541) (-0.2651678,1.175774,0.2912909) (309.5919,55.33696,317.6584)
compute 25.5265204674962(-0.232861295342445,1.45715463161469,0.70217502117157) (-0.4838459,1.410634,0.700458) (302.412,270.7216,155.9699) (-0.2095603,1.173654,0.295472) (307.8625,57.73585,319.5681)
compute 24.1556025257333(0.00323518086224794,1.50434803962708,0.682667195796967) (-0.2328613,1.457155,0.702175) (285.6565,270.4693,162.1648) (-0.164391,1.206599,0.3094999) (302.3452,50.72476,325.9389)
compute 17.9199611061561(0.174591585993767,1.52185380458832,0.633240163326263) (0.003235181,1.504348,0.6826672) (274.8475,101.4179,333.344) (-0.1242967,1.224338,0.3177343) (305.1418,56.99757,316.4724)
compute 14.161270149836(0.285252422094345,1.46570563316345,0.565007328987122) (0.1745916,1.521854,0.6332402) (299.6205,144.7288,284.0513) (-0.0885803,1.200199,0.3449499) (311.5379,53.87574,322.7186)
compute 10.616420514347(0.377681463956833,1.44133985042572,0.611202776432037) (0.2852524,1.465706,0.5650073) (287.2849,76.88234,356.0782) (-0.002008599,1.157087,0.3630176) (312.8723,57.181,321.5898)
compute 13.8067902671405(0.495440155267715,1.44679522514343,0.539328753948212) (0.3776815,1.44134,0.6112028) (307.5591,153.7188,284.2282) (0.1033675,1.138255,0.3910872) (313.8392,58.54544,319.8669)
compute 9.9210537571678(0.563612163066864,1.5069625377655,0.579017579555511) (0.4954402,1.446795,0.5393288) (309.5675,148.2649,283.1305) (0.185064,1.174352,0.4129967) (312.3995,49.1641,327.6987)
compute 22.484770524451(0.423513770103455,1.51561570167542,0.754670798778534) (0.5636122,1.506963,0.5790176) (308.3991,312.5622,152.7486) (0.2368439,1.198681,0.4061576) (313.0616,55.94165,322.6961)
compute 6.96592171645(0.406815022230148,1.48135578632355,0.696362853050232) (0.4235138,1.515616,0.7546708) (313.982,291.074,158.5602) (0.2384404,1.214337,0.399924) (311.6771,53.50308,325.4043)
compute 26.2554836282627(0.551413953304291,1.54469358921051,0.486566483974457) (0.406815,1.481356,0.6963629) (306.7851,174.6457,256.2216) (0.2418101,1.210638,0.4077348) (313.1017,51.00166,325.0366)
compute 11.463780906037(0.655287683010101,1.56135249137878,0.532113790512085) (0.551414,1.544694,0.4865665) (323.3806,146.8437,270.0111) (0.1963179,1.218487,0.4154384) (306.9364,26.4507,336.7054)
compute 19.6599484191363(0.505538165569305,1.57139730453491,0.65910017490387) (0.6552877,1.561352,0.5321138) (290.8759,98.27909,311.9438) (0.1158093,1.20724,0.3837891) (304.0066,322.744,15.21911)
compute 23.5586441379732(0.27960416674614,1.56392550468445,0.592775404453278) (0.5055382,1.571397,0.6591002) (296.4388,178.7635,225.5507) (0.05747995,1.168679,0.3402786) (310.3889,294.9857,29.33526)
compute 20.8597088653996(0.076784685254097,1.55142998695374,0.545649349689484) (0.2796042,1.563926,0.5927754) (298.6378,177.7651,202.3346) (0.006191894,1.155101,0.328687) (311.9062,293.0227,27.11943)
compute 19.3562513632704(-0.108147665858269,1.53842306137085,0.489996016025543) (0.07678469,1.55143,0.5456493) (305.7764,188.908,192.0491) (-0.07218939,1.152038,0.3164113) (311.3094,291.1632,26.9406)
compute 15.0650070852659(-0.258130550384521,1.53330171108246,0.476791858673096) (-0.1081477,1.538423,0.489996) (306.8959,189.8363,182.637) (-0.1452163,1.162236,0.3293702) (319.389,299.7524,17.10599)
compute 27.2407563470256(-0.350441098213196,1.29350781440735,0.567254722118378) (-0.2581306,1.533302,0.4767919) (332.6759,232.3397,165.3991) (-0.2197179,1.175204,0.3390416) (329.8805,303.548,8.498143)
compute 46.4779610062905(-0.247837722301483,0.901686429977417,0.795221030712128) (-0.3504411,1.293508,0.5672547) (53.66736,299.719,148.3926) (-0.2434048,1.180375,0.3433641) (325.0422,297.8359,12.8683)
compute 27.0637766157875(-0.433318883180618,1.05887305736542,0.676334917545319) (-0.2478377,0.9016864,0.795221) (7.182811,263.2195,137.5939) (-0.2386112,1.162683,0.3782848) (326.5509,294.9923,19.17037)
compute 16.2265923634299(-0.581969738006592,1.04537200927734,0.612688422203064) (-0.4333189,1.058873,0.6763349) (357.0103,241.4805,150.0699) (-0.2303227,1.137662,0.3714182) (322.852,294.3097,20.34492)
compute 15.1134882662401(-0.633175671100616,0.980729699134827,0.739341795444489) (-0.5819697,1.045372,0.6126884) (28.64688,290.3904,176.1558) (-0.2431789,1.143093,0.3348217) (319.9474,293.1147,16.86344)
compute 30.5244445733546(-0.684869945049286,1.24171578884125,0.589715123176575) (-0.6331757,0.9807297,0.7393418) (339.4025,236.8163,158.953) (-0.2813348,1.152602,0.3104991) (318.252,291.7914,16.86609)
compute 13.5976867786153(-0.738012850284576,1.3654510974884,0.570870637893677) (-0.6848699,1.241716,0.5897151) (320.7613,220.4602,170.4896) (-0.3363201,1.157377,0.2955787) (315.8495,291.3671,18.65255)
compute 18.4579210495226(-0.815946817398071,1.31555819511414,0.730578124523163) (-0.7380129,1.365451,0.5708706) (349.7415,299.9594,145.6686) (-0.3654233,1.156486,0.2885234) (315.8595,293.5135,16.46952)
compute 16.2366494130085(-0.783280491828918,1.4134886264801,0.605256855487823) (-0.8159468,1.315558,0.7305781) (315.5977,245.6827,156.7463) (-0.3831918,1.159029,0.2929557) (313.0683,294.8665,15.77131)
compute 8.47857481607167(-0.79212474822998,1.49741041660309,0.61347484588623) (-0.7832805,1.413489,0.6052569) (303.9507,221.3367,172.9785) (-0.3832518,1.153384,0.3108002) (313.9022,297.2083,16.23519)
compute 14.9214546806996(-0.858269095420837,1.42903590202332,0.72843062877655) (-0.7921247,1.49741,0.6134748) (341.8851,283.6895,136.9656) (-0.3175953,1.190872,0.2822885) (298.3971,302.4973,20.57284)
compute 15.0083908064437(-0.729536473751068,1.43355941772461,0.651407063007355) (-0.8582691,1.429036,0.7284306) (332.4946,260.5277,130.8281) (-0.2732981,1.215181,0.2628917) (287.2552,304.8504,25.57594)
compute 17.3627638753994(-0.562976539134979,1.45838677883148,0.609122931957245) (-0.7295365,1.433559,0.6514071) (335.886,246.7529,161.1634) (-0.240309,1.218258,0.2740794) (286.6175,336.7305,2.079365)
compute 16.3984095877075(-0.424276739358902,1.54586827754974,0.609494090080261) (-0.5629765,1.458387,0.6091229) (319.7061,240.9095,169.509) (-0.2183247,1.228402,0.2930196) (288.8366,345.4132,356.3476)
compute 13.1740257881159(-0.304929554462433,1.6016503572464,0.609819233417511) (-0.4242767,1.545868,0.6094941) (303.5565,244.6896,175.3726) (-0.1966465,1.222566,0.2997066) (289.7405,342.3369,359.5534)
compute 8.83254276691807(-0.227247685194016,1.62445831298828,0.574510514736176) (-0.3049296,1.60165,0.6098192) (298.7135,222.3088,192.8765) (-0.1768986,1.21864,0.2823122) (284.2159,339.2619,2.478315)
compute 5.3498438686027(-0.203605189919472,1.6369446516037,0.528172552585602) (-0.2272477,1.624458,0.5745105) (299.6192,205.6828,203.6446) (-0.1746163,1.219071,0.2729275) (284.3052,333.1542,7.15359)
compute 6.87752495034736(-0.239196971058846,1.63157260417938,0.46956878900528) (-0.2036052,1.636945,0.5281726) (310.2988,207.8811,205.9864) (-0.1999437,1.216722,0.2667843) (284.2208,322.2242,17.57543)
compute 6.34647348910334(-0.277976095676422,1.60177910327911,0.42911759018898) (-0.239197,1.631573,0.4695688) (321.4847,204.42,207.3239) (-0.2486057,1.21416,0.2646675) (287.2399,319.2658,19.62649)
compute 4.81341027254566(-0.317711442708969,1.57638812065125,0.43877637386322) (-0.2779761,1.601779,0.4291176) (322.605,205.9487,205.6068) (-0.2953925,1.207865,0.2650507) (290.0674,322.9036,19.52505)
compute 12.1912696264483(-0.389109343290329,1.58111906051636,0.537481307983398) (-0.3177114,1.576388,0.4387764) (309.8326,257.5221,155.8921) (-0.310248,1.215,0.2675725) (290.8543,328.7695,14.54644)
compute 2.90863115224818(-0.415358066558838,1.58717739582062,0.548450112342834) (-0.3891093,1.581119,0.5374813) (311.1808,251.7434,167.0111) (-0.3142187,1.22302,0.2724065) (293.4579,325.9592,18.1721)
compute 6.58116320863076(-0.411773860454559,1.60864841938019,0.486342787742615) (-0.4153581,1.587177,0.5484501) (315.7309,216.7652,199.5927) (-0.3150061,1.227661,0.2769323) (293.1542,326.0962,15.43392)
compute 4.85707118677358(-0.460296332836151,1.60680091381073,0.487470000982285) (-0.4117739,1.608648,0.4863428) (331.6865,190.0648,208.7662) (-0.3136206,1.226928,0.2904755) (294.4681,335.6225,8.026859)
compute 24.5636405416899(-0.526234567165375,1.53918814659119,0.714225172996521) (-0.4602963,1.606801,0.48747) (336.6438,306.4065,166.742) (-0.2984677,1.221806,0.3036135) (297.7447,358.9226,354.8956)
compute 22.2866733534812(-0.342449456453323,1.5704402923584,0.592094421386719) (-0.5262346,1.539188,0.7142252) (316.5842,253.2569,188.4048) (-0.2614051,1.218907,0.3223181) (299.6661,8.532038,346.3816)
compute 17.1800779051481(-0.189206197857857,1.64748620986938,0.582299590110779) (-0.3424495,1.57044,0.5920944) (296.6197,209.9314,224.4392) (-0.204858,1.213827,0.3259902) (297.8257,20.90659,338.7542)
compute 14.9558232396428(-0.17062683403492,1.58724427223206,0.717921793460846) (-0.1892062,1.647486,0.5822996) (319.4633,317.1151,156.3618) (-0.1268764,1.199139,0.3284435) (300.9907,39.68666,332.6904)
compute 20.0509942268118(-0.00692393630743027,1.56088352203369,0.605180025100708) (-0.1706268,1.587244,0.7179218) (307.0939,260.5869,191.0919) (-0.03332622,1.191205,0.3384392) (301.4158,40.77512,332.974)
compute 23.1191903404088(0.193448662757874,1.58217740058899,0.491835027933121) (-0.006923936,1.560884,0.60518) (301.9315,216.5,229.9755) (0.04994499,1.208806,0.3388703) (297.8608,41.60839,331.0203)
compute 14.5462039567458(0.327202200889587,1.63883590698242,0.484153181314468) (0.1934487,1.582177,0.491835) (315.0126,181.1679,254.4224) (0.08943619,1.233694,0.3195671) (293.0501,36.30986,330.1665)
compute 24.9139665171121(0.376288026571274,1.59782612323761,0.724942207336426) (0.3272022,1.638836,0.4841532) (313.6742,10.53883,89.98893) (0.0994932,1.247105,0.2947031) (293.178,35.57113,331.1193)
compute 11.2667515968613(0.315364688634872,1.59896123409271,0.630173921585083) (0.376288,1.597826,0.7249422) (284.1599,324.8257,120.3272) (0.1157778,1.238766,0.2973925) (291.7057,35.41306,328.2476)
compute 18.1587783102464(0.312042832374573,1.59585344791412,0.448643118143082) (0.3153647,1.598961,0.6301739) (302.3265,190.2302,236.1293) (0.1287051,1.231253,0.3093995) (292.1842,32.58697,330.795)
compute 15.3699640237106(0.323668271303177,1.51063597202301,0.321260184049606) (0.3120428,1.595853,0.4486431) (340.3508,181.6676,235.099) (0.1379803,1.241238,0.3140665) (291.8447,36.02535,326.6833)
compute 7.91394166650726(0.321873486042023,1.45526564121246,0.264745116233826) (0.3236683,1.510636,0.3212602) (355.6017,180.7962,233.2546) (0.1382536,1.244204,0.3177883) (292.5444,35.55721,329.0747)
compute 1.87101561376649(0.311340689659119,1.44413888454437,0.254006147384644) (0.3218735,1.455266,0.2647451) (356.7924,180.9462,233.1733) (0.1380437,1.242881,0.3203992) (293.7397,35.08633,330.4659)
compute 1.51049428149498(0.30084902048111,1.44553029537201,0.264783352613449) (0.3113407,1.444139,0.2540061) (356.0724,187.9033,235.4636) (0.1444687,1.243167,0.3243718) (291.8847,33.75428,328.9423)
compute 8.65998361387869(0.336810171604156,1.50886654853821,0.311632543802261) (0.300849,1.44553,0.2647834) (353.8051,180.6601,239.7879) (0.1563315,1.256023,0.3283544) (291.0214,24.73789,333.8141)
compute 17.764377116046(0.384186446666718,1.63362920284271,0.428880482912064) (0.3368102,1.508867,0.3116325) (338.524,166.2454,251.7288) (0.1228359,1.258678,0.335785) (293.9143,333.5976,15.09324)
compute 33.4898968532041(0.360974341630936,1.67304360866547,0.760640978813171) (0.3841864,1.633629,0.4288805) (313.354,12.1621,62.5689) (0.07619533,1.226436,0.3179281) (310.8259,293.0058,38.51199)
compute 11.637023044742(0.257581263780594,1.64119422435761,0.71777468919754) (0.3609743,1.673044,0.760641) (280.2477,5.627214,49.97834) (0.0539135,1.197521,0.2979029) (314.1124,284.912,41.15935)
compute 14.8766852741328(0.127702504396439,1.59158313274384,0.664842426776886) (0.2575813,1.641194,0.7177747) (289.9974,243.2575,170.3769) (0.02188183,1.184034,0.2912711) (316.2793,287.7827,40.64721)
compute 17.5833945881026(-0.0211876686662436,1.51444721221924,0.611933588981628) (0.1277025,1.591583,0.6648424) (307.543,238.6763,161.0895) (-0.0123457,1.168272,0.2895016) (315.9903,288.7715,39.44901)
compute 19.2434833519972(-0.180169090628624,1.41907501220703,0.560356318950653) (-0.02118767,1.514447,0.6119336) (326.285,237.1644,156.2128) (-0.07265327,1.14687,0.2916779) (319.6817,287.9096,36.67912)
compute 16.7813126692388(-0.334306716918945,1.35748660564423,0.535664081573486) (-0.1801691,1.419075,0.5603563) (332.838,234.7068,152.4322) (-0.1675815,1.120644,0.292741) (323.171,288.2032,32.37057)
compute 15.5804264222873(-0.48715016245842,1.33475732803345,0.515733420848846) (-0.3343067,1.357487,0.5356641) (330.1085,227.8415,155.3068) (-0.273839,1.11298,0.2869839) (325.291,288.2369,25.49245)
compute 13.7572915193963(-0.623067677021027,1.34178411960602,0.535817265510559) (-0.4871502,1.334757,0.5157334) (320.7798,236.3353,134.316) (-0.3479402,1.15993,0.2771015) (324.7704,288.2195,24.74383)
compute 8.61119902711017(-0.671594858169556,1.41244399547577,0.544037342071533) (-0.6230677,1.341784,0.5358173) (316.7871,235.8015,143.4915) (-0.3923877,1.208289,0.2918324) (326.9527,290.1295,21.21608)
compute 11.7433137779854(-0.663510084152222,1.52927505970001,0.535337865352631) (-0.6715949,1.412444,0.5440373) (299.2272,186.7799,182.8821) (-0.3961925,1.205161,0.310032) (325.8898,291.1044,15.96769)
compute 25.88591676003(-0.848625242710114,1.40108001232147,0.663034677505493) (-0.6635101,1.529275,0.5353379) (330.3679,283.3585,112.4388) (-0.4177462,1.138523,0.3248089) (330.9427,295.8661,8.903321)
compute 24.7177978934067(-0.894413471221924,1.1608829498291,0.626899302005768) (-0.8486252,1.40108,0.6630347) (359.3452,256.9911,113.135) (-0.393226,1.132261,0.310784) (327.9185,301.834,10.26807)
compute 8.15527663779141(-0.86408406496048,1.08593189716339,0.637544512748718) (-0.8944135,1.160883,0.6268993) (6.053365,257.1286,126.5963) (-0.3995494,1.142062,0.3192587) (330.2368,308.4706,15.03719)
compute 8.83113368341641(-0.77648800611496,1.09692454338074,0.63977712392807) (-0.8640841,1.085932,0.6375445) (4.112463,250.5463,126.6994) (-0.375908,1.162735,0.33794) (329.4492,315.3746,14.41472)
compute 16.9058841766144(-0.640085935592651,1.19352221488953,0.665159344673157) (-0.776488,1.096925,0.6397771) (348.719,251.7038,131.2534) (-0.3055352,1.201086,0.3574808) (322.3145,333.4761,9.384893)
compute 23.3101656620967(-0.431676000356674,1.2976393699646,0.657329916954041) (-0.6400859,1.193522,0.6651593) (331.9488,250.2314,134.8755) (-0.2218383,1.223298,0.362853) (312.3118,0.7922002,359.2955)
compute 22.374888576574(-0.221797361969948,1.3751904964447,0.656742632389069) (-0.431676,1.297639,0.6573299) (317.2371,251.6809,146.1382) (-0.1345085,1.218828,0.3647191) (308.8205,27.298,347.6322)
compute 19.9050445923696(-0.03596006706357,1.44160461425781,0.682718455791473) (-0.2217974,1.37519,0.6567426) (301.699,257.9385,156.6165) (-0.07816661,1.208389,0.3692499) (306.7768,44.09926,342.1328)
compute 16.406651656204(0.124726831912994,1.46466815471649,0.658935725688934) (-0.03596007,1.441605,0.6827185) (291.5296,262.409,168.3654) (-0.04892941,1.204266,0.3859948) (305.5414,51.08807,339.9244)
compute 13.7115065540726(0.253219425678253,1.47972989082336,0.613511741161346) (0.1247268,1.464668,0.6589357) (278.4594,225.659,211.5482) (-0.04029627,1.226552,0.3942104) (305.0814,54.25354,336.9647)
compute 10.5073265255379(0.351406097412109,1.47671437263489,0.576219975948334) (0.2532194,1.47973,0.6135117) (285.9893,156.0235,279.4024) (-0.02592616,1.213335,0.4230816) (308.8429,55.77152,335.6116)
compute 9.69866335294715(0.417557775974274,1.40690195560455,0.588733553886414) (0.3514061,1.476714,0.57622) (288.9487,119.4891,317.0526) (-0.01632481,1.182353,0.4567791) (321.2646,50.55728,347.9737)
compute 6.90426051351463(0.45230033993721,1.35453641414642,0.617328763008118) (0.4175578,1.406902,0.5887336) (285.7888,89.79008,350.9471) (0.02021743,1.191517,0.4499037) (321.9531,49.91533,347.413)
compute 6.7369251370766(0.494100749492645,1.37044107913971,0.566946387290955) (0.4523003,1.354536,0.6173288) (284.4294,106.565,340.8402) (0.06442144,1.184773,0.4337606) (325.6711,56.87704,342.3103)
compute 15.2970982877186(0.586367964744568,1.37744879722595,0.445135980844498) (0.4941007,1.370441,0.5669464) (313.215,162.7552,287.2063) (0.1307559,1.166463,0.418332) (325.5927,57.36556,338.5146)
compute 37.2594403633926(0.732698917388916,1.199049949646,0.737689733505249) (0.586368,1.377449,0.445136) (351.7253,35.80389,64.86332) (0.1870489,1.161356,0.4002764) (332.3549,58.21709,338.4125)
compute 14.7735401230112(0.803129494190216,1.07256007194519,0.708268761634827) (0.7326989,1.19905,0.7376897) (342.4705,62.34997,18.87764) (0.2029019,1.190069,0.3865561) (334.7387,49.9901,341.2456)
compute 3.47897173049452(0.769051015377045,1.07942271232605,0.706895470619202) (0.8031295,1.07256,0.7082688) (326.9718,55.64627,21.28803) (0.2053182,1.196926,0.3651744) (332.1113,33.79226,345.7727)
compute 11.7600284423524(0.668454527854919,1.13111138343811,0.674670398235321) (0.769051,1.079423,0.7068955) (304.0111,56.53806,6.73166) (0.1446163,1.194634,0.3449578) (327.3625,8.383423,351.3051)
compute 14.1528536148491(0.538097262382507,1.16079473495483,0.628235399723053) (0.6684545,1.131111,0.6746704) (295.224,80.39709,318.0179) (0.1016987,1.200074,0.3142349) (325.5032,343.6192,0.6613299)
compute 14.7571722008114(0.391619712114334,1.17701029777527,0.620567500591278) (0.5380973,1.160795,0.6282354) (282.4707,80.81152,307.4839) (0.07439043,1.198911,0.2844168) (328.7159,328.3391,6.587245)
compute 12.6231458674593(0.265675902366638,1.17240858078003,0.627734303474426) (0.3916197,1.17701,0.6205675) (279.267,35.67056,336.5479) (0.05375415,1.19983,0.2700453) (331.1269,320.6373,9.492273)
compute 10.2369275370929(0.166068553924561,1.1520801782608,0.639759302139282) (0.2656759,1.172409,0.6277343) (283.8776,352.994,5.194109) (0.04299788,1.197594,0.2578302) (333.3025,315.778,10.23238)
compute 8.85442470088388(0.0824839845299721,1.12771475315094,0.655884742736816) (0.1660686,1.15208,0.6397593) (290.5885,337.4185,12.2903) (0.040663,1.202278,0.2428577) (336.2713,309.8719,11.88946)
compute 9.02263886536832(-0.00497155915945768,1.11228847503662,0.639936089515686) (0.08248398,1.127715,0.6558847) (297.4318,314.386,28.93456) (0.0434783,1.197256,0.2329573) (340.0342,305.519,12.07835)
compute 11.4484718915144(-0.0974727421998978,1.07946407794952,0.581005275249481) (-0.004971559,1.112288,0.6399361) (306.9061,281.3841,53.97479) (0.04278418,1.177976,0.2314893) (344.7181,299.0064,12.89312)
compute 14.2488200918177(-0.185349777340889,0.975181341171265,0.53970605134964) (-0.09747274,1.079464,0.5810053) (319.3895,265.1122,67.11046) (0.03140993,1.177192,0.233399) (352.3875,297.0179,9.115788)
compute 17.2713297284745(-0.230892673134804,0.808589220046997,0.538034439086914) (-0.1853498,0.9751813,0.5397061) (341.2756,271.7015,58.90116) (0.01791254,1.165758,0.2337328) (357.2312,298.2007,9.459366)
compute 13.5273355037425(-0.202186062932014,0.676421165466309,0.540567636489868) (-0.2308927,0.8085892,0.5380344) (354.787,281.2484,44.81242) (0.002974853,1.16155,0.227575) (357.9659,298.4189,9.456959)
compute 9.31295623040778(-0.141654491424561,0.605949282646179,0.547106623649597) (-0.2021861,0.6764212,0.5405676) (2.512237,295.6706,31.631) (-0.003507964,1.157801,0.2190949) (354.2547,302.2821,7.84523)
compute 5.76244377467525(-0.102124862372875,0.564175665378571,0.543508112430573) (-0.1416545,0.6059493,0.5471066) (9.657637,311.5486,17.4656) (-0.006631233,1.167624,0.2048091) (348.946,308.9217,3.787719)
compute 3.50550856425857(-0.110546380281448,0.55574357509613,0.510540902614594) (-0.1021249,0.5641757,0.5435081) (14.30736,317.8946,11.43903) (-0.0138627,1.194211,0.184593) (343.5159,317.577,359.3849)
compute 8.1119498742222(-0.164962947368622,0.601020693778992,0.470927864313126) (-0.1105464,0.5557436,0.5105409) (7.100635,312.5068,12.54283) (-0.02036639,1.194005,0.1608126) (339.305,327.5729,355.3573)
compute 4.43832320289776(-0.195548206567764,0.631206214427948,0.459826171398163) (-0.1649629,0.6010207,0.4709279) (2.819431,315.9757,8.88996) (-0.02280463,1.19467,0.1304626) (335.7864,335.8673,354.5981)
compute 1.82417775507696(-0.195862859487534,0.648824512958527,0.464544117450714) (-0.1955482,0.6312062,0.4598262) (359.8915,323.32,5.984943) (-0.02851146,1.195491,0.1119744) (333.1261,341.8263,352.6744)
compute 2.68931813627832(-0.173644512891769,0.659899055957794,0.474885433912277) (-0.1958629,0.6488245,0.4645441) (359.148,331.0073,4.471361) (-0.02541957,1.201329,0.1057907) (330.8667,346.4818,352.8868)
compute 2.84371929856648(-0.14633221924305,0.658491373062134,0.482678443193436) (-0.1736445,0.6598991,0.4748854) (0.4636948,333.9789,3.798637) (-0.01146257,1.225093,0.07691444) (315.0084,351.3066,353.5269)
compute 3.81267900525858(-0.116186425089836,0.65586245059967,0.505872666835785) (-0.1463322,0.6584914,0.4826784) (2.897349,334.5027,6.986594) (0.002357837,1.231377,0.05384403) (307.6283,354.1321,353.1905)
compute 11.3125252150771(-0.0456945858895779,0.711214065551758,0.574897468090057) (-0.1161864,0.6558625,0.5058727) (352.8931,340.2141,12.88674) (0.0004480258,1.233643,0.03617723) (300.9436,354.8289,356.6375)
compute 7.4536270645138(-0.0226732008159161,0.768627285957336,0.616483449935913) (-0.04569459,0.7112141,0.5748975) (336.515,344.0774,17.77799) (-0.004315607,1.232592,0.02585552) (297.6202,355.4516,358.2348)
Average= 12.3365621230888
Max= 46.4779610062905
Standard Deviation= 9.59566502721504
Right: 34    Miss: 6
0
