compute 28.4072287766632(0.0775057673454285,1.00621044635773,0.300740480422974) (0.001731761,1.238797,0.4451661) (307.0068,330.8938,54.17828) (-0.06814004,1.236646,-0.03851128) (296.5847,10.64106,12.08854)
compute 1.34839364427458(0.0745662897825241,1.01914346218109,0.298308789730072) (0.07750577,1.00621,0.3007405) (302.9678,323.8262,64.24082) (-0.07251436,1.232658,-0.04377312) (295.473,8.219555,14.17057)
compute 2.15026337122854(0.0624757148325443,1.03005135059357,0.284266024827957) (0.07456629,1.019143,0.2983088) (301.25,316.4476,71.88455) (-0.07746542,1.230296,-0.04471722) (295.7193,5.07507,16.61117)
compute 1.63153703248013(0.0467818714678288,1.02885735034943,0.279968470335007) (0.06247571,1.030051,0.284266) (302.6393,312.5164,73.72182) (-0.08082598,1.229913,-0.04440777) (295.9558,2.541336,18.62697)
compute 1.44410908931835(0.0353073328733444,1.02008998394012,0.279852896928787) (0.04678187,1.028857,0.2799685) (304.3331,311.2245,74.08015) (-0.08418097,1.229329,-0.04247835) (295.6892,0.3010393,19.71687)
compute 0.560331009598434(0.0349927619099617,1.01942312717438,0.285407483577728) (0.03530733,1.02009,0.2798529) (303.8479,312.5554,72.25475) (-0.08606261,1.23087,-0.04145996) (294.7103,358.9934,19.33743)
compute 0.983173397975059(0.0352787524461746,1.0288919210434,0.288038671016693) (0.03499276,1.019423,0.2854075) (301.4378,311.3688,73.89478) (-0.08789223,1.232331,-0.04425267) (293.9137,355.4976,20.63988)
compute 1.12118097863736(0.0248316302895546,1.03265714645386,0.289583146572113) (0.03527875,1.028892,0.2880387) (301.0577,307.4313,78.25345) (-0.09463005,1.232868,-0.04874716) (293.1302,348.7195,24.67451)
compute 1.68122374746978(0.0125719746574759,1.03006827831268,0.300792515277863) (0.02483163,1.032657,0.2895831) (302.8852,306.3464,79.07668) (-0.09861819,1.233144,-0.05354485) (292.5858,342.9879,27.33795)
compute 2.50129088024428(-0.0032170710619539,1.01871299743652,0.316521763801575) (0.01257197,1.030068,0.3007925) (305.2999,306.2744,77.88316) (-0.1024245,1.232001,-0.0562054) (291.5911,336.9387,30.75094)
compute 1.81223067834544(-0.0191479828208685,1.01233923435211,0.322352647781372) (-0.003217071,1.018713,0.3165218) (306.9834,304.093,78.77933) (-0.1017123,1.230577,-0.05781196) (291.8073,336.1903,29.90701)
compute 1.18176234976338(-0.0309208035469055,1.01177656650543,0.321492224931717) (-0.01914798,1.012339,0.3223526) (307.1918,300.3771,81.31479) (-0.0950557,1.230101,-0.05722115) (291.6555,336.6006,28.35297)
compute 3.2803878198747(-0.0400604568421841,0.980404257774353,0.324380040168762) (-0.0309208,1.011777,0.3214922) (307.647,296.8575,84.83409) (-0.09076114,1.230533,-0.0574317) (291.2756,336.8783,27.48225)
compute 0.392519946675557(-0.0439325496554375,0.979801058769226,0.32460418343544) (-0.04006046,0.9804043,0.32438) (308.1117,294.7599,88.31093) (-0.08808131,1.231249,-0.05843597) (291.5149,339.2041,25.10032)
compute 0.124140287054594(-0.0451034344732761,0.979562103748322,0.324940353631973) (-0.04393255,0.9798011,0.3246042) (307.9287,294.4948,90.28605) (-0.08531408,1.231259,-0.05652769) (292.7422,345.258,20.05775)
compute 0.235510974368045(-0.0427778996527195,0.979429304599762,0.325287908315659) (-0.04510343,0.9795621,0.3249404) (307.6544,295.0865,91.54393) (-0.0809516,1.231726,-0.05129379) (294.1778,352.6123,14.32066)
compute 0.650974697638723(-0.0362884029746056,0.979126632213593,0.32570219039917) (-0.0427779,0.9794293,0.3252879) (307.1418,296.2582,92.92186) (-0.07320064,1.233752,-0.05018774) (294.0305,359.0664,9.244352)
compute 0.794043679040489(-0.028349170461297,0.979261875152588,0.325673311948776) (-0.0362884,0.9791266,0.3257022) (304.9066,297.0426,96.00316) (-0.06482077,1.236433,-0.04846324) (293.6624,7.244684,3.293869)
compute 1.16995015858409(-0.0167007111012936,0.979924559593201,0.324805796146393) (-0.02834917,0.9792619,0.3256733) (301.1307,296.5281,102.4689) (-0.05430998,1.237335,-0.04925317) (294.024,13.98486,357.834)
compute 1.13900898832369(-0.0054897959344089,0.981420397758484,0.323459684848785) (-0.01670071,0.9799246,0.3248058) (294.6629,293.8856,113.3212) (-0.04376309,1.237832,-0.04842068) (294.9631,19.45178,353.7616)
compute 1.36150380470235(0.00776862073689699,0.983696818351746,0.321361690759659) (-0.005489796,0.9814204,0.3234597) (286.5123,279.006,137.6651) (-0.03318614,1.237822,-0.04656781) (295.3413,20.4006,352.8145)
compute 41.2573506199342(0.208489641547203,1.33307337760925,0.232682541012764) (0.007768621,0.9836968,0.3213617) (283.5419,237.5093,186.3752) (-0.02562639,1.2386,-0.04399317) (294.8713,10.33424,358.5763)
compute 7.42442302107312(0.255775928497314,1.38001024723053,0.199923679232597) (0.2084896,1.333073,0.2326825) (289.9513,206.1297,220.5585) (-0.02242901,1.238102,-0.04568448) (294.2083,346.2173,13.75835)
compute 5.32148439411634(0.279636591672897,1.41889476776123,0.172528743743896) (0.2557759,1.38001,0.1999237) (300.6964,199.5258,229.2368) (-0.01014564,1.235541,-0.05207108) (294.2253,337.33,19.4502)
compute 4.25203913195642(0.296915888786316,1.45406997203827,0.156032845377922) (0.2796366,1.418895,0.1725287) (306.6613,198.0057,231.365) (0.01417728,1.232828,-0.05619729) (294.7417,337.3297,18.83954)
compute 3.49136276981105(0.311598241329193,1.48501598834991,0.14927014708519) (0.2969159,1.45407,0.1560328) (307.8625,198.6045,231.5052) (0.03862744,1.227867,-0.05734829) (295.0757,336.7429,19.23234)
compute 3.20810800779943(0.328266084194183,1.51238930225372,0.147827789187431) (0.3115982,1.485016,0.1492701) (305.4669,199.6514,231.2615) (0.06326725,1.226005,-0.05960691) (295.0321,339.7481,17.27812)
compute 3.23804370282679(0.346405357122421,1.53921163082123,0.147678852081299) (0.3282661,1.512389,0.1478278) (300.0876,197.4738,232.8648) (0.09276235,1.226889,-0.06211307) (292.1946,355.7157,6.007919)
compute 4.4433577367979(0.370271235704422,1.57615387439728,0.15400604903698) (0.3464054,1.539212,0.1476789) (292.2028,193.4718,234.0499) (0.1181956,1.230352,-0.06480736) (292.6918,13.01048,353.0134)
compute 3.98400387275389(0.390698999166489,1.60648739337921,0.169811517000198) (0.3702712,1.576154,0.154006) (280.6208,194.2486,232.1286) (0.1323248,1.231867,-0.06517142) (293.8733,20.36415,347.6342)
compute 3.62279831735579(0.410065412521362,1.62251269817352,0.195899799466133) (0.390699,1.606487,0.1698115) (273.3807,22.33132,40.40167) (0.1340339,1.232082,-0.06732097) (293.807,25.92879,343.283)
compute 1.21446072548396(0.412778437137604,1.62302803993225,0.207726269960403) (0.4100654,1.622513,0.1958998) (280.7245,12.2926,49.62317) (0.1238279,1.226902,-0.07283029) (292.8174,25.81397,343.9536)
compute 1.89848201793322(0.394917041063309,1.62458777427673,0.201484382152557) (0.4127784,1.623028,0.2077263) (279.3506,350.7213,76.16357) (0.09041264,1.227898,-0.07814304) (289.7015,2.709285,4.287414)
compute 2.07123438427538(0.378540605306625,1.63416934013367,0.193177327513695) (0.394917,1.624588,0.2014844) (274.103,316.2531,119.598) (0.07188867,1.222032,-0.08010223) (289.5164,348.6579,14.80688)
compute 2.27933671113745(0.358748972415924,1.64327025413513,0.186468958854675) (0.3785406,1.634169,0.1931773) (276.8879,222.7624,223.1214) (0.05924901,1.220564,-0.07812446) (290.3565,340.4053,21.41034)
compute 2.0555858987473(0.338550686836243,1.64604711532593,0.183849483728409) (0.358749,1.64327,0.186469) (283.2605,204.4106,236.5643) (0.05282478,1.220471,-0.07012326) (291.8714,333.6751,26.79909)
compute 2.27882067553185(0.316937237977982,1.64567017555237,0.191061913967133) (0.3385507,1.646047,0.1838495) (286.3604,210.8525,229.1013) (0.05622661,1.226375,-0.06751681) (291.5666,336.392,23.78521)
compute 1.5787710510796(0.30943700671196,1.64407670497894,0.204862609505653) (0.3169372,1.64567,0.1910619) (285.1372,224.2995,218.0653) (0.08022235,1.229381,-0.06472408) (289.0127,351.5457,10.3683)
compute 1.48227598680923(0.32314395904541,1.64348864555359,0.210474014282227) (0.309437,1.644077,0.2048626) (284.6306,227.1903,216.4869) (0.1041804,1.229813,-0.0555515) (289.7291,3.673142,359.959)
compute 3.04950502443219(0.353336036205292,1.64529097080231,0.214364796876907) (0.323144,1.643489,0.210474) (283.2164,220.4199,223.905) (0.1191481,1.229741,-0.04152371) (290.5984,6.291436,357.4741)
compute 2.55567142002907(0.377729177474976,1.64936995506287,0.220805466175079) (0.353336,1.645291,0.2143648) (283.1843,215.5875,230.169) (0.1320321,1.23463,-0.02744942) (292.6632,12.25502,351.8989)
compute 1.75939418269355(0.39328807592392,1.64947915077209,0.229018598794937) (0.3777292,1.64937,0.2208055) (282.2957,219.175,229.5752) (0.1409469,1.235036,-0.02083649) (293.8027,16.75791,348.5371)
compute 1.34280815029348(0.405893623828888,1.64488887786865,0.229604199528694) (0.3932881,1.649479,0.2290186) (282.5554,218.1667,231.6135) (0.1421545,1.235078,-0.01758108) (294.2623,15.24178,349.5114)
compute 1.40577451230778(0.418224036693573,1.63817644119263,0.230328291654587) (0.4058936,1.644889,0.2296042) (282.2167,213.5924,235.9445) (0.1430034,1.23482,-0.01541421) (294.8706,12.72592,350.898)
compute 0.710768486223195(0.416999965906143,1.63127171993256,0.229168266057968) (0.418224,1.638176,0.2303283) (281.9874,209.7054,238.7467) (0.1328632,1.229756,-0.01264722) (294.3417,357.0532,2.853186)
compute 3.06542250915584(0.386940449476242,1.62924897670746,0.223510041832924) (0.417,1.631272,0.2291683) (286.8334,213.7327,230.3013) (0.1311656,1.225865,-0.002609449) (295.7846,346.7089,10.81054)
compute 5.30444509260759(0.334044486284256,1.62528824806213,0.223301529884338) (0.3869404,1.629249,0.22351) (292.805,219.5888,219.0708) (0.1390243,1.221202,0.01253988) (297.7311,347.041,10.85165)
compute 4.17609537171677(0.310524225234985,1.61341202259064,0.255701065063477) (0.3340445,1.625288,0.2233015) (293.0902,226.7775,200.9013) (0.1629871,1.223309,0.02379528) (297.8318,4.029727,358.2208)
compute 6.63133831519353(0.354577153921127,1.61224579811096,0.305253505706787) (0.3105242,1.613412,0.2557011) (286.5677,238.419,197.0995) (0.1748123,1.226068,0.03263027) (297.541,8.756619,354.61)
compute 6.02061787000157(0.412654906511307,1.597128033638,0.310071378946304) (0.3545772,1.612246,0.3052535) (279.8633,218.302,216.7534) (0.1765427,1.222205,0.04009108) (299.217,13.46102,349.3462)
compute 3.38861577849899(0.4422607421875,1.58805429935455,0.296307891607285) (0.4126549,1.597128,0.3100714) (281.538,198.4855,238.6351) (0.1757546,1.225651,0.04919839) (301.0174,12.76524,348.3123)
compute 2.90284351387544(0.470509260892868,1.58774566650391,0.289631366729736) (0.4422607,1.588054,0.2963079) (284.0563,184.2993,251.7025) (0.1784365,1.229409,0.05917329) (302.201,16.61967,344.8137)
compute 2.26584138755847(0.492928802967072,1.58468270301819,0.28845402598381) (0.4705093,1.587746,0.2896314) (284.807,180.7531,256.1439) (0.1899385,1.224441,0.07129053) (303.2621,20.08473,343.0804)
compute 2.28971803550722(0.515269458293915,1.57972717285156,0.289240628480911) (0.4929288,1.584683,0.288454) (285.1248,184.4046,253.9873) (0.2118464,1.218217,0.08902825) (304.1152,21.33437,342.9128)
compute 2.60204822433839(0.541237950325012,1.57812261581421,0.289598882198334) (0.5152695,1.579727,0.2892406) (285.2434,187.7016,252.3986) (0.2487166,1.206062,0.1120617) (304.8296,22.40705,342.4447)
compute 3.15077252363208(0.572684586048126,1.57812035083771,0.287637799978256) (0.541238,1.578123,0.2895989) (288.4597,183.8083,255.4686) (0.2788674,1.203777,0.1353293) (303.044,19.32957,345.3227)
compute 2.27599349533151(0.59259295463562,1.58187472820282,0.298009693622589) (0.5726846,1.57812,0.2876378) (290.545,185.4165,250.7889) (0.3057509,1.216043,0.1613538) (303.4989,17.99192,345.1204)
compute 3.56546179898792(0.598017036914825,1.58786857128143,0.33273583650589) (0.592593,1.581875,0.2980097) (287.2518,185.9853,248.9836) (0.3265581,1.219568,0.1791229) (303.5583,17.51711,345.5887)
compute 2.64481736149743(0.597922921180725,1.59122884273529,0.358969509601593) (0.598017,1.587869,0.3327358) (288.4447,181.6029,249.49) (0.343491,1.220723,0.1908377) (304.5264,14.34715,346.4742)
compute 0.741033333836006(0.595999777317047,1.59054553508759,0.366093248128891) (0.5979229,1.591229,0.3589695) (294.1886,179.6229,249.2772) (0.3565168,1.221652,0.1945881) (304.2043,11.0121,345.8901)
compute 2.25351816173526(0.597525119781494,1.59438371658325,0.388246715068817) (0.5959998,1.590546,0.3660932) (303.2983,171.7097,253.5744) (0.3621556,1.237006,0.2041006) (304.5574,4.26392,345.9406)
compute 10.4713062330447(0.611543297767639,1.62788224220276,0.486461609601974) (0.5975251,1.594384,0.3882467) (302.3262,150.6764,270.6656) (0.3285193,1.25689,0.209933) (305.1493,339.2293,358.048)
compute 30.002301048337(0.533634781837463,1.57174456119537,0.770702064037323) (0.6115433,1.627882,0.4864616) (326.1943,7.221341,61.49012) (0.2741081,1.249577,0.1900301) (310.5751,309.8038,15.18797)
compute 16.6321879013584(0.370023906230927,1.55627596378326,0.745105743408203) (0.5336348,1.571745,0.7707021) (302.9846,348.6715,69.68754) (0.2430426,1.207776,0.174457) (313.4678,300.0407,18.26266)
compute 19.0823004133483(0.212118700146675,1.52375733852386,0.643018007278442) (0.3700239,1.556276,0.7451057) (293.1245,298.5395,112.0811) (0.2097152,1.180162,0.1595093) (312.3817,302.6982,17.53987)
compute 18.4687972809688(0.082647792994976,1.47468256950378,0.520794451236725) (0.2121187,1.523757,0.643018) (296.9652,257.5349,145.7857) (0.155252,1.16574,0.1497917) (311.2816,306.74,12.58224)
compute 10.0104786127347(0.00945695210248232,1.45404505729675,0.455693274736404) (0.08264779,1.474683,0.5207945) (300.4216,235.8674,161.7262) (0.1013635,1.187903,0.1420206) (310.7109,310.9033,8.533622)
compute 2.24751237733443(-0.00355828809551895,1.46527516841888,0.441215038299561) (0.009456952,1.454045,0.4556933) (301.9472,231.056,169.4526) (0.07771726,1.238635,0.1398084) (309.159,307.5391,14.33516)
compute 4.26574213262207(0.0127687007188797,1.48776972293854,0.408856421709061) (-0.003558288,1.465275,0.441215) (305.0266,213.4697,191.9243) (0.05955546,1.219091,0.1551074) (315.8285,309.8827,14.97649)
compute 5.32445832614025(-0.00558725791051984,1.4818811416626,0.359224081039429) (0.0127687,1.48777,0.4088564) (317.4951,199.9189,209.2665) (0.03709429,1.201107,0.1663436) (312.8202,308.6953,13.08284)
compute 6.77609088065467(-0.0529375746846199,1.45583522319794,0.318345010280609) (-0.005587258,1.481881,0.3592241) (324.7458,186.7266,215.3518) (-0.01420123,1.178171,0.1704042) (313.5602,309.0412,10.7583)
compute 10.2914824041785(-0.1545170545578,1.4404239654541,0.312381505966187) (-0.05293757,1.455835,0.318345) (325.5531,185.8166,214.7781) (-0.09145351,1.180335,0.1787284) (314.302,308.6194,9.40966)
compute 18.6113553515801(-0.323350161314011,1.46560072898865,0.386541932821274) (-0.1545171,1.440424,0.3123815) (320.9666,195.5264,208.61) (-0.1464346,1.184767,0.1871554) (312.4019,308.8682,6.465142)
compute 40.7649027694346(-0.48707515001297,1.43601775169373,0.758693397045136) (-0.3233502,1.465601,0.3865419) (326.2864,316.3419,135.4806) (-0.1829232,1.187394,0.1807853) (314.2758,301.2778,8.48901)
compute 14.8557010317591(-0.444702595472336,1.29509127140045,0.779027581214905) (-0.4870752,1.436018,0.7586934) (337.9698,319.1829,117.8681) (-0.1829022,1.21349,0.1721005) (308.3266,301.9318,12.97407)
compute 6.70980008199368(-0.407208859920502,1.26350033283234,0.733219563961029) (-0.4447026,1.295091,0.7790276) (342.6605,308.4896,117.8385) (-0.1593238,1.238752,0.1921892) (307.0824,305.688,17.41508)
compute 6.06556855436325(-0.398343950510025,1.32338643074036,0.729453802108765) (-0.4072089,1.2635,0.7332196) (333.5612,295.7711,123.4434) (-0.1220874,1.237066,0.2126197) (307.6132,309.1764,16.8197)
compute 10.9464479427568(-0.351319760084152,1.40834903717041,0.678930997848511) (-0.398344,1.323386,0.7294538) (314.7365,268.0196,141.0142) (-0.1124965,1.219723,0.2335151) (308.7629,308.2688,15.80554)
compute 12.4156113143371(-0.295616984367371,1.43771624565125,0.57192862033844) (-0.3513198,1.408349,0.678931) (305.8967,229.9563,160.2208) (-0.1264075,1.211761,0.2447898) (309.7815,303.3263,19.08278)
compute 9.55790070435919(-0.279058337211609,1.42941164970398,0.478161931037903) (-0.295617,1.437716,0.5719286) (309.9031,206.7075,170.5933) (-0.1569764,1.202263,0.2462208) (309.1726,304.4707,18.74056)
compute 5.74247058222279(-0.313612341880798,1.43779861927032,0.433070063591003) (-0.2790583,1.429412,0.4781619) (315.1953,205.3457,178.984) (-0.2145796,1.189536,0.2464793) (309.4516,306.4532,16.89735)
compute 5.37143351405526(-0.348516792058945,1.46868789196014,0.406372457742691) (-0.3136123,1.437799,0.4330701) (315.3184,203.816,185.0631) (-0.2643085,1.211558,0.2416561) (307.9378,305.7787,18.39597)
compute 4.85566524757862(-0.347748547792435,1.51306319236755,0.386674970388412) (-0.3485168,1.468688,0.4063725) (315.3805,195.4297,197.1995) (-0.2751027,1.237629,0.2459205) (305.6831,308.3553,15.25144)
compute 3.44080511708256(-0.321707308292389,1.53490900993347,0.38133379817009) (-0.3477485,1.513063,0.386675) (316.7456,187.2696,209.4272) (-0.2786903,1.23721,0.2597232) (307.4819,314.3363,14.25688)
compute 4.46594512111164(-0.285476744174957,1.52536296844482,0.357029765844345) (-0.3217073,1.534909,0.3813338) (327.9652,180.8844,220.7319) (-0.2910158,1.222585,0.2745194) (308.8698,315.1582,9.581012)
compute 1.4251503536553(-0.29816523194313,1.527135014534,0.350787371397018) (-0.2854767,1.525363,0.3570298) (329.584,171.9821,225.5658) (-0.3308604,1.214998,0.2809888) (309.3828,312.7583,9.702378)
compute 14.320767996241(-0.41673082113266,1.57002329826355,0.418693453073502) (-0.2981652,1.527135,0.3507874) (323.5991,171.734,224.8034) (-0.3784266,1.212049,0.279456) (307.088,307.9424,9.279086)
compute 45.9624125883961(-0.620765507221222,1.51409029960632,0.826732277870178) (-0.4167308,1.570023,0.4186935) (331.967,324.6477,94.8465) (-0.4145065,1.203632,0.2736222) (313.2798,308.145,10.47846)
compute 9.37496856781135(-0.668327212333679,1.47410893440247,0.756529867649078) (-0.6207655,1.51409,0.8267323) (314.3359,304.1812,102.8975) (-0.4437913,1.192758,0.2689133) (312.7883,302.4995,15.10869)
compute 21.8387734805173(-0.690880417823792,1.4999805688858,0.540856003761292) (-0.6683272,1.474109,0.7565299) (308.132,219.6167,182.5895) (-0.4600535,1.190219,0.2935066) (313.2372,305.2058,13.93006)
compute 13.2986751834393(-0.720804929733276,1.48951303958893,0.411703258752823) (-0.6908804,1.499981,0.540856) (331.5223,188.5642,209.7682) (-0.4817733,1.188368,0.3041398) (315.6143,300.6556,14.15194)
compute 22.4540920579001(-0.904217422008514,1.51185834407806,0.539293110370636) (-0.7208049,1.489513,0.4117033) (325.2177,239.9197,185.6464) (-0.4861572,1.180527,0.2939709) (318.1285,296.9642,13.23001)
compute 21.4002911369819(-0.909594297409058,1.4125988483429,0.728807985782623) (-0.9042174,1.511858,0.5392931) (340.2933,305.0369,140.6203) (-0.4899304,1.182715,0.2585533) (317.7787,293.9448,14.18622)
compute 7.8629650770122(-0.845534384250641,1.42355906963348,0.684549391269684) (-0.9095943,1.412599,0.728808) (331.601,290.9443,138.1545) (-0.4602838,1.208647,0.2377871) (306.9019,303.5469,15.93731)
compute 15.5359374046178(-0.733247995376587,1.45447254180908,0.58172595500946) (-0.8455344,1.423559,0.6845494) (328.8373,265.0651,153.5139) (-0.4313129,1.23184,0.2292643) (294.7697,325.9494,9.871366)
compute 17.9778757364142(-0.589036822319031,1.44553434848785,0.474750965833664) (-0.733248,1.454473,0.581726) (328.3652,239.8335,173.3287) (-0.4113452,1.235575,0.2347912) (287.6776,343.5948,1.204252)
compute 12.1458732284116(-0.476474165916443,1.43512296676636,0.430327147245407) (-0.5890368,1.445534,0.474751) (329.212,213.7426,198.5102) (-0.3955346,1.230992,0.2499591) (287.8998,346.3063,0.6835944)
compute 9.77879289437369(-0.381670087575912,1.44171190261841,0.40727823972702) (-0.4764742,1.435123,0.4303271) (332.7795,194.3333,214.9889) (-0.3862219,1.222905,0.2838523) (291.0137,348.1069,357.8188)
compute 8.21944485733219(-0.304002583026886,1.45463740825653,0.383685499429703) (-0.3816701,1.441712,0.4072782) (336.9305,183.384,224.6162) (-0.3676544,1.234398,0.3041925) (292.1721,352.4534,352.602)
compute 7.09490134523358(-0.249930113554001,1.49151170253754,0.35629540681839) (-0.3040026,1.454637,0.3836855) (333.4773,173.2563,218.7959) (-0.3549107,1.23413,0.3080197) (290.7849,357.7081,350.3528)
compute 7.43964622669911(-0.242655247449875,1.56167423725128,0.332649499177933) (-0.2499301,1.491512,0.3562954) (326.0367,169.3485,212.1411) (-0.3483759,1.232747,0.3095248) (289.913,354.304,353.5635)
compute 9.17960061902254(-0.275376170873642,1.64743447303772,0.333664238452911) (-0.2426552,1.561674,0.3326495) (313.2801,159.0734,202.2975) (-0.3570079,1.238029,0.3094429) (291.3806,347.9341,357.7331)
compute 9.48113313492906(-0.348160237073898,1.69579923152924,0.37044084072113) (-0.2753762,1.647434,0.3336642) (299.5482,154.9515,200.131) (-0.3734501,1.234136,0.2992803) (291.6929,343.822,358.0482)
compute 10.5303040967008(-0.414160251617432,1.72489988803864,0.447160333395004) (-0.3481602,1.695799,0.3704408) (296.0128,154.5083,217.7484) (-0.3967655,1.230236,0.2894273) (294.8239,341.9912,358.247)
compute 32.1342656114634(-0.529554307460785,1.66549587249756,0.741127133369446) (-0.4141603,1.7249,0.4471603) (313.9567,330.169,57.42979) (-0.4206376,1.215308,0.277607) (299.2902,343.8482,357.924)
compute 13.4003291676244(-0.508518099784851,1.55714523792267,0.817117273807526) (-0.5295543,1.665496,0.7411271) (321.376,334.308,51.86984) (-0.4326085,1.19284,0.2842799) (303.4833,356.2892,353.7068)
compute 13.6259374682451(-0.44122451543808,1.48369479179382,0.724148333072662) (-0.5085181,1.557145,0.8171173) (312.0354,309.7622,60.14801) (-0.4188211,1.192248,0.2906025) (303.7163,6.155378,352.2873)
compute 20.1570085957147(-0.301322668790817,1.4235976934433,0.592063844203949) (-0.4412245,1.483695,0.7241483) (297.4119,277.7487,87.59335) (-0.3389049,1.185074,0.2953619) (308.6224,33.94011,335.3596)
compute 20.490103445238(-0.130137905478477,1.3746190071106,0.490667104721069) (-0.3013227,1.423598,0.5920638) (287.968,239.4792,155.154) (-0.2500703,1.173597,0.2919438) (314.841,54.2525,328.1674)
compute 22.4361154789382(0.0589472874999046,1.34143388271332,0.374548763036728) (-0.1301379,1.374619,0.4906671) (290.2212,222.4929,210.3224) (-0.1726698,1.194005,0.2794752) (316.8632,59.13404,329.7257)
compute 19.5361814897976(0.206901252269745,1.37004280090332,0.250220984220505) (0.05894729,1.341434,0.3745488) (303.4948,189.9535,259.717) (-0.1100586,1.207946,0.2715567) (317.1705,57.53038,329.8497)
compute 4.35425106732878(0.226846754550934,1.3345764875412,0.234720408916473) (0.2069013,1.370043,0.250221) (320.6031,189.4685,261.2441) (-0.06437881,1.211967,0.2672767) (319.1706,54.40752,330.0446)
compute 30.3851099951667(0.299108743667603,1.38568925857544,0.525394082069397) (0.2268468,1.334576,0.2347204) (294.1356,184.5557,256.9536) (-0.02501329,1.157229,0.2559687) (312.1176,48.14628,331.5914)
compute 30.4577546318531(0.332962304353714,1.21600914001465,0.776053369045258) (0.2991087,1.385689,0.5253941) (330.1925,16.70081,70.89037) (-0.02825253,1.192399,0.2115691) (303.134,50.37454,331.2477)
compute 16.3870856037959(0.310877323150635,1.27736675739288,0.62571656703949) (0.3329623,1.216009,0.7760534) (296.6894,8.549353,70.81358) (-0.02221775,1.197076,0.2199239) (307.5538,45.64711,333.597)
compute 22.6204528416862(0.306681632995605,1.36888360977173,0.418894052505493) (0.3108773,1.277367,0.6257166) (293.3726,175.0672,267.3448) (-0.002075952,1.198663,0.2425884) (308.6374,42.58148,335.1341)
compute 10.9000299085982(0.298648566007614,1.41167390346527,0.318966448307037) (0.3066816,1.368884,0.4188941) (316.7885,187.0653,253.3627) (0.03403618,1.186397,0.2581604) (306.7924,43.12828,330.5057)
compute 4.13916029999925(0.316271632909775,1.44607591629028,0.304161250591278) (0.2986486,1.411674,0.3189664) (320.3729,183.0993,254.192) (0.0712392,1.184101,0.2717222) (305.622,39.29444,335.6848)
compute 4.19435698567615(0.339941769838333,1.48012804985046,0.297881126403809) (0.3162716,1.446076,0.3041613) (325.3493,185.6423,254.9465) (0.0851611,1.208266,0.272536) (302.3889,39.02857,332.6992)
compute 13.0518445865409(0.408857792615891,1.56720304489136,0.366463869810104) (0.3399418,1.480128,0.2978811) (325.3315,171.8078,262.4576) (0.0817314,1.230492,0.2708614) (300.7241,22.70871,340.067)
compute 36.9068819511479(0.420266836881638,1.5545551776886,0.735139429569244) (0.4088578,1.567203,0.3664639) (319.4412,24.99058,66.58902) (0.02538751,1.228306,0.2646872) (305.1002,336.2728,15.00609)
compute 17.8765603801843(0.28059321641922,1.44330453872681,0.726670801639557) (0.4202668,1.554555,0.7351394) (296.0651,18.31055,39.52466) (-0.005651608,1.193803,0.2475766) (306.9464,320.2696,21.76808)
compute 19.5559447517701(0.128455802798271,1.3900101184845,0.615957617759705) (0.2805932,1.443305,0.7266708) (281.5662,219.7684,189.5868) (-0.0285367,1.162765,0.2490473) (309.1065,323.2941,18.33868)
compute 22.0266742992369(-0.0271322596818209,1.30360662937164,0.486172288656235) (0.1284558,1.39001,0.6159576) (325.8685,196.3205,209.3781) (-0.05963386,1.13504,0.2587806) (310.5804,327.6708,13.70399)
compute 36.8932710410696(-0.235062301158905,1.27951514720917,0.789974927902222) (-0.02713226,1.303607,0.4861723) (323.535,284.4115,142.6866) (-0.07113399,1.139614,0.2447385) (303.2345,330.3443,12.23741)
compute 10.5805044738668(-0.208798259496689,1.21052658557892,0.714175939559937) (-0.2350623,1.279515,0.7899749) (326.8552,282.564,131.6012) (-0.08398727,1.1898,0.2354905) (300.0875,326.2679,20.73661)
compute 24.6790252341565(-0.141777470707893,1.3049703836441,0.496244728565216) (-0.2087983,1.210527,0.7141759) (319.6951,232.8143,177.2382) (-0.09305365,1.194837,0.2348632) (296.9451,329.7846,16.59815)
compute 19.4776789276923(-0.080143928527832,1.37748205661774,0.326299548149109) (-0.1417775,1.30497,0.4962447) (336.653,191.5582,216.1911) (-0.1185865,1.190929,0.2333177) (295.1924,332.2853,11.70743)
compute 7.01457459735149(-0.0639260709285736,1.36582148075104,0.259057909250259) (-0.08014393,1.377482,0.3262995) (351.4813,180.688,228.393) (-0.1520781,1.208183,0.2325104) (292.5848,335.9823,6.856005)
compute 12.2354236463885(-0.101971715688705,1.48144924640656,0.246676132082939) (-0.06392607,1.365821,0.2590579) (352.7358,178.4455,230.7681) (-0.1791222,1.248441,0.2365557) (292.6759,340.5342,0.5515311)
compute 22.1021385694217(-0.178747430443764,1.62244975566864,0.39858004450798) (-0.1019717,1.481449,0.2466761) (333.4763,181.0635,233.1458) (-0.1934575,1.264845,0.2469462) (295.4804,347.5978,356.2499)
compute 46.2328905157081(-0.257408767938614,1.53822064399719,0.846314191818237) (-0.1787474,1.62245,0.39858) (332.2913,340.1689,111.9454) (-0.1881568,1.232608,0.2548372) (303.6425,15.741,337.8743)
compute 19.4685814598944(-0.25551900267601,1.35131824016571,0.791848719120026) (-0.2574088,1.538221,0.8463142) (323.1705,309.816,112.8085) (-0.1590962,1.178163,0.2569856) (306.4442,27.08925,332.5402)
compute 16.4005795225427(-0.137592524290085,1.29039752483368,0.695516407489777) (-0.255519,1.351318,0.7918487) (317.742,295.1172,126.3295) (-0.104762,1.156584,0.2579396) (304.4568,31.67593,331.8214)
compute 23.1929590850574(0.0155500657856464,1.34930121898651,0.531598627567291) (-0.1375925,1.290398,0.6955164) (300.2813,255.383,178.1041) (-0.03138852,1.141816,0.2606669) (302.9041,35.99559,329.9374)
compute 22.5137045920419(0.142174273729324,1.39124047756195,0.350231319665909) (0.01555007,1.349301,0.5315986) (317.8122,200.5734,229.5474) (0.04750675,1.152947,0.2624361) (300.3388,31.72628,334.5148)
compute 10.5068208476214(0.217026814818382,1.45720314979553,0.317286640405655) (0.1421743,1.39124,0.3502313) (335.2112,186.0588,237.5823) (0.09588881,1.194227,0.2610031) (299.6374,20.47123,340.8045)
compute 45.3149031779762(0.203874170780182,1.56803464889526,0.756476163864136) (0.2170268,1.457203,0.3172866) (296.6699,352.0563,76.73425) (0.1429725,1.226122,0.2631697) (305.3903,17.99971,341.5995)
compute 14.3764755210291(0.179123729467392,1.43632328510284,0.704439282417297) (0.2038742,1.568035,0.7564762) (312.1901,320.6094,82.0523) (0.1617246,1.234744,0.2720425) (307.6274,29.61572,337.0398)
compute 34.2828453081744(0.366423547267914,1.43161678314209,0.41733655333519) (0.1791237,1.436323,0.7044393) (307.8531,190.9033,239.7161) (0.2228757,1.18661,0.300841) (314.4355,31.12396,338.2255)
compute 25.8889041976633(0.540924370288849,1.48190081119537,0.601848125457764) (0.3664235,1.431617,0.4173366) (299.8199,169.8733,270.5192) (0.2897628,1.137292,0.3107138) (314.8592,31.98313,330.5556)
compute 9.19711798136139(0.585689425468445,1.42630088329315,0.659843266010284) (0.5409244,1.481901,0.6018481) (281.4985,57.58404,10.63265) (0.3447921,1.183046,0.3004884) (312.8224,39.45575,326.5078)
compute 26.5066902972035(0.609795093536377,1.42673289775848,0.395875096321106) (0.5856894,1.426301,0.6598433) (309.3722,186.0716,253.4246) (0.3946801,1.198334,0.3035804) (312.4993,38.98162,330.3481)
compute 13.3665847523531(0.722678005695343,1.36410272121429,0.430537313222885) (0.6097951,1.426733,0.3958751) (336.1482,183.6084,270.5671) (0.4209262,1.185644,0.3023089) (314.9364,40.28028,323.7383)
compute 40.2602282594969(0.808762669563293,1.24995589256287,0.806899547576904) (0.722678,1.364103,0.4305373) (334.7387,42.83015,16.67975) (0.4184645,1.197039,0.2754765) (308.9189,43.22226,321.0993)
compute 29.0794847726909(0.72479122877121,1.41835033893585,0.5851930975914) (0.8087627,1.249956,0.8068995) (286.6039,120.8319,319.1079) (0.4002757,1.198365,0.2907776) (307.9586,37.54497,321.4265)
compute 5.58146139042342(0.731041967868805,1.46563529968262,0.614181578159332) (0.7247912,1.41835,0.5851931) (302.8448,170.678,274.3324) (0.3854649,1.186055,0.2794624) (307.3221,39.09253,320.0602)
compute 15.7956535171764(0.742213070392609,1.3677591085434,0.737655162811279) (0.731042,1.465635,0.6141816) (308.5685,44.29297,32.72417) (0.3568004,1.182426,0.2631054) (304.5464,42.99857,319.8789)
compute 19.7133338017308(0.715681970119476,1.41454195976257,0.548000156879425) (0.7422131,1.367759,0.7376552) (290.5895,129.1812,309.7251) (0.3457346,1.188171,0.2495824) (303.1968,52.61335,316.5025)
compute 23.817760954383(0.672426283359528,1.41174495220184,0.313800036907196) (0.715682,1.414542,0.5480002) (314.3737,172.1328,272.1122) (0.3692682,1.194429,0.2464467) (303.9017,48.32325,322.4424)
compute 14.2296739917225(0.639418065547943,1.37760400772095,0.179661244153976) (0.6724263,1.411745,0.3138) (344.05,188.3118,256.4967) (0.4158164,1.188909,0.2493547) (305.7026,54.3312,317.3846)
compute 6.41100042143765(0.623044013977051,1.40964269638062,0.126599907875061) (0.6394181,1.377604,0.1796612) (346.8327,191.8191,251.9271) (0.4146465,1.220564,0.2462077) (309.0615,47.46941,324.0219)
compute 5.41016405354326(0.568960905075073,1.40852510929108,0.127469345927238) (0.623044,1.409643,0.1265999) (340.0945,208.2787,256.9212) (0.4005325,1.179987,0.2669251) (314.2569,46.33803,331.8655)
compute 5.33617560649964(0.537014186382294,1.36708652973175,0.137944474816322) (0.5689609,1.408525,0.1274693) (346.2533,214.8141,252.1127) (0.4365851,1.164143,0.2924524) (312.7323,47.41572,331.7054)
compute 4.96894276048504(0.561381280422211,1.34918057918549,0.177373662590981) (0.5370142,1.367087,0.1379445) (351.6131,218.9556,252.9601) (0.4997049,1.186532,0.3150446) (311.0251,47.02445,330.8823)
compute 21.1343962122397(0.688679873943329,1.46899127960205,0.296145439147949) (0.5613813,1.349181,0.1773737) (344.6613,215.1922,258.4585) (0.5326853,1.235964,0.3367038) (308.2986,44.18678,327.8023)
compute 53.8659946396586(0.96919196844101,1.61326313018799,0.732783913612366) (0.6886799,1.468991,0.2961454) (306.4923,35.70064,77.34044) (0.5489916,1.273137,0.3605594) (309.9291,34.74224,331.1853)
compute 25.9795692396314(0.973423898220062,1.40465879440308,0.88757449388504) (0.969192,1.613263,0.7327839) (330.4477,10.14521,88.78462) (0.5378118,1.256803,0.3682134) (313.7388,33.6524,334.1567)
compute 7.60619416501587(1.04208564758301,1.37322950363159,0.896694958209991) (0.9734239,1.404659,0.8875745) (329.0763,35.60795,63.79456) (0.482474,1.215906,0.3718855) (312.3296,27.73707,335.969)
compute 14.307129934549(1.00331163406372,1.40411853790283,0.762486755847931) (1.042086,1.37323,0.896695) (317.3617,86.47607,346.1125) (0.3935336,1.213312,0.360558) (308.9146,347.4907,354.6475)
compute 20.2935402402709(0.850421786308289,1.40805351734161,0.629100143909454) (1.003312,1.404119,0.7624868) (330.0054,117.3065,289.5729) (0.2896098,1.206192,0.2727317) (308.1772,302.4951,17.33265)
compute 17.2829139042098(0.695083856582642,1.44213700294495,0.561436593532562) (0.8504218,1.408054,0.6291001) (332.4689,118.2275,275.0574) (0.2519121,1.200481,0.2222657) (307.2745,291.0082,23.15882)
compute 18.1166920627376(0.553341448307037,1.49975669384003,0.464428782463074) (0.6950839,1.442137,0.5614366) (326.7446,128.5587,256.0231) (0.2151668,1.234298,0.2023195) (308.1276,294.347,25.35649)
compute 15.028574394268(0.452043056488037,1.49811553955078,0.353425413370132) (0.5533414,1.499757,0.4644288) (336.0081,149.6234,236.9681) (0.1960416,1.243216,0.2066777) (310.97,300.2519,18.86453)
compute 8.70609235164513(0.402051389217377,1.44294118881226,0.308300822973251) (0.4520431,1.498116,0.3534254) (344.943,148.6479,229.9963) (0.1736326,1.215663,0.2280434) (304.1257,322.6214,358.1238)
compute 8.1029188729271(0.365653365850449,1.37393021583557,0.330173164606094) (0.4020514,1.442941,0.3083008) (349.9576,142.6508,228.731) (0.1516279,1.207442,0.1930459) (296.0698,13.47564,328.6676)
compute 2.95514456338755(0.358160614967346,1.36206901073456,0.356181979179382) (0.3656534,1.37393,0.3301732) (340.0136,142.3286,233.653) (0.1285516,1.212067,0.1884119) (300.5542,22.4147,332.8399)
compute 1.90323100070992(0.356484949588776,1.36034870147705,0.337301790714264) (0.3581606,1.362069,0.356182) (337.4936,157.4891,238.1271) (0.1219459,1.219286,0.2135483) (303.594,27.23758,333.7256)
compute 3.85601353277227(0.376732856035233,1.35602581501007,0.304771512746811) (0.3564849,1.360349,0.3373018) (337.6909,167.3635,239.456) (0.1458921,1.21966,0.2259603) (302.3523,24.62803,335.7936)
compute 3.41126597096041(0.394479632377625,1.33890354633331,0.281201332807541) (0.3767329,1.356026,0.3047715) (346.6079,170.4403,237.1379) (0.159151,1.219173,0.2293949) (303.6463,357.5588,358.9443)
compute 2.00274916770629(0.413570076227188,1.34494936466217,0.281522989273071) (0.3944796,1.338904,0.2812013) (343.237,160.137,227.8184) (0.1615615,1.196734,0.23788) (318.4847,332.5575,15.58757)
compute 1.10897584745331(0.41875946521759,1.35001683235168,0.289911895990372) (0.4135701,1.344949,0.281523) (339.4811,151.096,220.5546) (0.1604508,1.175067,0.2257995) (329.8747,314.2334,24.06659)
compute 0.942523139958011(0.415675699710846,1.34844648838043,0.29867884516716) (0.4187595,1.350017,0.2899119) (337.1811,142.3868,211.2934) (0.1648388,1.15682,0.1979844) (339.9658,303.3714,26.61092)
compute 3.71442973155516(0.382714301347733,1.33139264583588,0.300231754779816) (0.4156757,1.348446,0.2986788) (336.2537,138.5867,205.6219) (0.1730115,1.14334,0.1782355) (345.3073,298.5211,27.03045)
compute 3.41125317341643(0.357168734073639,1.33332538604736,0.322756260633469) (0.3827143,1.331393,0.3002318) (331.3758,131.2063,202.8727) (0.1710142,1.147536,0.1682763) (346.7337,294.6829,27.12079)
compute 4.15517216832531(0.335987687110901,1.3404860496521,0.35777959227562) (0.3571687,1.333325,0.3227563) (326.1771,124.173,206.1279) (0.1532123,1.162841,0.1710538) (343.0717,294.4114,23.50377)
compute 3.94908347720604(0.304272085428238,1.33705484867096,0.381057769060135) (0.3359877,1.340486,0.3577796) (325.4557,124.2845,212.2075) (0.1472458,1.225062,0.1706212) (311.8665,305.3793,18.67025)
compute 1.92009349912176(0.28632190823555,1.34374344348907,0.382372975349426) (0.3042721,1.337055,0.3810578) (325.4335,127.0746,216.126) (0.1556152,1.227939,0.1567773) (296.2278,323.7943,6.645192)
compute 1.12043404247727(0.285970836877823,1.34720170497894,0.371721476316452) (0.2863219,1.343743,0.382373) (329.9688,132.9617,219.925) (0.1443903,1.227781,0.147981) (292.4028,339.7203,358.184)
compute 2.8085317983859(0.301388412714005,1.34320449829102,0.34858912229538) (0.2859708,1.347202,0.3717215) (333.8861,138.798,223.6936) (0.1186305,1.229956,0.1444001) (291.6944,345.9456,356.5969)
compute 3.11503240990303(0.313035666942596,1.3290057182312,0.323428064584732) (0.3013884,1.343204,0.3485891) (337.1525,146.0796,225.7383) (0.1090938,1.227307,0.1489772) (290.6453,353.1751,353.8191)
compute 2.29736876534854(0.317482948303223,1.31838023662567,0.303550660610199) (0.3130357,1.329006,0.3234281) (339.679,150.0337,224.9224) (0.1031569,1.226856,0.1531892) (290.6821,348.1744,3.00323)
compute 0.864456554887332(0.315452337265015,1.31822621822357,0.295149385929108) (0.3174829,1.31838,0.3035507) (339.4864,153.7646,220.5625) (0.1062318,1.22481,0.164544) (292.5754,346.1523,6.412001)
compute 0.186199345338059(0.314038813114166,1.31796157360077,0.293966621160507) (0.3154523,1.318226,0.2951494) (338.8769,159.2389,217.8932) (0.126876,1.225285,0.169506) (293.2979,350.0903,2.626612)
compute 1.36059597384695(0.326998919248581,1.31855916976929,0.298065483570099) (0.3140388,1.317962,0.2939666) (337.3462,161.1395,218.4335) (0.1365534,1.226772,0.1697364) (294.9577,351.917,0.5594426)
compute 1.75664946737885(0.344403564929962,1.31866145133972,0.30044236779213) (0.3269989,1.318559,0.2980655) (336.1134,158.288,221.2334) (0.1394874,1.227147,0.1622111) (293.9539,350.9052,1.201726)
compute 0.80631767539239(0.352162182331085,1.31949543952942,0.298411816358566) (0.3444036,1.318661,0.3004424) (335.5682,156.4631,223.2549) (0.1377138,1.228665,0.1499526) (293.3885,353.911,358.502)
compute 1.34164636253963(0.348174303770065,1.31776666641235,0.28571891784668) (0.3521622,1.319495,0.2984118) (334.5025,158.5654,224.6194) (0.1328935,1.228086,0.1408422) (293.9174,2.350455,351.8128)
compute 2.92344178214485(0.340330094099045,1.30389130115509,0.261211901903152) (0.3481743,1.317767,0.2857189) (332.8954,163.4024,226.4709) (0.1192979,1.227153,0.1270205) (294.2448,14.0733,345.1015)
compute 3.1762940183977(0.341528058052063,1.28546798229218,0.235365614295006) (0.3403301,1.303891,0.2612119) (332.7332,166.4972,229.0434) (0.1104899,1.225538,0.1182287) (296.5818,23.83896,339.1915)
compute 3.11472715827902(0.348607867956162,1.26756644248962,0.210879623889923) (0.3415281,1.285468,0.2353656) (332.9968,169.7112,232.4286) (0.1036359,1.228159,0.1066402) (296.8517,28.25325,338.2373)
compute 1.95395620428966(0.360956639051437,1.26019537448883,0.197652012109756) (0.3486079,1.267566,0.2108796) (331.68,169.7476,234.8958) (0.1020177,1.238542,0.1024996) (299.5698,29.77294,339.9935)
compute 1.18639793927679(0.370877534151077,1.25446450710297,0.200732111930847) (0.3609566,1.260195,0.197652) (327.0439,167.8421,236.8462) (0.1118383,1.24138,0.1068163) (303.0433,27.52951,343.6618)
compute 2.4857210983043(0.376434534788132,1.24607026576996,0.22345957159996) (0.3708775,1.254465,0.2007321) (317.1574,160.8713,240.1374) (0.1228722,1.23412,0.119818) (312.4993,20.48968,351.4)
compute 7.84077492991398(0.375268310308456,1.20508623123169,0.290293127298355) (0.3764345,1.24607,0.2234596) (299.1336,138.6439,254.9125) (0.1367382,1.227393,0.1277792) (322.0576,14.7507,356.315)
compute 11.1944369424069(0.340822011232376,1.12598598003387,0.361624360084534) (0.3752683,1.205086,0.2902931) (286.0216,68.0942,320.7148) (0.1469997,1.2258,0.127603) (328.1331,12.56487,357.4542)
compute 21.2518415973888(0.275859743356705,0.937123119831085,0.434252202510834) (0.340822,1.125986,0.3616244) (315.0596,3.788586,14.69286) (0.1529927,1.218187,0.1240831) (333.0322,6.264196,0.9107365)
compute 19.0375645232306(0.22998234629631,0.752469122409821,0.427844792604446) (0.2758597,0.9371231,0.4342522) (349.0104,349.9705,27.39023) (0.1476516,1.208521,0.1124844) (338.7238,357.8306,1.370594)
compute 9.60675943678347(0.199821904301643,0.670079469680786,0.388713270425797) (0.2299823,0.7524691,0.4278448) (2.236429,347.2026,13.45074) (0.1410284,1.199168,0.1045889) (343.7037,348.253,1.437759)
compute 6.99810776621787(0.160359621047974,0.612760245800018,0.381325036287308) (0.1998219,0.6700795,0.3887133) (9.077965,335.4333,13.38873) (0.1259022,1.186142,0.09769957) (350.7045,338.9734,1.743213)
compute 8.62643396869568(0.145319163799286,0.527900695800781,0.385090410709381) (0.1603596,0.6127602,0.381325) (13.84457,324.9543,22.78836) (0.1138809,1.174121,0.08572885) (357.4209,333.3665,1.405159)
compute 13.6312779152433(0.224271848797798,0.418197304010391,0.367403864860535) (0.1453192,0.5279007,0.3850904) (37.32587,337.244,55.02106) (0.09867828,1.16994,0.07906657) (357.7247,328.5851,1.327788)
compute 11.7754777361126(0.321265250444412,0.369418054819107,0.321807235479355) (0.2242718,0.4181973,0.3674039) (45.86531,347.8502,44.83755) (0.07523607,1.184894,0.08497037) (354.8306,324.0695,2.294142)
compute 11.1852580052212(0.405205547809601,0.330517172813416,0.258944302797318) (0.3212653,0.3694181,0.3218072) (52.80155,358.5294,50.21965) (0.06705635,1.184138,0.09162454) (353.635,317.9499,4.118951)
compute 9.17835415146869(0.474646180868149,0.297529816627502,0.208803981542587) (0.4052055,0.3305172,0.2589443) (63.38788,9.811321,70.76314) (0.06660069,1.18274,0.09288549) (352.7078,315.5091,2.092445)
compute 3.10585215908552(0.497579842805862,0.309589624404907,0.191679731011391) (0.4746462,0.2975298,0.208804) (64.57082,40.2899,92.31453) (0.06496321,1.181883,0.09353997) (352.4263,314.9757,1.435644)
compute 3.98417101156062(0.473121613264084,0.305819809436798,0.222903847694397) (0.4975798,0.3095896,0.1916797) (60.73365,20.06091,71.99647) (0.06494023,1.17938,0.09656252) (352.8249,314.4615,2.877128)
compute 11.5540459908146(0.397611886262894,0.30448579788208,0.310345828533173) (0.4731216,0.3058198,0.2229038) (53.55307,352.9844,55.86148) (0.07281417,1.179701,0.1040363) (352.4557,321.2289,1.582877)
compute 9.05250998498049(0.321710467338562,0.315369009971619,0.358463644981384) (0.3976119,0.3044858,0.3103458) (42.53259,333.9901,46.81805) (0.08417231,1.175251,0.1156618) (355.2487,332.1113,1.352655)
compute 2.73613964520702(0.305566251277924,0.337311387062073,0.361021459102631) (0.3217105,0.315369,0.3584636) (30.99021,320.0516,48.67879) (0.1013991,1.171325,0.1255061) (357.4529,345.5191,0.0176946)
compute 8.79304464652721(0.247100502252579,0.40283790230751,0.356572210788727) (0.3055663,0.3373114,0.3610215) (21.06411,316.0492,51.45749) (0.1170812,1.168169,0.1339373) (359.9328,3.519768,357.9482)
compute 3.31728209991184(0.238069891929626,0.434731274843216,0.357874900102615) (0.2471005,0.4028379,0.3565722) (19.93815,321.2438,46.70244) (0.1332346,1.163653,0.1337604) (2.519359,19.5597,357.0695)
compute 4.71327043579849(0.21133716404438,0.472909539937973,0.364894390106201) (0.2380699,0.4347313,0.3578749) (27.80928,348.7859,51.59706) (0.1446854,1.159853,0.12364) (5.084752,35.49691,356.7604)
compute 18.4663211585691(0.35774490237236,0.417517423629761,0.266930162906647) (0.2113372,0.4729095,0.3648944) (39.80365,25.85355,48.7579) (0.1515081,1.157102,0.1040696) (6.759301,50.50504,355.7516)
compute 18.6987969708573(0.427239626646042,0.376498639583588,0.098251648247242) (0.3577449,0.4175174,0.2669302) (48.17005,46.72508,63.57601) (0.1510289,1.157219,0.08478729) (6.895208,61.51778,355.9617)
compute 16.6994834085895(0.413293272256851,0.365209877490997,-0.0677764788269997) (0.4272396,0.3764986,0.09825165) (60.41515,61.43642,74.97694) (0.148007,1.159264,0.07398548) (6.000872,67.62364,355.3756)
compute 13.5640488445728(0.350094467401505,0.358383774757385,-0.187599927186966) (0.4132933,0.3652099,-0.06777648) (65.24059,76.04405,84.74406) (0.1478822,1.156544,0.06927229) (6.412848,68.86573,355.1223)
compute 7.21119124419414(0.292576760053635,0.338241875171661,-0.22615048289299) (0.3500945,0.3583838,-0.1875999) (66.21066,90.52456,90.55334) (0.1451857,1.152641,0.06715958) (7.526048,66.36637,355.799)
compute 4.18552722020721(0.261701732873917,0.314897000789642,-0.210225239396095) (0.2925768,0.3382419,-0.2261505) (64.91108,108.5353,93.40482) (0.1385214,1.154918,0.07112191) (4.675999,59.81005,355.3416)
compute 10.8505508121056(0.285540282726288,0.285409241914749,-0.108560882508755) (0.2617017,0.314897,-0.2102252) (67.04199,84.50037,81.62222) (0.1287606,1.160987,0.07913558) (2.800011,48.53077,354.0405)
compute 16.9744901132716(0.344404250383377,0.310876309871674,0.0486008003354073) (0.2855403,0.2854092,-0.1085609) (58.13067,46.79405,60.3977) (0.1111999,1.162621,0.0899132) (2.266952,31.49078,355.9189)
compute 16.572846968679(0.369834095239639,0.360525697469711,0.204659074544907) (0.3444043,0.3108763,0.0486008) (48.55051,24.43035,50.25568) (0.08018257,1.164071,0.09665813) (2.659233,9.022181,1.664224)
compute 12.6029253045568(0.363704025745392,0.401788473129272,0.323584169149399) (0.3698341,0.3605257,0.2046591) (40.29059,9.942358,51.75808) (0.06458163,1.167711,0.09137558) (2.207759,348.5775,4.49122)
compute 10.0493220201589(0.321760058403015,0.446486949920654,0.403218567371368) (0.363704,0.4017885,0.3235842) (32.46089,356.9593,47.75388) (0.06343774,1.173845,0.08300117) (359.4998,334.2881,3.071549)
compute 6.97879686767664(0.25769180059433,0.469612389802933,0.418411761522293) (0.3217601,0.4464869,0.4032186) (29.04699,343.9117,42.26883) (0.06597879,1.184316,0.07504341) (354.3046,325.7264,1.618289)
compute 7.51903570640734(0.194779604673386,0.459588170051575,0.378472298383713) (0.2576918,0.4696124,0.4184118) (39.22248,334.0932,43.78656) (0.07761766,1.207644,0.06706095) (340.3173,320.2928,9.907393)
compute 10.2213705163509(0.106480784714222,0.439028114080429,0.331268012523651) (0.1947796,0.4595882,0.3784723) (41.19013,313.5601,42.83665) (0.08975862,1.210301,0.06007256) (335.6924,320.3624,11.36175)
compute 7.19353392403081(0.0356666445732117,0.445475697517395,0.320383191108704) (0.1064808,0.4390281,0.331268) (32.76984,289.2646,43.82683) (0.09791356,1.208924,0.06695754) (334.9955,322.8701,7.906535)
compute 5.21801631739121(-0.0013089207932353,0.471640735864639,0.346286237239838) (0.03566664,0.4454757,0.3203832) (26.69306,284.2283,45.61912) (0.10297,1.206857,0.07802665) (336.1996,328.742,4.516035)
compute 2.26760246871136(-0.0144061800092459,0.486808001995087,0.335674077272415) (-0.001308921,0.4716407,0.3462862) (23.82049,286.0658,42.35118) (0.1052119,1.207342,0.08561407) (338.6774,334.2405,1.883131)
compute 6.12032816283667(0.0277817863970995,0.503124713897705,0.376902490854263) (-0.01440618,0.486808,0.3356741) (23.06809,299.8888,44.64809) (0.1188892,1.20357,0.09545188) (343.7114,343.0575,354.0345)
compute 12.6422084990336(0.149755477905273,0.476032018661499,0.357642471790314) (0.02778179,0.5031247,0.3769025) (34.73275,326.3307,43.16145) (0.1263272,1.201485,0.09936614) (348.9434,351.8432,350.2474)
compute 17.3652037453692(0.2830431163311,0.366065412759781,0.340415090322495) (0.1497555,0.476032,0.3576425) (43.93978,348.4303,49.97924) (0.1297939,1.199077,0.09898803) (350.2941,357.5648,348.8263)
compute 16.5046610259835(0.424001127481461,0.326751708984375,0.264089107513428) (0.2830431,0.3660654,0.3404151) (52.80833,15.94979,65.19707) (0.1281942,1.198247,0.0960985) (353.0965,359.9137,349.0446)
compute 10.1397066320389(0.491194814443588,0.332568347454071,0.188375562429428) (0.4240011,0.3267517,0.2640891) (54.88096,34.96416,74.0651) (0.1233443,1.195871,0.09434609) (353.3818,0.4904195,350.1681)
compute 6.78312085146377(0.507481873035431,0.347128123044968,0.124158605933189) (0.4911948,0.3325683,0.1883756) (55.09224,48.47971,77.15981) (0.1182094,1.198331,0.0923103) (353.9769,359.971,351.7797)
compute 3.53828907816668(0.503722131252289,0.329146027565002,0.0939186066389084) (0.5074819,0.3471281,0.1241586) (56.48582,58.01188,80.17601) (0.1140603,1.200287,0.08360195) (353.8983,358.6352,353.4687)
compute 5.00477294787073(0.46623831987381,0.318320751190186,0.125264301896095) (0.5037221,0.329146,0.09391861) (57.55199,49.10447,72.29705) (0.1081385,1.202234,0.07755288) (353.601,356.7209,354.9217)
compute 10.4704617095444(0.40077868103981,0.324101895093918,0.206779152154922) (0.4662383,0.3183208,0.1252643) (53.0369,19.76514,59.07105) (0.1019955,1.203629,0.0736603) (354.4522,354.6297,356.4607)
compute 12.1405272045488(0.310715585947037,0.364665418863297,0.277365833520889) (0.4007787,0.3241019,0.2067792) (45.32268,353.2244,52.63621) (0.09929125,1.201292,0.07153727) (354.9791,352.6385,357.2615)
compute 10.0287042785195(0.227476254105568,0.408387750387192,0.312252253293991) (0.3107156,0.3646654,0.2773658) (39.12524,334.9007,50.88005) (0.09638925,1.200094,0.07071906) (354.8217,350.5237,358.4306)
compute 5.9273336277993(0.171000450849533,0.424081772565842,0.321056216955185) (0.2274763,0.4083878,0.3122523) (36.80027,325.3734,49.82695) (0.09300874,1.199663,0.07195901) (352.9214,348.8795,359.1731)
compute 2.66531624592693(0.144834846258163,0.421739012002945,0.316554695367813) (0.1710005,0.4240818,0.3210562) (35.92057,322.0531,46.25777) (0.09408943,1.200526,0.07544519) (351.2589,348.4056,359.3344)
compute 2.43389687755795(0.153402730822563,0.40055787563324,0.308168023824692) (0.1448348,0.421739,0.3165547) (37.69424,316.7256,48.22265) (0.09431884,1.204408,0.08359776) (349.4683,348.4102,358.8925)
compute 5.6098170887381(0.198672086000443,0.367475628852844,0.309972256422043) (0.1534027,0.4005579,0.308168) (43.77938,328.4948,49.90133) (0.09202255,1.207908,0.08951977) (348.1765,348.6512,358.8721)
compute 5.68023411662699(0.243323981761932,0.3327317237854,0.30491504073143) (0.1986721,0.3674756,0.3099723) (48.83217,340.5968,53.33435) (0.08912132,1.209576,0.09549385) (347.0811,349.3645,358.7185)
compute 3.73522294559072(0.272437930107117,0.32092672586441,0.284710854291916) (0.243324,0.3327317,0.304915) (49.61501,343.5858,52.53429) (0.08407891,1.208414,0.1006067) (346.0542,350.6651,358.9357)
compute 3.42288289009319(0.299803465604782,0.326865017414093,0.265026420354843) (0.2724379,0.3209267,0.2847109) (50.58467,350.2466,50.3257) (0.08103643,1.211282,0.104442) (344.6863,353.2128,357.2458)
compute 3.07355994231058(0.314868807792664,0.35302609205246,0.270797967910767) (0.2998035,0.326865,0.2650264) (49.61797,358.2659,47.3802) (0.08606839,1.20891,0.1072784) (344.1183,354.1655,357.3649)
compute 9.13705856734139(0.29828605055809,0.415554612874985,0.335325330495834) (0.3148688,0.3530261,0.270798) (38.18241,359.2948,26.06344) (0.0851813,1.20865,0.1088663) (344.1964,354.4882,357.5081)
Average= 10.1235046911621
Max= 53.8659946396586
Standard Deviation= 9.94462541770812
Right: 14    Wrong: 7
0
