0.167156934721435 (0.239274844527245,0.864821135997772,0.44036066532135) (0.2379254,0.864126,0.4410606) (337.6734,356.96,344.3235) (-0.02086119,1.211559,0.3846677) (312.1749,354.029,9.255058)
1.41108310424907 (0.249055147171021,0.874488353729248,0.437197417020798) (0.2392748,0.8648211,0.4403607) (337.339,357.453,344.6018) (-0.01376033,1.22795,0.3771144) (311.2867,353.9853,9.314557)
2.54537134100228 (0.25841960310936,0.896006345748901,0.42733970284462) (0.2490551,0.8744884,0.4371974) (333.4347,0.4760428,342.3078) (-0.008034822,1.263626,0.355173) (309.2345,354.3976,7.932377)
4.5466968763749 (0.268757224082947,0.936145007610321,0.408651024103165) (0.2584196,0.8960063,0.4273397) (327.5606,3.150371,337.4421) (0.004373159,1.306718,0.3189401) (308.3532,353.3196,8.542364)
6.09610327272339 (0.282412528991699,0.976153433322906,0.364729434251785) (0.2687572,0.936145,0.408651) (316.3696,6.335208,333.1409) (0.0175933,1.336535,0.26594) (312.1058,352.6516,7.091843)
6.71036705743659 (0.293438643217087,1.01063406467438,0.308227986097336) (0.2824125,0.9761534,0.3647294) (306.1208,8.600057,327.7092) (0.03227861,1.375582,0.2131125) (307.8576,349.2217,6.458734)
6.03411346324993 (0.313331365585327,1.05752277374268,0.275873988866806) (0.2934386,1.010634,0.308228) (302.0607,10.54303,320.6985) (0.06743073,1.420159,0.1585824) (302.4187,346.8642,6.783788)
4.98567213103644 (0.344033807516098,1.08988475799561,0.25360843539238) (0.3133314,1.057523,0.275874) (302.7065,9.105761,317.4732) (0.1091709,1.443798,0.1136421) (300.777,345.4036,8.56812)
8.06045169978246 (0.382742702960968,1.11113333702087,0.18617545068264) (0.3440338,1.089885,0.2536084) (300.8627,7.326235,316.9308) (0.1344094,1.456128,0.06163865) (319.0169,347.4999,4.658508)
7.11955857966418 (0.408244371414185,1.1287750005722,0.122087635099888) (0.3827427,1.111133,0.1861755) (301.6811,11.2278,311.6255) (0.1456819,1.46866,0.03564731) (319.8373,345.6234,4.052918)
5.17679570192875 (0.422818601131439,1.14724576473236,0.0759753361344337) (0.4082444,1.128775,0.1220876) (301.1346,12.52012,309.3583) (0.155301,1.479041,0.002077431) (334.1858,346.102,1.743588)
8.66391692058438 (0.442612886428833,1.18298196792603,-0.000427908933488652) (0.4228186,1.147246,0.07597534) (301.632,10.69931,308.8466) (0.1604078,1.478239,-0.03076638) (356.0536,344.4282,0.4941877)
7.7057642020784 (0.450568705797195,1.23005783557892,-0.0609130151569843) (0.4426129,1.182982,-0.0004279089) (302.5114,1.420623,318.3513) (0.1543246,1.475628,-0.05378486) (16.3113,341.155,359.1781)
3.18855732800295 (0.444090873003006,1.25284898281097,-0.0822505652904511) (0.4505687,1.230058,-0.06091302) (305.8062,354.3541,326.7) (0.1373104,1.453734,-0.06452975) (21.4779,341.8546,358.9428)
2.66450699065641 (0.426520228385925,1.25459456443787,-0.102205142378807) (0.4440909,1.252849,-0.08225057) (312.0722,353.6877,329.3228) (0.1112893,1.42388,-0.07313599) (29.86836,344.8778,0.796918)
3.76033556290829 (0.397912204265594,1.24678504467011,-0.125326663255692) (0.4265202,1.254595,-0.1022051) (320.6982,353.2291,334.7319) (0.0774072,1.38135,-0.08281581) (39.50676,349.0026,1.826143)
4.78343098229354 (0.359471410512924,1.23183226585388,-0.149551466107368) (0.3979122,1.246785,-0.1253267) (329.9435,348.8895,341.8539) (0.04042756,1.349278,-0.09521072) (45.19805,352.4126,5.114439)
4.3418031666247 (0.322862684726715,1.21805250644684,-0.168394103646278) (0.3594714,1.231832,-0.1495515) (341.6366,348.4307,344.4356) (0.015206,1.329894,-0.1110052) (51.55774,353.0865,7.035091)
2.38656542724486 (0.303055256605148,1.20946800708771,-0.17856964468956) (0.3228627,1.218053,-0.1683941) (353.0215,351.6176,341.0161) (0.004987005,1.320929,-0.1278002) (55.4501,353.3536,6.426409)
1.73428067167565 (0.291222900152206,1.20462274551392,-0.190286800265312) (0.3030553,1.209468,-0.1785696) (359.4904,350.6673,342.2196) (0.001534116,1.331053,-0.1382353) (53.96828,353.5141,6.666916)
1.06227732143983 (0.286146283149719,1.20717871189117,-0.199261114001274) (0.2912229,1.204623,-0.1902868) (1.171576,348.5917,343.2483) (0.006998096,1.356541,-0.1433374) (46.80846,352.4844,6.079219)
0.356728498422798 (0.287055045366287,1.20917534828186,-0.202074140310287) (0.2861463,1.207179,-0.1992611) (359.1553,348.2971,343.2274) (0.02635612,1.397036,-0.1428445) (40.97472,351.7927,6.025509)
2.45430657707335 (0.306172668933868,1.22385096549988,-0.20671147108078) (0.287055,1.209175,-0.2020741) (358.3988,351.3645,342.665) (0.06503981,1.407464,-0.1532363) (44.31199,351.608,4.999822)
3.82490145604706 (0.341607362031937,1.23814463615417,-0.208460956811905) (0.3061727,1.223851,-0.2067115) (358.0384,352.2609,341.1896) (0.1093974,1.395221,-0.1612296) (50.49112,347.4808,1.061018)
5.79255077495637 (0.388133406639099,1.24165594577789,-0.17413367331028) (0.3416074,1.238145,-0.208461) (355.8493,350.2868,341.0259) (0.1519145,1.377407,-0.1596057) (55.34652,336.1406,357.6092)
5.86439862264725 (0.42269179224968,1.24268102645874,-0.126765072345734) (0.3881334,1.241656,-0.1741337) (354.2915,348.5587,341.7994) (0.1801376,1.370021,-0.158185) (57.75702,325.6499,354.1238)
6.33946798192541 (0.442608803510666,1.24217045307159,-0.0665825381875038) (0.4226918,1.242681,-0.1267651) (355.5748,341.4184,344.8518) (0.203217,1.373239,-0.1577491) (56.44006,314.8131,351.7965)
4.42053485698724 (0.441062361001968,1.24154567718506,-0.0224086660891771) (0.4426088,1.24217,-0.06658254) (355.7836,332.1689,348.9921) (0.208087,1.38062,-0.1664108) (54.6191,304.0644,350.6739)
3.47448870652697 (0.41893681883812,1.24250960350037,0.00436330633237958) (0.4410624,1.241546,-0.02240867) (357.1022,325.1971,351.9817) (0.2064091,1.387216,-0.1887997) (53.33771,294.661,350.0462)
2.90514386391793 (0.394711852073669,1.24859309196472,0.0192000269889832) (0.4189368,1.24251,0.004363306) (354.1046,320.6846,350.0014) (0.2076506,1.397168,-0.2097591) (51.67658,286.5234,348.1583)
1.91223264049166 (0.377409696578979,1.25351667404175,0.0256851743906736) (0.3947119,1.248593,0.01920003) (350.8137,316.569,347.5399) (0.2159468,1.402701,-0.2188776) (50.64724,283.2769,347.5579)
0.427836595487136 (0.376999229192734,1.25706768035889,0.0233343690633774) (0.3774097,1.253517,0.02568517) (348.5611,311.6094,345.612) (0.2258861,1.406557,-0.2194427) (50.18449,287.7147,351.1561)
4.47410118295071 (0.412944048643112,1.25981521606445,-0.00316429417580366) (0.3769992,1.257068,0.02333437) (346.9586,308.9104,346.7073) (0.2392034,1.411848,-0.2098524) (48.45665,305.8318,2.113612)
9.20743033559883 (0.488225609064102,1.26023781299591,-0.0561754778027534) (0.412944,1.259815,-0.003164294) (347.4172,312.4542,348.1675) (0.261183,1.416785,-0.1890738) (46.36051,323.8474,10.54631)
7.79110799396359 (0.544662117958069,1.2611038684845,-0.109881222248077) (0.4882256,1.260238,-0.05617548) (347.1875,320.2017,349.3387) (0.2904122,1.417404,-0.1732088) (47.5684,339.0373,13.14812)
33.614763682722 (0.381451398134232,0.993062078952789,0.0105807818472385) (0.5446621,1.261104,-0.1098812) (347.7896,329.2871,350.3387) (0.3119496,1.409627,-0.1649682) (49.38514,352.742,15.04263)
6.79335913784053 (0.439742207527161,0.959541738033295,0.000909111520741135) (0.3814514,0.9930621,0.01058078) (350.6559,339.6525,351.9993) (0.3235558,1.401284,-0.1600824) (51.21137,3.185187,15.07393)
4.93065491088587 (0.481808453798294,0.945477604866028,-0.0206261370331049) (0.4397422,0.9595417,0.0009091115) (353.9148,351.0951,353.8235) (0.3245786,1.393573,-0.1585134) (52.36061,11.52347,14.34552)
4.05563063986182 (0.50550103187561,0.944979131221771,-0.053538553416729) (0.4818085,0.9454776,-0.02062614) (355.0478,2.455183,355.7968) (0.3143878,1.38413,-0.1604934) (52.67809,19.78205,14.24987)
3.44967453586852 (0.508120656013489,0.94019615650177,-0.0876015275716782) (0.505501,0.9449791,-0.05353855) (355.9507,10.34199,358.041) (0.2882024,1.383204,-0.1629179) (54.12862,25.93318,15.42966)
3.04870352722201 (0.498809844255447,0.936178863048553,-0.116352692246437) (0.5081207,0.9401962,-0.08760153) (355.9953,17.28041,358.1701) (0.259836,1.379542,-0.1647575) (53.42566,27.26141,15.20551)
3.23474051262952 (0.469516217708588,0.930002331733704,-0.128603756427765) (0.4988098,0.9361789,-0.1163527) (355.5165,17.77269,357.7652) (0.2277856,1.380348,-0.1683845) (52.98186,24.31158,12.66108)
3.79920079824395 (0.433225214481354,0.921405553817749,-0.121361434459686) (0.4695162,0.9300023,-0.1286038) (354.2201,14.13365,0.885915) (0.194088,1.387286,-0.168767) (51.21647,17.58982,9.485905)
4.85915525517154 (0.392049103975296,0.916205286979675,-0.0960904210805893) (0.4332252,0.9214056,-0.1213614) (354.8059,8.580699,1.785288) (0.163629,1.394381,-0.1715003) (50.08176,10.89853,7.173335)
5.07878672200201 (0.350330859422684,0.913118422031403,-0.0672899559140205) (0.3920491,0.9162053,-0.09609042) (355.2943,0.6399084,3.655048) (0.1263809,1.400347,-0.1770271) (48.69853,3.120421,5.669224)
5.80214096139778 (0.304244548082352,0.926695048809052,-0.0347597971558571) (0.3503309,0.9131184,-0.06728996) (353.8201,350.5946,5.393303) (0.09749328,1.403853,-0.1879474) (48.19037,356.8442,5.400867)
5.23340844578238 (0.265217214822769,0.952993392944336,-0.0118661131709814) (0.3042445,0.926695,-0.0347598) (350.8445,343.244,6.703168) (0.07776684,1.405295,-0.1982699) (48.8436,352.2413,5.655087)
2.93935487645196 (0.24050572514534,0.967066407203674,-0.00443151406943798) (0.2652172,0.9529934,-0.01186611) (349.5152,339.8718,6.244497) (0.06457963,1.405394,-0.2041624) (48.05312,350.3074,6.969374)
1.53500258854252 (0.226206868886948,0.966530323028564,-0.00998836755752563) (0.2405057,0.9670664,-0.004431514) (349.3955,336.8619,5.781792) (0.0566808,1.40536,-0.2081936) (46.83898,348.4184,7.552696)
1.1829017450078 (0.220216974616051,0.960393905639648,-0.0181364472955465) (0.2262069,0.9665303,-0.009988368) (350.8815,334.5899,6.237919) (0.05019256,1.406894,-0.2162721) (45.85083,341.9121,5.132736)
1.16378709672647 (0.227136209607124,0.956272542476654,-0.0265375543385744) (0.220217,0.9603939,-0.01813645) (351.4293,333.9536,5.95778) (0.04275371,1.411267,-0.2243404) (43.87217,332.8209,1.41051)
2.98544686426869 (0.244509607553482,0.935075998306274,-0.03837651014328) (0.2271362,0.9562725,-0.02653755) (352.7427,334.114,5.268627) (0.04483196,1.411433,-0.2307292) (43.64607,326.915,359.9811)
1.46250924022357 (0.25055593252182,0.923921704292297,-0.0456509180366993) (0.2445096,0.935076,-0.03837651) (355.044,333.3658,4.620535) (0.0597689,1.41021,-0.2385548) (43.4425,323.9611,359.7348)
0.215855493518627 (0.248914480209351,0.925129592418671,-0.04636225476861) (0.2505559,0.9239217,-0.04565092) (354.8421,330.0277,4.302101) (0.08572396,1.409561,-0.2418879) (42.84648,321.7739,359.9291)
0.725074401268413 (0.253417134284973,0.924671709537506,-0.0406974740326405) (0.2489145,0.9251296,-0.04636225) (353.1991,325.6724,3.179235) (0.1195065,1.410983,-0.2423222) (42.30521,320.0365,0.03123051)
1.60425529807612 (0.264620691537857,0.929666936397552,-0.0303586386144161) (0.2534171,0.9246717,-0.04069747) (351.5594,321.0625,3.173064) (0.15823,1.414328,-0.240229) (41.04097,319.0917,359.7841)
2.48027106648987 (0.287627428770065,0.933526396751404,-0.021934324875474) (0.2646207,0.9296669,-0.03035864) (350.7397,319.7298,2.77232) (0.1855291,1.416265,-0.2393043) (40.38146,318.3523,359.9641)
3.29103795327134 (0.319758027791977,0.932229578495026,-0.0149317532777786) (0.2876274,0.9335264,-0.02193432) (351.1208,319.6351,2.874429) (0.2093064,1.418008,-0.2375708) (40.52708,318.4714,0.230703)
3.20914821160716 (0.349938452243805,0.92300546169281,-0.00910759065300226) (0.319758,0.9322296,-0.01493175) (353.6507,321.2292,3.865362) (0.2241473,1.421527,-0.234844) (40.33328,319.2194,0.2808487)
1.50554326641996 (0.364811271429062,0.922556042671204,-0.00681339390575886) (0.3499385,0.9230055,-0.009107591) (353.2701,323.3079,2.910039) (0.2305748,1.425303,-0.2340317) (39.31807,318.9586,358.9775)
0.485480565475663 (0.368286609649658,0.925926387310028,-0.00717662880197167) (0.3648113,0.922556,-0.006813394) (352.1311,324.5478,2.824676) (0.2305329,1.427986,-0.2315939) (38.62268,319.6613,357.4558)
0.459925546525752 (0.36988165974617,0.930204689502716,-0.00772898457944393) (0.3682866,0.9259264,-0.007176629) (350.7932,327.2066,1.390298) (0.2210237,1.429123,-0.2244288) (38.24082,322.5864,357.4327)
0.276950219241391 (0.369238138198853,0.928653180599213,-0.00993099343031645) (0.3698817,0.9302047,-0.007728985) (350.3942,328.4883,1.754086) (0.2012291,1.425943,-0.2158027) (38.51605,325.7969,358.1926)
0.61029319766899 (0.364891022443771,0.924513876438141,-0.0110330488532782) (0.3692381,0.9286532,-0.009930993) (351.4231,332.0621,2.292941) (0.1686869,1.4228,-0.208439) (38.98973,328.6928,358.9489)
1.59384531862403 (0.34906068444252,0.924230098724365,-0.00920161418616772) (0.364891,0.9245139,-0.01103305) (352.6424,336.7241,2.300519) (0.1234898,1.422865,-0.1950438) (39.45899,330.1391,359.0874)
3.16916283221033 (0.317655116319656,0.920293152332306,-0.00760471494868398) (0.3490607,0.9242301,-0.009201614) (352.3728,339.4029,359.6441) (0.0860677,1.417795,-0.1858314) (40.50535,330.4695,358.8528)
4.24607378234961 (0.27533945441246,0.917302310466766,-0.00577333383262157) (0.3176551,0.9202932,-0.007604715) (353.0059,337.3175,1.379721) (0.05911828,1.414201,-0.1821421) (41.42876,331.3972,358.4162)
3.42370653492877 (0.24264420568943,0.927156865596771,-0.00330653926357627) (0.2753395,0.9173023,-0.005773334) (351.8503,338.3794,357.6419) (0.03638248,1.415693,-0.17705) (41.35131,332.2638,358.9458)
2.39007520980347 (0.219191625714302,0.931761384010315,-0.00345093384385109) (0.2426442,0.9271569,-0.003306539) (352.1917,339.1323,355.2653) (0.01703956,1.415221,-0.1749955) (42.1003,332.7737,359.5884)
1.56993602933813 (0.203829765319824,0.934776663780212,-0.00463044410571456) (0.2191916,0.9317614,-0.003450934) (352.6035,336.1634,357.2332) (0.002688076,1.414813,-0.174833) (42.14697,332.4938,0.1132817)
0.49926621318408 (0.200563848018646,0.937863528728485,-0.00245519145391881) (0.2038298,0.9347767,-0.004630444) (353.0402,337.1051,357.202) (-0.007116318,1.415921,-0.1738234) (42.04027,332.4834,0.7751348)
0.467434564953748 (0.197289109230042,0.937740087509155,0.000878028571605682) (0.2005638,0.9378635,-0.002455191) (353.6142,338.4102,357.2695) (-0.01663905,1.416461,-0.1717389) (41.87027,333.0161,1.394629)
0.64871135628249 (0.192385643720627,0.938426733016968,0.00506935128942132) (0.1972891,0.9377401,0.0008780286) (353.3307,338.2224,357.9778) (-0.02238461,1.415963,-0.1702331) (41.74759,333.664,2.029379)
0.36078667292129 (0.18977078795433,0.940199255943298,0.00681216362863779) (0.1923856,0.9384267,0.005069351) (353.0773,338.2083,358.1576) (-0.0250693,1.415909,-0.1697536) (41.76509,334.7787,2.643311)
0.100186186200321 (0.190326765179634,0.940955936908722,0.00646280637010932) (0.1897708,0.9401993,0.006812164) (352.9368,338.2005,358.4093) (-0.02697832,1.415787,-0.1691116) (41.66626,335.5167,2.711857)
0.457399614073136 (0.194193840026855,0.940854251384735,0.00402214378118515) (0.1903268,0.9409559,0.006462806) (353.2373,338.7728,358.669) (-0.02770581,1.41559,-0.1686864) (41.59505,335.8082,2.604742)
0.523236219635266 (0.198510393500328,0.941071450710297,0.00107293960172683) (0.1941938,0.9408543,0.004022144) (353.4656,339.3042,358.7657) (-0.02923262,1.415146,-0.1676548) (41.50967,335.98,2.320706)
0.0661135483803638 (0.198968142271042,0.940684139728546,0.000794450112152845) (0.1985104,0.9410715,0.00107294) (353.5353,339.5069,358.7751) (-0.02944985,1.414974,-0.1675791) (41.37691,335.9855,2.226807)
0.14330535975248 (0.198663786053658,0.939283788204193,0.00078938330989331) (0.1989681,0.9406841,0.0007944501) (353.5352,339.5194,358.7804) (-0.03019022,1.415107,-0.1688025) (41.40385,337.2035,2.542346)
0.193794097975232 (0.196995213627815,0.939798295497894,-5.13089980813675E-05) (0.1986638,0.9392838,0.0007893833) (353.5295,339.5247,358.7941) (-0.02322611,1.415262,-0.1703887) (42.57123,340.4831,3.223887)
0.519447947138435 (0.194880068302155,0.944173097610474,-0.00188703346066177) (0.1969952,0.9397983,-5.1309E-05) (353.1982,339.6035,359.0965) (-0.004921783,1.406834,-0.1721117) (47.08299,349.8632,7.725119)
0.63175693289851 (0.197902172803879,0.948980033397675,-0.00465685920789838) (0.1948801,0.9441731,-0.001887033) (352.6651,340.1883,359.6859) (0.01858131,1.396865,-0.1705244) (50.19263,359.8569,12.69691)
1.75302126418425 (0.211982548236847,0.953244626522064,-0.0141891539096832) (0.1979022,0.94898,-0.004656859) (352.2661,342.3436,359.7329) (0.04016216,1.394205,-0.1667191) (50.99961,5.262413,13.96192)
2.48009082366389 (0.233604297041893,0.95145320892334,-0.0262048058211803) (0.2119825,0.9532446,-0.01418915) (353.2004,345.3146,359.6984) (0.05945841,1.39331,-0.1625727) (50.80414,8.116192,13.94994)
3.34626039317849 (0.263888001441956,0.946791768074036,-0.0396552383899689) (0.2336043,0.9514532,-0.02620481) (354.4392,349.9974,358.8747) (0.08083143,1.396493,-0.1558593) (49.84112,6.429394,9.914722)
3.41699700525159 (0.294623076915741,0.940539300441742,-0.053214319050312) (0.263888,0.9467918,-0.03965524) (355.2296,353.4033,358.2759) (0.106184,1.400725,-0.1518469) (48.85376,3.457412,5.656278)
3.20373342881423 (0.324657499790192,0.936673283576965,-0.0636727213859558) (0.2946231,0.9405393,-0.05321432) (355.3747,355.6845,357.9303) (0.1318109,1.405686,-0.1491199) (46.43362,359.9442,2.913287)
3.35099609195361 (0.356358051300049,0.927286803722382,-0.0691395774483681) (0.3246575,0.9366733,-0.06367272) (355.7793,357.1116,356.7688) (0.1619385,1.418231,-0.1482917) (40.74996,353.9044,0.4255215)
2.40595961995422 (0.378943920135498,0.920284450054169,-0.0647000074386597) (0.3563581,0.9272868,-0.06913958) (356.1799,355.4806,355.2358) (0.1899301,1.430951,-0.1556032) (38.57605,346.5786,358.6452)
2.28909970547038 (0.397067815065384,0.917853713035584,-0.0509299784898758) (0.3789439,0.9202845,-0.06470001) (355.7919,351.2226,354.1307) (0.2114943,1.433786,-0.1684785) (39.30629,335.1484,356.3286)
2.51556429295526 (0.411750555038452,0.914694249629974,-0.0307497568428516) (0.3970678,0.9178537,-0.05092998) (354.9727,345.8607,353.5988) (0.2219631,1.432765,-0.1807478) (40.37582,323.28,355.6151)
2.31351293684298 (0.41223618388176,0.907977700233459,-0.00861637946218252) (0.4117506,0.9146942,-0.03074976) (355.8676,339.1563,355.2297) (0.2220571,1.43066,-0.1942953) (41.19439,312.5002,354.0962)
2.81221351421544 (0.396115779876709,0.906206667423248,0.0143586182966828) (0.4122362,0.9079777,-0.008616379) (355.1747,331.7055,356.2561) (0.2225842,1.428787,-0.2104022) (40.99263,303.2357,352.7759)
3.29748905117284 (0.36868080496788,0.913850784301758,0.0309788770973682) (0.3961158,0.9062067,0.01435862) (351.9298,324.3459,356.6244) (0.224177,1.427706,-0.2250389) (40.50479,295.4942,350.5013)
3.03399500599982 (0.347547739744186,0.933189988136292,0.0409739427268505) (0.3686808,0.9138508,0.03097888) (349.1045,321.5945,354.9302) (0.2319939,1.427001,-0.2300114) (41.35247,292.1198,347.8345)
1.97205589869282 (0.341304689645767,0.951891362667084,0.040545716881752) (0.3475477,0.93319,0.04097394) (345.883,321.9389,353.1118) (0.2520126,1.4225,-0.2184619) (44.07454,296.393,346.6345)
1.23990646182005 (0.352106958627701,0.956357896327972,0.0364107601344585) (0.3413047,0.9518914,0.04054572) (347.0552,324.6786,348.6484) (0.2801347,1.416185,-0.1950814) (46.00191,310.5016,349.8393)
3.53595048321973 (0.384485900402069,0.958036124706268,0.0223011076450348) (0.352107,0.9563579,0.03641076) (347.0262,326.7491,351.7565) (0.3209652,1.414932,-0.1728689) (46.85016,328.8875,354.8763)
6.03075595702549 (0.444360464811325,0.958161890506744,0.0150884427130222) (0.3844859,0.9580361,0.02230111) (347.6329,334.5478,354.3378) (0.3624662,1.414643,-0.1604648) (47.8332,345.835,358.153)
8.1859754414958 (0.524125635623932,0.954222142696381,-0.00288419099524617) (0.4443605,0.9581619,0.01508844) (348.2777,348.7938,355.2397) (0.3960051,1.412216,-0.1566051) (48.22389,358.2782,358.1047)
6.70520664737556 (0.581827402114868,0.945273280143738,-0.0358448326587677) (0.5241256,0.9542221,-0.002884191) (350.2876,0.451201,356.6252) (0.4145082,1.41302,-0.158614) (48.26136,3.535004,356.4431)
6.18842374813932 (0.627983927726746,0.933689057826996,-0.0754054188728333) (0.5818274,0.9452733,-0.03584483) (353.4846,11.43257,357.1862) (0.4260914,1.415835,-0.1624347) (47.34413,6.87687,355.8242)
3.20412566695271 (0.640872716903687,0.930259883403778,-0.104538939893246) (0.6279839,0.9336891,-0.07540542) (355.14,16.32884,357.1156) (0.4278663,1.418091,-0.1656277) (45.7318,6.792913,355.737)
1.13131809537372 (0.638740062713623,0.919206380844116,-0.105661407113075) (0.6408727,0.9302599,-0.1045389) (355.9125,16.7902,356.5192) (0.4205306,1.424392,-0.166821) (43.96481,3.572582,355.6434)
3.82967178453022 (0.61079466342926,0.918876826763153,-0.0794777348637581) (0.6387401,0.9192064,-0.1056614) (355.633,11.04091,354.6326) (0.403462,1.430996,-0.1664498) (41.15926,356.4782,355.3094)
4.92858099900231 (0.575631737709045,0.925182580947876,-0.0455233938992023) (0.6107947,0.9188768,-0.07947773) (353.6116,2.838439,354.4396) (0.3887322,1.43482,-0.1667651) (38.96137,350.1778,355.6281)
5.91108503137162 (0.530116558074951,0.931776106357574,-0.00838868785649538) (0.5756317,0.9251826,-0.04552339) (350.9646,353.7019,354.2041) (0.3713685,1.436489,-0.170499) (37.71884,342.8117,355.827)
4.70978207263146 (0.491269469261169,0.932770490646362,0.018221827223897) (0.5301166,0.9317761,-0.008388688) (349.1341,346.6843,353.9424) (0.359309,1.436113,-0.1773462) (37.77952,336.4667,354.6776)
4.3139208357447 (0.451132237911224,0.936612784862518,0.0335590615868568) (0.4912695,0.9327705,0.01822183) (347.4823,340.4299,352.8874) (0.3523373,1.434971,-0.1833399) (37.87012,332.5165,354.111)
3.61762312156977 (0.415451288223267,0.940582513809204,0.0291058737784624) (0.4511322,0.9366128,0.03355906) (346.6184,335.0363,351.8762) (0.3493061,1.434709,-0.1868509) (37.97813,332.0431,354.8162)
2.36013155231685 (0.395283758640289,0.941718935966492,0.0168992597609758) (0.4154513,0.9405825,0.02910587) (346.3863,331.7457,350.6776) (0.3498468,1.434463,-0.1889912) (37.92028,332.6096,355.1018)
1.33184071405449 (0.389854252338409,0.940972030162811,0.00476078456267715) (0.3952838,0.9417189,0.01689926) (346.7503,331.0529,350.1199) (0.3525147,1.434057,-0.1885744) (38.19423,334.0237,354.6775)
2.28287086019586 (0.407362550497055,0.932331204414368,-0.00706907361745834) (0.3898543,0.940972,0.004760785) (348.8876,334.222,350.4692) (0.3588705,1.432307,-0.1862014) (38.67118,336.9177,354.5501)
3.07925477730766 (0.434118002653122,0.925752282142639,-0.0208184216171503) (0.4073626,0.9323312,-0.007069074) (350.6296,338.7492,350.6048) (0.3667654,1.431272,-0.1839341) (38.76924,339.9369,354.5478)
2.29524545852004 (0.451919257640839,0.926857173442841,-0.0352652110159397) (0.434118,0.9257523,-0.02081842) (348.059,337.4785,356.2404) (0.3724431,1.430791,-0.1826292) (38.95999,342.1543,354.6707)
2.2938541620429 (0.47236779332161,0.921348571777344,-0.0440793707966805) (0.4519193,0.9268572,-0.03526521) (348.9048,340.7228,357.2468) (0.3765383,1.430187,-0.1829122) (38.8083,343.957,354.9742)
1.84401381949106 (0.488006949424744,0.911939084529877,-0.0467093996703625) (0.4723678,0.9213486,-0.04407937) (351.3053,346.1403,355.1626) (0.3782515,1.430789,-0.1842632) (38.52932,344.1378,354.8973)
0.110107258394659 (0.489074170589447,0.912189066410065,-0.0466049537062645) (0.4880069,0.9119391,-0.0467094) (351.705,346.9294,354.5659) (0.3792411,1.431393,-0.1845958) (38.48938,343.4213,354.7309)
1.24148363904966 (0.478377431631088,0.917407155036926,-0.0430723205208778) (0.4890742,0.9121891,-0.04660495) (348.8688,340.5927,355.8536) (0.3781561,1.431356,-0.1865744) (38.49371,341.6458,354.2353)
1.69903162088224 (0.464142084121704,0.921356081962585,-0.0346799604594707) (0.4783774,0.9174072,-0.04307232) (347.383,336.9401,357.6523) (0.3756698,1.431778,-0.189707) (38.79799,339.4377,353.5087)
0.907969698848579 (0.457442581653595,0.925864696502686,-0.030529061332345) (0.4641421,0.9213561,-0.03467996) (347.0238,336.8731,356.6952) (0.3721703,1.432146,-0.1936483) (39.05458,337.2381,352.9993)
0.863170015594805 (0.450478762388229,0.929787456989288,-0.0272697024047375) (0.4574426,0.9258647,-0.03052906) (346.5541,335.8863,356.6511) (0.3688208,1.432033,-0.1967533) (39.35598,335.976,353.124)
0.595851888081162 (0.445281624794006,0.930945992469788,-0.0299439318478107) (0.4504788,0.9297875,-0.0272697) (346.6174,335.0948,356.5106) (0.3663129,1.430692,-0.1991097) (39.68197,335.3545,353.2242)
0.608304874670713 (0.441640168428421,0.930911123752594,-0.0348165147006512) (0.4452816,0.930946,-0.02994393) (347.067,334.7545,356.1775) (0.3648732,1.429968,-0.2007212) (39.87942,335.1242,352.9727)
0.596706321387327 (0.439676702022552,0.928576350212097,-0.0399448163807392) (0.4416402,0.9309111,-0.03481651) (347.6765,334.6077,355.8932) (0.3636786,1.429266,-0.2022839) (40.15689,335.8057,353.2553)
0.720043146128719 (0.44264417886734,0.924785196781158,-0.0452990159392357) (0.4396767,0.9285764,-0.03994482) (348.3857,335.0195,355.6983) (0.3642918,1.428952,-0.2038435) (40.15085,336.5508,353.7124)
0.855534577641921 (0.447038501501083,0.918141782283783,-0.0484213419258595) (0.4426442,0.9247852,-0.04529902) (348.885,335.4332,355.693) (0.3645011,1.428826,-0.2050276) (40.02129,336.986,353.9373)
0.617160891374733 (0.45181342959404,0.915099382400513,-0.0508774816989899) (0.4470385,0.9181418,-0.04842134) (348.9983,335.6919,356.0265) (0.3649052,1.428644,-0.206102) (39.8654,337.3667,354.1385)
0.484183739842098 (0.456519544124603,0.914443016052246,-0.0499473959207535) (0.4518134,0.9150994,-0.05087748) (348.8092,336.6566,356.3419) (0.3646759,1.428502,-0.2067593) (39.7273,337.9118,354.1787)
0.266815675533055 (0.459174692630768,0.914521992206573,-0.0496963784098625) (0.4565195,0.914443,-0.0499474) (348.5428,337.607,356.4289) (0.3658641,1.428439,-0.2062276) (39.78517,338.3981,354.1718)
0.208736746890877 (0.458740293979645,0.916435420513153,-0.0504085533320904) (0.4591747,0.914522,-0.04969638) (348.526,337.8736,356.3822) (0.366538,1.428203,-0.2060565) (39.49786,338.3628,354.2881)
0.246608594471879 (0.457320988178253,0.917879581451416,-0.0518162287771702) (0.4587403,0.9164354,-0.05040855) (348.5301,337.2479,356.5909) (0.3670729,1.428454,-0.2057054) (39.31094,338.0322,354.16)
0.0690281851786313 (0.456663489341736,0.917855441570282,-0.0516074188053608) (0.457321,0.9178796,-0.05181623) (348.5345,336.5301,356.7778) (0.3672317,1.428454,-0.2051709) (39.24159,337.6044,354.0806)
0.156372576831184 (0.455698192119598,0.917654871940613,-0.0503936596214771) (0.4566635,0.9178554,-0.05160742) (348.3381,336.1155,356.8678) (0.3673051,1.42848,-0.2047025) (39.07195,337.1906,353.9064)
0.242232521831819 (0.455409824848175,0.917761266231537,-0.0479909144341946) (0.4556982,0.9176549,-0.05039366) (348.0945,335.8564,356.9346) (0.3672939,1.428822,-0.204522) (38.88677,337.0285,353.9111)
0.13643864566874 (0.455646872520447,0.917870581150055,-0.0466517321765423) (0.4554098,0.9177613,-0.04799091) (347.7899,335.5498,357.0745) (0.3671456,1.42926,-0.2043516) (38.77887,336.9019,353.9658)
0.0432625106500158 (0.455813080072403,0.917860150337219,-0.0462524443864822) (0.4556469,0.9178706,-0.04665173) (347.6932,335.4772,357.1106) (0.3666255,1.429624,-0.2046779) (38.70747,336.9405,354.0353)
0.0522431272907972 (0.455937743186951,0.91781485080719,-0.0457471311092377) (0.4558131,0.9178602,-0.04625244) (347.6793,335.4662,357.1199) (0.3659126,1.430042,-0.2052795) (38.71859,337.093,354.2136)
0.0245609872778138 (0.455935627222061,0.917792201042175,-0.0455025769770145) (0.4559377,0.9178149,-0.04574713) (347.6795,335.4661,357.1208) (0.3653296,1.430323,-0.2057551) (38.78254,337.2819,354.4519)
0.0131328069851339 (0.455832809209824,0.917854607105255,-0.0455553121864796) (0.4559356,0.9177922,-0.04550258) (347.7196,335.4512,357.1502) (0.3651417,1.43044,-0.2057027) (38.91676,337.3302,354.3002)
0.0150562752138765 (0.455798655748367,0.917982757091522,-0.04562658816576) (0.4558328,0.9178546,-0.04555531) (347.8047,335.5012,357.2209) (0.3646939,1.430696,-0.2052973) (39.27721,337.8019,354.0335)
0.123224499784076 (0.456999361515045,0.917934358119965,-0.0458993352949619) (0.4557987,0.9179828,-0.04562659) (348.0342,336.4471,357.2975) (0.3648508,1.42974,-0.2037664) (39.55494,338.38,354.0926)
0.232690403079331 (0.459092497825623,0.91782158613205,-0.0469095557928085) (0.4569994,0.9179344,-0.04589934) (348.1461,338.4088,356.6437) (0.3646503,1.429711,-0.2028265) (39.47176,338.3268,354.2182)
0.0732159572209564 (0.458743721246719,0.91779363155365,-0.0475526973605156) (0.4590925,0.9178216,-0.04690956) (348.1943,338.519,356.6291) (0.3635888,1.429799,-0.2015555) (39.49588,337.9761,353.9578)
0.0379470876354387 (0.458726972341537,0.917812049388886,-0.0471740439534187) (0.4587437,0.9177936,-0.0475527) (348.2293,337.8806,356.89) (0.3624965,1.429933,-0.2003614) (39.4884,337.743,353.9054)
0.130232327230115 (0.458021610975266,0.917890310287476,-0.046082079410553) (0.458727,0.917812,-0.04717404) (348.2045,337.7863,356.9029) (0.3624567,1.429962,-0.1990826) (39.49471,337.7598,353.8446)
0.227843558796318 (0.456687837839127,0.918164014816284,-0.0442552231252193) (0.4580216,0.9178903,-0.04608208) (348.1501,337.7359,356.8456) (0.3628411,1.429929,-0.1979525) (39.49234,337.6129,353.7548)
0.101503314203449 (0.456526041030884,0.918233156204224,-0.0432555563747883) (0.4566878,0.918164,-0.04425522) (348.0533,337.6103,356.7349) (0.3629743,1.429893,-0.1973713) (39.48313,337.4408,353.651)
0.026979666602275 (0.456695854663849,0.918276727199554,-0.0430504828691483) (0.456526,0.9182332,-0.04325556) (348.0226,337.5687,356.6953) (0.3630472,1.429798,-0.1971751) (39.38637,337.3976,353.6678)
0.050660258694245 (0.456917464733124,0.918351411819458,-0.0426010861992836) (0.4566959,0.9182767,-0.04305048) (348.0232,337.5757,356.6786) (0.3633475,1.429855,-0.1965021) (39.38345,337.7346,353.8685)
0.0631837362468289 (0.457296073436737,0.918288230895996,-0.0420992076396942) (0.4569175,0.9183514,-0.04260109) (348.0293,337.5884,356.6646) (0.3640715,1.429872,-0.1954287) (39.43185,337.9545,353.8799)
0.0883866698977033 (0.457779198884964,0.918080568313599,-0.0413887947797775) (0.4572961,0.9182882,-0.04209921) (348.0468,337.6599,356.6236) (0.3648327,1.429764,-0.1944315) (39.4221,338.1108,353.7638)
0.0531225264264262 (0.458059191703796,0.918216705322266,-0.0409583635628223) (0.4577792,0.9180806,-0.04138879) (348.0955,337.7968,356.5437) (0.3655305,1.429698,-0.1935051) (39.42591,338.2879,353.7077)
0.0407500381450582 (0.458292275667191,0.918250203132629,-0.0406257882714272) (0.4580592,0.9182167,-0.04095836) (348.1075,337.8096,356.536) (0.3662703,1.429576,-0.1932917) (39.4016,338.471,353.6534)
0.054184352192784 (0.458421736955643,0.918632745742798,-0.0402645468711853) (0.4582923,0.9182502,-0.04062579) (348.1348,337.8587,356.5123) (0.3674037,1.429431,-0.1933704) (39.40652,338.6549,353.5452)
0.0634854632990275 (0.458609938621521,0.919145941734314,-0.039941668510437) (0.4584217,0.9186327,-0.04026455) (348.1892,338.0137,356.4446) (0.3680884,1.429333,-0.1939193) (39.34163,338.7114,353.6237)
0.048061270159898 (0.458934813737869,0.91923201084137,-0.0395981036126614) (0.4586099,0.9191459,-0.03994167) (348.1939,338.0321,356.4392) (0.3685236,1.429255,-0.1943464) (39.25493,338.7482,353.6396)
0.0689760556003226 (0.459434479475021,0.919294416904449,-0.0391267128288746) (0.4589348,0.919232,-0.0395981) (348.1916,338.0277,356.4394) (0.3689111,1.429268,-0.1947582) (39.11198,338.7997,353.7332)
0.118762474162802 (0.460218012332916,0.919133841991425,-0.0382487922906876) (0.4594345,0.9192944,-0.03912671) (348.1891,338.0259,356.4424) (0.369045,1.429339,-0.1952903) (39.03765,338.8757,353.8904)
0.196380609066176 (0.461471438407898,0.918968498706818,-0.0367460884153843) (0.460218,0.9191338,-0.03824879) (348.1701,338.0237,356.4539) (0.3685794,1.429321,-0.1964037) (39.01623,338.7334,353.8317)
0.105765054529785 (0.462186932563782,0.919107794761658,-0.0359797403216362) (0.4614714,0.9189685,-0.03674609) (348.0293,337.9262,356.5792) (0.3679919,1.429361,-0.1974141) (38.95996,338.6391,353.8749)
0.0770655545724629 (0.462730169296265,0.919350206851959,-0.0354898013174534) (0.4621869,0.9191078,-0.03597974) (347.8396,337.8751,356.7124) (0.3673899,1.429414,-0.1984456) (38.9321,338.565,353.9346)
0.0436822489118629 (0.462869316339493,0.919751703739166,-0.0353885479271412) (0.4627302,0.9193502,-0.0354898) (347.6748,337.8099,356.8633) (0.3668061,1.429502,-0.1995475) (38.85044,338.5759,354.0239)
0.046590721666386 (0.462681323289871,0.920096516609192,-0.0356392115354538) (0.4628693,0.9197517,-0.03538855) (347.658,337.8147,356.8675) (0.3662237,1.429707,-0.2007405) (38.866,338.4832,354.1552)
0.0182383558217391 (0.462613046169281,0.920221269130707,-0.0357533991336823) (0.4626813,0.9200965,-0.03563921) (347.6421,337.8016,356.8752) (0.3659679,1.429752,-0.201619) (38.87941,338.3843,354.1505)
0.00957802627495983 (0.46260541677475,0.920227527618408,-0.0358486697077751) (0.462613,0.9202213,-0.0357534) (347.6233,337.7873,356.8693) (0.3656382,1.429798,-0.2021596) (38.87536,338.3997,354.2209)
0.038084404819331 (0.462450385093689,0.920393645763397,-0.0361543036997318) (0.4626054,0.9202275,-0.03584867) (347.618,337.7857,356.8697) (0.3655442,1.429842,-0.2024439) (38.88234,338.4743,354.2836)
0.0722616299744284 (0.462365686893463,0.921038210391998,-0.0364697985351086) (0.4624504,0.9203936,-0.0361543) (347.6107,337.7791,356.8691) (0.3654412,1.429814,-0.2026708) (38.84298,338.4937,354.2791)
0.0363209689924493 (0.462447702884674,0.921320915222168,-0.0366825722157955) (0.4623657,0.9210382,-0.0364698) (347.6033,337.786,356.8723) (0.3653487,1.429813,-0.2028197) (38.81535,338.5687,354.2929)
0.0291826369547946 (0.462539523839951,0.921107351779938,-0.0368589870631695) (0.4624477,0.9213209,-0.03668257) (347.5962,337.799,356.8723) (0.3653295,1.429926,-0.2027459) (38.95561,338.5341,354.1704)
0.0236777082774886 (0.462619423866272,0.920980930328369,-0.0370425544679165) (0.4625395,0.9211074,-0.03685899) (347.5951,337.8008,356.8711) (0.3652845,1.430031,-0.2027051) (39.0721,338.5571,354.1118)
0.0348718098650066 (0.462643474340439,0.920881688594818,-0.0373759865760803) (0.4626194,0.9209809,-0.03704255) (347.6235,337.876,356.8478) (0.3651703,1.430154,-0.2027213) (39.13148,338.6593,354.2262)
0.0666860271984715 (0.462398290634155,0.921116828918457,-0.0379498302936554) (0.4626435,0.9208817,-0.03737599) (347.6748,337.9092,356.8199) (0.3652881,1.43017,-0.2025547) (39.18993,338.6097,354.1649)
0.0574040588037291 (0.462137639522552,0.921034395694733,-0.0384545959532261) (0.4623983,0.9211168,-0.03794983) (347.7561,337.9503,356.778) (0.3655589,1.43012,-0.2021993) (39.27714,338.4472,354.012)
0.0318180587488728 (0.462136626243591,0.920868217945099,-0.0387259311974049) (0.4621376,0.9210344,-0.0384546) (347.8358,338.1718,356.6304) (0.3662817,1.429974,-0.2012225) (39.32253,338.4945,353.9617)
0.0436413154455496 (0.462234079837799,0.920512080192566,-0.0389585793018341) (0.4621366,0.9208682,-0.03872593) (347.955,338.4123,356.4752) (0.3670599,1.429771,-0.2003301) (39.28321,338.386,353.8727)
0.0654147321265371 (0.462452083826065,0.919911026954651,-0.0390968471765518) (0.4622341,0.9205121,-0.03895858) (348.1143,338.6101,356.1841) (0.3677565,1.429622,-0.1995558) (39.22655,338.281,353.744)
0.0697668484042195 (0.462845772504807,0.919335305690765,-0.0390796549618244) (0.4624521,0.919911,-0.03909685) (348.2361,338.902,355.8164) (0.3690391,1.429389,-0.1980295) (39.16384,338.224,353.5218)
0.0429831532249499 (0.463175714015961,0.919079780578613,-0.0389766953885555) (0.4628458,0.9193353,-0.03907965) (348.2321,339.0504,355.7045) (0.3708912,1.42938,-0.1962472) (39.30802,338.5961,353.4652)
0.0534126921739305 (0.463607013225555,0.918850421905518,-0.038760669529438) (0.4631757,0.9190798,-0.0389767) (348.2379,339.2599,355.5766) (0.372966,1.429252,-0.1956111) (39.39713,338.8621,353.4555)
0.0729195213368294 (0.46424999833107,0.918667376041412,-0.0384694822132587) (0.463607,0.9188504,-0.03876067) (348.2753,339.3967,355.5494) (0.3746886,1.428885,-0.1954563) (39.52716,339.2964,353.4221)
0.112301076488684 (0.465298563241959,0.918689489364624,-0.0380680151283741) (0.46425,0.9186674,-0.03846948) (348.3387,339.6044,355.5407) (0.3758449,1.428645,-0.1954352) (39.46078,339.6552,353.5289)
0.106223687284948 (0.466333031654358,0.918780148029327,-0.0378444008529186) (0.4652986,0.9186895,-0.03806802) (348.343,339.6811,355.5569) (0.3773405,1.42831,-0.1956568) (39.31141,339.8424,353.4948)
0.141365778339314 (0.467691987752914,0.919016182422638,-0.0375346355140209) (0.466333,0.9187801,-0.0378444) (348.2955,339.8215,355.5684) (0.3788597,1.42801,-0.1956923) (39.19217,339.9309,353.4985)
0.128450516202654 (0.468931257724762,0.919054925441742,-0.0371989831328392) (0.467692,0.9190162,-0.03753464) (348.238,339.882,355.5668) (0.3800701,1.428083,-0.1957131) (39.33731,339.7426,353.5297)
0.0604587764097452 (0.46952348947525,0.919168829917908,-0.0371563956141472) (0.4689313,0.9190549,-0.03719898) (348.2271,339.8784,355.5652) (0.3790794,1.428567,-0.1971328) (39.6676,338.04,353.5264)
0.0649380906627292 (0.470122992992401,0.919359505176544,-0.036995355039835) (0.4695235,0.9191688,-0.0371564) (348.1035,339.5678,355.4515) (0.3712217,1.427957,-0.2006093) (39.57949,333.3097,353.0706)
0.619464984594805 (0.4755519926548,0.921722531318665,-0.0351744331419468) (0.470123,0.9193595,-0.03699536) (347.8251,338.7087,355.317) (0.3603665,1.433836,-0.2040514) (36.47684,329.7392,354.538)
0.217518443160353 (0.477479994297028,0.921611547470093,-0.0341734737157822) (0.475552,0.9217225,-0.03517443) (348.1464,338.5259,355.1634) (0.352831,1.446002,-0.2071508) (31.72408,327.8943,356.2739)
0.288665254654363 (0.474685490131378,0.921808481216431,-0.0334772504866123) (0.47748,0.9216115,-0.03417347) (348.2022,336.2255,355.7852) (0.3485694,1.458923,-0.2098828) (26.24715,327.4992,357.2701)
0.99638664307241 (0.466106772422791,0.922749280929565,-0.028497377410531) (0.4746855,0.9218085,-0.03347725) (347.5735,334.6077,356.2282) (0.3468372,1.466335,-0.2144302) (23.73709,327.2116,357.9642)
0.88508674184581 (0.459227651357651,0.925434172153473,-0.0236181449145079) (0.4661068,0.9227493,-0.02849738) (346.2538,333.9451,356.3352) (0.345078,1.456653,-0.21655) (26.90885,327.2587,358.1235)
0.500903462354791 (0.457310676574707,0.927215158939362,-0.0193468779325485) (0.4592277,0.9254342,-0.02361814) (345.2701,333.7729,356.2277) (0.3430585,1.438873,-0.2162591) (33.01211,327.0502,357.9491)
0.195012246562468 (0.45854315161705,0.925878643989563,-0.0186413917690516) (0.4573107,0.9272152,-0.01934688) (345.1154,333.7482,356.2394) (0.3398584,1.422835,-0.2136542) (37.62758,327.5127,359.4741)
0.736586125943663 (0.464325517416,0.924829721450806,-0.0230821035802364) (0.4585432,0.9258786,-0.01864139) (346.9903,334.7649,356.1881) (0.3357124,1.413651,-0.2093457) (40.25229,327.1712,0.8276327)
1.20225173977257 (0.473269104957581,0.921927809715271,-0.0305742379277945) (0.4643255,0.9248297,-0.0230821) (349.3725,334.6287,356.8244) (0.3266003,1.41097,-0.2057625) (41.755,325.8824,1.433818)
0.417221640631501 (0.476662814617157,0.922072768211365,-0.0329968631267548) (0.4732691,0.9219278,-0.03057424) (350.5276,334.0581,357.4636) (0.3217263,1.409947,-0.2033074) (42.39209,325.5242,1.655518)
0.490584225058811 (0.476884067058563,0.926463901996613,-0.0308205634355545) (0.4766628,0.9220728,-0.03299686) (350.3253,333.1944,358.0831) (0.3220662,1.409732,-0.1989632) (42.65091,326.8601,2.276048)
1.1556286311205 (0.472409188747406,0.934145748615265,-0.0234373081475496) (0.4768841,0.9264639,-0.03082056) (349.3167,332.7779,358.3128) (0.3229619,1.410029,-0.1958659) (42.78143,327.868,3.331956)
0.810785108243861 (0.469600200653076,0.937616467475891,-0.0166696682572365) (0.4724092,0.9341457,-0.02343731) (348.505,332.864,358.2386) (0.324886,1.410144,-0.190548) (42.0204,331.7651,5.184573)
0.383496817564799 (0.466922581195831,0.939230799674988,-0.0144490227103233) (0.4696002,0.9376165,-0.01666967) (348.1495,332.7596,358.4704) (0.3432519,1.41098,-0.1789466) (42.35646,344.5895,11.56973)
0.286483347670613 (0.465025454759598,0.941051542758942,-0.0133118871599436) (0.4669226,0.9392308,-0.01444902) (347.951,333.0213,358.8975) (0.3636724,1.409347,-0.1713345) (42.38278,355.5363,16.45199)
0.111423405489428 (0.466111838817596,0.941297888755798,-0.01333640050143) (0.4650255,0.9410515,-0.01331189) (347.7712,335.0751,358.8564) (0.3751465,1.407362,-0.1697331) (42.57095,1.131173,18.76363)
1.13836489864668 (0.475854605436325,0.940055251121521,-0.0190915558487177) (0.4661118,0.9412979,-0.0133364) (347.9142,338.5162,357.9218) (0.381841,1.406453,-0.1703024) (42.88174,3.275267,17.97574)
1.82599143761254 (0.487931549549103,0.931563138961792,-0.0298365987837315) (0.4758546,0.9400553,-0.01909156) (348.8647,341.317,357.4561) (0.3901437,1.405365,-0.171922) (43.08869,6.352808,17.53673)
1.89980071099264 (0.498028069734573,0.922672808170319,-0.0432510152459145) (0.4879315,0.9315631,-0.0298366) (349.7782,343.8404,357.2724) (0.397782,1.405185,-0.1734106) (42.49477,9.135654,17.41738)
0.85595970073402 (0.501915037631989,0.921177744865417,-0.0507291816174984) (0.4980281,0.9226728,-0.04325102) (350.4273,345.3619,357.2073) (0.4000866,1.405831,-0.1757081) (42.43202,9.927322,18.21585)
0.185022744370215 (0.501154363155365,0.922197580337524,-0.0520725548267365) (0.501915,0.9211777,-0.05072918) (350.4352,345.5304,357.2685) (0.4004408,1.405926,-0.1761176) (42.2091,9.657625,17.5872)
0.530424919369154 (0.497960805892944,0.925583302974701,-0.049528319388628) (0.5011544,0.9221976,-0.05207255) (350.0823,345.2299,357.3831) (0.4021401,1.405526,-0.1770604) (42.18959,9.947759,17.23367)
0.934501044816394 (0.49088254570961,0.927065074443817,-0.0436095520853996) (0.4979608,0.9255833,-0.04952832) (349.1493,344.0861,357.709) (0.4036943,1.405257,-0.1770486) (42.25376,9.315217,16.63371)
0.825506381336129 (0.48477029800415,0.926941573619843,-0.0380623675882816) (0.4908825,0.9270651,-0.04360955) (348.6188,342.5221,358.0908) (0.4019932,1.405202,-0.1792394) (42.58735,7.327802,16.37258)
0.438401286429864 (0.48159721493721,0.927094101905823,-0.0350411348044872) (0.4847703,0.9269416,-0.03806237) (348.3918,341.3544,358.2311) (0.3984992,1.404658,-0.1808263) (42.79314,5.787019,15.73554)
0.457701910477224 (0.479617595672607,0.931033670902252,-0.0338123105466366) (0.4815972,0.9270941,-0.03504113) (348.2727,340.4791,358.3039) (0.3981432,1.404238,-0.1818575) (42.53844,6.228486,15.43759)
0.306886240993391 (0.478401750326157,0.933687210083008,-0.0328644886612892) (0.4796176,0.9310337,-0.03381231) (348.2592,340.1754,358.3559) (0.4011311,1.403674,-0.182451) (42.34567,6.878338,15.14628)
0.335744515642342 (0.475156486034393,0.933552801609039,-0.0337145663797855) (0.4784018,0.9336872,-0.03286449) (348.4568,339.9605,358.3584) (0.402305,1.403803,-0.182233) (42.24621,5.902065,15.14134)
0.308785468949702 (0.4726722240448,0.932048618793488,-0.0347637198865414) (0.4751565,0.9335528,-0.03371457) (348.6241,339.5643,358.4295) (0.4022906,1.403635,-0.1828422) (42.2767,5.536585,14.55756)
0.182575422029814 (0.472653955221176,0.93022346496582,-0.0347206108272076) (0.4726722,0.9320486,-0.03476372) (348.6356,339.5623,358.4237) (0.4053179,1.403911,-0.1815102) (41.91166,7.152904,14.44225)
0.222002493561781 (0.473226696252823,0.928117692470551,-0.0351282879710197) (0.472654,0.9302235,-0.03472061) (348.6411,339.9326,358.2251) (0.4082496,1.405087,-0.1804402) (41.85752,8.14397,14.16166)
0.197330377299641 (0.474591255187988,0.927195966243744,-0.0362156368792057) (0.4732267,0.9281177,-0.03512829) (348.8031,340.5849,357.9942) (0.4098465,1.406485,-0.1801552) (41.49433,7.375762,13.59989)
0.242976842257378 (0.476648718118668,0.926795601844788,-0.0374445915222168) (0.4745913,0.927196,-0.03621564) (348.8929,341.0638,357.9264) (0.4095952,1.406789,-0.1800924) (41.44798,6.969535,13.50816)
0.300957096657272 (0.479562848806381,0.926114797592163,-0.0377637557685375) (0.4766487,0.9267956,-0.03744459) (348.7589,341.5779,357.8664) (0.4097054,1.408822,-0.1802605) (40.99902,7.32818,12.45908)
0.171657917291014 (0.481220662593842,0.926020085811615,-0.0373286381363869) (0.4795628,0.9261148,-0.03776376) (348.5832,342.0684,357.7796) (0.4125428,1.410111,-0.1782031) (40.66412,8.003404,12.08946)
0.061060954507786 (0.481568872928619,0.925630927085876,-0.0370121747255325) (0.4812207,0.9260201,-0.03732864) (348.513,342.393,357.6404) (0.4125001,1.410222,-0.1769604) (40.53637,6.301218,12.06606)
0.0545036805361641 (0.481168568134308,0.925290048122406,-0.0368685685098171) (0.4815689,0.9256309,-0.03701217) (348.5032,342.4185,357.6158) (0.4102114,1.410459,-0.1777736) (40.64874,5.399562,11.71201)
0.182746928339446 (0.482422828674316,0.925309777259827,-0.0355396270751953) (0.4811686,0.92529,-0.03686857) (348.3908,342.2232,357.5319) (0.4108996,1.410035,-0.1768746) (40.41969,6.501335,11.14721)
0.0461853228393503 (0.482733160257339,0.925234913825989,-0.0352058634161949) (0.4824228,0.9253098,-0.03553963) (348.3786,342.2104,357.479) (0.4132483,1.409845,-0.1760403) (40.38271,6.242017,10.85672)
0.0597553841552382 (0.482142388820648,0.925284922122955,-0.0351313054561615) (0.4827332,0.9252349,-0.03520586) (348.3694,342.1435,357.4291) (0.4130746,1.410032,-0.1754521) (40.50116,5.493104,10.73823)
0.0358364453942691 (0.481790602207184,0.925338268280029,-0.0350885801017284) (0.4821424,0.9252849,-0.03513131) (348.3774,342.0584,357.3213) (0.412523,1.409994,-0.1753509) (40.60707,5.084781,10.16043)
0.0350661369126984 (0.481974005699158,0.925183296203613,-0.0353441387414932) (0.4817906,0.9253383,-0.03508858) (348.4276,342.0427,357.201) (0.4135794,1.410688,-0.1738486) (40.29396,5.186842,9.127584)
0.297857997247853 (0.482007741928101,0.923186779022217,-0.0375542789697647) (0.481974,0.9251833,-0.03534414) (348.7279,341.9684,357.0964) (0.4139014,1.412419,-0.1718753) (39.79844,5.399521,8.715003)
0.43442044984995 (0.484356820583344,0.921019375324249,-0.040496438741684) (0.4820077,0.9231868,-0.03755428) (349.436,341.9127,357.2974) (0.4111567,1.413861,-0.1660337) (39.07047,5.910754,8.522125)
0.125533948252421 (0.484874188899994,0.919889807701111,-0.0406761169433594) (0.4843568,0.9210194,-0.04049644) (350.1018,342.0828,357.5239) (0.409091,1.414262,-0.1621595) (39.11655,6.007086,8.258628)
0.181730789751098 (0.484342515468597,0.91829377412796,-0.0399886518716812) (0.4848742,0.9198898,-0.04067612) (350.4485,341.5949,358.2157) (0.4067766,1.413028,-0.1591289) (39.62535,5.583161,7.959334)
0.355985616650626 (0.482586413621902,0.918542206287384,-0.0369020737707615) (0.4843425,0.9182938,-0.03998865) (350.4857,341.6114,358.249) (0.4047606,1.412319,-0.157065) (39.80972,5.138605,7.513855)
0.731833727477598 (0.478151053190231,0.923198282718658,-0.0334082804620266) (0.4825864,0.9185422,-0.03690207) (350.4776,341.1251,358.3314) (0.4032005,1.412193,-0.1559772) (39.50075,4.893963,7.306825)
0.700322202902663 (0.472069084644318,0.923979222774506,-0.0300252474844456) (0.4781511,0.9231983,-0.03340828) (350.5388,339.0199,358.8029) (0.4014742,1.412573,-0.1554771) (39.46137,4.51205,7.023719)
0.846757483005315 (0.464634090662003,0.923976957798004,-0.0259730033576488) (0.4720691,0.9239792,-0.03002525) (350.6819,336.938,359.3127) (0.3994619,1.412829,-0.1559636) (39.69054,4.130044,6.584064)
0.599669218226366 (0.459773421287537,0.924596667289734,-0.0225161015987396) (0.4646341,0.923977,-0.025973) (350.3327,336.0879,359.4293) (0.3979852,1.412869,-0.1558481) (39.76148,4.890573,6.636816)
0.284113772139449 (0.457317173480988,0.924723982810974,-0.0210938844829798) (0.4597734,0.9245967,-0.0225161) (350.1286,336.0503,359.3619) (0.3969465,1.412675,-0.1557592) (39.87906,5.600454,6.937487)
0.461764153431742 (0.452970176935196,0.92473429441452,-0.0226514879614115) (0.4573172,0.924724,-0.02109388) (350.0938,336.0721,359.2135) (0.3970841,1.412532,-0.1554803) (40.04387,5.422817,6.979146)
0.576551826811498 (0.448843121528625,0.924359142780304,-0.0266599636524916) (0.4529702,0.9247343,-0.02265149) (350.1584,335.844,358.981) (0.3975576,1.412535,-0.1552056) (40.30285,4.997462,6.466558)
0.400146054451824 (0.446447879076004,0.923839688301086,-0.0298229791224003) (0.4488431,0.9243591,-0.02665996) (350.6167,336.1459,358.1817) (0.397804,1.412314,-0.1554873) (40.23695,5.001939,6.344128)
0.444070428310989 (0.443751960992813,0.922353327274323,-0.0330233871936798) (0.4464479,0.9238397,-0.02982298) (350.7457,336.0203,357.9647) (0.3993776,1.412074,-0.1565272) (40.23429,5.166654,6.299562)
0.0765892872265216 (0.443304747343063,0.921909332275391,-0.0334586575627327) (0.443752,0.9223533,-0.03302339) (350.7175,336.0338,357.765) (0.400935,1.411801,-0.157763) (40.22216,5.228327,6.139134)
0.0276424914288595 (0.443215072154999,0.922144830226898,-0.0333450362086296) (0.4433047,0.9219093,-0.03345866) (350.4602,336.4699,357.3029) (0.4023725,1.411901,-0.1590864) (40.08128,5.299911,5.873589)
0.107137561885849 (0.442615747451782,0.921272158622742,-0.0331804156303406) (0.4432151,0.9221448,-0.03334504) (350.239,336.6014,357.1191) (0.4028215,1.412676,-0.1597603) (39.7834,5.314439,5.693394)
0.146690585466192 (0.44209024310112,0.919916868209839,-0.0329833216965199) (0.4426157,0.9212722,-0.03318042) (350.1267,336.5941,357.047) (0.4030026,1.413007,-0.1599671) (39.63126,5.210394,5.48347)
0.0326551917011369 (0.441887676715851,0.920100092887878,-0.0331622958183289) (0.4420902,0.9199169,-0.03298332) (350.0476,336.5813,356.989) (0.4030516,1.413208,-0.1597991) (39.79403,5.183726,5.580841)
0.0168313762870363 (0.441857755184174,0.920191943645477,-0.0333001278340817) (0.4418877,0.9201001,-0.0331623) (349.9745,336.5529,356.919) (0.403181,1.413007,-0.1603559) (39.24346,5.008783,5.454147)
0.0491121837594835 (0.442244946956635,0.919964194297791,-0.0334986560046673) (0.4418578,0.9201919,-0.03330013) (349.9499,336.5953,356.8597) (0.4030381,1.413342,-0.1610474) (38.79168,5.052181,5.441622)
0.0133349975846084 (0.442372649908066,0.919951736927032,-0.033534973859787) (0.4422449,0.9199642,-0.03349866) (349.9353,336.5948,356.8481) (0.4031042,1.413407,-0.161358) (38.83998,5.182189,5.481674)
0.140677045530278 (0.442968934774399,0.918735563755035,-0.0339149348437786) (0.4423726,0.9199517,-0.03353497) (349.8663,336.7533,356.7029) (0.4035926,1.413113,-0.1621896) (38.63492,5.190873,5.379136)
0.0202797046818932 (0.443111747503281,0.918740332126617,-0.0340588390827179) (0.4429689,0.9187356,-0.03391493) (349.7493,336.8616,356.5855) (0.4038565,1.413678,-0.1629223) (38.26228,5.138957,5.080712)
0.0319991970354886 (0.44323667883873,0.919010102748871,-0.0341772064566612) (0.4431117,0.9187403,-0.03405884) (349.6229,336.9994,356.4384) (0.4045139,1.414903,-0.1643929) (38.02586,5.312712,5.141846)
0.020468544534643 (0.443273633718491,0.91908997297287,-0.034362006932497) (0.4432367,0.9190101,-0.03417721) (349.5287,337.0533,356.3746) (0.4048618,1.415507,-0.1656344) (37.92787,5.386864,5.01881)
0.0211732374333531 (0.443376064300537,0.919145703315735,-0.0345387347042561) (0.4432736,0.91909,-0.03436201) (349.4286,337.1573,356.3025) (0.4051276,1.415942,-0.1665088) (37.7341,5.428066,4.904382)
0.0285735250726346 (0.443541079759598,0.919203460216522,-0.0347647406160831) (0.4433761,0.9191457,-0.03453873) (349.3661,337.2708,356.2411) (0.405058,1.416294,-0.1667734) (37.66091,5.487181,4.896621)
0.0299794258960633 (0.443696707487106,0.91923975944519,-0.0350183919072151) (0.4435411,0.9192035,-0.03476474) (349.3423,337.3207,356.2121) (0.4051192,1.41637,-0.1668898) (37.66726,5.449822,4.749179)
0.0346678993974518 (0.443828374147415,0.919153988361359,-0.0353274121880531) (0.4436967,0.9192398,-0.03501839) (349.3349,337.4038,356.1592) (0.4052241,1.416459,-0.1668244) (37.75208,5.393588,4.696019)
0.0158682613613564 (0.443858474493027,0.919194459915161,-0.0354778654873371) (0.4438284,0.919154,-0.03532741) (349.3122,337.4179,356.1339) (0.4054037,1.41646,-0.1667761) (37.80915,5.250139,4.52941)
0.0223215770485389 (0.443969577550888,0.919066548347473,-0.0356231927871704) (0.4438585,0.9191945,-0.03547787) (349.2394,337.5876,355.9954) (0.4054224,1.416473,-0.1667804) (37.83425,5.251039,4.41272)
0.0166028962903388 (0.444028198719025,0.919007062911987,-0.0357666872441769) (0.4439696,0.9190665,-0.03562319) (349.2173,337.6766,355.9314) (0.405688,1.416411,-0.1665306) (37.8196,5.201799,4.28778)
0.0233439516108497 (0.444038718938828,0.919062852859497,-0.035993117839098) (0.4440282,0.9190071,-0.03576669) (349.2108,337.7567,355.8763) (0.4061091,1.416393,-0.1660983) (37.84794,5.098242,4.182613)
0.017867057469825 (0.444098562002182,0.919083654880524,-0.0361601784825325) (0.4440387,0.9190629,-0.03599312) (349.2188,337.9134,355.7765) (0.4062974,1.416386,-0.1659545) (37.86701,5.00326,4.097786)
0.0254133456483097 (0.444155246019363,0.918958485126495,-0.0363739617168903) (0.4440986,0.9190837,-0.03616018) (349.2193,337.9865,355.7206) (0.4064416,1.416336,-0.1659429) (37.76822,4.89008,4.196571)
0.0301899045233824 (0.444226384162903,0.918725371360779,-0.036552120000124) (0.4441552,0.9189585,-0.03637396) (349.2207,337.991,355.7159) (0.4065736,1.41648,-0.1660561) (37.61455,4.795357,4.16307)
0.0281258077169281 (0.444400668144226,0.918505072593689,-0.0365379899740219) (0.4442264,0.9187254,-0.03655212) (349.2207,337.9908,355.7159) (0.4067177,1.41684,-0.166083) (37.50064,4.705396,4.304811)
0.0249480162459451 (0.44457933306694,0.918458163738251,-0.0363703034818172) (0.4444007,0.9185051,-0.03653799) (349.2007,337.9719,355.7261) (0.4070936,1.417113,-0.166018) (37.44841,4.411614,4.252059)
0.0356118907670053 (0.444759339094162,0.918597221374512,-0.0360962934792042) (0.4445793,0.9184582,-0.0363703) (349.0533,337.8741,355.7973) (0.4074461,1.417486,-0.1661582) (37.26188,4.136263,4.098189)
0.0854313441927333 (0.445107728242874,0.919144690036774,-0.0355406366288662) (0.4447593,0.9185972,-0.03609629) (348.919,337.7855,355.8568) (0.4071967,1.417676,-0.1667837) (37.17371,3.989924,4.060017)
0.0783082971340359 (0.445286631584167,0.919823467731476,-0.0351935438811779) (0.4451077,0.9191447,-0.03554064) (348.7808,337.6196,355.9617) (0.4068571,1.417729,-0.1676311) (37.17663,3.834356,3.97427)
0.0517026499361198 (0.445433259010315,0.920226812362671,-0.0349052213132381) (0.4452866,0.9198235,-0.03519354) (348.7343,337.5619,355.9879) (0.4063727,1.417764,-0.1687046) (37.18021,3.724087,3.96847)
0.0282762030825367 (0.445453286170959,0.920461654663086,-0.0347490087151527) (0.4454333,0.9202268,-0.03490522) (348.7015,337.5127,356.0034) (0.4059408,1.417821,-0.1695452) (37.19862,3.529328,3.971271)
0.0261439611842369 (0.445394665002823,0.920711874961853,-0.0347010083496571) (0.4454533,0.9204617,-0.03474901) (348.6815,337.4707,356.0068) (0.4050942,1.418059,-0.171076) (37.3759,3.006849,3.928139)
0.0514950842850656 (0.444995641708374,0.920983016490936,-0.0348811112344265) (0.4453947,0.9207119,-0.03470101) (348.6624,337.3925,355.9949) (0.4015885,1.416576,-0.1745481) (39.49695,0.4141468,4.382049)
1.02131007415182 (0.436779588460922,0.921984732151031,-0.040864460170269) (0.4449956,0.920983,-0.03488111) (348.4682,334.3246,356.5428) (0.3871491,1.408878,-0.1780179) (42.28213,353.6392,2.595318)
0.61253276216528 (0.43321105837822,0.92180722951889,-0.0458397716283798) (0.4367796,0.9219847,-0.04086446) (348.4711,332.7118,356.8068) (0.3744509,1.406297,-0.1784047) (43.31539,348.0844,1.174106)
0.539202508334444 (0.433711886405945,0.917073905467987,-0.0483732968568802) (0.4332111,0.9218072,-0.04583977) (350.0536,333.0377,355.4985) (0.3648696,1.403201,-0.1790751) (44.47984,344.2294,0.5211983)
0.800200641908399 (0.436179608106613,0.909959077835083,-0.0510791577398777) (0.4337119,0.9170739,-0.0483733) (351.0533,332.1782,355.6817) (0.3570673,1.40084,-0.1785949) (45.36252,341.9789,0.8328605)
0.326738224492361 (0.437046706676483,0.90682065486908,-0.0513516068458557) (0.4361796,0.9099591,-0.05107916) (351.6481,331.8551,355.8367) (0.3500133,1.398513,-0.1774758) (46.1608,340.0267,0.9493027)
0.133635540623562 (0.437134087085724,0.906592130661011,-0.0500378385186195) (0.4370467,0.9068207,-0.05135161) (351.7399,331.837,355.8663) (0.3431105,1.396749,-0.177264) (46.7497,337.8886,0.6637506)
0.330067874624811 (0.436337947845459,0.908576548099518,-0.0475233346223831) (0.4371341,0.9065921,-0.05003784) (351.6417,331.67,355.9669) (0.3378463,1.394601,-0.1775057) (47.43587,336.0189,0.8491079)
0.533060685152156 (0.436150670051575,0.912954032421112,-0.0444872304797173) (0.4363379,0.9085765,-0.04752333) (351.4929,331.5092,356.054) (0.3304428,1.391084,-0.1792709) (48.46877,333.5294,1.284706)
0.246897307201049 (0.437747687101364,0.913267970085144,-0.042630672454834) (0.4361507,0.912954,-0.04448723) (351.4751,331.4891,356.0657) (0.3241144,1.388494,-0.181393) (49.25162,331.1809,1.295485)
0.159897923529107 (0.438733339309692,0.91345477104187,-0.0413855500519276) (0.4377477,0.913268,-0.04263067) (351.5141,331.4865,356.0905) (0.3208618,1.386608,-0.1830548) (50.25596,330.5725,1.891919)
0.269645333525098 (0.441403597593308,0.913083493709564,-0.0413332581520081) (0.4387333,0.9134548,-0.04138555) (351.9568,331.6866,356.285) (0.3235139,1.387044,-0.17911) (49.93922,335.8215,5.052799)
0.0720773029819812 (0.442071735858917,0.913029253482819,-0.0410683751106262) (0.4414036,0.9130835,-0.04133326) (352.3029,332.1274,356.4795) (0.3346551,1.389074,-0.1727344) (48.98964,343.1761,8.821435)
0.322343028641151 (0.439415544271469,0.913294196128845,-0.03926145657897) (0.4420717,0.9130293,-0.04106838) (352.2271,332.5107,356.586) (0.3443128,1.390153,-0.1705458) (49.28592,347.692,11.36401)
0.373878593116307 (0.436636239290237,0.913092195987701,-0.0367688313126564) (0.4394155,0.9132942,-0.03926146) (351.422,333.6554,356.3435) (0.350283,1.389816,-0.1685959) (48.84732,349.753,12.19952)
0.21938633204118 (0.437943041324615,0.911392092704773,-0.0363052003085613) (0.4366362,0.9130922,-0.03676883) (351.116,335.5877,355.6902) (0.3571116,1.392055,-0.1675782) (47.94937,351.5506,11.13857)
0.405983642120404 (0.439762800931931,0.907952427864075,-0.0374625474214554) (0.437943,0.9113921,-0.0363052) (351.1692,336.3242,355.7068) (0.3630181,1.395466,-0.1661903) (46.70345,354.1588,9.883327)
0.478474678219538 (0.442954182624817,0.904731929302216,-0.0389913618564606) (0.4397628,0.9079524,-0.03746255) (351.6656,338.2149,355.4902) (0.3656048,1.399268,-0.16479) (45.55012,356.8673,8.443873)
0.178050698506342 (0.441872894763947,0.904653370380402,-0.0404037535190582) (0.4429542,0.9047319,-0.03899136) (351.8849,339.2722,355.4068) (0.3635233,1.401407,-0.1657911) (44.19104,356.3303,4.774329)
0.278754659165671 (0.440480023622513,0.906166851520538,-0.0422851629555225) (0.4418729,0.9046534,-0.04040375) (351.6176,339.998,356.274) (0.3513639,1.40633,-0.1673615) (42.75183,356.3231,2.271423)
0.490470475033893 (0.441277176141739,0.911003828048706,-0.0421291626989841) (0.44048,0.9061669,-0.04228516) (351.1099,342.7182,356.838) (0.334668,1.409418,-0.1659721) (41.41335,357.989,1.779541)
0.634194615600018 (0.434974104166031,0.910393714904785,-0.0417837239801884) (0.4412772,0.9110038,-0.04212916) (351.3526,345.1289,358.0062) (0.3106379,1.411047,-0.1627471) (40.43579,2.697776,2.866368)
1.76543840630882 (0.417429387569427,0.908756136894226,-0.0428693331778049) (0.4349741,0.9103937,-0.04178372) (352.2339,347.063,359.3544) (0.2812544,1.411714,-0.1567266) (39.11963,7.390458,3.796399)
1.92428724539996 (0.398194462060928,0.909147918224335,-0.042479082942009) (0.4174294,0.9087561,-0.04286933) (352.934,348.3257,1.429916) (0.2451,1.415218,-0.1492773) (39.03652,10.66464,4.247117)
2.61136083072159 (0.372757136821747,0.914682388305664,-0.0404217392206192) (0.3981945,0.9091479,-0.04247908) (353.3488,352.3631,0.8302807) (0.2040727,1.416386,-0.1401589) (37.52986,12.62343,5.382442)
3.79474160089639 (0.33485272526741,0.915264129638672,-0.0387118980288506) (0.3727571,0.9146824,-0.04042174) (353.3758,351.5859,2.059258) (0.167697,1.41274,-0.1366729) (37.46656,13.94391,6.113787)
Average= 1.54106895670075
Max= 33.614763682722
Standard Deviation= 2.70754512636511
Right: 0    Wrong: 0
0
