43.5803745973294 (0.187370464205742,0.824324369430542,0.175402253866196) (-0.1432158,1.070464,0.3170097) (354.914,2.820819,0.9515533) (-0.03778344,1.185879,0.2907398) (25.42889,4.445768,10.51735)
0.290754134223097 (0.188652366399765,0.825186252593994,0.172938987612724) (0.1873705,0.8243244,0.1754023) (354.6866,3.188007,1.088478) (-0.03133299,1.204359,0.2865022) (23.37162,4.962314,9.518409)
1.28900306442939 (0.189503759145737,0.837994575500488,0.171766430139542) (0.1886524,0.8251863,0.172939) (352.805,3.900718,0.9991111) (-0.02205703,1.24182,0.2780996) (19.44002,5.487209,8.602041)
2.93791356732659 (0.190785273909569,0.867326319217682,0.17283421754837) (0.1895038,0.8379946,0.1717664) (350.0089,4.995154,0.1099711) (-0.01029009,1.29923,0.2597099) (13.04754,5.467329,6.403938)
3.56655902485045 (0.196795970201492,0.901535391807556,0.180936396121979) (0.1907853,0.8673263,0.1728342) (345.5498,5.709392,359.0555) (0.007439346,1.369166,0.2303849) (3.40025,5.888894,3.854817)
4.05812000127165 (0.209007889032364,0.93858540058136,0.192116722464561) (0.196796,0.9015354,0.1809364) (340.1703,6.718744,357.6655) (0.02762444,1.43683,0.1853997) (352.9021,6.362986,1.526172)
4.81556980595371 (0.243309512734413,0.971413314342499,0.20016023516655) (0.2090079,0.9385854,0.1921167) (333.3504,7.67633,356.3063) (0.04830232,1.491274,0.1271605) (342.654,5.631179,359.8614)
6.02011472344298 (0.285342186689377,1.01358389854431,0.209052607417107) (0.2433095,0.9714133,0.2001602) (324.6421,7.873578,355.7961) (0.0832357,1.538482,0.05255288) (331.1233,5.687338,358.6403)
6.33539105835976 (0.332403212785721,1.05560803413391,0.214792817831039) (0.2853422,1.013584,0.2090526) (317.7471,6.555127,356.2416) (0.1189991,1.561291,-0.005142405) (323.5204,5.891812,358.2451)
6.64258350130066 (0.38389927148819,1.09714615345001,0.20886555314064) (0.3324032,1.055608,0.2147928) (308.4024,5.722307,355.9057) (0.1504985,1.57528,-0.05144223) (317.0345,5.370779,357.4309)
5.28091911962975 (0.42644140124321,1.1264636516571,0.197935670614243) (0.3838993,1.097146,0.2088656) (304.0253,5.870873,354.6122) (0.1701768,1.589128,-0.08783832) (310.9435,5.415667,355.6904)
3.94053827170535 (0.455959767103195,1.14820384979248,0.183485269546509) (0.4264414,1.126464,0.1979357) (301.4036,9.170154,348.6359) (0.1801912,1.600202,-0.1204778) (305.8484,5.88592,353.4872)
2.46935330332426 (0.46676966547966,1.1557115316391,0.162591457366943) (0.4559598,1.148204,0.1834853) (299.6192,7.566665,352.066) (0.1780454,1.602595,-0.1473043) (302.1841,6.639273,350.8314)
1.8909777660148 (0.462947607040405,1.1575710773468,0.144165560603142) (0.4667697,1.155712,0.1625915) (296.4514,7.14663,353.1449) (0.1658609,1.602148,-0.1656254) (299.3708,6.926582,349.5234)
8.37706839997292 (0.39091944694519,1.15826082229614,0.186932325363159) (0.4629476,1.157571,0.1441656) (293.9054,9.192216,351.9303) (0.1459185,1.603065,-0.1767644) (297.3232,6.025143,348.8332)
2.9071285599292 (0.361939579248428,1.16035604476929,0.187889918684959) (0.3909194,1.158261,0.1869323) (293.5668,5.740347,356.3197) (0.12156,1.605521,-0.1818924) (296.1369,5.710224,347.2328)
3.52850163207811 (0.327113538980484,1.16305637359619,0.192878663539886) (0.3619396,1.160356,0.1878899) (294.0885,1.621201,1.363007) (0.09693733,1.608947,-0.1812093) (296.6257,4.280385,347.7171)
3.35941841946557 (0.293699532747269,1.16540801525116,0.195436641573906) (0.3271135,1.163056,0.1928787) (295.2459,2.325889,359.6467) (0.06572706,1.610304,-0.1737445) (299.4274,0.4225104,350.8517)
4.12731749339329 (0.314850062131882,1.16572701931,0.159996151924133) (0.2936995,1.165408,0.1954366) (296.1215,2.567918,357.4246) (0.03653917,1.60931,-0.1656807) (302.7336,355.547,354.5628)
4.44667340106848 (0.27279132604599,1.16554570198059,0.174429461359978) (0.3148501,1.165727,0.1599962) (297.4029,358.842,359.4663) (0.01325447,1.608904,-0.1588043) (305.4788,354.1452,355.9094)
1.997313822085 (0.252855658531189,1.16519558429718,0.17560113966465) (0.2727913,1.165546,0.1744295) (298.3192,352.8061,4.575293) (0.001547415,1.608849,-0.1559509) (305.8179,358.3311,354.1282)
1.33569622254219 (0.257510125637054,1.16489458084106,0.163084998726845) (0.2528557,1.165196,0.1756011) (297.5768,348.0489,12.51285) (0.002780118,1.609161,-0.1535544) (305.8992,1.508644,352.0268)
1.69765375207121 (0.269666850566864,1.16469037532806,0.151236996054649) (0.2575101,1.164895,0.163085) (297.4017,350.2609,12.76521) (0.013906,1.609951,-0.1570882) (305.3138,2.494303,351.4736)
1.04431901434157 (0.279617637395859,1.16481280326843,0.148070439696312) (0.2696669,1.16469,0.151237) (296.3879,355.1362,8.741437) (0.02974607,1.612276,-0.155641) (306.9131,357.9501,355.3953)
2.22209147776471 (0.272299379110336,1.16485404968262,0.169051632285118) (0.2796176,1.164813,0.1480704) (294.7417,357.4431,6.630602) (0.04083602,1.60084,-0.1404534) (318.8195,347.5247,4.727836)
2.92953436775077 (0.254923671483994,1.15964877605438,0.192056134343147) (0.2722994,1.164854,0.1690516) (293.5294,358.8776,4.147826) (0.06139936,1.588044,-0.1189185) (327.2218,341.1897,5.840003)
1.63272890839036 (0.259918242692947,1.15847277641296,0.207556188106537) (0.2549237,1.159649,0.1920561) (293.0976,358.9286,2.568394) (0.09975061,1.585436,-0.1096498) (328.4185,341.5048,2.70754)
13.2923421522207 (0.302071422338486,1.28058183193207,0.238879099488258) (0.2599182,1.158473,0.2075562) (293.6129,356.2421,4.230414) (0.1357824,1.588183,-0.1053748) (326.1055,342.4274,1.07381)
3.50545393461286 (0.321470886468887,1.25253713130951,0.247001677751541) (0.3020714,1.280582,0.2388791) (296.2083,353.5743,6.213005) (0.1696864,1.596388,-0.1034884) (320.2855,347.8835,359.6781)
1.89323003569497 (0.331076860427856,1.24114191532135,0.258676707744598) (0.3214709,1.252537,0.2470017) (300.3152,355.7281,2.343292) (0.1965462,1.605618,-0.1107036) (316.7593,355.8332,356.9055)
1.12488784547972 (0.335475116968155,1.2494535446167,0.264849990606308) (0.3310769,1.241142,0.2586767) (301.4933,357.789,356.698) (0.2074833,1.608832,-0.1188364) (313.9212,359.3334,355.0876)
3.16429885369882 (0.334092348814011,1.28057026863098,0.27042818069458) (0.3354751,1.249454,0.26485) (299.1142,357.7576,356.3078) (0.1997641,1.61113,-0.1315771) (310.7621,359.1879,355.4098)
4.07216709682809 (0.334001481533051,1.32113993167877,0.27394226193428) (0.3340923,1.28057,0.2704282) (295.0181,359.9868,354.7445) (0.1759651,1.611879,-0.1443434) (310.3482,357.3376,356.5719)
4.26047517689878 (0.333212912082672,1.36367011070251,0.27633535861969) (0.3340015,1.32114,0.2739423) (288.9194,2.245913,353.3822) (0.138561,1.613106,-0.1528289) (307.8504,354.877,358.8383)
3.90519777812554 (0.323794633150101,1.40129339694977,0.280900597572327) (0.3332129,1.36367,0.2763354) (283.0053,352.0686,3.638457) (0.1066844,1.608173,-0.1570864) (308.2781,353.8353,0.0161909)
5.63086626716889 (0.295000463724136,1.44727408885956,0.265822887420654) (0.3237946,1.401293,0.2809006) (277.8332,304.0697,55.18988) (0.07604128,1.606533,-0.1612309) (307.1964,353.6891,0.1813163)
5.8303668409308 (0.254627019166946,1.48721468448639,0.252630025148392) (0.2950005,1.447274,0.2658229) (280.2187,267.9468,82.85074) (0.0515485,1.604691,-0.1619253) (306.7942,351.7893,1.118022)
4.91309780046314 (0.221386626362801,1.52294659614563,0.246959060430527) (0.254627,1.487215,0.25263) (282.692,253.9074,92.15755) (0.03118267,1.602808,-0.1608023) (308.1414,348.4457,2.868125)
4.22497181574254 (0.188270181417465,1.54902946949005,0.244126468896866) (0.2213866,1.522947,0.2469591) (290.6821,242.3168,111.5763) (0.01540237,1.602026,-0.1612537) (307.4942,346.9952,3.519615)
2.72467369810985 (0.169358983635902,1.5675755739212,0.250513434410095) (0.1882702,1.549029,0.2441265) (296.307,241.255,117.5807) (0.006031446,1.601941,-0.1614652) (306.1491,346.4821,3.868007)
2.54713031473985 (0.160768434405327,1.59138107299805,0.247634544968605) (0.169359,1.567576,0.2505134) (298.2792,239.5734,122.951) (0.003454968,1.601816,-0.1609187) (306.0784,347.1492,3.054693)
1.70984507928714 (0.16302764415741,1.60831248760223,0.246872842311859) (0.1607684,1.591381,0.2476345) (297.8907,234.9512,128.8519) (0.009061527,1.601783,-0.157648) (305.6049,349.1864,1.265)
1.95407148681006 (0.174850597977638,1.62360024452209,0.249761059880257) (0.1630276,1.608312,0.2468728) (296.2588,230.7968,135.4266) (0.02147534,1.602155,-0.1539417) (305.0421,350.6058,0.05700078)
3.04026092969265 (0.199336424469948,1.63168799877167,0.265865445137024) (0.1748506,1.6236,0.2497611) (294.2529,226.1464,141.7821) (0.04084461,1.602354,-0.1475042) (304.8484,352.324,358.7413)
2.12853965096798 (0.218123912811279,1.64045178890228,0.261039018630981) (0.1993364,1.631688,0.2658654) (292.7087,222.7502,145.8948) (0.06550483,1.601465,-0.1381863) (304.9756,352.3024,358.5539)
2.9552325094509 (0.247596442699432,1.64261209964752,0.260831654071808) (0.2181239,1.640452,0.261039) (292.6321,218.3625,151.7024) (0.09213158,1.600392,-0.1232027) (306.3322,348.059,1.475176)
3.70212164187381 (0.282671242952347,1.64270198345184,0.272677361965179) (0.2475964,1.642612,0.2608317) (292.0753,211.6653,156.3257) (0.1157114,1.598315,-0.1014583) (308.8101,337.9779,8.134114)
4.93803263645048 (0.315173476934433,1.64273452758789,0.30985289812088) (0.2826712,1.642702,0.2726774) (291.8072,213.2407,153.3769) (0.1410682,1.598722,-0.07996424) (310.7845,329.2539,12.10102)
3.87266437356696 (0.32157227396965,1.64189624786377,0.348038047552109) (0.3151735,1.642735,0.3098529) (293.0524,222.9194,147.8278) (0.1627326,1.598441,-0.05847863) (311.9576,325.2814,12.12309)
4.50108795496701 (0.291385412216187,1.64379251003265,0.381371766328812) (0.3215723,1.641896,0.348038) (294.6844,229.469,140.8388) (0.1671415,1.605838,-0.04365365) (311.2969,323.7151,12.34889)
7.23340788473362 (0.22959603369236,1.66059267520905,0.415017664432526) (0.2913854,1.643793,0.3813718) (294.2557,236.4632,127.6783) (0.1558604,1.604119,-0.02833447) (313.9108,323.1292,12.17806)
8.3949524138313 (0.149148747324944,1.67584419250488,0.433541923761368) (0.229596,1.660593,0.4150177) (297.6126,241.1425,122.7507) (0.1305471,1.599386,-0.01470302) (313.7727,323.3149,10.9243)
9.91216090409599 (0.0501740798354149,1.68106651306152,0.432186901569366) (0.1491487,1.675844,0.4335419) (307.0844,244.4443,124.1402) (0.08524728,1.591971,-0.003747432) (314.0782,325.2296,9.595182)
10.4254325535547 (-0.0540682561695576,1.68062341213226,0.433704525232315) (0.05017408,1.681067,0.4321869) (318.8116,247.8365,131.0314) (0.02844055,1.590427,0.007045248) (314.7393,328.2811,7.535411)
11.1254992657287 (-0.161487683653831,1.68360710144043,0.462511420249939) (-0.05406826,1.680623,0.4337045) (325.2545,253.3586,126.1321) (-0.02831999,1.584497,0.02339255) (318.1887,328.9403,9.72541)
9.1563082970824 (-0.249203220009804,1.68266224861145,0.488758146762848) (-0.1614877,1.683607,0.4625114) (329.2731,260.451,117.098) (-0.06654795,1.578949,0.03924578) (321.3777,331.8918,8.873342)
8.00497498769559 (-0.322421908378601,1.67340898513794,0.519764006137848) (-0.2492032,1.682662,0.4887581) (332.507,266.5288,117.8501) (-0.09774452,1.572375,0.05348941) (323.6026,334.8369,8.067318)
5.06878729557645 (-0.371183842420578,1.66457676887512,0.530418872833252) (-0.3224219,1.673409,0.519764) (332.6564,271.7596,110.2683) (-0.1218009,1.56724,0.06676921) (324.7366,336.0042,7.691554)
7.44228463155058 (-0.428283005952835,1.6540721654892,0.576981723308563) (-0.3711838,1.664577,0.5304189) (332.7835,276.7039,103.5121) (-0.1376459,1.564941,0.07624738) (325.0775,337.2718,7.377248)
5.23723601701166 (-0.454123169183731,1.63755190372467,0.619434416294098) (-0.428283,1.654072,0.5769817) (334.9799,280.4088,99.91426) (-0.1368365,1.563634,0.08689409) (324.7879,342.13,5.772909)
4.50013166804148 (-0.433901101350784,1.61949944496155,0.655355095863342) (-0.4541232,1.637552,0.6194344) (335.0176,285.8981,92.9059) (-0.1245672,1.567288,0.0914722) (325.6284,349.8663,2.928206)
7.38442901891476 (-0.367840588092804,1.58901846408844,0.668000161647797) (-0.4339011,1.619499,0.6553551) (336.6339,289.4651,89.73347) (-0.1104994,1.568701,0.08838931) (326.4198,354.8527,1.255386)
10.3486851783727 (-0.277467608451843,1.57211256027222,0.715502202510834) (-0.3678406,1.589018,0.6680002) (340.1115,299.3561,93.25183) (-0.09439658,1.569872,0.08264613) (326.5916,358.3517,0.874755)
10.9521804007045 (-0.170610725879669,1.58038473129272,0.738045573234558) (-0.2774676,1.572113,0.7155022) (336.2864,309.5065,89.89863) (-0.07541846,1.571529,0.07590449) (325.7499,4.179222,359.2314)
11.7922755438424 (-0.0533125437796116,1.58088660240173,0.750155925750732) (-0.1706107,1.580385,0.7380456) (335.3659,319.2249,87.20299) (-0.05226631,1.574615,0.0668286) (324.5753,12.82972,357.2303)
12.4269438640957 (0.0691563859581947,1.56162655353546,0.758717715740204) (-0.05331254,1.580887,0.7501559) (340.6213,328.9475,88.80811) (-0.02024974,1.57894,0.05482312) (322.8155,24.22739,354.5498)
14.2027186820144 (0.209775134921074,1.54475772380829,0.748062431812286) (0.06915639,1.561627,0.7587177) (344.3991,339.7577,86.89197) (0.01454106,1.580377,0.04588521) (322.8242,30.68455,352.9823)
14.1696580240207 (0.346347332000732,1.55102896690369,0.710824966430664) (0.2097751,1.544758,0.7480624) (341.568,349.1737,84.64335) (0.05773987,1.582057,0.04144119) (322.5441,34.6981,351.6747)
10.4836598877169 (0.438646733760834,1.58034598827362,0.670674681663513) (0.3463473,1.551029,0.710825) (333.3578,352.2829,81.21329) (0.1028547,1.582127,0.04222164) (321.6393,36.00461,350.8736)
8.44000866915401 (0.510821044445038,1.61399400234222,0.64270943403244) (0.4386467,1.580346,0.6706747) (323.5181,354.5473,78.75213) (0.1550874,1.583683,0.04856122) (320.2808,33.99072,351.7097)
5.32763993662151 (0.557482719421387,1.6393848657608,0.638663828372955) (0.510821,1.613994,0.6427094) (319.0527,355.6461,73.49327) (0.20196,1.591232,0.0540368) (316.4608,28.4509,353.6276)
2.90009700301369 (0.57790070772171,1.65612053871155,0.650667130947113) (0.5574827,1.639385,0.6386638) (317.9674,350.7833,77.04892) (0.2414923,1.595885,0.05741855) (313.9316,21.64017,355.6091)
1.81566539763665 (0.582756638526917,1.66543340682983,0.665477752685547) (0.5779007,1.656121,0.6506671) (318.4219,344.1848,83.96665) (0.269944,1.600284,0.05808662) (313.3338,16.12763,357.3712)
1.75773250242353 (0.574901878833771,1.6715544462204,0.679962158203125) (0.5827566,1.665433,0.6654778) (318.0381,339.9695,84.02308) (0.2877009,1.602543,0.05578664) (312.1598,11.53367,359.5122)
1.1831275244599 (0.567288458347321,1.67582666873932,0.687947332859039) (0.5749019,1.671554,0.6799622) (317.9901,336.9,85.59898) (0.2971047,1.602486,0.05252344) (311.4282,9.616854,359.1647)
0.815759641642867 (0.566878497600555,1.6785215139389,0.695636034011841) (0.5672885,1.675827,0.6879473) (317.9552,336.3406,85.88566) (0.2977721,1.602278,0.05128201) (311.2034,9.028737,359.0092)
1.54562064474605 (0.555786728858948,1.68923544883728,0.694597482681274) (0.5668785,1.678522,0.695636) (315.9156,334.6764,86.05794) (0.2883211,1.603006,0.04851587) (311.4288,9.056457,358.6804)
3.9855083078267 (0.525528490543365,1.71165084838867,0.681543111801147) (0.5557867,1.689235,0.6945975) (314.0215,330.4024,90.4402) (0.2687522,1.602157,0.04686151) (311.3352,9.885134,357.9242)
4.99874149447042 (0.485470771789551,1.73710143566132,0.665846347808838) (0.5255285,1.711651,0.6815431) (313.3197,325.5282,95.91524) (0.2425127,1.602363,0.04733763) (311.5656,11.29644,357.0333)
5.69620662913583 (0.436081558465958,1.76135361194611,0.651108145713806) (0.4854708,1.737101,0.6658463) (313.6465,319.9417,102.6305) (0.2147356,1.600366,0.04926261) (312.3593,14.31841,356.202)
5.35121721557024 (0.384992718696594,1.77624893188477,0.645485639572144) (0.4360816,1.761354,0.6511081) (315.2596,315.3197,108.6319) (0.1865874,1.599151,0.05584045) (313.2487,17.24689,354.6353)
3.99942985073483 (0.345156282186508,1.77803134918213,0.64855569601059) (0.3849927,1.776249,0.6454856) (316.2109,314.2185,107.7508) (0.1627562,1.597161,0.06312466) (314.7642,17.67614,354.3041)
2.88419152709112 (0.320298105478287,1.77162671089172,0.661705136299133) (0.3451563,1.778031,0.6485557) (317.5944,314.836,106.0411) (0.1465135,1.597786,0.06849711) (315.1753,17.82538,355.6078)
2.00753107898807 (0.316087394952774,1.75690698623657,0.674690425395966) (0.3202981,1.771627,0.6617051) (319.7137,317.0868,104.2594) (0.1470427,1.597277,0.07218005) (315.8329,19.60923,354.6708)
1.99714995900767 (0.333520382642746,1.75515747070313,0.684276401996613) (0.3160874,1.756907,0.6746904) (319.3251,318.6797,105.7778) (0.1640666,1.595475,0.07875394) (315.6645,19.57207,354.5495)
4.41857166451839 (0.377207577228546,1.7612372636795,0.68689227104187) (0.3335204,1.755157,0.6842764) (313.5887,320.5194,101.7708) (0.1919313,1.597337,0.08160204) (312.1218,14.0768,359.1088)
6.68715023643983 (0.443881899118423,1.76627099514008,0.687889337539673) (0.3772076,1.761237,0.6868923) (305.1011,327.1905,86.6347) (0.230551,1.601,0.08141927) (309.5683,11.35211,359.3752)
7.77099420423259 (0.52156674861908,1.76562511920929,0.689755380153656) (0.4438819,1.766271,0.6878893) (298.2618,339.8136,64.61091) (0.2774045,1.599733,0.0818547) (309.0123,10.60106,358.5384)
8.22214225992266 (0.602686107158661,1.77011358737946,0.677111566066742) (0.5215667,1.765625,0.6897554) (293.2908,5.176067,25.32673) (0.312454,1.604362,0.07897738) (307.3829,8.953159,358.567)
7.26419799589992 (0.669057071208954,1.78000283241272,0.649291515350342) (0.6026861,1.770114,0.6771116) (294.0023,34.21579,344.0055) (0.3353873,1.609209,0.07663581) (305.0355,1.347199,0.6316138)
5.03022932374094 (0.69096451997757,1.80972337722778,0.615129053592682) (0.6690571,1.780003,0.6492915) (291.2381,51.09047,324.9005) (0.3260878,1.61457,0.0651647) (306.2164,335.5703,12.71943)
5.66036654400968 (0.661701261997223,1.84429442882538,0.58118087053299) (0.6909645,1.809723,0.6151291) (283.3513,60.63919,314.6472) (0.3053439,1.606744,0.04953163) (310.9546,316.2692,22.14112)
7.08724864990632 (0.604281008243561,1.87243258953094,0.550618350505829) (0.6617013,1.844294,0.5811809) (272.6431,51.31229,321.8955) (0.2983589,1.602848,0.04500623) (314.083,311.5933,22.8208)
8.45579106926204 (0.525270998477936,1.8891214132309,0.525539636611938) (0.604281,1.872433,0.5506184) (278.1788,260.1576,114.6425) (0.2903702,1.599245,0.04698122) (316.5546,311.75,22.14126)
8.98756029921174 (0.4374940097332,1.89597153663635,0.507486939430237) (0.525271,1.889121,0.5255396) (289.4777,256.2908,123.8177) (0.2746834,1.596962,0.0483895) (318.1709,311.1205,20.87618)
9.34157259352652 (0.344439417123795,1.8917623758316,0.500442504882813) (0.437494,1.895972,0.5074869) (298.7766,255.8114,129.3729) (0.2501163,1.594052,0.04780416) (319.3899,311.1687,19.95196)
10.6001342088726 (0.239678531885147,1.87576496601105,0.498091965913773) (0.3444394,1.891762,0.5004425) (306.3879,255.579,130.4013) (0.2165988,1.590338,0.04787968) (320.7095,311.5146,18.88508)
13.5357150853205 (0.109691381454468,1.83802175521851,0.497500509023666) (0.2396785,1.875765,0.498092) (316.2597,258.4045,128.4385) (0.1703774,1.588765,0.0457662) (319.7344,311.7869,18.07224)
15.2296484614115 (-0.0339631028473377,1.78788566589355,0.504132509231567) (0.1096914,1.838022,0.4975005) (329.7514,261.7837,128.2361) (0.1093548,1.585341,0.04554356) (319.0604,312.8448,17.06749)
16.7736355953709 (-0.190376415848732,1.72737658023834,0.507134199142456) (-0.0339631,1.787886,0.5041325) (341.2302,263.6188,127.54) (0.0349654,1.580089,0.05098705) (319.7327,315.4268,16.04169)
12.4295553815453 (-0.30460461974144,1.67972230911255,0.518552303314209) (-0.1903764,1.727377,0.5071342) (346.7093,266.1276,127.496) (-0.0215803,1.576971,0.05844809) (320.0085,318.2368,15.17686)
9.8607039572586 (-0.391563802957535,1.63477611541748,0.530438780784607) (-0.3046046,1.679722,0.5185523) (348.8247,268.7748,124.2387) (-0.06071296,1.571488,0.0676064) (321.8667,318.9387,16.26896)
6.43680499967996 (-0.440782874822617,1.5964195728302,0.546234488487244) (-0.3915638,1.634776,0.5304388) (348.5639,270.5558,115.0742) (-0.08247566,1.565514,0.07588244) (324.2034,324.1003,13.47125)
4.52461247190172 (-0.451445877552032,1.57140851020813,0.58240020275116) (-0.4407829,1.59642,0.5462345) (350.4761,275.8363,111.5665) (-0.07555561,1.570839,0.09896654) (322.403,336.3369,10.89749)
6.72723919645629 (-0.396060854196548,1.58471083641052,0.618192970752716) (-0.4514459,1.571409,0.5824002) (346.4921,281.5656,104.8156) (-0.03084613,1.585375,0.1230428) (318.9139,357.9113,4.326883)
12.9613803778692 (-0.279991149902344,1.62472653388977,0.659741818904877) (-0.3960609,1.584711,0.618193) (339.7632,288.7699,99.73585) (0.01602295,1.586717,0.1226119) (320.8999,11.18329,359.3665)
17.7320089195074 (-0.134257957339287,1.64299440383911,0.759092390537262) (-0.2799911,1.624727,0.6597418) (334.6085,301.5731,92.90691) (0.0546982,1.584957,0.1226623) (323.1827,17.38548,357.2545)
17.1580824356309 (0.0286125354468822,1.65912091732025,0.810600817203522) (-0.134258,1.642994,0.7590924) (332.2408,314.479,91.77498) (0.09342302,1.586181,0.1239349) (322.6646,21.20788,355.3905)
17.0609887443514 (0.192891925573349,1.70435750484467,0.80201780796051) (0.02861254,1.659121,0.8106008) (327.4162,322.8897,94.79472) (0.1437648,1.58785,0.1283879) (322.3151,25.31041,352.8828)
13.7935744349353 (0.315288960933685,1.75759720802307,0.767221689224243) (0.1928919,1.704358,0.8020178) (312.735,328.9623,84.42519) (0.215764,1.586387,0.1368465) (325.7949,30.06006,351.0715)
7.47798478855449 (0.370907962322235,1.77326381206512,0.719754755496979) (0.315289,1.757597,0.7672217) (303.8746,316.5619,83.75436) (0.2974927,1.576474,0.1512719) (331.8144,33.57367,348.6541)
10.7585152730369 (0.474970132112503,1.7509708404541,0.703985989093781) (0.370908,1.773264,0.7197548) (299.0983,327.6192,66.95133) (0.3645749,1.562574,0.1654424) (337.3284,36.96111,346.0036)
17.5499640205947 (0.633588016033173,1.67793047428131,0.721467316150665) (0.4749701,1.750971,0.703986) (298.9469,357.256,37.26293) (0.4098429,1.564074,0.1760563) (336.7629,38.91983,346.0155)
21.9084327660692 (0.817604959011078,1.55971395969391,0.73413872718811) (0.633588,1.67793,0.7214673) (313.0038,37.1407,356.381) (0.4359373,1.582629,0.1814222) (327.877,36.207,346.1556)
14.6681701350144 (0.931375622749329,1.47294175624847,0.701853394508362) (0.817605,1.559714,0.7341387) (326.4715,56.24812,332.5432) (0.4475448,1.59362,0.1828221) (322.1435,31.54103,345.5833)
5.21827555621199 (0.981566250324249,1.46315491199493,0.691453456878662) (0.9313756,1.472942,0.7018534) (325.0857,58.18903,343.9416) (0.4510704,1.597131,0.1795326) (319.34,28.62609,347.0855)
7.84034137311479 (0.991483688354492,1.54041337966919,0.682516515254974) (0.9815663,1.463155,0.6914535) (318.4375,58.18775,346.3603) (0.4536583,1.603009,0.1747435) (316.5836,26.81469,348.3746)
12.4493438665506 (0.974779069423676,1.65774321556091,0.64439457654953) (0.9914837,1.540413,0.6825165) (304.7699,64.338,339.9982) (0.4527266,1.606203,0.1711972) (315.2437,24.68327,348.6328)
10.3406167450386 (0.943052232265472,1.74543619155884,0.599715888500214) (0.9747791,1.657743,0.6443946) (293.4489,80.11479,322.1537) (0.4469146,1.608197,0.1698435) (314.4366,22.54662,349.3752)
5.65410235478822 (0.925042569637299,1.79719877243042,0.585817158222198) (0.9430522,1.745436,0.5997159) (289.3326,80.84335,319.1108) (0.4390469,1.611815,0.1659644) (313.4112,19.57283,350.0433)
2.37978521008607 (0.912353873252869,1.8152904510498,0.57698392868042) (0.9250426,1.797199,0.5858172) (292.8154,94.70668,294.6475) (0.4338483,1.610796,0.1613963) (313.417,18.16937,348.5403)
2.82057297998627 (0.895084083080292,1.81934225559235,0.598913371562958) (0.9123539,1.81529,0.5769839) (299.7353,94.53261,281.3594) (0.4282704,1.609819,0.15804) (313.433,16.60347,348.9128)
7.12381948136222 (0.845258474349976,1.83388614654541,0.64770644903183) (0.8950841,1.819342,0.5989134) (297.4596,85.87791,288.1506) (0.4223375,1.610278,0.1575709) (313.8188,14.95082,349.4892)
11.5086033984429 (0.738612592220306,1.8666318655014,0.675976037979126) (0.8452585,1.833886,0.6477064) (288.2526,74.83546,285.1191) (0.4109252,1.612177,0.159906) (312.8271,9.504162,352.2885)
11.9986682410295 (0.621315479278564,1.89073944091797,0.6684250831604) (0.7386126,1.866632,0.675976) (275.9214,71.2853,281.3928) (0.3728853,1.614559,0.1604355) (313.0891,348.0814,2.759721)
9.10211605165302 (0.530933558940887,1.8923796415329,0.657782256603241) (0.6213155,1.890739,0.6684251) (270.7823,198.0017,150.2317) (0.3192525,1.608148,0.151451) (317.507,326.3417,11.9958)
8.06825799659604 (0.451413720846176,1.87874138355255,0.658303797245026) (0.5309336,1.89238,0.6577823) (272.9141,298.4037,44.65197) (0.278361,1.599023,0.143554) (322.5026,316.0073,14.27825)
7.54747142771902 (0.377640396356583,1.86664080619812,0.668672263622284) (0.4514137,1.878741,0.6583038) (279.7943,284.5594,57.68611) (0.2396558,1.592126,0.1399182) (325.6733,313.006,14.2913)
8.29111758553789 (0.304699003696442,1.84556698799133,0.635359942913055) (0.3776404,1.866641,0.6686723) (282.5816,262.9695,83.85916) (0.1950469,1.585629,0.138587) (327.8861,312.1881,12.99777)
14.1108124591999 (0.180232033133507,1.80049061775208,0.586496889591217) (0.304699,1.845567,0.6353599) (298.3095,249.348,95.85812) (0.1406093,1.58079,0.1365809) (328.1683,311.6845,12.04634)
16.7625373181886 (0.0286100041121244,1.73529469966888,0.557196378707886) (0.180232,1.800491,0.5864969) (320.0921,251.0008,104.8261) (0.07579347,1.579197,0.1357414) (327.6868,311.8625,11.22197)
16.1049957850168 (-0.123706229031086,1.68298399448395,0.557865083217621) (0.02861,1.735295,0.5571964) (335.2422,250.8039,114.6016) (0.01032626,1.57231,0.1386775) (328.6102,311.7526,11.24254)
13.9796556517922 (-0.254758059978485,1.63787591457367,0.539596140384674) (-0.1237062,1.682984,0.5578651) (340.5114,246.0023,115.5491) (-0.0579662,1.562599,0.1478492) (331.8977,312.5907,10.36946)
15.5827138499057 (-0.398703962564468,1.57840418815613,0.544574975967407) (-0.2547581,1.637876,0.5395961) (343.0695,249.638,106.4553) (-0.1303612,1.532802,0.165345) (343.1011,310.7907,12.45622)
12.8549463052344 (-0.500683009624481,1.50765252113342,0.578033030033112) (-0.398704,1.578404,0.544575) (341.4728,259.9061,81.98089) (-0.1786377,1.48621,0.1834115) (358.8924,311.1877,12.5505)
13.8122718360892 (-0.581315457820892,1.39747440814972,0.598939418792725) (-0.500683,1.507653,0.578033) (345.8475,270.5806,56.049) (-0.2111373,1.451692,0.1894068) (8.9207,310.3444,11.13872)
12.7545104385465 (-0.634449183940887,1.28280138969421,0.58177375793457) (-0.5813155,1.397474,0.5989394) (352.2426,273.4955,39.40345) (-0.2366842,1.437807,0.1901301) (11.0933,308.5996,10.74578)
9.1346420434016 (-0.658903837203979,1.198366522789,0.55693644285202) (-0.6344492,1.282801,0.5817738) (0.457689,271.1161,38.1153) (-0.2534666,1.430039,0.1912792) (11.63263,307.4384,10.15559)
7.96987034641424 (-0.670355796813965,1.11951732635498,0.55881804227829) (-0.6589038,1.198367,0.5569364) (12.1276,267.1997,41.87292) (-0.26004,1.441051,0.1925509) (3.929312,310.3949,9.922527)
5.59303822722131 (-0.695232093334198,1.15155124664307,0.597330451011658) (-0.6703558,1.119517,0.558818) (7.669631,269.7078,54.96465) (-0.2517097,1.475208,0.1926138) (353.345,313.5484,11.16467)
12.3723213048402 (-0.708313047885895,1.27036201953888,0.629272937774658) (-0.6952321,1.151551,0.5973305) (354.6224,271.5623,67.26145) (-0.2433304,1.487525,0.1864516) (348.8949,314.0682,11.31256)
13.6314391553137 (-0.709932863712311,1.40648341178894,0.636340916156769) (-0.708313,1.270362,0.6292729) (343.9308,270.8638,79.10753) (-0.2341388,1.503271,0.1794403) (343.2219,315.4374,10.54837)
7.53609320757776 (-0.711704432964325,1.48031461238861,0.621338069438934) (-0.7099329,1.406483,0.6363409) (333.1701,273.1532,72.59679) (-0.2236484,1.509299,0.1732071) (342.4181,316.212,10.06493)
3.01954930440641 (-0.727912843227386,1.48529410362244,0.596352875232697) (-0.7117044,1.480315,0.6213381) (326.4572,280.5764,58.35784) (-0.2217055,1.509361,0.1709281) (340.8146,316.0773,9.718225)
13.2592704593869 (-0.771156907081604,1.43824982643127,0.480173647403717) (-0.7279128,1.485294,0.5963529) (329.4256,269.3101,61.60864) (-0.2159463,1.521497,0.1570991) (334.92,314.6062,8.863883)
18.0319480553024 (-0.768914699554443,1.3921138048172,0.305870592594147) (-0.7711569,1.43825,0.4801736) (338.8032,241.3136,81.17159) (-0.2022651,1.533213,0.1435711) (331.419,313.5273,9.422339)
16.9105704704979 (-0.663905262947083,1.40990102291107,0.174518495798111) (-0.7689147,1.392114,0.3058706) (341.7637,221.4052,92.68075) (-0.1718822,1.551433,0.1411167) (327.0681,322.0996,8.598897)
14.3952432844818 (-0.543854057788849,1.45611417293549,0.109909236431122) (-0.6639053,1.409901,0.1745185) (341.3185,209.3946,102.3966) (-0.1135923,1.570023,0.1444055) (323.7803,341.7249,4.462927)
15.5243124578445 (-0.4005506336689,1.51187014579773,0.131259381771088) (-0.5438541,1.456114,0.1099092) (344.6975,203.3587,119.0744) (-0.0502916,1.57754,0.1442771) (326.9633,0.7013921,357.0493)
20.8287357061671 (-0.262043684720993,1.61061775684357,0.251460701227188) (-0.4005506,1.51187,0.1312594) (324.7321,213.3938,127.3153) (0.0007876223,1.571698,0.1392274) (329.7542,13.09218,353.8325)
17.6214957325494 (-0.141077533364296,1.69964420795441,0.343619227409363) (-0.2620437,1.610618,0.2514607) (304.0667,212.6247,130.0367) (0.04712253,1.576701,0.1347682) (327.7733,19.05663,353.0096)
12.4324716144126 (-0.0636344328522682,1.79380905628204,0.367954045534134) (-0.1410775,1.699644,0.3436192) (303.6718,211.6613,153.1718) (0.06330743,1.584059,0.1375713) (323.1744,7.579242,357.1022)
9.21382781150078 (-0.0477282106876373,1.88010156154633,0.396062016487122) (-0.06363443,1.793809,0.367954) (300.8752,203.3364,162.2962) (0.06119083,1.592019,0.1375735) (319.5815,354.2777,2.977267)
12.2031157979356 (-0.134067460894585,1.88564360141754,0.482122600078583) (-0.04772821,1.880102,0.396062) (311.3345,254.2138,134.0684) (0.0590283,1.586919,0.1352132) (320.0986,350.0988,4.271549)
14.0396208112265 (-0.162431627511978,1.83087539672852,0.608245611190796) (-0.1340675,1.885644,0.4821226) (329.8455,284.9914,124.7335) (0.0470672,1.585616,0.1341015) (319.046,351.285,3.570699)
8.17363085116391 (-0.140750885009766,1.79708695411682,0.679443299770355) (-0.1624316,1.830875,0.6082456) (332.8298,294.9552,116.8533) (0.03474339,1.581498,0.1387936) (318.4544,353.105,3.113845)
8.70433513197358 (-0.0783965438604355,1.78183460235596,0.738229751586914) (-0.1407509,1.797087,0.6794433) (322.8148,303.909,98.38806) (0.03641187,1.581728,0.1509863) (322.684,0.8589683,359.1748)
9.81030717839482 (0.00941039714962244,1.74855315685272,0.709830820560455) (-0.07839654,1.781835,0.7382298) (304.4791,300.2107,84.31445) (0.06178,1.57399,0.1590076) (330.7926,16.06576,354.9723)
18.3877378171949 (0.147995576262474,1.66414248943329,0.623344540596008) (0.009410397,1.748553,0.7098308) (288.8606,280.1344,107.2873) (0.09640385,1.565056,0.1631693) (336.1127,25.11455,353.9766)
17.3781938078845 (0.29536047577858,1.57250678539276,0.632652938365936) (0.1479956,1.664142,0.6233445) (286.4554,311.0335,84.05354) (0.1205479,1.578393,0.1616663) (326.4836,24.42465,356.5065)
19.0816795964003 (0.412914633750916,1.45132625102997,0.72157621383667) (0.2953605,1.572507,0.6326529) (319.068,351.3873,47.86847) (0.1460454,1.589848,0.139255) (321.6842,24.55968,357.4154)
1.75911154059055 (0.424729347229004,1.43844604492188,0.719586193561554) (0.4129146,1.451326,0.7215762) (325.3022,343.3989,67.27171) (0.1792667,1.591186,0.1264421) (318.6016,21.52834,358.0428)
13.0190246882981 (0.362334907054901,1.53210628032684,0.654132425785065) (0.4247293,1.438446,0.7195862) (308.8834,318.9214,79.57747) (0.2156839,1.600353,0.1195682) (313.4313,15.74729,359.939)
16.2000904677113 (0.263128757476807,1.60777080059052,0.550801336765289) (0.3623349,1.532106,0.6541324) (316.3444,278.2435,120.9839) (0.237256,1.60523,0.113424) (309.7719,10.56481,1.762689)
11.9129913449912 (0.202978044748306,1.66897571086884,0.468170911073685) (0.2631288,1.607771,0.5508013) (329.156,259.6819,145.9543) (0.2411742,1.610092,0.1096476) (308.3433,7.270065,3.003439)
13.0608052044233 (0.182812556624413,1.78407442569733,0.409826219081879) (0.202978,1.668976,0.4681709) (328.3782,237.3437,161.6785) (0.2356479,1.612207,0.1021999) (305.7924,3.914653,3.830436)
11.4676018193355 (0.132159471511841,1.88265872001648,0.439253956079483) (0.1828126,1.784074,0.4098262) (325.4879,256.2461,145.1402) (0.2248359,1.612739,0.09812927) (304.2036,6.737971,358.661)
5.86165275810122 (0.119095407426357,1.93633663654327,0.458847552537918) (0.1321595,1.882659,0.439254) (324.4492,268.18,158.5197) (0.1966069,1.614378,0.09387752) (303.7035,9.227149,356.1617)
5.23776835986792 (0.138049140572548,1.98257744312286,0.474530845880508) (0.1190954,1.936337,0.4588476) (309.7863,263.5295,142.2746) (0.1568495,1.613905,0.08787678) (302.9218,12.3737,352.5059)
7.69585603309452 (0.182957470417023,2.00785493850708,0.53168773651123) (0.1380491,1.982577,0.4745308) (301.1178,272.7125,135.493) (0.1212767,1.607163,0.08689211) (303.0839,20.30552,344.6498)
9.37794486055896 (0.24733304977417,2.01176595687866,0.599769115447998) (0.1829575,2.007855,0.5316877) (289.6743,319.0905,85.52736) (0.08733493,1.6066,0.09860452) (304.0789,18.21703,346.9698)
4.59659357315267 (0.277591407299042,2.00321292877197,0.633297383785248) (0.247333,2.011766,0.5997691) (282.8636,38.13136,343.851) (0.06696337,1.610067,0.113255) (305.8577,17.34568,347.5651)
9.01257440082865 (0.197713136672974,1.98671114444733,0.671635389328003) (0.2775914,2.003213,0.6332974) (279.5052,324.8872,54.0597) (0.06694971,1.608601,0.1345063) (308.9466,19.29604,349.2117)
12.5035681324723 (0.0936572626233101,1.92424237728119,0.701701164245605) (0.1977131,1.986711,0.6716354) (306.0602,299.5402,88.28992) (0.08853073,1.60371,0.1559657) (314.8051,27.19434,347.635)
6.30651815768153 (0.090316615998745,1.86521768569946,0.679743409156799) (0.09365726,1.924242,0.7017012) (315.3457,284.0598,115.0277) (0.1313771,1.596006,0.1666232) (322.7017,38.60021,345.0427)
13.1810706670166 (0.219941705465317,1.84231078624725,0.672911524772644) (0.09031662,1.865218,0.6797434) (308.176,283.2291,118.5789) (0.1755545,1.587136,0.1742121) (328.5784,43.51627,346.3434)
21.6754725578615 (0.435565888881683,1.82153105735779,0.680463016033173) (0.2199417,1.842311,0.6729115) (294.9391,311.899,98.49002) (0.240914,1.578973,0.1846834) (331.4327,47.39812,348.1179)
19.3110437747563 (0.624692320823669,1.7914412021637,0.655614733695984) (0.4355659,1.821531,0.680463) (285.8549,352.5696,58.37836) (0.3041881,1.574039,0.197421) (332.58,48.85302,348.2335)
20.8320898316105 (0.820147633552551,1.72704613208771,0.62324047088623) (0.6246923,1.791441,0.6556147) (287.261,57.28176,355.8958) (0.3727832,1.573391,0.2179771) (333.5888,47.4901,348.5353)
16.5870791592326 (0.951529085636139,1.62671744823456,0.636885583400726) (0.8201476,1.727046,0.6232405) (305.3181,67.19141,341.8501) (0.413505,1.579713,0.2300709) (333.27,45.19167,348.5611)
12.2815753395761 (1.02052974700928,1.52558720111847,0.646647334098816) (0.9515291,1.626717,0.6368856) (323.3484,71.51577,339.2518) (0.4244968,1.595026,0.236955) (326.4204,33.82539,349.6522)
11.5654271567039 (0.922804474830627,1.56316900253296,0.695772588253021) (1.02053,1.525587,0.6466473) (306.6515,66.70157,334.3914) (0.3663939,1.613984,0.2344118) (318.3053,1.27206,358.8681)
25.6083888458165 (0.674462914466858,1.61750888824463,0.72663688659668) (0.9228045,1.563169,0.6957726) (288.9805,330.2178,68.11007) (0.3189588,1.615172,0.2098377) (317.7573,334.4748,8.178267)
25.2825280874311 (0.426453530788422,1.60885465145111,0.678293585777283) (0.6744629,1.617509,0.7266369) (307.789,270.4806,116.3178) (0.2812729,1.602684,0.1883828) (321.1341,321.06,12.21347)
21.7301294153895 (0.23242624104023,1.58834505081177,0.58262425661087) (0.4264535,1.608855,0.6782936) (322.4056,254.4371,122.4628) (0.2506549,1.598163,0.1855038) (323.0879,319.0553,12.15743)
16.7590233506592 (0.0782569870352745,1.57571959495544,0.518134534358978) (0.2324262,1.588345,0.5826243) (332.9047,245.6242,126.5615) (0.2126596,1.593945,0.1878191) (324.1666,322.5771,9.719738)
11.3608580378505 (-0.0327127166092396,1.59980010986328,0.51456207036972) (0.07825699,1.57572,0.5181345) (336.6337,242.9608,132.3147) (0.1630307,1.588559,0.1891121) (325.2014,325.8215,8.203384)
11.3127429670274 (-0.10864682495594,1.67725801467896,0.546688377857208) (-0.03271272,1.5998,0.5145621) (328.4395,243.8834,133.1232) (0.1031508,1.583579,0.1912404) (326.8044,328.3707,7.418292)
10.8758280239032 (-0.156259283423424,1.75734579563141,0.602789759635925) (-0.1086468,1.677258,0.5466884) (307.507,241.8848,129.2449) (0.01830544,1.556528,0.1985603) (339.0909,320.9687,14.74821)
11.4191034082816 (-0.235509887337685,1.74076795578003,0.683313727378845) (-0.1562593,1.757346,0.6027898) (295.8578,274.2318,76.28518) (-0.05731954,1.514422,0.2065349) (354.9648,316.4548,14.84562)
20.8826046542767 (-0.369597613811493,1.5812394618988,0.696709990501404) (-0.2355099,1.740768,0.6833137) (322.1649,282.6771,64.14127) (-0.1005174,1.488405,0.2096648) (4.006705,317.9145,12.62172)
22.5814172067581 (-0.463861137628555,1.37754738330841,0.671891272068024) (-0.3695976,1.581239,0.69671) (350.5555,278.8937,63.34901) (-0.1248075,1.48428,0.2100018) (3.721336,319.9791,11.56399)
13.2164022177071 (-0.491641044616699,1.25189256668091,0.641783595085144) (-0.4638611,1.377547,0.6718913) (8.204044,272.712,54.67171) (-0.1328364,1.503798,0.2125335) (353.6985,324.2491,11.25221)
4.89796188396959 (-0.480770081281662,1.29943561553955,0.646309494972229) (-0.491641,1.251893,0.6417836) (3.415933,271.5809,65.81945) (-0.1007772,1.562286,0.2145436) (332.1513,337.0797,11.24359)
19.1839416058945 (-0.365892887115479,1.44284641742706,0.591182947158813) (-0.4807701,1.299436,0.6463095) (332.3919,267.0391,65.34138) (-0.05160736,1.58054,0.2011598) (327.0094,350.9289,6.208379)
14.9752940930174 (-0.23807667195797,1.42309725284576,0.515691697597504) (-0.3658929,1.442846,0.5911829) (335.0743,258.3505,63.02706) (-0.01609278,1.580745,0.1989686) (328.5997,358.4377,1.004863)
9.08158810676735 (-0.156353339552879,1.38641166687012,0.530624508857727) (-0.2380767,1.423097,0.5156917) (345.3865,265.0189,86.53855) (0.005771331,1.57742,0.2022442) (330.6953,358.2009,0.3095566)
12.0918930409558 (-0.084440641105175,1.40344631671906,0.626331210136414) (-0.1563533,1.386412,0.5306245) (351.8289,286.0722,92.64769) (0.02713088,1.571954,0.208627) (334.7234,356.6514,0.6913418)
6.99368305267663 (-0.0495207607746124,1.44617021083832,0.669301331043243) (-0.08444064,1.403446,0.6263312) (346.5331,291.551,99.31677) (0.04571101,1.563748,0.2120997) (338.3778,355.06,0.4202628)
2.50610161552646 (-0.0331000164151192,1.46410536766052,0.675363004207611) (-0.04952076,1.44617,0.6693013) (345.1752,294.2213,107.0373) (0.0575806,1.559101,0.2109308) (341.0278,354.0826,0.8819928)
3.21201328714896 (-0.0160876028239727,1.45042061805725,0.698921620845795) (-0.03310002,1.464105,0.675363) (347.1093,297.271,106.5454) (0.06578782,1.557867,0.2067506) (341.7142,352.7914,1.756602)
8.42474171141703 (-0.00854735635221004,1.37258148193359,0.667587280273438) (-0.0160876,1.450421,0.6989216) (358.7917,300.0985,106.0801) (0.06152171,1.56165,0.1989294) (339.9236,349.2716,1.267027)
24.1277326754858 (-0.0636599063873291,1.20583581924438,0.502138674259186) (-0.008547356,1.372581,0.6675873) (22.73794,274.1208,86.75115) (0.03311699,1.572033,0.1871577) (334.0215,335.6171,4.019438)
14.7623696417876 (-0.136877626180649,1.16873216629028,0.379438877105713) (-0.06365991,1.205836,0.5021387) (22.10667,249.7397,76.60609) (0.00490956,1.573869,0.1655605) (332.0836,324.8119,5.250777)
14.1660222228246 (-0.255256772041321,1.2465363740921,0.380147993564606) (-0.1368776,1.168732,0.3794389) (3.036096,244.5201,75.64683) (-0.02046578,1.57134,0.1489461) (332.384,320.0513,5.639579)
17.5977525827556 (-0.370299309492111,1.37390613555908,0.419009923934937) (-0.2552568,1.246536,0.380148) (339.652,246.5366,72.49876) (-0.04963241,1.567557,0.138966) (332.7599,318.7502,5.309511)
15.7280383193388 (-0.462170004844666,1.49416327476501,0.461848169565201) (-0.3702993,1.373906,0.4190099) (328.0975,250.9621,80.45433) (-0.08199076,1.562544,0.1334458) (332.8885,318.2349,5.157018)
13.1756679038093 (-0.548943042755127,1.58043849468231,0.510703563690186) (-0.46217,1.494163,0.4618482) (323.3366,259.2081,82.69118) (-0.1118028,1.557374,0.1346676) (332.0915,318.2155,5.087882)
8.23520042379625 (-0.612751603126526,1.60853791236877,0.554529845714569) (-0.548943,1.580438,0.5107036) (326.2887,267.1503,83.66983) (-0.129106,1.553482,0.1375174) (332.1272,319.322,5.576672)
5.2462800525484 (-0.644764840602875,1.61013734340668,0.596062242984772) (-0.6127516,1.608538,0.5545298) (331.3845,272.0262,91.41941) (-0.1354344,1.557681,0.1383817) (329.6897,321.2687,6.986507)
3.36643066985951 (-0.615739822387695,1.62465345859528,0.587111473083496) (-0.6447648,1.610137,0.5960622) (326.2628,267.9359,89.53543) (-0.09667931,1.577336,0.149881) (322.5963,339.7354,4.673631)
12.917735557807 (-0.517532646656036,1.63630521297455,0.504006862640381) (-0.6157398,1.624653,0.5871115) (321.587,250.9982,102.2906) (-0.04470877,1.590119,0.1561481) (319.7923,359.1974,359.5278)
20.2256405812366 (-0.354988783597946,1.6140364408493,0.385722249746323) (-0.5175326,1.636305,0.5040069) (331.8895,232.5668,124.236) (0.01235199,1.594297,0.152222) (319.9825,17.18688,353.2779)
17.5555600965108 (-0.183922111988068,1.59849417209625,0.349467575550079) (-0.3549888,1.614036,0.3857222) (334.3517,231.4934,138.5296) (0.05888779,1.593372,0.1446032) (321.415,26.43333,350.1702)
18.8842829804337 (0.00465631624683738,1.6013548374176,0.359038889408112) (-0.1839221,1.598494,0.3494676) (325.3268,235.3805,151.2899) (0.1071497,1.591287,0.1424903) (324.819,33.26061,347.408)
19.1352541911415 (0.191864714026451,1.57568919658661,0.389206528663635) (0.004656316,1.601355,0.3590389) (306.7757,247.4996,147.6712) (0.1773813,1.572691,0.1464182) (334.9785,43.15105,344.515)
16.0999581629192 (0.324124932289124,1.48726809024811,0.364512234926224) (0.1918647,1.575689,0.3892065) (295.8982,251.6394,150.2005) (0.2383048,1.542004,0.1644701) (347.7982,43.24166,347.9961)
13.5456585470095 (0.410567909479141,1.38383746147156,0.351162910461426) (0.3241249,1.487268,0.3645122) (281.1831,251.7534,142.9993) (0.2953204,1.51574,0.1921405) (0.1143383,40.66728,352.392)
8.12999638686599 (0.453815370798111,1.31678259372711,0.366750925779343) (0.4105679,1.383837,0.3511629) (281.0422,304.6604,92.69575) (0.339414,1.491914,0.2113376) (8.063806,38.78945,356.2384)
12.4431885592967 (0.528101205825806,1.27052569389343,0.455211132764816) (0.4538154,1.316783,0.3667509) (291.2606,354.0576,35.44025) (0.3762679,1.48286,0.2281265) (11.66473,37.56968,358.0432)
12.7745056426824 (0.585642993450165,1.22653615474701,0.560437858104706) (0.5281012,1.270526,0.4552111) (304.2653,5.994092,23.9569) (0.4064594,1.477382,0.239743) (13.93127,36.34751,359.5746)
10.6478605563611 (0.615356802940369,1.18407309055328,0.653452217578888) (0.585643,1.226536,0.5604379) (312.9343,4.521428,24.5892) (0.4305739,1.470288,0.2508776) (15.86782,34.42151,0.1939435)
10.8821788044397 (0.647616505622864,1.11397004127502,0.730179369449615) (0.6153568,1.184073,0.6534522) (328.3968,14.87969,11.83826) (0.4467395,1.464523,0.2595544) (17.42943,32.51866,0.3940895)
4.85601886821235 (0.615760564804077,1.08575224876404,0.753568410873413) (0.6476165,1.11397,0.7301794) (332.0136,8.193745,14.73355) (0.4498385,1.46539,0.26838) (16.57774,29.87522,0.2983195)
5.61669405254785 (0.57165515422821,1.08569407463074,0.718791484832764) (0.6157606,1.085752,0.7535684) (329.8002,3.101205,14.33664) (0.4311647,1.484817,0.2766137) (11.00099,22.06579,358.7094)
9.93965422205676 (0.523633122444153,1.10263562202454,0.633430242538452) (0.5716552,1.085694,0.7187915) (321.4146,3.511287,359.7974) (0.396504,1.520944,0.2783229) (358.3506,11.45067,356.0923)
8.89122646731918 (0.479387730360031,1.10900568962097,0.556572198867798) (0.5236331,1.102636,0.6334302) (315.7847,359.7316,356.533) (0.3657277,1.533286,0.2612877) (354.8234,5.635568,356.7749)
4.89568674701367 (0.440142840147018,1.12071108818054,0.529746890068054) (0.4793877,1.109006,0.5565722) (314.7997,352.8794,355.251) (0.3308553,1.536952,0.2445683) (352.9842,1.765185,357.9608)
6.14341123661401 (0.427422851324081,1.17638993263245,0.50711464881897) (0.4401428,1.120711,0.5297469) (305.6716,354.339,345.3655) (0.2909346,1.534332,0.2255511) (354.4425,0.3472814,359.3406)
7.3621510380449 (0.428484112024307,1.24591052532196,0.48290953040123) (0.4274229,1.17639,0.5071146) (297.5191,5.689738,338.6607) (0.245497,1.52608,0.2122555) (356.0046,359.7842,359.6036)
10.4266692788272 (0.436873227357864,1.32863855361938,0.420002937316895) (0.4284841,1.245911,0.4829095) (283.4296,40.5042,314.2552) (0.1845346,1.527833,0.1985831) (353.9142,355.7851,1.574005)
10.400906247278 (0.427914351224899,1.39581525325775,0.341104805469513) (0.4368732,1.328639,0.4200029) (281.9714,121.5768,238.3481) (0.1170467,1.534602,0.1781878) (349.2363,349.4251,1.192992)
6.29479987185847 (0.399894326925278,1.4262307882309,0.293647199869156) (0.4279144,1.395815,0.3411048) (289.1618,147.6594,215.7624) (0.06935243,1.536993,0.1599276) (347.501,345.6342,1.432427)
3.34134726712173 (0.367205590009689,1.43081665039063,0.288462936878204) (0.3998943,1.426231,0.2936472) (291.706,132.0511,228.6227) (0.02477759,1.543751,0.1374992) (344.4354,336.5558,1.24795)
4.03369538941556 (0.328327417373657,1.42620837688446,0.298174858093262) (0.3672056,1.430817,0.2884629) (290.392,120.1427,235.2426) (-0.005001433,1.545665,0.1142826) (343.354,329.2319,358.1936)
2.59418303479985 (0.303493410348892,1.4236364364624,0.305220127105713) (0.3283274,1.426208,0.2981749) (290.1745,109.2337,243.6009) (-0.01656479,1.54703,0.1035808) (343.3635,328.6238,356.5516)
1.67123378023383 (0.287332266569138,1.42588222026825,0.301604032516479) (0.3034934,1.423636,0.3052201) (289.9606,103.1572,245.4549) (-0.01651359,1.548666,0.09855661) (344.7791,332.2479,357.9657)
1.30704569848585 (0.282288372516632,1.43279135227203,0.291721731424332) (0.2873323,1.425882,0.301604) (289.367,103.5079,243.6046) (-0.002278291,1.547221,0.09260727) (345.9713,335.5467,358.1586)
1.81153965952681 (0.2924445271492,1.43462920188904,0.276834070682526) (0.2822884,1.432791,0.2917217) (289.3909,105.9713,240.5538) (0.01692318,1.548109,0.08006683) (345.362,335.5074,358.9832)
2.80615920034219 (0.314357548952103,1.43532681465149,0.259318768978119) (0.2924445,1.434629,0.2768341) (288.7302,103.9816,241.4132) (0.03848091,1.553244,0.06448714) (343.0662,331.2779,359.3827)
4.42060095764562 (0.354936629533768,1.42811942100525,0.243332430720329) (0.3143575,1.435327,0.2593188) (288.1707,96.28784,249.7149) (0.05727162,1.558502,0.04138082) (337.9576,321.073,357.748)
5.51709590981864 (0.406021982431412,1.41569924354553,0.226603388786316) (0.3549366,1.428119,0.2433324) (289.8492,87.64256,261.4076) (0.09126621,1.56075,0.01766146) (337.0244,314.2902,356.2)
5.56392480597021 (0.456635981798172,1.40237867832184,0.207721874117851) (0.406022,1.415699,0.2266034) (290.5407,83.37078,269.302) (0.1267698,1.558162,0.002808345) (337.9061,312.8381,357.2508)
6.3470035885678 (0.511954963207245,1.38139307498932,0.184746667742729) (0.456636,1.402379,0.2077219) (292.6143,80.37292,276.3881) (0.1617985,1.557378,-0.004350238) (337.7732,316.1925,356.462)
3.42609048538126 (0.540911495685577,1.37266910076141,0.168646320700645) (0.511955,1.381393,0.1847467) (297.3704,76.45447,287.4022) (0.1796945,1.564465,-0.008230853) (336.7809,319.8245,354.2688)
2.67706589953635 (0.564668476581573,1.36800897121429,0.157220155000687) (0.5409115,1.372669,0.1686463) (299.8576,71.40659,289.2159) (0.1926082,1.56423,-0.01435868) (337.4681,321.7951,354.6016)
2.68933577609788 (0.584100544452667,1.36008405685425,0.140402212738991) (0.5646685,1.368009,0.1572202) (297.9399,79.66933,284.9861) (0.2013401,1.562317,-0.01761191) (338.6669,325.496,353.3857)
1.01099861552196 (0.587910234928131,1.35549318790436,0.132239982485771) (0.5841005,1.360084,0.1404022) (299.9594,83.74241,283.4743) (0.2032307,1.564911,-0.02130391) (339.766,328.8392,353.446)
2.23756676520198 (0.568156659603119,1.36581003665924,0.134247317910194) (0.5879102,1.355493,0.13224) (299.3328,81.72083,282.5776) (0.2007628,1.554359,-0.01558442) (345.6436,335.7214,353.9236)
2.31933828712373 (0.547290861606598,1.37588679790497,0.133242130279541) (0.5681567,1.36581,0.1342473) (297.6703,85.04574,278.7427) (0.1918499,1.532897,-0.0001248335) (356.0877,348.0661,357.4382)
3.29795115119059 (0.514865159988403,1.38185632228851,0.134008213877678) (0.5472909,1.375887,0.1332421) (298.3643,86.00606,273.7301) (0.1722413,1.516522,0.01273) (1.284677,355.1054,2.967844)
3.67091006028032 (0.478283941745758,1.38446164131165,0.135615989565849) (0.5148652,1.381856,0.1340082) (297.0761,87.41838,272.5764) (0.1390143,1.512805,0.02473656) (0.8117472,358.8985,2.815625)
4.47705943936358 (0.436028629541397,1.37811017036438,0.148978382349014) (0.4782839,1.384462,0.135616) (296.8865,88.59099,273.3001) (0.08853666,1.517754,0.03959458) (1.110888,1.63051,1.967409)
3.99791478456134 (0.399977833032608,1.37119030952454,0.164814665913582) (0.4360286,1.37811,0.1489784) (300.1433,79.91492,279.838) (0.05232089,1.516248,0.0521053) (358.457,2.49002,1.762632)
5.05575140538664 (0.350315362215042,1.37882745265961,0.159213304519653) (0.3999778,1.37119,0.1648147) (294.7325,84.39349,279.6835) (0.0234341,1.516784,0.06318728) (356.8375,3.803522,1.620149)
3.29347516485368 (0.31865581870079,1.38191437721252,0.150678545236588) (0.3503154,1.378827,0.1592133) (292.6263,88.16902,280.03) (0.01302626,1.520776,0.06784502) (355.7262,6.705961,0.6136585)
1.62969311684265 (0.30741685628891,1.37012195587158,0.150215402245522) (0.3186558,1.381914,0.1506785) (291.7933,81.14526,289.0031) (0.005929552,1.518417,0.07075851) (355.4613,7.786239,358.1049)
0.915323419781148 (0.307434439659119,1.36132788658142,0.152754247188568) (0.3074169,1.370122,0.1502154) (291.5684,77.64425,295.4368) (-0.003035024,1.531415,0.06445313) (350.5754,5.942733,357.2614)
1.12812632049167 (0.310750246047974,1.36031627655029,0.163489654660225) (0.3074344,1.361328,0.1527542) (291.1445,78.3625,296.4738) (-0.005018972,1.548096,0.05553314) (343.9448,4.517847,356.6873)
1.2530308329204 (0.318928450345993,1.36965334415436,0.16177362203598) (0.3107502,1.360316,0.1634897) (290.8288,86.0716,290.9012) (0.004233483,1.557051,0.04350261) (339.144,4.853743,354.939)
0.228275844501703 (0.319150984287262,1.36980712413788,0.159506946802139) (0.3189285,1.369653,0.1617736) (289.5256,84.38124,294.4678) (0.02938755,1.566551,0.02304839) (335.0905,11.61572,349.565)
4.17712500619678 (0.320873260498047,1.36748611927032,0.117835804820061) (0.319151,1.369807,0.1595069) (289.8462,84.87386,295.9094) (0.07298242,1.56044,0.0117399) (339.4933,21.06436,347.4568)
7.80080325305009 (0.367507994174957,1.36789667606354,0.0553035214543343) (0.3208733,1.367486,0.1178358) (297.4703,91.7142,282.5656) (0.1224009,1.548126,0.005109736) (344.603,25.46699,348.4586)
5.43800007176711 (0.4095319211483,1.36892139911652,0.0208053477108479) (0.367508,1.367897,0.05530352) (300.6151,94.61146,277.0284) (0.161634,1.547821,-0.0008611521) (344.1541,25.29491,349.9875)
5.60630224708671 (0.465336233377457,1.36500310897827,0.0171191059052944) (0.4095319,1.368921,0.02080535) (300.0307,95.30144,280.7339) (0.193857,1.554086,-0.003241151) (341.4313,19.89138,351.7061)
7.19309145823785 (0.520440638065338,1.35205769538879,0.0615035332739353) (0.4653362,1.365003,0.01711911) (301.2841,87.74497,291.0229) (0.2167937,1.558603,-0.00245282) (339.5399,8.923695,354.6734)
8.4151745921703 (0.561474442481995,1.33956027030945,0.133902132511139) (0.5204406,1.352058,0.06150353) (305.4584,81.19831,298.2295) (0.2223177,1.561543,-0.006359144) (336.7079,355.1625,357.085)
5.36109636152172 (0.584703147411346,1.29130792617798,0.131397321820259) (0.5614744,1.33956,0.1339021) (310.2324,74.71203,298.3118) (0.2156016,1.567993,-0.01127907) (335.866,345.2461,356.2477)
2.43326686393022 (0.566985070705414,1.30080330371857,0.145108133554459) (0.5847031,1.291308,0.1313973) (310.2363,68.53456,297.8058) (0.2174593,1.569514,-0.02153718) (336.0242,342.1898,355.2521)
4.31867961472186 (0.538413941860199,1.30604827404022,0.17706561088562) (0.5669851,1.300803,0.1451081) (306.6874,64.62437,297.1013) (0.2202258,1.568023,-0.02910148) (336.5406,341.9846,355.9032)
3.30211842288469 (0.512897789478302,1.29410922527313,0.194293022155762) (0.5384139,1.306048,0.1770656) (308.2607,61.62103,296.6962) (0.2165087,1.567281,-0.03366245) (336.5529,345.8785,354.4285)
2.94368297344553 (0.492374211549759,1.2746649980545,0.202492520213127) (0.5128978,1.294109,0.194293) (311.3691,56.21215,298.0555) (0.2093498,1.568132,-0.03991253) (337.1727,350.3462,354.6874)
2.8480872712099 (0.46941864490509,1.26006531715393,0.210921719670296) (0.4923742,1.274665,0.2024925) (313.0585,49.44216,302.26) (0.1862923,1.565429,-0.04657204) (338.0831,352.1806,355.5193)
4.60377762689502 (0.429758429527283,1.28113555908203,0.200793087482452) (0.4694186,1.260065,0.2109217) (313.0638,49.03663,302.5618) (0.1451143,1.560881,-0.05206532) (339.8159,352.0737,356.6418)
5.40807942903758 (0.380790114402771,1.30283272266388,0.193305119872093) (0.4297584,1.281136,0.2007931) (312.5146,50.96222,300.3158) (0.0987533,1.565897,-0.05979563) (335.801,355.2212,354.1687)
Average= 8.53142402998793
Max= 25.6083888458165
Standard Deviation= 6.03445395987388
Right: 23    Wrong: 0
0
