red 52.2 58.02 14.73702 (-0.4401342,5,0.7) (-0.4401342,1.790527,0.7)
red 52.7 58.52 14.48897 (-0.04468453,5,0.7) (-0.04468453,1.725464,0.7)
black 52.2 58.84222 11.43036 (-0.2608379,5,0.7) (-0.2608379,0.0789405,0.7)
red 53.2 59.37556 15.60438 (0.6730611,5,0.7) (0.6730611,1.817164,0.7)
red 54.7 60.27556 14.83756 (0.3640732,5,0.7) (0.3640732,1.951226,0.7)
red 55.2 60.74222 14.40945 (0.5535319,5,0.7) (0.5535319,1.862992,0.7)
black 53.2 61.56445 13.98707 (-0.1610428,5,0.7) (-0.1610428,0.07968125,0.7)
black 55.2 61.96445 11.61631 (-0.5724938,5,0.7) (-0.5724938,0.07824242,0.7)
red 56.2 62.52 15.52478 (-0.4460653,5,0.7) (-0.4460653,1.722006,0.7)
red 56.7 63.07556 16.3933 (0.359559,5,0.7) (0.359559,1.903083,0.7)
red 53.7 63.15334 15.51943 (-0.9514358,5,0.7) (-0.9514358,0.08159703,0.7)
black 57.2 63.19778 10.41285 (-0.6480668,5,0.7) (-0.6480668,0.07209218,0.7)
black 54.7 63.24222 14.24778 (-0.1491266,5,0.7) (-0.1491266,0.08248329,0.7)
red 54.2 63.27556 14.9991 (-0.3590893,5,0.7) (-0.3590893,0.08253351,0.7)
red 57.2 63.44222 14.82672 (0.8985894,5,0.7) (0.8985894,1.580168,0.7)
black 54.2 63.54222 15.3675 (0.1085552,5,0.7) (0.1085552,0.08198394,0.7)
red 55.7 63.69778 13.45141 (-0.7068338,5,0.7) (-0.7068338,0.07686487,0.7)
red 58.7 64.09778 14.34536 (0.9747922,5,0.7) (0.9747922,1.929495,0.7)
red 58.2 64.52 16.66319 (0.5859945,5,0.7) (0.5859945,1.990541,0.7)
black 52.7 64.58667 18.71748 (0.9574623,5,0.7) (0.9574623,0.082407,0.7)
black 56.2 64.97556 14.57763 (-0.9536457,5,0.7) (-0.9536457,0.08218925,0.7)
black 53.7 65.40889 18.48907 (0.0443927,5,0.7) (0.0443927,0.08090593,0.7)
red 60.2 65.57555 13.00292 (-0.5882106,5,0.7) (-0.5882106,1.571397,0.7)
black 58.2 65.62 12.6134 (-0.5893438,5,0.7) (-0.5893438,0.08200467,0.7)
red 59.7 66.32 15.69412 (-0.6785967,5,0.7) (-0.6785967,1.609593,0.7)
black 55.7 66.59778 17.4476 (-0.9958014,5,0.7) (-0.9958014,0.0804651,0.7)
black 56.7 67.08667 16.778 (-0.8027835,5,0.7) (-0.8027835,0.08115768,0.7)
black 57.7 67.16444 15.5329 (-0.4849313,5,0.7) (-0.4849313,0.08091,0.7)
red 62.2 67.52 13.89535 (-0.1459154,5,0.7) (-0.1459154,1.85899,0.7)
red 59.2 67.55334 13.96806 (-0.9271336,5,0.7) (-0.9271336,0.0783781,0.7)
red 61.7 67.57555 15.56404 (-0.09889519,5,0.7) (-0.09889519,1.963652,0.7)
red 57.7 67.73111 16.30529 (-0.4789284,5,0.7) (-0.4789284,0.08188383,0.7)
red 61.2 68.07555 15.72202 (0.3920717,5,0.7) (0.3920717,1.485204,0.7)
black 61.2 68.72 12.75749 (-0.4879118,5,0.7) (-0.4879118,0.08005339,0.7)
black 60.2 69.07555 14.71231 (0.6514168,5,0.7) (0.6514168,0.07979614,0.7)
red 63.2 69.14223 16.23365 (0.2990372,5,0.7) (0.2990372,2.080715,0.7)
red 63.7 69.18667 15.54356 (0.2134589,5,0.7) (0.2134589,2.161906,0.7)
black 59.2 69.84222 17.12485 (-0.1859924,5,0.7) (-0.1859924,0.08446978,0.7)
red 64.2 70.00889 14.35558 (0.998178,5,0.7) (0.998178,1.695957,0.7)
black 62.2 70.10889 13.33537 (-0.452988,5,0.7) (-0.452988,0.08264378,0.7)
red 60.7 70.50889 16.01188 (-0.8853257,5,0.7) (-0.8853257,0.08430213,0.7)
black 64.7 70.55334 10.18942 (0.304826,5,0.7) (0.304826,0.07505055,0.7)
black 63.7 70.62 11.84847 (-0.5291941,5,0.7) (-0.5291941,0.0759095,0.7)
red 65.2 70.95333 14.88586 (-0.1505407,5,0.7) (-0.1505407,1.865175,0.7)
black 59.7 71.06445 18.05946 (-0.1441311,5,0.7) (-0.1441311,0.08376722,0.7)
black 58.7 71.13111 19.40309 (-0.6621816,5,0.7) (-0.6621816,0.0851589,0.7)
red 64.7 71.20889 14.57952 (-0.4122208,5,0.7) (-0.4122208,1.361025,0.7)
red 62.7 71.48667 14.5851 (-0.9854238,5,0.7) (-0.9854238,0.07890767,0.7)
red 65.7 72.06445 15.24386 (0.03156507,5,0.7) (0.03156507,1.625901,0.7)
black 63.2 72.45333 15.24992 (0.5497277,5,0.7) (0.5497277,0.08402791,0.7)
black 60.7 72.45333 18.55187 (0.7706718,5,0.7) (0.7706718,0.0830596,0.7)
red 66.2 72.97556 16.39964 (-0.6229484,5,0.7) (-0.6229484,1.708769,0.7)
black 66.2 73.22 11.99766 (0.8007667,5,0.7) (0.8007667,0.07481752,0.7)
black 62.7 73.85333 17.78591 (-0.9778638,5,0.7) (-0.9778638,0.08296433,0.7)
black 61.7 74.17556 19.4531 (-0.9104209,5,0.7) (-0.9104209,0.08355866,0.7)
red 66.7 74.30889 15.68855 (0.7788954,5,0.7) (0.7788954,1.097579,0.7)
black 65.2 75.53111 16.70434 (-0.02926433,5,0.7) (-0.02926433,0.08115914,0.7)
black 66.7 75.96445 15.26393 (0.8701515,5,0.7) (0.8701515,0.08346592,0.7)
black 64.2 76.49778 19.23736 (-0.1065603,5,0.7) (-0.1065603,0.08477007,0.7)
black 65.7 78.43111 19.76853 (0.2980518,5,0.7) (0.2980518,0.0844041,0.7)
0
