red 14.46667 19.69778 13.56709 (-0.08219635,5,0.7) (-0.08219635,1.824779,0.7)
red 13.96667 20.25333 15.52035 (0.1689719,5,0.7) (0.1689719,1.738366,0.7)
red 14.96667 20.49778 14.08879 (0.4663295,5,0.7) (0.4663295,1.78545,0.7)
red 15.96667 21.24222 13.307 (-0.06695831,5,0.7) (-0.06695831,1.724741,0.7)
red 15.46667 22.12 16.42999 (0.5379283,5,0.7) (0.5379283,1.775863,0.7)
red 16.46667 22.68667 14.61195 (-0.02531111,5,0.7) (-0.02531111,1.53308,0.7)
red 16.96667 22.78667 13.80298 (-0.1551672,5,0.7) (-0.1551672,1.533583,0.7)
red 17.46667 23.40889 14.34277 (-0.5142779,5,0.7) (-0.5142779,1.615853,0.7)
red 18.96667 24.04222 13.60591 (0.04208052,5,0.7) (0.04208052,1.930506,0.7)
red 17.96667 24.90889 15.64447 (-0.5898793,5,0.7) (-0.5898793,1.429728,0.7)
red 18.46667 25.54222 16.48877 (-0.0680145,5,0.7) (-0.0680145,1.584646,0.7)
red 19.46667 25.58667 14.36374 (0.04526222,5,0.7) (0.04526222,1.519627,0.7)
red 19.96667 25.78667 13.92377 (0.5118785,5,0.7) (0.5118785,1.568718,0.7)
red 20.46667 26.35333 14.34342 (0.1579252,5,0.7) (0.1579252,1.647956,0.7)
red 20.96667 26.68667 14.23781 (0.2915933,5,0.7) (0.2915933,1.715387,0.7)
red 21.46667 27.34222 14.12907 (-0.3887123,5,0.7) (-0.3887123,1.594542,0.7)
red 21.96667 27.97556 15.20438 (-0.2400514,5,0.7) (-0.2400514,1.806092,0.7)
red 22.46667 28.55333 16.48192 (-0.0167979,5,0.7) (-0.0167979,2.063745,0.7)
red 23.46667 29.04222 15.19677 (-0.1791178,5,0.7) (-0.1791178,2.036708,0.7)
red 22.96667 29.40889 15.91824 (-0.5296943,5,0.7) (-0.5296943,1.757125,0.7)
red 23.96667 29.70889 13.61654 (-0.8048062,5,0.7) (-0.8048062,1.525641,0.7)
red 25.46667 30.65333 13.60304 (-0.1947151,5,0.7) (-0.1947151,1.861762,0.7)
red 24.46667 31.20889 14.0267 (0.0154568,5,0.7) (0.0154568,1.053723,0.7)
red 24.96667 31.85333 14.72586 (0.6754677,5,0.7) (0.6754677,1.19336,0.7)
red 27.46667 32.58667 13.9543 (0.7584009,5,0.7) (0.7584009,1.993328,0.7)
red 26.96667 33.24222 15.92492 (0.009394288,5,0.7) (0.009394288,1.843262,0.7)
red 27.96667 33.82 13.4517 (-0.6119282,5,0.7) (-0.6119282,1.407173,0.7)
red 25.96667 34.74222 14.56938 (-0.6999574,5,0.7) (-0.6999574,0.07887328,0.7)
red 28.46667 35.18667 15.45232 (0.574302,5,0.7) (0.574302,1.493261,0.7)
red 29.46667 35.42 14.63698 (0.5719497,5,0.7) (0.5719497,1.689724,0.7)
red 30.46667 35.90889 13.35322 (-0.01433527,5,0.7) (-0.01433527,1.633529,0.7)
red 29.96667 36.38667 15.44268 (0.1134263,5,0.7) (0.1134263,1.648513,0.7)
red 26.46667 36.59778 16.43896 (-0.99879,5,0.7) (-0.99879,0.08170509,0.7)
red 28.96667 36.95333 16.58963 (-0.4334694,5,0.7) (-0.4334694,1.170446,0.7)
red 31.46667 37.74222 15.09133 (0.278507,5,0.7) (0.278507,1.633336,0.7)
red 32.46667 38.02 13.06798 (0.654144,5,0.7) (0.654144,1.47704,0.7)
red 30.96667 38.65334 13.00949 (-0.737891,5,0.7) (-0.737891,0.08260424,0.7)
red 33.46667 39.10889 14.81087 (0.8528905,5,0.7) (0.8528905,1.907856,0.7)
red 31.96667 39.76445 13.16077 (-0.8953698,5,0.7) (-0.8953698,0.07739848,0.7)
red 32.96667 42.25333 15.28853 (-0.5685174,5,0.7) (-0.5685174,0.08109513,0.7)
0
