60.6530731920898 (0.233219981193542,0.709485709667206,0.273828595876694) (0.3239693,1.304046,0.1954569) (330.0773,25.39056,3.220179) (-0.05403641,1.204023,0.2728817) (301.7786,355.3522,1.48141)
1.41141214048179 (0.236032083630562,0.722334384918213,0.278948366641998) (0.23322,0.7094857,0.2738286) (330.1039,25.34658,3.22427) (-0.05327376,1.228461,0.2697335) (301.0488,354.5013,1.1898)
2.84038019948228 (0.236723899841309,0.750714719295502,0.279872477054596) (0.2360321,0.7223344,0.2789484) (328.9964,26.01675,0.5645883) (-0.05005214,1.280646,0.2571227) (296.7256,354.9717,359.1037)
6.17733159464016 (0.237134844064713,0.81246691942215,0.28143435716629) (0.2367239,0.7507147,0.2798725) (327.1435,26.66269,356.4497) (-0.04671612,1.353597,0.231006) (291.734,352.649,359.1559)
7.56052831360914 (0.237444177269936,0.888066172599792,0.280530959367752) (0.2371348,0.8124669,0.2814344) (323.3087,26.02057,351.7422) (-0.04167956,1.425884,0.1929846) (287.1331,347.1848,2.339165)
6.83081663335056 (0.243372395634651,0.952665209770203,0.259134083986282) (0.2374442,0.8880662,0.280531) (317.6551,24.51991,346.4662) (-0.0376706,1.471086,0.1458301) (285.4604,341.0407,5.095438)
5.36904331235201 (0.240928694605827,1.00239992141724,0.239055499434471) (0.2433724,0.9526652,0.2591341) (311.439,21.37064,343.2455) (-0.03675095,1.508886,0.101063) (282.4332,334.1325,7.658502)
5.22758934791336 (0.232133865356445,1.05014193058014,0.219661667943001) (0.2409287,1.0024,0.2390555) (305.6607,19.616,339.6271) (-0.03442937,1.543801,0.05150813) (276.6904,324.1345,12.97075)
3.80477218817119 (0.22240474820137,1.08358263969421,0.204341992735863) (0.2321339,1.050142,0.2196617) (303.2953,20.96172,335.1838) (-0.03926745,1.554541,0.0117213) (275.9956,303.4489,29.42078)
2.7119387273612 (0.2077277302742,1.09207105636597,0.183176144957542) (0.2224047,1.083583,0.204342) (304.3108,22.20557,331.625) (-0.04753187,1.557659,-0.02088532) (275.3712,300.4202,30.92612)
4.32871077765987 (0.201041415333748,1.09748268127441,0.14075231552124) (0.2077277,1.092071,0.1831761) (303.4368,22.50576,329.5751) (-0.05360796,1.554903,-0.0640959) (289.1445,326.6909,4.472618)
7.41157653223917 (0.207154974341393,1.08596444129944,0.0677927285432816) (0.2010414,1.097483,0.1407523) (302.4418,21.82357,329.5981) (-0.06787999,1.552539,-0.1049677) (299.5106,329.781,2.127284)
5.5529525123327 (0.204131513834,1.08108031749725,0.0125611051917076) (0.207155,1.085964,0.06779273) (302.1668,22.58138,328.8231) (-0.08872234,1.550537,-0.1405218) (308.1829,331.9566,1.591153)
6.3865590946689 (0.196466222405434,1.0783919095993,-0.0507857948541641) (0.2041315,1.08108,0.01256111) (303.4433,24.07664,326.7676) (-0.1096236,1.543099,-0.1695054) (316.153,333.0388,0.8759622)
6.25314884650248 (0.188603058457375,1.07604813575745,-0.112776637077332) (0.1964662,1.078392,-0.05078579) (303.1217,21.14921,328.1514) (-0.1256552,1.535963,-0.2001422) (330.6597,332.8022,359.3324)
6.07221637239156 (0.196379661560059,1.09440183639526,-0.170133829116821) (0.1886031,1.076048,-0.1127766) (305.5327,15.96648,330.6866) (-0.1357075,1.541535,-0.2234856) (343.4604,328.5822,2.638733)
2.01368352168905 (0.189332410693169,1.10145246982574,-0.187630027532578) (0.1963797,1.094402,-0.1701338) (306.4362,11.40224,332.1377) (-0.146295,1.537548,-0.2288046) (339.1037,331.0484,359.4994)
2.27974641715299 (0.174693182110786,1.10157442092896,-0.205105796456337) (0.1893324,1.101452,-0.18763) (303.974,2.766754,340.5208) (-0.1392282,1.547599,-0.232654) (335.2308,337.3015,0.2410301)
3.75616713244899 (0.178922459483147,1.10192036628723,-0.242427006363869) (0.1746932,1.101574,-0.2051058) (301.7682,3.516445,340.1247) (-0.1076518,1.562932,-0.2363969) (329.239,347.7088,358.1852)
4.92200965969258 (0.201068431138992,1.10469102859497,-0.286296099424362) (0.1789225,1.10192,-0.242427) (299.322,14.22543,332.6033) (-0.06658719,1.569198,-0.2449146) (325.2412,352.738,356.0272)
3.17183482270076 (0.226840183138847,1.10965871810913,-0.304105997085571) (0.2010684,1.104691,-0.2862961) (299.5593,21.14881,327.9399) (-0.026146,1.585553,-0.2579232) (317.1637,354.5679,353.5517)
3.27249104502554 (0.258271336555481,1.11487126350403,-0.311578065156937) (0.2268402,1.109659,-0.304106) (299.2345,23.28041,333.4516) (0.01470046,1.589121,-0.271379) (312.3699,356.1293,351.0567)
3.49649327925338 (0.293152064085007,1.11533641815186,-0.313958197832108) (0.2582713,1.114871,-0.3115781) (301.073,32.08165,327.6311) (0.05624889,1.59023,-0.2771654) (309.0325,355.0448,350.504)
4.46748725947319 (0.337088525295258,1.11793434619904,-0.30629774928093) (0.2931521,1.115336,-0.3139582) (297.4201,39.04496,324.156) (0.09682426,1.594515,-0.2799323) (305.851,352.9563,351.9402)
4.56432817127914 (0.380245327949524,1.11869192123413,-0.291457742452621) (0.3370885,1.117934,-0.3062977) (293.315,39.21354,325.1271) (0.1313407,1.590954,-0.2743158) (306.6719,348.6678,355.6936)
4.10732528159325 (0.409845292568207,1.11876654624939,-0.262982338666916) (0.3802453,1.118692,-0.2914577) (293.0877,37.33849,329.0725) (0.1413375,1.595884,-0.2679941) (310.128,340.0913,2.263285)
4.94459539505644 (0.435107856988907,1.12132728099823,-0.220554187893867) (0.4098453,1.118767,-0.2629823) (297.6647,38.35048,326.3284) (0.1443284,1.592988,-0.2563823) (315.1351,333.0133,3.307068)
2.88278846227776 (0.445835322141647,1.12183964252472,-0.193801507353783) (0.4351079,1.121327,-0.2205542) (296.3686,35.93056,328.3016) (0.1500315,1.586547,-0.2461248) (317.6562,330.6572,2.469184)
1.16904244970078 (0.44823345541954,1.12115526199341,-0.182380184531212) (0.4458353,1.12184,-0.1938015) (296.5616,36.61666,324.2562) (0.159946,1.587529,-0.2374585) (318.7178,333.9186,355.4973)
0.898193605730347 (0.453760743141174,1.12083065509796,-0.189452588558197) (0.4482335,1.121155,-0.1823802) (298.6154,32.55702,323.9449) (0.1612732,1.58791,-0.2318882) (319.4126,336.7815,354.8337)
0.337268963057028 (0.454392492771149,1.12103998661041,-0.192758962512016) (0.4537607,1.120831,-0.1894526) (296.9372,25.90864,328.4026) (0.1521322,1.59262,-0.222462) (318.6739,335.9191,355.8949)
1.50542800023602 (0.443832963705063,1.12285709381104,-0.182184189558029) (0.4543925,1.12104,-0.192759) (296.0081,23.72777,331.0329) (0.1323228,1.589753,-0.2140777) (319.5335,333.5942,357.0703)
2.53259043386174 (0.425194025039673,1.12277412414551,-0.165038213133812) (0.443833,1.122857,-0.1821842) (298.3348,25.25027,330.1249) (0.1063584,1.588232,-0.2062466) (318.5839,334.961,356.7577)
2.47210792598895 (0.400564849376678,1.12154126167297,-0.163301691412926) (0.425194,1.122774,-0.1650382) (299.4812,26.15855,330.0378) (0.07759206,1.588877,-0.195581) (317.9056,340.1067,356.2369)
3.68197736366012 (0.370982050895691,1.1213458776474,-0.18522235751152) (0.4005648,1.121541,-0.1633017) (299.4521,23.18126,336.4399) (0.05453946,1.589877,-0.1895599) (317.5051,350.106,353.4955)
5.14584368608911 (0.338557332754135,1.12138068675995,-0.225179925560951) (0.3709821,1.121346,-0.1852224) (293.9588,26.06093,336.0798) (0.04050661,1.589183,-0.1872056) (314.5219,0.4800591,352.5622)
5.28742155596634 (0.308677792549133,1.12022531032562,-0.268786817789078) (0.3385573,1.121381,-0.2251799) (290.8234,42.61515,324.8089) (0.03631885,1.592732,-0.185652) (313.6328,9.578457,350.2487)
4.55195757975985 (0.283734738826752,1.11995589733124,-0.306863099336624) (0.3086778,1.120225,-0.2687868) (290.8687,61.43994,310.3452) (0.03794847,1.596002,-0.188272) (311.136,17.15659,346.508)
3.00749973128682 (0.265199363231659,1.12083506584167,-0.330531060695648) (0.2837347,1.119956,-0.3068631) (285.5073,80.50801,292.0319) (0.04033813,1.595785,-0.1863138) (310.7073,19.01198,345.6324)
53.6235853968148 (0.302689105272293,1.41049766540527,0.11917881667614) (0.2651994,1.120835,-0.3305311) (283.2507,86.63985,285.246) (0.04972118,1.598461,-0.1789092) (308.7181,16.12964,347.2191)
4.71128071987768 (0.338941663503647,1.44043445587158,0.122204914689064) (0.3026891,1.410498,0.1191788) (278.6006,128.3066,247.6375) (0.0637479,1.60094,-0.1676527) (308.7979,5.908187,353.728)
3.75059756964875 (0.366765350103378,1.4654940366745,0.124339900910854) (0.3389417,1.440434,0.1222049) (281.8795,167.0948,215.0458) (0.07749811,1.595654,-0.1502354) (311.5302,350.7605,1.908529)
3.8275906108539 (0.387933284044266,1.49703228473663,0.119617350399494) (0.3667654,1.465494,0.1243399) (285.037,180.5448,202.1391) (0.102453,1.59463,-0.1369611) (313.7178,340.4181,4.526258)
3.98062116521913 (0.416008234024048,1.52406430244446,0.127716839313507) (0.3879333,1.497032,0.1196174) (287.0932,179.0652,197.086) (0.1325943,1.592656,-0.1249429) (314.7772,336.3494,4.734293)
3.42200206457492 (0.438349336385727,1.54122364521027,0.147144705057144) (0.4160082,1.524064,0.1277168) (290.5551,171.5621,200.0497) (0.1621184,1.594892,-0.1116278) (315.0262,341.1382,2.712368)
3.79338891743967 (0.430145859718323,1.56029045581818,0.17889592051506) (0.4383493,1.541224,0.1471447) (287.641,183.9537,191.6117) (0.185687,1.600066,-0.1014355) (315.3035,352.2451,359.905)
5.53052691111884 (0.394411861896515,1.59372353553772,0.204663798213005) (0.4301459,1.56029,0.1788959) (289.8832,207.3626,176.7641) (0.1937132,1.599499,-0.09743363) (316.2715,1.003408,357.4194)
7.14622564737576 (0.352438688278198,1.64750182628632,0.225947648286819) (0.3944119,1.593724,0.2046638) (295.0949,216.7652,173.905) (0.1862718,1.597553,-0.09903075) (317.1156,9.810298,352.6785)
7.45625646282789 (0.318263649940491,1.70794534683228,0.253117918968201) (0.3524387,1.647502,0.2259476) (297.7713,226.4988,173.2972) (0.1734277,1.595262,-0.1011581) (319.35,15.3387,350.8857)
7.86411656635614 (0.28463289141655,1.76792240142822,0.291277557611465) (0.3182636,1.707945,0.2531179) (296.498,241.0426,169.7691) (0.1571186,1.589934,-0.1024134) (320.9075,19.57232,349.0276)
6.02908943976096 (0.247850120067596,1.79310047626495,0.331874161958694) (0.2846329,1.767922,0.2912776) (296.5006,268.8715,143.2474) (0.1388463,1.58781,-0.1028353) (321.0824,21.23269,347.7583)
2.83898254646428 (0.226839706301689,1.79246175289154,0.350956529378891) (0.2478501,1.7931,0.3318742) (298.4564,278.8022,132.216) (0.1245952,1.588683,-0.103242) (321.0939,20.3892,349.7087)
1.43634038770662 (0.225913718342781,1.78749001026154,0.364400178194046) (0.2268397,1.792462,0.3509565) (299.2009,283.6865,127.9437) (0.1222012,1.588632,-0.1028372) (320.6915,20.43008,350.0169)
3.09501540933707 (0.252231329679489,1.78796243667603,0.380681216716766) (0.2259137,1.78749,0.3644002) (297.236,281.1485,130.5953) (0.1324709,1.588336,-0.09568939) (318.4943,20.56225,349.6147)
5.74886204496558 (0.308642953634262,1.79541015625,0.388878881931305) (0.2522313,1.787962,0.3806812) (287.1006,274.2667,129.8612) (0.1568404,1.58821,-0.0822349) (317.0899,19.85713,349.541)
6.87516086884805 (0.375109672546387,1.80407190322876,0.404173761606216) (0.308643,1.79541,0.3888789) (277.2346,251.8494,144.7692) (0.1920407,1.586101,-0.06218379) (316.2796,18.14759,350.3699)
8.22630840993723 (0.451827108860016,1.81023371219635,0.433219969272614) (0.3751097,1.804072,0.4041738) (276.283,131.8847,253.4594) (0.2323048,1.591776,-0.03655041) (314.6501,13.40313,353.0475)
5.50167793275398 (0.500153601169586,1.81076347827911,0.459509044885635) (0.4518271,1.810234,0.43322) (278.4483,106.4571,272.984) (0.2607945,1.593949,-0.01440439) (314.1682,7.980627,354.9739)
4.46241316367548 (0.537781476974487,1.80895364284515,0.483429342508316) (0.5001536,1.810763,0.459509) (280.1888,103.1341,272.7609) (0.2828474,1.600146,0.004117028) (314.801,3.658802,356.56)
4.9287175233327 (0.571273803710938,1.80108964443207,0.51872307062149) (0.5377815,1.808954,0.4834293) (285.654,91.44991,279.5143) (0.2995427,1.601593,0.020269) (315.8206,358.9669,359.1154)
4.17355559916029 (0.594065248966217,1.7891446352005,0.551582217216492) (0.5712738,1.80109,0.5187231) (289.9267,85.19659,281.5405) (0.3125407,1.602393,0.03407407) (317.2774,355.7025,359.5809)
3.26220165599072 (0.592984259128571,1.77341949939728,0.580143511295319) (0.5940652,1.789145,0.5515822) (291.7958,80.64706,283.4154) (0.3144207,1.600165,0.04676824) (318.9756,353.3468,359.6085)
4.06169139651499 (0.572400212287903,1.7547128200531,0.609742343425751) (0.5929843,1.773419,0.5801435) (294.2574,71.73721,288.5328) (0.3087374,1.596861,0.05357708) (320.9897,352.2918,359.4238)
6.26530923605629 (0.521943807601929,1.73327803611755,0.64007568359375) (0.5724002,1.754713,0.6097423) (294.0329,61.97514,292.6605) (0.2946978,1.592886,0.05661052) (322.7286,352.7785,359.0972)
9.11739996157186 (0.434670299291611,1.71029567718506,0.653031170368195) (0.5219438,1.733278,0.6400757) (289.5075,40.71479,307.2982) (0.272421,1.587328,0.05578444) (325.1473,355.0102,358.007)
11.3438565217906 (0.32539626955986,1.67985463142395,0.653946161270142) (0.4346703,1.710296,0.6530312) (285.4194,6.059919,336.737) (0.2427965,1.582403,0.05099902) (327.0249,358.1271,357.0721)
9.26844155954619 (0.24020704627037,1.6437121629715,0.65913450717926) (0.3253963,1.679855,0.6539462) (288.9307,336.1522,4.087387) (0.2072981,1.579308,0.0444584) (328.0418,1.099163,356.5386)
8.88867657818508 (0.163383543491364,1.59936726093292,0.6534304022789) (0.240207,1.643712,0.6591345) (298.0152,310.4457,34.06745) (0.1701539,1.576925,0.03569681) (326.3036,3.505409,355.86)
3.75188035307947 (0.137855380773544,1.5721116065979,0.65705019235611) (0.1633835,1.599367,0.6534304) (303.2289,309.0705,40.73831) (0.1383766,1.581054,0.02059364) (323.993,5.189695,356.0667)
1.77814523180227 (0.155592352151871,1.57336854934692,0.657052636146545) (0.1378554,1.572112,0.6570502) (301.8975,320.3062,35.66694) (0.118383,1.585308,0.005483844) (321.8322,6.598296,356.2605)
5.45626211167551 (0.197599872946739,1.60158360004425,0.636647760868073) (0.1555924,1.573369,0.6570526) (297.3784,328.9472,32.11847) (0.1118716,1.588857,-0.005377225) (320.5113,9.902729,355.2414)
7.23490544830955 (0.247569531202316,1.64720809459686,0.611038684844971) (0.1975999,1.601584,0.6366478) (291.7734,336.3568,28.94637) (0.1171257,1.589022,-0.01238016) (320.1696,12.65406,354.2779)
5.99533833098723 (0.290064454078674,1.68595409393311,0.594087660312653) (0.2475695,1.647208,0.6110387) (287.352,346.7818,20.12011) (0.1293206,1.588592,-0.01303708) (319.8264,12.82066,354.2099)
5.08344964160836 (0.331083804368973,1.71340262889862,0.581916511058807) (0.2900645,1.685954,0.5940877) (284.2185,5.462896,1.031938) (0.1517681,1.587649,-0.005066535) (319.305,10.04822,355.2688)
3.17769800282448 (0.360533803701401,1.72049653530121,0.591516017913818) (0.3310838,1.713403,0.5819165) (284.1464,16.99064,348.0219) (0.1738232,1.588306,0.007844736) (318.6338,3.900686,358.2589)
3.32520431654246 (0.380647957324982,1.71955633163452,0.617977976799011) (0.3605338,1.720497,0.591516) (285.3406,18.81878,344.0288) (0.1929131,1.589991,0.02347586) (319.0422,356.2798,0.7045534)
2.66745658459334 (0.381904512643814,1.71647965908051,0.644444704055786) (0.380648,1.719556,0.617978) (285.4762,12.48171,348.1656) (0.209238,1.589528,0.03900061) (320.438,349.6471,2.644211)
3.33387251616702 (0.35290253162384,1.7159423828125,0.660878419876099) (0.3819045,1.71648,0.6444447) (284.3467,358.6259,359.562) (0.2127693,1.585435,0.05470674) (323.8287,344.7389,3.33732)
5.91382467637468 (0.294342368841171,1.71278381347656,0.668498337268829) (0.3529025,1.715942,0.6608784) (283.9593,342.5156,12.16126) (0.1988992,1.576502,0.0697398) (329.8093,340.599,4.133032)
9.14090146591193 (0.205765768885612,1.69020545482636,0.668608605861664) (0.2943424,1.712784,0.6684983) (286.4466,324.0849,26.59303) (0.1688026,1.563172,0.08285522) (337.0575,337.6326,3.841997)
11.0035001755302 (0.106072917580605,1.64440250396729,0.660174906253815) (0.2057658,1.690205,0.6686086) (291.2307,308.4978,37.41636) (0.1271946,1.54816,0.09592006) (344.2834,336.9501,3.005397)
11.3744796822844 (0.0123811615630984,1.58262073993683,0.67868834733963) (0.1060729,1.644403,0.6601749) (298.0736,303.3572,38.4992) (0.08701684,1.537861,0.1053199) (348.6365,337.779,3.280009)
11.9193489608696 (-0.0731929242610931,1.51131641864777,0.721113085746765) (0.01238116,1.582621,0.6786883) (306.1307,306.2816,32.25054) (0.05459375,1.529988,0.1094453) (351.076,338.5634,3.479695)
9.20227636206561 (-0.138874113559723,1.44735538959503,0.729060232639313) (-0.07319292,1.511316,0.7211131) (313.4044,305.6246,32.76984) (0.02757191,1.528024,0.1085369) (352.0714,338.8946,3.501)
5.65975300473889 (-0.166123956441879,1.40839719772339,0.698352158069611) (-0.1388741,1.447355,0.7290602) (318.9969,309.1065,28.54935) (0.01141055,1.527485,0.1038551) (351.108,338.7694,3.63987)
2.97859169770568 (-0.148357197642326,1.40417945384979,0.674820184707642) (-0.166124,1.408397,0.6983522) (317.1588,314.0473,22.97401) (0.00465253,1.538574,0.09371073) (348.0029,338.8443,2.943344)
7.17975064915308 (-0.0798511430621147,1.40700697898865,0.653517425060272) (-0.1483572,1.404179,0.6748202) (312.1868,324.535,13.46618) (0.0143543,1.553662,0.07653511) (341.3995,343.4326,2.751455)
8.80297288642654 (0.00632074195891619,1.40616774559021,0.635547041893005) (-0.07985114,1.407007,0.6535174) (307.4016,335.1097,3.666335) (0.04511391,1.569298,0.06732403) (334.625,353.8437,2.995413)
11.4492064500554 (0.115887098014355,1.40730214118958,0.60234522819519) (0.006320742,1.406168,0.635547) (301.075,343.4937,358.6797) (0.0931439,1.581156,0.05730364) (328.7808,9.080279,0.3516567)
12.3284479529349 (0.230452463030815,1.43807303905487,0.568774521350861) (0.1158871,1.407302,0.6023452) (294.1831,351.1775,358.9218) (0.1381764,1.58437,0.0496785) (326.6643,21.16089,355.725)
12.2400944297513 (0.333269447088242,1.48705959320068,0.523930609226227) (0.2304525,1.438073,0.5687745) (286.6563,1.65326,357.0038) (0.1806356,1.582319,0.04859867) (327.2761,29.41013,351.9445)
10.2567086084127 (0.40564176440239,1.52971887588501,0.465088099241257) (0.3332694,1.48706,0.5239306) (278.8224,6.144669,355.8816) (0.2110232,1.579591,0.0506105) (327.0529,32.48977,351.5666)
7.63717182537117 (0.458013892173767,1.55818116664886,0.41734191775322) (0.4056418,1.529719,0.4650881) (271.6038,349.0518,13.61174) (0.2474001,1.583618,0.05305105) (325.1981,32.43555,351.6068)
7.21975878302389 (0.493677884340286,1.58823657035828,0.362230718135834) (0.4580139,1.558181,0.4173419) (275.6823,185.8438,174.107) (0.2725793,1.587563,0.05412663) (323.1518,29.44179,352.025)
4.51869703053845 (0.516859173774719,1.61126148700714,0.33101624250412) (0.4936779,1.588237,0.3622307) (281.2317,191.5947,167.7974) (0.2928954,1.589864,0.05402448) (322.1504,25.54881,352.7785)
4.04247680346291 (0.533566534519196,1.64805746078491,0.329975873231888) (0.5168592,1.611261,0.3310162) (284.282,191.2596,168.823) (0.31543,1.59491,0.05324595) (320.4053,21.47549,353.4548)
6.21992180871672 (0.549014210700989,1.70388722419739,0.35262867808342) (0.5335665,1.648057,0.3299759) (284.4034,196.7051,162.5085) (0.3417703,1.59907,0.0523556) (318.894,18.487,352.1892)
5.07461551989562 (0.557247817516327,1.74526369571686,0.380830943584442) (0.5490142,1.703887,0.3526287) (286.4585,192.2898,170.9713) (0.3655987,1.599222,0.05367123) (317.7687,15.5399,350.4679)
5.06977799922887 (0.559581458568573,1.77563500404358,0.42135751247406) (0.5572478,1.745264,0.3808309) (283.201,178.5145,182.6292) (0.3846091,1.599451,0.05676445) (316.6326,12.02219,349.0669)
6.20965911992058 (0.557086825370789,1.79681301116943,0.479677796363831) (0.5595815,1.775635,0.4213575) (279.8719,161.1279,197.9394) (0.3981222,1.599397,0.05695715) (317.167,8.481818,349.2616)
6.03635237037879 (0.544232726097107,1.80354714393616,0.538271129131317) (0.5570868,1.796813,0.4796778) (274.8296,132.577,224.4063) (0.4054759,1.597188,0.0591858) (317.7958,1.941438,349.7698)
4.0491107430929 (0.52946013212204,1.79427516460419,0.574813306331635) (0.5442327,1.803547,0.5382711) (276.349,56.4251,298.4304) (0.4004501,1.599311,0.05937313) (317.2754,351.6666,352.6151)
4.52044342636497 (0.536703944206238,1.77755784988403,0.616183578968048) (0.5294601,1.794275,0.5748133) (285.0916,37.53874,312.3924) (0.3897557,1.598275,0.05623333) (318.464,340.2421,355.5735)
2.17830527485186 (0.552368819713593,1.76514112949371,0.624840259552002) (0.5367039,1.777558,0.6161836) (289.8852,45.87854,302.9334) (0.3797324,1.595335,0.05329617) (320.3668,330.3337,357.2935)
5.07165392675713 (0.587437689304352,1.76568353176117,0.58820629119873) (0.5523688,1.765141,0.6248403) (289.9827,80.08941,275.1926) (0.368707,1.597397,0.05066388) (320.9358,320.637,0.4209317)
7.67031252262535 (0.619264721870422,1.78052771091461,0.520014941692352) (0.5874377,1.765684,0.5882063) (295.7845,116.4699,238.5995) (0.357541,1.596612,0.05234417) (322.7436,313.7957,2.438172)
9.95558411730558 (0.640966832637787,1.78619241714478,0.423018574714661) (0.6192647,1.780528,0.5200149) (306.7202,140.782,212.1449) (0.3491562,1.591439,0.05729521) (325.4506,312.0084,2.494401)
7.02871425383226 (0.634760439395905,1.7803989648819,0.353246092796326) (0.6409668,1.786192,0.4230186) (317.264,149.9715,202.0567) (0.3578511,1.596321,0.07260232) (321.7568,321.6909,0.4847209)
3.35891296139213 (0.612091541290283,1.77846884727478,0.328535258769989) (0.6347604,1.780399,0.3532461) (318.5863,153.1497,199.2871) (0.3641718,1.601889,0.08116962) (319.2457,330.2526,358.3913)
3.61478742986101 (0.576803088188171,1.78356277942657,0.334488898515701) (0.6120915,1.778469,0.3285353) (314.3901,155.5808,200.468) (0.366006,1.604008,0.08093466) (317.5061,335.4689,357.3272)
3.64684797782211 (0.545424580574036,1.79500079154968,0.349135100841522) (0.5768031,1.783563,0.3344889) (312.2527,158.6983,202.8758) (0.3518797,1.604821,0.07481455) (316.8521,335.8691,357.6511)
4.58940081041757 (0.504830300807953,1.80686461925507,0.366956830024719) (0.5454246,1.795001,0.3491351) (308.2274,163.0042,199.3323) (0.3317427,1.605862,0.06890608) (316.046,335.4109,358.5743)
6.34477797408596 (0.447673499584198,1.81953513622284,0.391414523124695) (0.5048303,1.806865,0.3669568) (303.1918,170.4773,193.9532) (0.3061513,1.604258,0.06465448) (315.3369,335.4039,359.1247)
6.36364015278754 (0.391492664813995,1.82472586631775,0.420848548412323) (0.4476735,1.819535,0.3914145) (299.1479,174.2436,190.6027) (0.2713918,1.602967,0.06203282) (314.9815,335.2062,0.1839169)
7.12126873905698 (0.336355119943619,1.82521307468414,0.465913623571396) (0.3914927,1.824726,0.4208485) (292.8023,170.0938,194.8389) (0.2339987,1.601504,0.06189202) (314.7454,335.3112,0.579968)
8.55985413907812 (0.280239403247833,1.81198608875275,0.529184341430664) (0.3363551,1.825213,0.4659136) (283.7589,146.7726,214.4118) (0.1799602,1.599197,0.06413712) (314.9945,334.0559,1.773966)
8.87262869988988 (0.227270692586899,1.78568744659424,0.595328509807587) (0.2802394,1.811986,0.5291843) (282.5731,89.01022,265.0441) (0.1292556,1.59494,0.06827191) (315.4269,332.0824,3.166114)
10.3325316457433 (0.169359967112541,1.74375939369202,0.669924139976501) (0.2272707,1.785687,0.5953285) (295.8544,46.33121,294.7899) (0.07965042,1.591699,0.07388029) (316.8285,330.3336,3.715097)
9.00954976798531 (0.102655485272408,1.71543443202972,0.723453640937805) (0.16936,1.743759,0.6699241) (303.8246,34.52778,293.9817) (0.03580292,1.591739,0.07882488) (318.3979,327.6846,4.642171)
7.96531051206085 (0.023775165900588,1.7055116891861,0.718549370765686) (0.1026555,1.715434,0.7234536) (302.7184,27.99577,296.6059) (0.0001047254,1.588674,0.08386433) (320.782,325.6417,4.178126)
7.75601279586923 (-0.0497416518628597,1.70432686805725,0.69386237859726) (0.02377517,1.705512,0.7185494) (300.3098,21.21847,297.6236) (-0.02971059,1.584253,0.08738474) (323.4477,324.6187,3.21752)
7.31944012746686 (-0.120588600635529,1.70432817935944,0.675474047660828) (-0.04974165,1.704327,0.6938624) (296.8401,14.44758,301.4954) (-0.05849509,1.579372,0.09037674) (325.6774,322.7585,3.5872)
7.6230319013737 (-0.195166155695915,1.70224857330322,0.659823954105377) (-0.1205886,1.704328,0.675474) (295.0471,7.394002,307.9514) (-0.08620475,1.574084,0.09365266) (327.879,321.4335,3.483959)
7.99849846329872 (-0.271864205598831,1.68766951560974,0.642432630062103) (-0.1951662,1.702249,0.659824) (294.4055,353.083,319.2365) (-0.1053323,1.568928,0.09867305) (329.6957,320.2183,3.24641)
8.52015216801237 (-0.351824045181274,1.66449153423309,0.624307930469513) (-0.2718642,1.68767,0.6424326) (294.9685,333.7476,336.6487) (-0.1172045,1.564498,0.1015338) (330.7709,318.87,3.046033)
8.76974274113368 (-0.430866986513138,1.6316454410553,0.605224251747131) (-0.351824,1.664492,0.6243079) (297.978,311.0325,356.7442) (-0.1268577,1.562224,0.1021646) (331.2686,317.2375,2.972948)
7.79585663240513 (-0.493490278720856,1.58827185630798,0.588653385639191) (-0.430867,1.631645,0.6052243) (303.6471,294.893,13.90466) (-0.1347491,1.558228,0.1012407) (332.2071,314.8748,2.773338)
6.44552986692891 (-0.52969092130661,1.53678822517395,0.574745297431946) (-0.4934903,1.588272,0.5886534) (310.1558,286.0887,22.02048) (-0.1366597,1.558374,0.09907991) (330.9174,314.7985,1.469098)
6.11442364079871 (-0.542698442935944,1.4807436466217,0.554046809673309) (-0.5296909,1.536788,0.5747453) (315.5955,283.7856,24.17652) (-0.136522,1.555775,0.09723957) (335.9922,315.6451,2.239181)
7.56502774456229 (-0.521341979503632,1.43269741535187,0.499655395746231) (-0.5426984,1.480744,0.5540468) (315.3379,280.5021,19.11998) (-0.1375272,1.54161,0.104004) (343.6825,318.2769,3.967951)
9.17918717784979 (-0.459087193012238,1.41095650196075,0.435800701379776) (-0.521342,1.432697,0.4996554) (308.7321,274.8004,19.80651) (-0.1210548,1.54626,0.1068217) (340.7081,323.1407,3.049875)
9.75080782026054 (-0.379504173994064,1.40061962604523,0.38041552901268) (-0.4590872,1.410957,0.4358007) (302.7715,270.2844,19.82269) (-0.09712136,1.557855,0.1024157) (337.0494,326.1505,2.197192)
9.73159090199626 (-0.29207968711853,1.41238856315613,0.339320063591003) (-0.3795042,1.40062,0.3804155) (299.3337,257.5192,35.28229) (-0.07396828,1.569534,0.09699128) (333.178,326.6738,1.593611)
10.9669508609522 (-0.185777336359024,1.43273532390594,0.321622014045715) (-0.2920797,1.412389,0.3393201) (292.6666,243.2938,53.35207) (-0.04352584,1.576832,0.09670241) (330.4876,332.6609,0.1802587)
11.2167297568315 (-0.0742309540510178,1.44318795204163,0.327067226171494) (-0.1857773,1.432735,0.321622) (284.9861,239.9407,58.77542) (-0.01034072,1.576325,0.1014035) (332.4763,339.2743,0.02507831)
9.12863491794145 (0.0139746377244592,1.44436085224152,0.350553303956985) (-0.07423095,1.443188,0.3270672) (280.9955,255.9127,51.10703) (0.02516068,1.570411,0.1060201) (333.419,341.031,0.33521)
7.67083521409968 (0.0876775681972504,1.44563686847687,0.371776431798935) (0.01397464,1.444361,0.3505533) (279.6516,269.9859,49.32594) (0.06894283,1.577171,0.1050293) (329.8125,344.2631,358.8438)
7.38364419689186 (0.159030944108963,1.45857167243958,0.357876539230347) (0.08767757,1.445637,0.3717764) (278.5688,248.1432,76.36243) (0.1132657,1.588316,0.1058917) (322.911,345.1938,358.7053)
7.380809755552 (0.229677364230156,1.47293794155121,0.342054754495621) (0.1590309,1.458572,0.3578765) (280.5647,206.2838,127.2334) (0.1529028,1.587262,0.1077746) (320.8649,345.4838,357.9218)
4.47148073984183 (0.267411112785339,1.48631250858307,0.361972063779831) (0.2296774,1.472938,0.3420548) (277.2857,193.5083,136.4507) (0.1805876,1.585576,0.1086266) (324.2475,342.6394,0.5044829)
3.09054940278654 (0.279786437749863,1.50430727005005,0.38383960723877) (0.2674111,1.486313,0.3619721) (278.6258,203.1038,129.9118) (0.1984624,1.583177,0.1095181) (325.171,341.4319,0.9111267)
4.23134812167735 (0.282758802175522,1.53704679012299,0.410480171442032) (0.2797864,1.504307,0.3838396) (281.301,197.3968,140.51) (0.2081403,1.584226,0.111208) (324.775,341.8224,0.7244803)
5.96362350022273 (0.262690871953964,1.58609628677368,0.437828034162521) (0.2827588,1.537047,0.4104802) (283.3069,197.7415,145.0299) (0.2108275,1.583373,0.1130804) (326.3304,342.2185,0.8867537)
7.45457724037992 (0.226355075836182,1.63899445533752,0.475756466388702) (0.2626909,1.586096,0.437828) (283.2775,198.1557,147.3866) (0.1997967,1.580273,0.1173512) (327.5382,343.8692,359.578)
5.69127643946241 (0.200410589575768,1.66586220264435,0.518699109554291) (0.2263551,1.638994,0.4757565) (280.1064,196.8909,151.4767) (0.1807147,1.578625,0.1172428) (328.468,345.6287,358.3846)
5.4033823130152 (0.175322651863098,1.67362368106842,0.56592208147049) (0.2004106,1.665862,0.5186991) (273.0233,192.3415,153.1561) (0.1554398,1.576509,0.1155576) (329.203,347.5176,357.3717)
6.24525450703129 (0.15147939324379,1.66566383838654,0.623092532157898) (0.1753227,1.673624,0.5659221) (275.9991,350.9337,354.5545) (0.1206898,1.575788,0.1118376) (328.7784,348.5475,357.2062)
2.46483937771415 (0.174288421869278,1.67084205150604,0.630869269371033) (0.1514794,1.665664,0.6230925) (275.7961,31.75663,327.2869) (0.08618565,1.57618,0.1075291) (328.7215,348.8812,356.7804)
9.21593910548421 (0.195597872138023,1.697105884552,0.545140206813812) (0.1742884,1.670842,0.6308693) (287.6049,122.8248,230.569) (0.05589303,1.576676,0.1061642) (329.1736,347.0717,359.0998)
8.47092290921415 (0.154509156942368,1.73536825180054,0.481710225343704) (0.1955979,1.697106,0.5451402) (290.2301,141.7039,206.4439) (0.03102872,1.573791,0.1068509) (330.9392,346.4096,359.3792)
12.5471223407391 (0.038449365645647,1.74326848983765,0.434691727161407) (0.1545092,1.735368,0.4817102) (288.0323,151.4058,178.6557) (0.01330704,1.569202,0.1088722) (333.3316,346.0432,359.8126)
18.457202534628 (-0.139326989650726,1.69663774967194,0.451661586761475) (0.03844937,1.743268,0.4346917) (279.3996,247.7422,69.9589) (0.0006522313,1.564811,0.1094256) (334.9807,347.0403,359.3128)
15.2603213509179 (-0.252768903970718,1.6114753484726,0.507929146289825) (-0.139327,1.696638,0.4516616) (293.8081,290.7444,34.15149) (-0.0118144,1.559759,0.108222) (337.4427,348.4596,357.8132)
9.93449857554196 (-0.250327736139297,1.55524814128876,0.58979469537735) (-0.2527689,1.611475,0.5079291) (303.2153,335.2051,351.7224) (-0.01901795,1.556771,0.1055722) (338.8691,349.3527,357.2647)
2.70551482451893 (-0.250576108694077,1.52948462963104,0.598050653934479) (-0.2503277,1.555248,0.5897947) (308.0673,339.3986,343.1375) (-0.01740364,1.557074,0.1029621) (339.1962,351.3075,357.8309)
8.63567780575636 (-0.191180765628815,1.49391424655914,0.64966881275177) (-0.2505761,1.529485,0.5980507) (311.401,1.121446,334.3456) (-0.005753882,1.557242,0.1033772) (340.3727,352.8327,358.4054)
3.02326929294092 (-0.193406015634537,1.46599900722504,0.638275682926178) (-0.1911808,1.493914,0.6496688) (316.8462,1.80502,328.0431) (0.02146133,1.56209,0.1058874) (337.0388,1.610804,356.9474)
18.1472749314535 (-0.265102982521057,1.46146059036255,0.471628427505493) (-0.193406,1.465999,0.6382757) (308.2443,288.682,29.68176) (0.05168401,1.569064,0.1076032) (333.6906,9.344885,355.927)
13.6416316692252 (-0.216317802667618,1.45383739471436,0.344461977481842) (-0.265103,1.461461,0.4716284) (312.523,256.3287,51.60428) (0.07355313,1.570529,0.1070165) (332.7678,13.32485,354.7066)
13.2096497372275 (-0.0959600806236267,1.48110496997833,0.297345280647278) (-0.2163178,1.453837,0.344462) (307.6757,243.5135,74.25502) (0.09442289,1.571055,0.1037067) (332.0995,15.85273,353.933)
19.1946801065245 (0.082611620426178,1.54389250278473,0.329179972410202) (-0.09596008,1.481105,0.2973453) (287.743,216.1389,113.8555) (0.1205753,1.572037,0.1054342) (331.8023,16.82988,354.0706)
17.7123610671714 (0.232079908251762,1.59783828258514,0.40742227435112) (0.08261162,1.543893,0.32918) (285.9913,139.7669,203.381) (0.1564707,1.572413,0.1097028) (332.2961,17.36931,353.9086)
14.1876431929622 (0.298798888921738,1.64170837402344,0.524695098400116) (0.2320799,1.597838,0.4074223) (279.3356,88.29955,256.4457) (0.2038075,1.571587,0.1153946) (334.973,21.39596,351.7093)
10.9719409473403 (0.349383741617203,1.63865327835083,0.622009992599487) (0.2987989,1.641708,0.5246951) (286.6986,27.31164,323.4365) (0.2570294,1.560928,0.1243551) (340.592,27.97945,349.7571)
12.12780477884 (0.451532661914825,1.58065783977509,0.652184367179871) (0.3493837,1.638653,0.62201) (300.339,41.42543,305.9996) (0.3079382,1.545341,0.1372747) (348.6351,32.46457,350.7993)
13.2250217706392 (0.559694290161133,1.50471067428589,0.647366583347321) (0.4515327,1.580658,0.6521844) (308.5814,55.98565,299.0475) (0.3432654,1.533932,0.1442788) (354.4042,34.10374,353.3279)
17.1909580908809 (0.696316480636597,1.40038192272186,0.649038255214691) (0.5596943,1.504711,0.6473666) (323.0113,69.28516,298.4453) (0.3763804,1.525877,0.1494823) (357.879,34.87289,354.8207)
13.7847955763885 (0.766863107681274,1.28372418880463,0.669439375400543) (0.6963165,1.400382,0.6490383) (343.6116,69.37973,304.7713) (0.3942983,1.524377,0.1542279) (357.8735,32.1953,354.8823)
5.73196133485971 (0.71015864610672,1.27912199497223,0.662442088127136) (0.7668631,1.283724,0.6694394) (338.273,54.90814,310.6033) (0.3923046,1.540069,0.1587333) (351.595,21.63322,353.0233)
12.6969107150511 (0.592931926250458,1.30142247676849,0.619063079357147) (0.7101586,1.279122,0.6624421) (320.288,31.75818,319.6899) (0.3628904,1.561323,0.1542489) (343.3729,5.376891,352.3411)
11.2767570051412 (0.505110621452332,1.29086065292358,0.54911744594574) (0.5929319,1.301422,0.6190631) (309.8539,13.36802,325.9647) (0.3351953,1.56918,0.1377258) (340.3926,351.1935,354.5428)
7.45071799866855 (0.454552173614502,1.25645542144775,0.506556391716003) (0.5051106,1.290861,0.5491174) (305.8775,359.7705,332.7331) (0.3156563,1.570641,0.1271608) (338.1101,342.9585,356.7738)
4.86691908972818 (0.421865969896317,1.22450292110443,0.489842921495438) (0.4545522,1.256455,0.5065564) (306.4064,351.0086,342.0687) (0.3050742,1.571449,0.1202458) (337.6272,341.2228,358.1084)
4.38418528266815 (0.386519432067871,1.21696555614471,0.465025216341019) (0.421866,1.224503,0.4898429) (306.7313,348.5841,337.4798) (0.285482,1.571047,0.1151881) (338.1465,336.6014,359.5794)
4.94999884039605 (0.347613722085953,1.21975588798523,0.434548854827881) (0.3865194,1.216966,0.4650252) (303.5557,339.3891,342.7914) (0.2501211,1.55672,0.1119744) (345.8174,330.9514,1.788675)
4.98182210166623 (0.306993007659912,1.22847604751587,0.407057553529739) (0.3476137,1.219756,0.4345489) (301.4952,332.2026,347.0707) (0.2066585,1.525679,0.115547) (358.8353,329.8334,3.844723)
4.11037729229349 (0.270540535449982,1.22772204875946,0.388079434633255) (0.306993,1.228476,0.4070576) (302.4292,330.5021,345.5257) (0.1576572,1.495389,0.1140996) (10.24411,328.9516,4.875827)
4.59670526136453 (0.229126244783401,1.21921980381012,0.370036751031876) (0.2705405,1.227722,0.3880794) (303.7883,325.0408,350.9437) (0.09869815,1.48341,0.11116) (14.8564,328.3665,5.694808)
4.88077399976552 (0.182031154632568,1.21283674240112,0.358923494815826) (0.2291262,1.21922,0.3700368) (307.2278,325.7827,350.6383) (0.03532143,1.46948,0.1042101) (18.54418,326.2159,5.518404)
6.16156713856162 (0.12305174022913,1.21140134334564,0.341151058673859) (0.1820312,1.212837,0.3589235) (308.3433,325.0506,349.0214) (-0.01965232,1.460268,0.09655967) (20.32401,323.7379,4.701038)
6.36316705689112 (0.061823233962059,1.20186948776245,0.326687186956406) (0.1230517,1.211401,0.3411511) (309.2674,320.5257,351.9143) (-0.06163164,1.458578,0.08612388) (20.48267,320.6601,3.829197)
5.95986883895789 (0.00582914706319571,1.19972097873688,0.306388169527054) (0.06182323,1.201869,0.3266872) (310.481,318.0605,350.452) (-0.08648873,1.465797,0.07230455) (19.99836,318.183,2.76304)
4.26210504431286 (-0.0308114793151617,1.20432472229004,0.285108506679535) (0.005829147,1.199721,0.3063882) (309.6198,314.2334,350.873) (-0.09960647,1.485373,0.06145006) (13.22158,318.0696,1.993978)
2.3589126442837 (-0.0505603030323982,1.20194280147552,0.272429496049881) (-0.03081148,1.204325,0.2851085) (309.9441,311.2684,352.4927) (-0.09968622,1.518455,0.05483346) (1.265488,321.7542,3.010553)
0.733404681302198 (-0.0564784146845341,1.19957363605499,0.268803030252457) (-0.0505603,1.201943,0.2724295) (310.7438,310.1623,354.2422) (-0.08669411,1.541065,0.05163783) (352.0342,327.2349,3.585624)
1.02437672308168 (-0.0531136691570282,1.2092490196228,0.268788486719131) (-0.05647841,1.199574,0.268803) (309.8795,313.196,354.6509) (-0.0700053,1.55681,0.04699624) (342.769,331.5157,1.057406)
2.92107802835884 (-0.0244077630341053,1.20953071117401,0.274188607931137) (-0.05311367,1.209249,0.2687885) (308.7723,319.2892,352.2504) (-0.0390491,1.572474,0.03747974) (334.4872,335.0735,357.5513)
3.88237550784226 (0.012387809343636,1.19892621040344,0.280585050582886) (-0.02440776,1.209531,0.2741886) (309.6254,324.9408,349.0336) (-0.002870012,1.577718,0.02675715) (330.7676,338.8681,355.5529)
6.42068222035728 (0.0717352628707886,1.17678225040436,0.291075080633163) (0.01238781,1.198926,0.2805851) (309.8489,331.1118,344.7449) (0.0349254,1.57544,0.02094071) (330.0275,340.3502,355.2933)
5.45877833706523 (0.120962165296078,1.1544234752655,0.298599928617477) (0.07173526,1.176782,0.2910751) (309.0535,334.5394,341.4853) (0.07246495,1.575876,0.02040149) (329.4258,341.3446,355.9445)
4.78594167910228 (0.168406501412392,1.15697300434113,0.292850255966187) (0.1209622,1.154423,0.2985999) (308.2552,337.1874,340.1762) (0.1170101,1.577041,0.01915138) (329.1939,345.8824,355.9391)
5.25033882141651 (0.216566056013107,1.15959751605988,0.272104769945145) (0.1684065,1.156973,0.2928503) (309.0817,341.4615,338.3743) (0.1637232,1.573805,0.01981578) (330.6773,352.4796,355.5798)
5.44802421464467 (0.262179017066956,1.15327513217926,0.242991507053375) (0.2165661,1.159598,0.2721048) (310.5802,343.2868,338.1567) (0.2023931,1.566108,0.01992296) (333.3544,356.2758,356.003)
4.82633464707476 (0.304376900196075,1.13934099674225,0.224162563681602) (0.262179,1.153275,0.2429915) (312.7406,344.7163,338.5474) (0.2279304,1.561417,0.01923915) (336.6967,358.2101,356.3467)
4.00110582805769 (0.341831386089325,1.13187658786774,0.212232396006584) (0.3043769,1.139341,0.2241626) (315.4276,348.364,336.8329) (0.2426731,1.561103,0.01475809) (338.777,358.702,358.3329)
1.95182709558339 (0.359910756349564,1.13636183738709,0.206403002142906) (0.3418314,1.131877,0.2122324) (314.7651,349.2503,335.3369) (0.2482485,1.556699,0.0104649) (340.9271,356.0764,1.454505)
1.45556114278138 (0.370697528123856,1.14149761199951,0.214717760682106) (0.3599108,1.136362,0.206403) (313.6006,348.5853,336.0276) (0.2437041,1.556572,0.002257616) (341.2405,353.4323,1.17763)
0.436462982533962 (0.369244486093521,1.14417433738709,0.217844069004059) (0.3706975,1.141498,0.2147178) (314.3438,349.9261,332.4154) (0.2320952,1.557927,-0.00180818) (341.3057,350.8238,0.8010922)
1.64426229765051 (0.353877246379852,1.14448511600494,0.223684549331665) (0.3692445,1.144174,0.2178441) (314.4312,345.9047,334.0998) (0.2132978,1.558004,-0.002555295) (341.9796,347.0746,1.346226)
2.87671423134895 (0.325608998537064,1.14040350914001,0.227118954062462) (0.3538772,1.144485,0.2236845) (314.9553,341.8207,335.4173) (0.1875226,1.552541,-0.002788468) (343.7288,344.0244,1.744533)
3.35309341510784 (0.292287021875381,1.13774085044861,0.229741871356964) (0.325609,1.140404,0.227119) (315.011,339.7769,335.6197) (0.156216,1.551289,-0.005938991) (344.7714,342.093,3.286145)
3.62656039035165 (0.256400763988495,1.13787460327148,0.234971851110458) (0.292287,1.137741,0.2297419) (314.6997,338.337,336.1075) (0.1164149,1.556155,-0.007237746) (341.5365,340.2473,3.089984)
5.15868441489768 (0.205313324928284,1.13757050037384,0.242126122117043) (0.2564008,1.137875,0.2349719) (314.5462,336.2058,336.5092) (0.07559317,1.5635,-0.01182346) (336.4804,339.5254,0.8668491)
5.36711103669195 (0.151764810085297,1.13559329509735,0.245165109634399) (0.2053133,1.137571,0.2421261) (313.9736,332.9577,339.2458) (0.03550005,1.567813,-0.01322407) (333.2795,339.9583,359.6928)
3.80572088859989 (0.113822370767593,1.13452124595642,0.247917056083679) (0.1517648,1.135593,0.2451651) (314.1068,333.4488,338.4856) (-0.005528875,1.563064,-0.01146781) (335.7532,338.745,359.8846)
4.40845753194807 (0.0698728710412979,1.13230049610138,0.24527895450592) (0.1138224,1.134521,0.2479171) (312.4076,336.5796,332.3355) (-0.04114673,1.551404,-0.01135209) (339.2901,336.3298,1.118357)
3.57017053223323 (0.0342843867838383,1.13075721263886,0.242893621325493) (0.06987287,1.1323,0.245279) (312.2405,336.2781,333.3959) (-0.06792899,1.54778,-0.0096139) (343.0291,333.5781,2.469887)
2.22001547204313 (0.0120893120765686,1.13033223152161,0.242681622505188) (0.03428439,1.130757,0.2428936) (314.4232,338.6486,331.3907) (-0.08779689,1.539579,-0.007528975) (345.737,332.4842,2.132006)
2.31718738384943 (-0.0110561177134514,1.12988579273224,0.241668939590454) (0.01208931,1.130332,0.2426816) (315.7568,336.1652,334.1679) (-0.09968463,1.540667,-0.009076065) (344.3815,333.8324,2.132265)
1.11791034333609 (-0.022208709269762,1.12911951541901,0.241738826036453) (-0.01105612,1.129886,0.2416689) (318.7032,331.2504,339.7537) (-0.1063491,1.545321,-0.008163842) (343.696,334.763,2.640025)
0.464375384709794 (-0.0265390779823065,1.12921249866486,0.243413254618645) (-0.02220871,1.12912,0.2417388) (317.1205,334.3117,337.9356) (-0.1083703,1.550748,-0.007489695) (340.6411,335.5247,0.9833708)
0.212095674686924 (-0.0269813574850559,1.12933969497681,0.245483681559563) (-0.02653908,1.129212,0.2434133) (316.4562,339.7191,334.0938) (-0.09723984,1.556623,-0.009998052) (338.5834,339.2855,358.8272)
2.11390976860388 (-0.00604022247716784,1.12889981269836,0.242631167173386) (-0.02698136,1.12934,0.2454837) (317.8068,336.8264,329.9035) (-0.08430284,1.557811,-0.01134521) (339.785,340.4595,359.3316)
1.26088680892931 (0.00607658643275499,1.12989187240601,0.239287167787552) (-0.006040222,1.1289,0.2426312) (315.9566,341.7043,324.434) (-0.07465178,1.555331,-0.01392993) (339.883,338.0716,359.8337)
0.892902672558836 (0.0144845247268677,1.13068425655365,0.236387819051743) (0.006076586,1.129892,0.2392872) (310.5315,354.3527,312.8383) (-0.05725932,1.554651,-0.02337018) (339.2846,335.8186,358.7261)
2.15304288334714 (0.0304203387349844,1.13207769393921,0.221977144479752) (0.01448452,1.130684,0.2363878) (296.9116,7.435678,300.8791) (-0.02894241,1.557952,-0.03428187) (338.3005,336.2755,357.2481)
30.5751101085794 (0.152151510119438,1.40702986717224,0.277353703975677) (0.03042034,1.132078,0.2219771) (292.9584,33.55086,272.1827) (0.0162571,1.567102,-0.04260786) (334.5495,342.3504,351.9213)
1.89643105207353 (0.156454458832741,1.38885819911957,0.274049133062363) (0.1521515,1.40703,0.2773537) (297.9028,19.52255,279.5906) (0.05751195,1.572683,-0.05235666) (330.4066,344.9588,349.9756)
7.33942127967591 (0.223130524158478,1.41603469848633,0.259820610284805) (0.1564545,1.388858,0.2740491) (292.0574,25.09053,274.931) (0.08672795,1.576068,-0.0578264) (329.9127,335.2713,358.0053)
10.2919932329491 (0.314684569835663,1.45844101905823,0.280120193958282) (0.2231305,1.416035,0.2598206) (299.1834,54.03725,250.6596) (0.1274588,1.572248,-0.05870862) (332.1137,332.0464,357.9591)
4.02449362301864 (0.303135722875595,1.42155313491821,0.291325688362122) (0.3146846,1.458441,0.2801202) (299.0903,22.98315,273.6141) (0.1639448,1.568016,-0.0556509) (332.8032,335.6877,352.8422)
9.37895925608574 (0.25278827548027,1.43650949001312,0.213621571660042) (0.3031357,1.421553,0.2913257) (285.8011,323.541,326.4285) (0.182983,1.574396,-0.05896574) (332.6311,336.4394,352.4372)
8.15355976408678 (0.333430975675583,1.43318772315979,0.202055469155312) (0.2527883,1.436509,0.2136216) (283.0759,29.48378,258.5985) (0.1966744,1.574842,-0.06288962) (332.5369,333.6265,354.1863)
7.54188356217829 (0.394287437200546,1.45522785186768,0.24076883494854) (0.333431,1.433188,0.2020555) (303.0301,34.44199,255.7754) (0.2245794,1.5689,-0.06009962) (334.5871,336.0115,352.028)
8.0824840877393 (0.314476519823074,1.46130502223969,0.229546517133713) (0.3942874,1.455228,0.2407688) (303.6581,358.6183,281.8692) (0.2413088,1.565496,-0.06026451) (334.9811,337.8435,350.3918)
8.85834184897849 (0.291969776153564,1.42261278629303,0.153104513883591) (0.3144765,1.461305,0.2295465) (293.2754,319.0997,320.9646) (0.243187,1.573118,-0.06054308) (330.7919,337.2495,349.726)
7.9487066067727 (0.369346886873245,1.40526950359344,0.14761021733284) (0.2919698,1.422613,0.1531045) (281.3576,335.7167,318.4408) (0.2397155,1.57433,-0.06208458) (329.8162,333.9583,351.1041)
10.3169987266234 (0.440974682569504,1.39205348491669,0.220677599310875) (0.3693469,1.40527,0.1476102) (306.9538,34.79911,254.9876) (0.2369825,1.573279,-0.06047715) (331.2295,334.4475,350.3292)
5.94526491892725 (0.385476350784302,1.38419282436371,0.240495845675468) (0.4409747,1.392053,0.2206776) (303.1039,17.02753,274.8557) (0.2327853,1.575963,-0.05612151) (328.4152,335.718,349.8678)
7.00080049620634 (0.330004274845123,1.35404586791992,0.210244715213776) (0.3854764,1.384193,0.2404958) (297.0289,342.2117,305.3393) (0.2157163,1.583088,-0.05042802) (324.4557,338.4428,348.2991)
4.47088996505499 (0.341470509767532,1.31280052661896,0.223137855529785) (0.3300043,1.354046,0.2102447) (304.2818,353.0913,299.0685) (0.1770856,1.581208,-0.03763675) (326.7184,335.6289,352.3073)
5.83878785965469 (0.362069606781006,1.2716429233551,0.259066581726074) (0.3414705,1.312801,0.2231379) (322.239,3.577228,288.2455) (0.1381237,1.563652,-0.01688904) (333.0109,333.4091,354.9452)
4.06089925088992 (0.344714164733887,1.24936604499817,0.288249105215073) (0.3620696,1.271643,0.2590666) (322.2539,3.437195,296.985) (0.09692128,1.548541,0.005149783) (338.1375,332.6171,356.8177)
4.01584334280089 (0.306034743785858,1.25064992904663,0.298970758914948) (0.3447142,1.249366,0.2882491) (317.732,2.327117,298.7847) (0.05819733,1.535764,0.02669582) (342.8445,332.9094,358.1317)
2.94321419931194 (0.279952108860016,1.26027143001556,0.308633774518967) (0.3060347,1.25065,0.2989708) (314.6612,3.758908,299.644) (0.02333988,1.528499,0.04681229) (347.0545,334.4955,358.6233)
1.22209051053166 (0.269320249557495,1.26115250587463,0.314595133066177) (0.2799521,1.260271,0.3086338) (316.1685,9.082753,297.7434) (-0.004906744,1.531606,0.05696969) (345.3234,338.8218,357.6528)
2.3676519863987 (0.251694053411484,1.24806225299835,0.305732846260071) (0.2693202,1.261153,0.3145951) (320.0465,10.35359,298.8927) (-0.01287759,1.547455,0.05296252) (339.0665,344.4617,357.058)
1.46609801793734 (0.259669899940491,1.24108231067657,0.295603156089783) (0.2516941,1.248062,0.3057328) (322.2379,17.24581,297.8545) (-0.0165572,1.553423,0.04644775) (338.0423,346.9771,356.0037)
1.24940575878508 (0.271846145391464,1.2436466217041,0.294478505849838) (0.2596699,1.241082,0.2956032) (321.4796,24.5483,299.5151) (-0.02967165,1.561593,0.04262542) (335.1706,344.3861,357.2745)
2.66997925580174 (0.288513004779816,1.22993171215057,0.310194611549377) (0.2718461,1.243647,0.2944785) (319.8688,24.07723,309.3229) (-0.03522852,1.562638,0.04309297) (335.6815,345.7689,356.5026)
1.23955872515647 (0.284155279397964,1.22390186786652,0.300279885530472) (0.288513,1.229932,0.3101946) (321.9428,25.53489,309.5269) (-0.02300408,1.55775,0.04523623) (337.1253,351.6245,355.6113)
5.78343283594663 (0.31931808590889,1.21960508823395,0.254564195871353) (0.2841553,1.223902,0.3002799) (323.0595,32.1095,306.9297) (0.005810402,1.555151,0.04308191) (339.3017,0.3202432,355.4129)
5.49787798335404 (0.281393378973007,1.25725924968719,0.241658881306648) (0.3193181,1.219605,0.2545642) (328.3701,37.48714,308.6271) (0.02872863,1.553131,0.03728539) (339.6056,2.714601,355.5556)
1.08773530690031 (0.285675644874573,1.26721942424774,0.242538616061211) (0.2813934,1.257259,0.2416589) (332.7327,38.52083,309.5484) (0.05374929,1.553064,0.02857392) (339.2129,359.8307,356.8614)
2.14206345595391 (0.305371850728989,1.2740865945816,0.237665727734566) (0.2856756,1.267219,0.2425386) (331.1859,40.58403,307.3264) (0.07879522,1.55894,0.02253696) (335.8652,355.7533,358.9211)
7.86603691931614 (0.380567103624344,1.25811302661896,0.220993205904961) (0.3053719,1.274087,0.2376657) (329.1219,47.55182,308.8935) (0.1164014,1.571993,0.007942551) (329.5707,349.873,359.8238)
7.9343134316453 (0.45131117105484,1.22385466098785,0.210177734494209) (0.3805671,1.258113,0.2209932) (331.2704,51.44984,309.4802) (0.141794,1.569088,-0.002115025) (331.1784,344.5285,359.8135)
7.0494910833561 (0.5127774477005,1.18955445289612,0.214041069149971) (0.4513112,1.223855,0.2101777) (335.9098,52.17829,308.9594) (0.1648354,1.56051,-0.005525692) (334.0356,339.5324,359.5341)
3.61327829647137 (0.543958723545074,1.178102850914,0.228259608149529) (0.5127774,1.189554,0.2140411) (336.2511,52.22543,308.1631) (0.1840275,1.561453,-0.006505723) (336.7106,338.8364,358.4566)
4.96105488807364 (0.519126176834106,1.22008264064789,0.237328708171844) (0.5439587,1.178103,0.2282596) (336.1487,49.95918,306.8773) (0.2070437,1.556373,-0.002534627) (341.4301,342.6097,359.1772)
7.53092850702334 (0.468274354934692,1.27558159828186,0.239662528038025) (0.5191262,1.220083,0.2373287) (332.3747,46.95689,303.752) (0.231846,1.549595,0.0002697716) (344.3395,349.4842,358.3484)
6.85837561057578 (0.413928806781769,1.31734788417816,0.23723965883255) (0.4682744,1.275582,0.2396625) (329.5967,44.90795,302.607) (0.2452536,1.545302,0.001578399) (347.7927,353.4303,357.7132)
5.99170088619811 (0.434749662876129,1.26320123672485,0.252229005098343) (0.4139288,1.317348,0.2372397) (331.1362,41.58564,302.8974) (0.2464126,1.542102,0.003248491) (349.5307,354.4808,358.8325)
6.04456692755276 (0.467125833034515,1.21396458148956,0.265690594911575) (0.4347497,1.263201,0.252229) (331.9904,38.85615,304.542) (0.238589,1.541142,0.005409383) (349.8044,353.5478,359.5529)
1.08080106841361 (0.474910140037537,1.20663905143738,0.26409238576889) (0.4671258,1.213965,0.2656906) (332.6786,40.23966,303.3546) (0.2220451,1.542066,0.005347387) (349.8028,352.6655,359.5268)
1.26936163307983 (0.468150019645691,1.21437001228333,0.256631761789322) (0.4749101,1.206639,0.2640924) (331.6561,40.93557,302.4789) (0.1966495,1.53479,0.008949325) (352.4471,352.6913,0.0750756)
2.11042668143475 (0.452060759067535,1.2264392375946,0.250239610671997) (0.46815,1.21437,0.2566318) (328.8849,40.81944,303.7156) (0.1610451,1.513262,0.01670679) (1.059649,352.8189,1.240927)
1.53727559833072 (0.436725676059723,1.22721028327942,0.249489709734917) (0.4520608,1.226439,0.2502396) (328.64,42.06881,304.0113) (0.1188175,1.492341,0.0267586) (9.330829,353.596,2.458065)
4.46907236789617 (0.393573939800262,1.23671722412109,0.242795944213867) (0.4367257,1.22721,0.2494897) (327.8014,42.1272,305.3932) (0.07599056,1.478463,0.04211295) (15.26516,354.8147,2.555282)
4.88183362088226 (0.345705032348633,1.24589586257935,0.240048170089722) (0.3935739,1.236717,0.2427959) (328.3828,41.64936,306.6805) (0.03989483,1.465977,0.05201633) (18.83409,356.2731,2.817435)
3.24939284936608 (0.313612252473831,1.25094699859619,0.23941969871521) (0.345705,1.245896,0.2400482) (327.4978,39.85476,308.0349) (0.01087803,1.45992,0.05829035) (19.97872,357.4152,3.485777)
2.06280173949999 (0.294644445180893,1.2557737827301,0.232905134558678) (0.3136123,1.250947,0.2394197) (326.3497,40.28548,307.77) (-0.009401169,1.46366,0.06054222) (18.34416,357.7096,3.8052)
1.68948146175062 (0.280464887619019,1.26156687736511,0.225776672363281) (0.2946444,1.255774,0.2329051) (325.4431,39.9218,308.9454) (-0.02172949,1.491371,0.06566267) (7.777689,358.8838,2.900542)
0.674092158229346 (0.275711357593536,1.26165723800659,0.220997989177704) (0.2804649,1.261567,0.2257767) (325.1649,41.41273,309.9655) (-0.03212299,1.506947,0.06076301) (2.849006,359.3348,2.315423)
0.865983360658736 (0.273650258779526,1.25325775146484,0.220558419823647) (0.2757114,1.261657,0.220998) (325.72,42.82442,309.5943) (-0.03764883,1.50868,0.05836339) (2.650178,0.1046439,2.339728)
0.365145912367299 (0.270707130432129,1.2512731552124,0.219702541828156) (0.2736503,1.253258,0.2205584) (324.1542,43.10299,309.6804) (-0.03881533,1.508652,0.05838868) (3.23219,0.6765205,1.970801)
0.665956084636723 (0.264419287443161,1.25341653823853,0.219234898686409) (0.2707071,1.251273,0.2197025) (323.0756,43.1918,309.7561) (-0.03974597,1.499986,0.06119279) (5.061189,1.529498,2.41288)
0.389346793103521 (0.262701600790024,1.25689494609833,0.219565540552139) (0.2644193,1.253417,0.2192349) (323.0567,43.19376,309.757) (-0.02863818,1.497255,0.07056578) (357.7675,3.382227,1.137885)
0.394782966218102 (0.264006972312927,1.26059079170227,0.219094276428223) (0.2627016,1.256895,0.2195655) (322.4443,43.65389,309.1492) (-0.01868413,1.494251,0.08560662) (342.6109,3.05874,0.277024)
0.974228484168079 (0.27371534705162,1.26128661632538,0.218675464391708) (0.264007,1.260591,0.2190943) (322.3617,43.97457,308.5643) (-0.003303857,1.482174,0.1434752) (294.3537,6.18676,354.0943)
Average= 6.18642843570134
Max= 53.6235853968148
Standard Deviation= 5.87120291307525
Right: 13    Wrong: 0
0
1.7637630318302 (0.291347086429596,1.26149487495422,0.219080924987793) (0.2737153,1.261287,0.2186755) (322.9976,44.31165,307.1282) (0.01724187,1.490957,0.1395594) (286.7216,10.27001,350.1997)
3.78880381815066 (0.327679634094238,1.25171363353729,0.223528027534485) (0.2913471,1.261495,0.2190809) (322.7244,44.0489,306.7481) (0.05832347,1.496407,0.1414544) (278.202,12.93766,348.969)
3.58616225343163 (0.363112807273865,1.24677324295044,0.2210503667593) (0.3276796,1.251714,0.223528) (323.3041,43.82608,306.3481) (0.09655426,1.497307,0.1391706) (278.7675,17.05032,345.9059)
3.71090246602317 (0.398583024740219,1.24422645568848,0.210445776581764) (0.3631128,1.246773,0.2210504) (323.6363,44.30444,305.8787) (0.1386392,1.498024,0.1342884) (279.1462,21.11203,341.7272)
4.12960451133775 (0.435978293418884,1.23211812973022,0.197783008217812) (0.398583,1.244226,0.2104458) (325.0334,44.92994,306.1049) (0.176612,1.496895,0.1309967) (279.7858,23.04894,339.3783)
3.96055730922729 (0.470174938440323,1.21512925624847,0.187267825007439) (0.4359783,1.232118,0.197783) (327.6265,45.11658,307.6979) (0.2072392,1.495129,0.1240633) (282.4145,18.09253,343.9005)
2.85505262710006 (0.495230883359909,1.20493173599243,0.178138598799706) (0.4701749,1.215129,0.1872678) (329.7637,44.32848,309.4301) (0.2316465,1.489402,0.1125085) (288.3571,10.07869,351.2675)
1.56045778845291 (0.510217130184174,1.20760774612427,0.174710154533386) (0.4952309,1.204932,0.1781386) (330.5636,42.81927,310.594) (0.2477529,1.483688,0.09538604) (299.1821,5.406229,354.9032)
1.43114480713532 (0.524093806743622,1.20450305938721,0.176327660679817) (0.5102171,1.207608,0.1747102) (330.6494,41.96346,310.5196) (0.2577555,1.48846,0.09514207) (295.505,6.07573,353.2978)
0.752570586933662 (0.529264867305756,1.19975352287292,0.17903658747673) (0.5240938,1.204503,0.1763277) (330.5023,41.21095,309.7065) (0.2644543,1.491778,0.09221208) (294.7444,6.112203,352.8535)
2.12514689604376 (0.533664524555206,1.17935645580292,0.183064937591553) (0.5292649,1.199754,0.1790366) (330.3204,40.6999,309.7212) (0.2696467,1.493353,0.0944602) (294.1808,5.704112,352.899)
0.714982287746048 (0.53255158662796,1.17630410194397,0.189433962106705) (0.5336645,1.179356,0.1830649) (330.9741,39.6163,310.3583) (0.2710028,1.49852,0.09757349) (292.4286,5.786199,352.3451)
2.09154334210666 (0.520840048789978,1.18224990367889,0.205711022019386) (0.5325516,1.176304,0.189434) (331.6623,38.20715,311.65) (0.2647964,1.50654,0.1005485) (290.277,7.214319,350.0086)
2.60717528450239 (0.503121793270111,1.18351566791534,0.224794983863831) (0.52084,1.18225,0.205711) (332.6232,35.30997,312.2187) (0.2532141,1.515626,0.09970136) (287.8253,6.368825,347.9696)
2.52145218007791 (0.483483165502548,1.18598484992981,0.240415468811989) (0.5031218,1.183516,0.224795) (331.1679,31.04011,312.4935) (0.2358677,1.529708,0.09533428) (285.1508,14.37385,334.7102)
4.94336248000033 (0.45751166343689,1.21201717853546,0.273453056812286) (0.4834832,1.185985,0.2404155) (329.0383,28.12437,312.4002) (0.2079119,1.550369,0.08352622) (281.5053,27.24207,310.4609)
6.94039766228495 (0.407937496900558,1.23763287067413,0.314722299575806) (0.4575117,1.212017,0.2734531) (330.3249,25.18445,311.7491) (0.1823885,1.570363,0.06337789) (279.1346,47.15115,281.004)
5.64451288435294 (0.36171218752861,1.26099324226379,0.337162584066391) (0.4079375,1.237633,0.3147223) (331.2349,24.01265,311.2856) (0.1682577,1.579791,0.04643711) (278.0617,60.55721,262.8022)
1.78959623243035 (0.344801992177963,1.26655185222626,0.339009910821915) (0.3617122,1.260993,0.3371626) (331.9813,22.54105,312.0157) (0.1623482,1.584112,0.03761973) (277.0122,69.41702,252.82)
0.894630959767 (0.340212225914001,1.27366626262665,0.341900527477264) (0.344802,1.266552,0.3390099) (329.9325,22.45708,314.3111) (0.1578602,1.583937,0.03488757) (275.9759,67.5723,254.6006)
0.113401714635271 (0.340295523405075,1.27272963523865,0.342534393072128) (0.3402122,1.273666,0.3419005) (332.5727,24.6104,313.0153) (0.1551059,1.583587,0.03843571) (276.1229,70.69569,252.7344)
0.119896854362184 (0.341134190559387,1.27253615856171,0.343369096517563) (0.3402955,1.27273,0.3425344) (332.613,24.7281,312.9142) (0.1517453,1.582601,0.04055186) (275.6934,74.55309,249.1074)
1.02340278390738 (0.335637032985687,1.26563990116119,0.338176965713501) (0.3411342,1.272536,0.3433691) (334.0353,23.21614,313.95) (0.1451404,1.581321,0.04441243) (276.4065,74.5586,251.5711)
1.56959813379905 (0.322006553411484,1.26565563678741,0.330394059419632) (0.335637,1.26564,0.338177) (331.4626,21.1558,314.6704) (0.1308195,1.581461,0.04633189) (275.4138,77.4772,250.645)
1.0872765393772 (0.313101708889008,1.27116525173187,0.32746747136116) (0.3220066,1.265656,0.3303941) (328.4005,21.72265,315.3783) (0.1126739,1.580865,0.04942528) (274.8965,83.25149,246.764)
0.728285143259121 (0.308247059583664,1.27655518054962,0.328116297721863) (0.3131017,1.271165,0.3274675) (327.8776,24.99976,315.3074) (0.08947094,1.583953,0.05777344) (275.1902,105.5573,227.4408)
0.612612610034298 (0.30231648683548,1.27735650539398,0.326806485652924) (0.3082471,1.276555,0.3281163) (328.4126,27.53553,317.3813) (0.06170179,1.588653,0.0708632) (276.9367,124.1184,213.5851)
1.74503939861749 (0.285011768341064,1.27710425853729,0.324570566415787) (0.3023165,1.277357,0.3268065) (329.5012,29.07164,319.618) (0.02913978,1.593278,0.08426309) (278.6679,136.6875,205.1431)
2.6446741943068 (0.258857995271683,1.27664887905121,0.32067146897316) (0.2850118,1.277104,0.3245706) (330.8647,28.94014,322.0284) (-0.005178262,1.593283,0.0920824) (279.1503,140.2717,203.895)
4.30759824825906 (0.219733893871307,1.2935688495636,0.314461827278137) (0.258858,1.276649,0.3206715) (331.4427,28.02413,320.2884) (-0.03781193,1.58807,0.09418015) (278.3951,144.6062,200.4692)
2.73695175239325 (0.192777380347252,1.2918244600296,0.31005796790123) (0.2197339,1.293569,0.3144618) (329.1205,24.62122,319.956) (-0.06270067,1.587745,0.08966266) (277.4325,145.7388,199.2391)
2.34505146847127 (0.170095831155777,1.29234349727631,0.304124623537064) (0.1927774,1.291824,0.310058) (325.9832,23.50492,318.8495) (-0.07773124,1.589868,0.08349206) (278.3045,141.68,203.8283)
1.55529598076801 (0.156085789203644,1.29243004322052,0.297371417284012) (0.1700958,1.292343,0.3041246) (326.7278,23.19949,316.3755) (-0.0869904,1.59316,0.07727944) (278.3761,147.8307,197.1384)
1.19929445248889 (0.147010371088982,1.29725456237793,0.29119148850441) (0.1560858,1.29243,0.2973714) (317.5298,25.20576,308.3587) (-0.08794678,1.596965,0.0684365) (279.5641,143.4251,200.7543)
1.60772983299423 (0.1395673006773,1.30483651161194,0.279125243425369) (0.1470104,1.297255,0.2911915) (299.5137,25.52667,297.1559) (-0.07972398,1.598878,0.05692546) (279.802,145.3882,198.8724)
1.25689016857139 (0.146105453372002,1.30842351913452,0.26900777220726) (0.1395673,1.304837,0.2791252) (300.432,7.676557,304.9787) (-0.06410486,1.600275,0.04338476) (280.347,144.0382,200.2686)
1.76911895791617 (0.156565859913826,1.31061780452728,0.25491014122963) (0.1461055,1.308424,0.2690078) (298.3466,348.6316,320.9601) (-0.04465738,1.599869,0.02797273) (280.7231,138.2946,205.4782)
1.55572084199381 (0.166326805949211,1.31205248832703,0.242881327867508) (0.1565659,1.310618,0.2549101) (300.206,334.5416,331.5262) (-0.02153078,1.602791,0.01602244) (281.5845,139.3457,203.3308)
2.44979403304081 (0.187123939394951,1.31661593914032,0.230765089392662) (0.1663268,1.312052,0.2428813) (293.2206,334.53,334.4186) (0.01196677,1.604275,0.008642414) (282.0385,140.7323,201.3584)
3.68102112301074 (0.223038330674171,1.31907284259796,0.223076671361923) (0.1871239,1.316616,0.2307651) (289.7487,346.6794,330.5908) (0.05579095,1.602491,0.001299773) (282.0395,141.7741,200.2641)
4.50642851005104 (0.26784074306488,1.31888055801392,0.218229323625565) (0.2230383,1.319073,0.2230767) (295.2188,348.9283,322.7805) (0.1018765,1.600889,-0.007072336) (281.6287,142.8492,198.617)
4.55097975085492 (0.313232988119125,1.31598913669586,0.216704353690147) (0.2678407,1.318881,0.2182293) (303.792,347.7273,302.6131) (0.1456569,1.598825,-0.01556872) (281.1732,141.2435,199.7779)
4.18946157671883 (0.354442536830902,1.31439435482025,0.20932948589325) (0.313233,1.315989,0.2167044) (293.1796,345.6552,293.4607) (0.1801436,1.602937,-0.02253411) (281.6685,138.6986,202.4185)
3.94419916446435 (0.392186373472214,1.3182737827301,0.198558062314987) (0.3544425,1.314394,0.2093295) (290.4899,352.4349,280.7588) (0.2067571,1.610145,-0.02953998) (282.057,141.2831,200.5335)
2.67079894871524 (0.416772276163101,1.32347369194031,0.189513117074966) (0.3921864,1.318274,0.1985581) (283.7992,358.4431,270.6374) (0.2214312,1.612101,-0.03641689) (282.5114,143.678,197.9706)
1.432316243317 (0.429853469133377,1.32539570331573,0.184004828333855) (0.4167723,1.323474,0.1895131) (280.5059,6.978093,257.3986) (0.2287354,1.611434,-0.04034758) (282.3765,141.1556,199.7351)
0.851583840611743 (0.437881916761398,1.32541787624359,0.181165277957916) (0.4298535,1.325396,0.1840048) (278.5219,29.1902,229.3647) (0.233815,1.612006,-0.0420551) (282.8141,140.8534,200.0361)
0.330397389275462 (0.440707921981812,1.32659614086151,0.182406902313232) (0.4378819,1.325418,0.1811653) (278.793,1.55818,253.3219) (0.2342726,1.612517,-0.04447565) (282.1355,141.9672,196.6822)
1.83078570430904 (0.424941062927246,1.32869911193848,0.191471189260483) (0.4407079,1.326596,0.1824069) (287.3206,317.4885,302.812) (0.2225955,1.609635,-0.04932819) (281.4832,142.1065,191.0395)
3.21384597179556 (0.397000312805176,1.32893598079681,0.207350075244904) (0.4249411,1.328699,0.1914712) (289.9894,316.468,313.8548) (0.2107511,1.61144,-0.04346009) (282.2195,142.0647,188.2277)
2.83729854568363 (0.3717400431633,1.32953524589539,0.220256894826889) (0.3970003,1.328936,0.2073501) (297.8007,312.3886,332.2574) (0.1979937,1.612314,-0.03461701) (282.3968,138.3634,190.5066)
2.9224721712515 (0.348257273435593,1.32864713668823,0.237630873918533) (0.37174,1.329535,0.2202569) (312.8775,323.6574,331.9238) (0.1873856,1.612951,-0.02043607) (283.1213,132.5246,196.2652)
2.26995101584777 (0.331985712051392,1.32756066322327,0.253420859575272) (0.3482573,1.328647,0.2376309) (322.9752,330.6908,335.7875) (0.1741724,1.612699,-0.006569642) (283.3231,127.3313,202.3085)
1.69912908583734 (0.3205546438694,1.32402491569519,0.265484571456909) (0.3319857,1.327561,0.2534209) (327.841,338.0449,334.9083) (0.157782,1.605167,0.003204861) (281.3602,125.1971,204.6354)
1.77199735622184 (0.306458324193954,1.31586182117462,0.272459894418716) (0.3205546,1.324025,0.2654846) (324.6206,338.2057,332.6277) (0.1366681,1.601471,0.00625153) (280.6338,124.3626,205.676)
1.73087807332131 (0.289423018693924,1.31290030479431,0.271671414375305) (0.3064583,1.315862,0.2724599) (318.6255,338.6161,330.5024) (0.1108727,1.600137,0.01135214) (280.9622,126.329,205.8605)
1.787971085642 (0.271665453910828,1.3133020401001,0.269624084234238) (0.289423,1.3129,0.2716714) (314.1208,343.6342,326.6004) (0.07544031,1.600281,0.01734369) (280.7984,129.3894,205.3035)
2.64230084754616 (0.245251893997192,1.31305038928986,0.268963843584061) (0.2716655,1.313302,0.2696241) (314.5943,347.234,328.2758) (0.03407691,1.597948,0.02347244) (281.1322,128.7168,207.4955)
4.03144795694104 (0.205354422330856,1.30813133716583,0.272005558013916) (0.2452519,1.31305,0.2689638) (321.3881,350.9136,329.4531) (-0.01445435,1.590015,0.02496121) (280.7604,127.8001,208.2754)
5.9473932083514 (0.146604865789413,1.30307030677795,0.279753088951111) (0.2053544,1.308131,0.2720056) (322.7369,352.5946,328.9158) (-0.06762166,1.593201,0.01275779) (282.5109,137.9721,191.6826)
6.44358652813593 (0.083015039563179,1.30721628665924,0.289299070835114) (0.1466049,1.30307,0.2797531) (323.149,347.8099,329.0236) (-0.09732515,1.599926,0.004816269) (281.7888,128.9254,196.9068)
4.11285998295375 (0.0421564355492592,1.30860877037048,0.284804940223694) (0.08301504,1.307216,0.2892991) (321.1827,341.8642,329.3319) (-0.1097887,1.595334,0.005135198) (283.5173,107.6683,219.3017)
1.58786110329086 (0.0301058907061815,1.30291652679443,0.27617284655571) (0.04215644,1.308609,0.2848049) (321.0886,334.4995,331.7609) (-0.109624,1.585656,0.01494554) (282.5323,93.51029,236.4652)
0.588904900880936 (0.0305285453796387,1.29766798019409,0.2735356092453) (0.03010589,1.302917,0.2761728) (320.6985,333.6198,328.7253) (-0.1142822,1.587437,0.02158438) (281.8862,102.2636,228.6191)
1.39233244783146 (0.0430362485349178,1.29155349731445,0.273364037275314) (0.03052855,1.297668,0.2735356) (321.3246,336.6642,325.2567) (-0.0984856,1.571075,0.04238469) (279.3181,79.79691,259.2074)
7.80001435673936 (0.10579589009285,1.25234961509705,0.248700171709061) (0.04303625,1.291553,0.273364) (324.3878,338.9342,326.1921) (-0.05701829,1.539607,0.06538748) (282.7804,27.00119,326.6429)
9.53270847719531 (0.18347179889679,1.22468721866608,0.200861915946007) (0.1057959,1.25235,0.2487002) (326.884,343.4032,329.0226) (-0.01598281,1.536557,0.07060356) (281.6945,33.21616,329.6038)
6.64582599902993 (0.238706290721893,1.21385264396667,0.165528312325478) (0.1834718,1.224687,0.2008619) (329.5276,352.7783,326.6169) (0.01248075,1.533757,0.06893215) (283.1132,26.75879,339.05)
2.89418631127669 (0.266425132751465,1.21192741394043,0.157429501414299) (0.2387063,1.213853,0.1655283) (327.0196,358.2403,325.894) (0.02914432,1.53554,0.06537565) (283.2291,23.50818,340.9598)
2.69176971934669 (0.291780412197113,1.21011030673981,0.14857679605484) (0.2664251,1.211927,0.1574295) (326.1697,358.4146,327.9893) (0.06141375,1.534935,0.0568862) (282.9584,17.8343,346.8367)
4.30493594694518 (0.334509700536728,1.2151575088501,0.147169306874275) (0.2917804,1.21011,0.1485768) (328.0084,359.3998,326.6498) (0.09597448,1.556662,0.052769) (276.7639,345.52,18.9158)
4.47199021715578 (0.375420123338699,1.23255276679993,0.152028530836105) (0.3345097,1.215158,0.1471693) (324.6035,2.309502,323.7332) (0.1314349,1.557178,0.04734395) (277.4578,353.3842,8.414424)
3.04767034734667 (0.402617603540421,1.23582172393799,0.165386691689491) (0.3754201,1.232553,0.1520285) (325.7674,3.875665,321.565) (0.155086,1.56648,0.04561206) (273.3361,1.366672,354.6019)
4.99096836123908 (0.397795528173447,1.25986695289612,0.208855658769608) (0.4026176,1.235822,0.1653867) (321.5547,356.5678,328.9744) (0.1514494,1.582977,0.03473547) (273.068,93.45998,249.9964)
5.41037944334084 (0.358166694641113,1.27251470088959,0.243450611829758) (0.3977955,1.259867,0.2088557) (325.9222,351.8842,333.4935) (0.1377033,1.588117,0.0219559) (273.9092,90,243.3428)
5.70074865235013 (0.307187736034393,1.27804839611053,0.268357992172241) (0.3581667,1.272515,0.2434506) (325.4981,345.6187,334.2672) (0.1239435,1.589477,0.008459623) (274.0503,91.23676,234.5134)
3.74549592142011 (0.270236015319824,1.28189563751221,0.27311646938324) (0.3071877,1.278048,0.268358) (321.8747,335.5156,338.382) (0.1169636,1.590177,0.0006369455) (273.5523,94.80559,227.1249)
2.56785412521762 (0.244813784956932,1.28447306156158,0.275657057762146) (0.270236,1.281896,0.2731165) (318.8897,329.8889,337.7163) (0.1068884,1.590368,0.0017199) (275.4017,92.88152,226.8638)
2.34758672965213 (0.221862822771072,1.28638029098511,0.280210316181183) (0.2448138,1.284473,0.2756571) (318.0261,326.4386,333.9909) (0.09169807,1.589121,0.01620061) (276.9001,79.68418,240.3089)
1.87858155955192 (0.206288248300552,1.2806304693222,0.289001166820526) (0.2218628,1.28638,0.2802103) (314.4573,321.3809,333.533) (0.06904056,1.553096,0.04670868) (276.4959,5.290699,318.0783)
6.39999443958288 (0.229577839374542,1.22126436233521,0.283592522144318) (0.2062882,1.28063,0.2890012) (313.5306,319.268,333.2239) (0.06946498,1.513541,0.08384812) (288.037,346.7493,347.4892)
5.38822987038733 (0.273228734731674,1.19209909439087,0.271456271409988) (0.2295778,1.221264,0.2835925) (319.13,319.2134,334.0928) (0.07709602,1.496303,0.1192448) (289.6293,353.7688,353.7108)
5.35812321059976 (0.312948256731033,1.16545414924622,0.247303530573845) (0.2732287,1.192099,0.2714563) (319.0539,320.2009,334.0691) (0.07154003,1.47488,0.1436757) (294.5526,358.1789,358.8623)
3.35627422994619 (0.320678353309631,1.14812338352203,0.219620540738106) (0.3129483,1.165454,0.2473035) (318.7461,320.8879,342.4835) (0.05611651,1.469135,0.1671113) (296.6938,2.712471,1.989316)
1.61141037135966 (0.315476179122925,1.13899183273315,0.207405120134354) (0.3206784,1.148123,0.2196205) (321.3593,330.0062,339.8885) (0.03991423,1.463644,0.1860225) (296.8944,4.041171,3.604379)
1.17548333132509 (0.305892497301102,1.1324679851532,0.209346398711205) (0.3154762,1.138992,0.2074051) (322.3522,335.3045,344.6182) (0.03359656,1.461538,0.2013385) (298.0983,4.499416,5.128754)
0.297755383632881 (0.304158866405487,1.13083302974701,0.211131691932678) (0.3058925,1.132468,0.2093464) (321.519,345.2329,342.0828) (0.03184764,1.462216,0.208056) (298.3687,5.073167,5.731631)
0.116192279504252 (0.303036361932755,1.13084995746613,0.211431294679642) (0.3041589,1.130833,0.2111317) (321.2158,348.9708,344.4991) (0.03276868,1.464369,0.2124078) (298.828,5.001662,7.059809)
0.282951276166341 (0.301372677087784,1.12890923023224,0.212644502520561) (0.3030364,1.13085,0.2114313) (322.5189,352.9821,345.5016) (0.02576667,1.452929,0.2233426) (302.5533,4.688195,4.80241)
4.32558109491195 (0.290957748889923,1.11599922180176,0.252593547105789) (0.3013727,1.128909,0.2126445) (323.0907,355.7888,344.343) (0.0109583,1.438392,0.2396048) (304.2101,3.255477,1.315283)
3.38406620618295 (0.271828174591064,1.10019528865814,0.275604099035263) (0.2909577,1.115999,0.2525935) (324.7481,355.4181,345.981) (-0.001658652,1.416107,0.2634758) (304.5873,0.2540319,1.326662)
5.30268972074273 (0.257346302270889,1.06917536258698,0.316099673509598) (0.2718282,1.100195,0.2756041) (325.5026,355.8135,346.8424) (-0.0182531,1.371485,0.2936077) (307.4319,355.5189,2.701103)
4.93957421670038 (0.243193581700325,1.03459441661835,0.348407536745071) (0.2573463,1.069175,0.3160997) (327.1744,353.8353,347.7637) (-0.02886532,1.337224,0.3151219) (309.4405,353.7692,2.242198)
4.89273034256416 (0.229448139667511,0.995903372764587,0.375014811754227) (0.2431936,1.034594,0.3484075) (330.6216,352.567,347.7998) (-0.03828338,1.303172,0.3321252) (310.9154,352.696,1.566822)
3.57588243209267 (0.220626160502434,0.965507209300995,0.391656309366226) (0.2294481,0.9959034,0.3750148) (332.4262,352.1467,346.9985) (-0.0427179,1.275632,0.3445832) (312.5002,351.8002,1.67857)
2.93616845194953 (0.216188848018646,0.93987774848938,0.405277967453003) (0.2206262,0.9655072,0.3916563) (333.5024,351.7804,346.1126) (-0.04486646,1.255742,0.3583675) (312.6694,351.6539,1.739039)
2.10696283818382 (0.212414875626564,0.92182856798172,0.415471762418747) (0.2161888,0.9398777,0.405278) (333.7426,352.3672,345.4955) (-0.04931109,1.242277,0.3633735) (314.1667,351.8436,1.000488)
1.50513880517129 (0.207882434129715,0.908113241195679,0.419701546430588) (0.2124149,0.9218286,0.4154718) (334.355,353.3,344.5952) (-0.05444144,1.233609,0.3678317) (314.3048,351.5857,0.4822946)
1.13912805389646 (0.203090578317642,0.898484110832214,0.423453778028488) (0.2078824,0.9081132,0.4197015) (334.5085,353.1884,344.6122) (-0.05750858,1.225363,0.3725159) (314.5918,351.4416,0.1766926)
1.10188923803273 (0.199139624834061,0.888887584209442,0.427156835794449) (0.2030906,0.8984841,0.4234538) (335.1618,353.4441,344.7857) (-0.06083803,1.217915,0.3763053) (315.3962,351.2118,359.6958)
0.768378646253296 (0.196867570281029,0.88196724653244,0.429603725671768) (0.1991396,0.8888876,0.4271568) (336.0622,354.0271,344.8125) (-0.06218891,1.212464,0.3790497) (315.782,351.0641,359.794)
0.425302643027313 (0.195947363972664,0.878259599208832,0.431473165750504) (0.1968676,0.8819672,0.4296037) (336.6256,354.3268,344.7103) (-0.06192675,1.210652,0.3813804) (316.1698,351.3424,359.7094)
0.343581600272561 (0.196185722947121,0.875243425369263,0.433101266622543) (0.1959474,0.8782596,0.4314732) (337.3785,354.6292,344.3977) (-0.06145733,1.20775,0.3832591) (316.2456,351.0341,0.2274174)
0.414753250060613 (0.197655826807022,0.872055053710938,0.435309231281281) (0.1961857,0.8752434,0.4331013) (337.937,354.9065,343.9815) (-0.06087729,1.205606,0.3849319) (316.2907,350.9549,0.3111631)
0.185107709149023 (0.197967007756233,0.870826721191406,0.436658620834351) (0.1976558,0.8720551,0.4353092) (337.9852,354.9065,344.0042) (-0.06237584,1.204819,0.385833) (316.7069,351.112,0.2778378)
0.304704730194828 (0.196619927883148,0.86848247051239,0.438063740730286) (0.197967,0.8708267,0.4366586) (338.0463,354.9556,343.9824) (-0.06364308,1.20232,0.386932) (316.5376,350.9275,0.64142)
0.308864262896387 (0.195510506629944,0.866043090820313,0.439599424600601) (0.1966199,0.8684825,0.4380637) (338.0647,354.9452,343.9921) (-0.06360477,1.200801,0.3877549) (316.3891,351.0091,0.8790883)
0.224362850124861 (0.195920541882515,0.864262580871582,0.440901547670364) (0.1955105,0.8660431,0.4395994) (338.1169,355.0029,344.0187) (-0.06262023,1.196994,0.3893223) (315.965,351.3575,1.131479)
0.555155297644358 (0.197245255112648,0.859352946281433,0.443128734827042) (0.1959205,0.8642626,0.4409015) (338.3052,355.2796,344.0981) (-0.05382492,1.197559,0.3899064) (314.6778,351.6893,3.465796)
1.43067598443754 (0.21052148938179,0.858999848365784,0.448448538780212) (0.1972453,0.8593529,0.4431287) (338.3052,355.5063,344.1783) (-0.04023199,1.202774,0.3914405) (313.1006,352.222,6.560861)
1.5577721828359 (0.225895643234253,0.861415803432465,0.447767376899719) (0.2105215,0.8589998,0.4484485) (337.9355,356.4951,344.2324) (-0.03186773,1.204043,0.3880354) (313.1216,352.8776,7.861106)
1.40371175081895 (0.23792539536953,0.864126026630402,0.44106063246727) (0.2258956,0.8614158,0.4477674) (337.6866,356.9165,344.2957) (-0.02198225,1.210196,0.3851606) (312.1985,354.0202,9.069465)
