red 92.76667 98.75333 15.50523 (0.5820355,5,0.7) (0.5820355,1.891605,0.7)
blue 92.76667 99.15334 11.02791 (-0.3649076,5,0.7) (-0.3649076,0.07517639,0.7)
red 93.26667 99.20889 14.76605 (0.2194718,5,0.7) (0.2194718,1.730098,0.7)
red 94.26667 100.0867 14.90177 (0.4238131,5,0.7) (0.4238131,1.832519,0.7)
red 95.26667 100.7089 13.65285 (0.000341773,5,0.7) (0.000341773,1.719335,0.7)
red 94.76667 100.8756 14.18217 (-0.1502343,5,0.7) (-0.1502343,1.473624,0.7)
blue 93.76667 100.9533 12.25212 (-0.6707349,5,0.7) (-0.6707349,0.07635272,0.7)
red 93.76667 101.4644 13.01629 (-0.4479169,5,0.7) (-0.4479169,0.07837894,0.7)
blue 96.26667 102.6867 11.0789 (-0.4374911,5,0.7) (-0.4374911,0.07481103,0.7)
blue 95.26667 102.6978 12.62283 (-0.797153,5,0.7) (-0.797153,0.07881979,0.7)
red 96.76667 102.7645 15.52133 (0.5546496,5,0.7) (0.5546496,1.889676,0.7)
blue 93.26667 103.22 16.19867 (-0.07068241,5,0.7) (-0.07068241,0.08118176,0.7)
blue 96.76667 103.6644 11.81163 (-0.4649664,5,0.7) (-0.4649664,0.07447019,0.7)
black 92.76667 103.82 17.66244 (-0.4132158,5,0.7) (-0.4132158,0.08500213,0.7)
red 96.26667 103.9978 13.06931 (0.9600911,5,0.7) (0.9600911,0.08016165,0.7)
black 94.76667 104.22 15.5247 (-0.4735686,5,0.7) (-0.4735686,0.08360404,0.7)
red 98.76667 104.32 14.48001 (0.1597115,5,0.7) (0.1597115,1.8747,0.7)
black 94.26667 104.3978 16.44361 (-0.3166403,5,0.7) (-0.3166403,0.08336385,0.7)
blue 95.76667 104.5422 14.58066 (-0.7020373,5,0.7) (-0.7020373,0.08342359,0.7)
red 99.76667 104.7645 13.1046 (-0.1609315,5,0.7) (-0.1609315,1.843739,0.7)
red 95.76667 104.8644 15.03049 (-0.5557859,5,0.7) (-0.5557859,0.08268809,0.7)
blue 94.26667 104.9533 17.17444 (-0.1440064,5,0.7) (-0.1440064,0.08138997,0.7)
red 99.26667 105.1978 14.67504 (-0.5329313,5,0.7) (-0.5329313,1.712292,0.7)
black 96.26667 105.3422 15.00111 (0.9630806,5,0.7) (0.9630806,0.08331022,0.7)
red 97.26667 105.6756 14.05605 (-0.4781579,5,0.7) (-0.4781579,0.08185586,0.7)
blue 97.26667 105.6756 14.04779 (-0.145383,5,0.7) (-0.145383,0.07847519,0.7)
black 93.26667 105.7978 19.52691 (0.8504789,5,0.7) (0.8504789,0.08533001,0.7)
black 93.76667 105.9533 19.10062 (0.5950091,5,0.7) (0.5950091,0.08504646,0.7)
black 95.76667 106.1422 16.76082 (-0.1283082,5,0.7) (-0.1283082,0.08026814,0.7)
red 98.26667 106.3311 13.5553 (-0.4252795,5,0.7) (-0.4252795,0.07992449,0.7)
black 97.26667 106.4644 15.16885 (0.3099026,5,0.7) (0.3099026,0.08240955,0.7)
blue 94.76667 106.4867 18.51535 (-0.07687843,5,0.7) (-0.07687843,0.08500436,0.7)
black 98.76667 106.6311 13.26646 (0.7076859,5,0.7) (0.7076859,0.08093333,0.7)
blue 99.76667 106.7089 11.8834 (0.9272645,5,0.7) (0.9272645,0.07650867,0.7)
red 97.76667 107.0311 15.25705 (-0.5950189,5,0.7) (-0.5950189,0.08084212,0.7)
blue 98.26667 107.1422 14.71161 (0.9218559,5,0.7) (0.9218559,0.07953799,0.7)
blue 99.26667 107.1644 13.30554 (0.9413254,5,0.7) (0.9413254,0.07678936,0.7)
red 100.2667 107.2089 16.85173 (0.1172804,5,0.7) (0.1172804,1.737121,0.7)
black 96.76667 107.3311 17.01517 (-0.1928059,5,0.7) (-0.1928059,0.08188745,0.7)
black 95.26667 107.6422 19.32381 (-0.654798,5,0.7) (-0.654798,0.08160621,0.7)
red 100.7667 108.0533 16.72959 (-0.1064597,5,0.7) (-0.1064597,1.543589,0.7)
red 102.2667 108.9756 16.19352 (0.322771,5,0.7) (0.322771,1.691145,0.7)
black 99.76667 109.02 15.24681 (0.9619555,5,0.7) (0.9619555,0.08283998,0.7)
black 100.2667 109.0422 14.5808 (-0.2992052,5,0.7) (-0.2992052,0.08346506,0.7)
blue 97.76667 109.1533 18.08189 (0.6044168,5,0.7) (0.6044168,0.08172276,0.7)
black 99.26667 109.2756 16.27321 (0.8875096,5,0.7) (0.8875096,0.08109234,0.7)
red 101.7667 109.3089 16.55072 (0.7851386,5,0.7) (0.7851386,1.37442,0.7)
blue 100.7667 109.5533 14.59625 (-0.006938815,5,0.7) (-0.006938815,0.08336756,0.7)
red 101.2667 109.8756 14.33881 (-0.8452466,5,0.7) (-0.8452466,0.08099682,0.7)
black 97.76667 110.0422 19.19917 (0.6390309,5,0.7) (0.6390309,0.0813019,0.7)
blue 102.2667 110.5311 13.84721 (0.6128683,5,0.7) (0.6128683,0.08123234,0.7)
black 98.26667 110.7533 19.45926 (0.8186865,5,0.7) (0.8186865,0.08123271,0.7)
blue 100.2667 110.9644 17.19288 (0.8807421,5,0.7) (0.8807421,0.08277308,0.7)
black 100.7667 111.3422 17.02928 (-0.8818488,5,0.7) (-0.8818488,0.08172181,0.7)
blue 98.76667 111.4867 19.74694 (-0.03376758,5,0.7) (-0.03376758,0.08186239,0.7)
black 101.7667 111.5644 15.98615 (-0.05998456,5,0.7) (-0.05998456,0.08032851,0.7)
black 101.2667 112.4867 17.86423 (0.05558789,5,0.7) (0.05558789,0.08039702,0.7)
black 102.2667 112.8867 17.08498 (-0.8874776,5,0.7) (-0.8874776,0.08073033,0.7)
blue 101.2667 113.12 18.67457 (-0.005063415,5,0.7) (-0.005063415,0.08199321,0.7)
blue 101.7667 114.1978 19.40126 (0.4220876,5,0.7) (0.4220876,0.08450755,0.7)
0
