compute 15.0633928719832(0.183018773794174,0.83378267288208,0.441018164157867) (0.05577105,0.9140407,0.448584) (332.2687,13.0869,315.806) (-0.01215911,1.21661,0.1138403) (316.2971,353.6563,1.876558)
compute 0.520821365701111(0.177815198898315,0.833585560321808,0.441115349531174) (0.1830188,0.8337827,0.4410182) (333.2367,14.57526,315.7609) (-0.01922151,1.216426,0.1139811) (316.2071,353.6169,2.046984)
compute 0.476879873792545(0.173051431775093,0.833370327949524,0.441074848175049) (0.1778152,0.8335856,0.4411153) (333.6581,15.8903,314.5453) (-0.02425271,1.21623,0.1141455) (316.116,353.5521,2.00628)
compute 0.423350771246546(0.168821543455124,0.833299398422241,0.440914839506149) (0.1730514,0.8333703,0.4410748) (333.328,16.61328,312.743) (-0.0281632,1.21577,0.1141042) (315.9859,354.0331,1.372379)
compute 0.199364877259191(0.167344346642494,0.83386242389679,0.439700126647949) (0.1688215,0.8332994,0.4409148) (330.4116,18.7717,309.2255) (-0.0320746,1.215772,0.1134043) (316.5818,354.4534,0.841873)
compute 0.540977075272591(0.165067166090012,0.83458411693573,0.434846341609955) (0.1673443,0.8338624,0.4397001) (328.2672,19.79498,309.3627) (-0.0370902,1.212766,0.1121665) (318.2132,355.0235,0.3045603)
compute 0.83920360475601(0.160140261054039,0.835465729236603,0.428110271692276) (0.1650672,0.8345841,0.4348463) (326.8089,19.29457,312.3011) (-0.04417294,1.212232,0.1116508) (319.2145,355.1108,0.8465597)
compute 0.503627119056384(0.156492173671722,0.83542662858963,0.424638390541077) (0.1601403,0.8354657,0.4281103) (324.9432,19.17031,313.446) (-0.0467262,1.209454,0.1082655) (319.044,355.5219,0.4657957)
compute 0.738601433200105(0.155414074659348,0.834725856781006,0.417365163564682) (0.1564922,0.8354266,0.4246384) (323.3451,21.3607,314.4379) (-0.0486608,1.20804,0.1043563) (320.0943,357.2206,359.695)
compute 1.45724683820727(0.159755289554596,0.832407593727112,0.403648883104324) (0.1554141,0.8347259,0.4173652) (327.0631,22.4616,311.5393) (-0.05134859,1.204391,0.1034582) (323.6753,359.9247,359.0934)
compute 1.88922862896948(0.168636277318001,0.830557644367218,0.38707709312439) (0.1597553,0.8324076,0.4036489) (330.5106,21.44567,308.5923) (-0.05262937,1.202214,0.1056167) (328.1594,2.304952,357.9476)
compute 2.05666193949796(0.174034729599953,0.83235228061676,0.36731293797493) (0.1686363,0.8305576,0.3870771) (331.3498,21.10614,309.9834) (-0.04959239,1.196406,0.108831) (336.0452,4.170939,357.7618)
compute 2.46101358106666(0.183628693223,0.834777414798737,0.344779998064041) (0.1740347,0.8323523,0.3673129) (333.2313,20.05088,311.2034) (-0.03949185,1.185037,0.1078462) (343.2585,4.546169,358.8895)
compute 8.62537696108403(0.138431280851364,0.802979648113251,0.278554558753967) (0.1836287,0.8347774,0.34478) (333.1592,17.55834,312.8288) (-0.02653513,1.185321,0.105801) (343.2453,2.676634,0.7053249)
compute 5.95516807820007(0.132063075900078,0.798321068286896,0.337581217288971) (0.1384313,0.8029796,0.2785546) (333.4404,15.62075,313.8604) (-0.01052905,1.196169,0.09753572) (339.686,358.6397,1.674418)
compute 2.06608776187318(0.149783283472061,0.803940713405609,0.346597075462341) (0.1320631,0.7983211,0.3375812) (336.1017,13.60811,315.2112) (0.005948216,1.206561,0.08841821) (333.8239,354.1479,2.879479)
compute 2.12117335089803(0.169523358345032,0.80944037437439,0.352076202630997) (0.1497833,0.8039407,0.3465971) (330.7064,10.31555,317.7821) (0.01933277,1.223481,0.07269923) (318.6356,341.294,9.862594)
compute 4.68768544593386(0.185340598225594,0.814663350582123,0.395893722772598) (0.1695234,0.8094404,0.3520762) (327.475,9.317617,319.1285) (0.03871467,1.221771,0.06186032) (314.1368,338.8583,10.23746)
compute 0.941343996402431(0.187483996152878,0.819144308567047,0.403889954090118) (0.1853406,0.8146634,0.3958937) (326.093,8.410972,317.7927) (0.06092583,1.218669,0.07071615) (313.398,341.272,7.386429)
compute 1.16156653062202(0.193265289068222,0.828907787799835,0.401405036449432) (0.187484,0.8191443,0.40389) (323.2999,6.99662,317.7997) (0.0727955,1.216725,0.07774235) (310.4286,342.7695,4.03577)
compute 0.35953889253511(0.194708600640297,0.831993401050568,0.400254964828491) (0.1932653,0.8289078,0.401405) (322.0137,5.554319,318.9403) (0.07313196,1.216935,0.06974816) (307.1031,343.5944,1.470444)
compute 0.401112169088347(0.197807282209396,0.83197808265686,0.397707998752594) (0.1947086,0.8319934,0.400255) (321.539,5.405097,320.6701) (0.06060173,1.213869,0.06040458) (302.6621,345.509,359.9083)
compute 0.156697851388621(0.198951154947281,0.830912888050079,0.397596925497055) (0.1978073,0.8319781,0.397708) (326.0186,9.362727,314.9318) (0.04376682,1.219227,0.05845121) (301.9758,348.1624,358.0451)
compute 1.09883788318916(0.189636170864105,0.833350360393524,0.392302185297012) (0.1989512,0.8309129,0.3975969) (326.9795,11.03642,312.3143) (0.02969119,1.216957,0.06468971) (300.5105,350.4105,356.505)
compute 1.09581700749292(0.179920107126236,0.832341134548187,0.387336194515228) (0.1896362,0.8333504,0.3923022) (329.2664,11.71613,310.1275) (0.01900171,1.219322,0.07173742) (301.3024,351.5443,355.8242)
compute 0.874053314528398(0.1712726354599,0.831219673156738,0.387936592102051) (0.1799201,0.8323411,0.3873362) (330.3537,11.7791,309.8567) (0.01081298,1.219152,0.07592525) (301.0494,352.0417,356.0661)
compute 0.999838542318626(0.162123322486877,0.828422427177429,0.390840590000153) (0.1712726,0.8312197,0.3879366) (330.2593,10.47368,312.5892) (0.001828909,1.221046,0.07741827) (300.1309,350.8068,357.7574)
compute 1.08422137147613(0.158271968364716,0.825028598308563,0.400390595197678) (0.1621233,0.8284224,0.3908406) (330.1708,10.06356,313.9948) (-0.003465131,1.221166,0.07697473) (299.6742,349.338,359.1205)
compute 1.37323091236599(0.154505148530006,0.825243711471558,0.413594424724579) (0.158272,0.8250286,0.4003906) (329.6575,10.01987,314.4884) (-0.00634031,1.221964,0.0747329) (299.5616,348.8466,359.7658)
compute 0.564596257553565(0.149177521467209,0.825762808322906,0.411798924207687) (0.1545051,0.8252437,0.4135944) (328.8596,8.940681,315.2338) (-0.006767668,1.222888,0.07428972) (300.5953,346.3387,1.019855)
compute 1.22190057281662(0.144290626049042,0.825528562068939,0.422995686531067) (0.1491775,0.8257628,0.4117989) (328.8548,7.83814,316.0129) (-0.01182661,1.224504,0.07215457) (301.3728,339.3631,3.874078)
compute 2.95085665260786(0.12917922437191,0.825018405914307,0.448336184024811) (0.1442906,0.8255286,0.4229957) (328.2156,5.209263,318.2346) (-0.01866203,1.224828,0.07210701) (306.9995,333.9438,3.345482)
compute 3.25747392322749(0.0967584922909737,0.82405698299408,0.451350390911102) (0.1291792,0.8250184,0.4483362) (326.0226,3.499191,318.6276) (-0.02107989,1.224086,0.07341921) (307.5984,331.8636,4.217974)
compute 1.08594919172598(0.0859885886311531,0.824479699134827,0.450024098157883) (0.09675849,0.824057,0.4513504) (324.4734,2.557812,317.1229) (-0.02211664,1.223676,0.06629567) (307.6478,331.343,5.637688)
compute 0.637149622866412(0.0801827609539032,0.823834240436554,0.447480142116547) (0.08598859,0.8244797,0.4500241) (324.2149,1.975933,317.3448) (-0.02371553,1.222849,0.06184183) (307.1286,330.2318,7.144422)
compute 0.390223376053709(0.0765780061483383,0.822776794433594,0.446424216032028) (0.08018276,0.8238342,0.4474801) (323.4045,1.989352,317.5075) (-0.02448001,1.222077,0.06151256) (306.1867,331.0433,6.518679)
compute 0.0834045462555959(0.0759307965636253,0.822399318218231,0.446057796478271) (0.07657801,0.8227768,0.4464242) (322.6773,3.055418,316.5249) (-0.01868428,1.22364,0.06009794) (304.3061,331.9403,6.733446)
compute 0.95417157092051(0.0854559391736984,0.822344422340393,0.446617245674133) (0.0759308,0.8223993,0.4460578) (322.5546,3.10761,316.5579) (-0.01283719,1.223869,0.0602515) (301.5366,335.1694,5.008571)
compute 1.83517855183877(0.103805147111416,0.822412073612213,0.446917295455933) (0.08545594,0.8223444,0.4466172) (322.294,3.405898,316.3832) (-0.008670785,1.225736,0.06056569) (300.208,338.1414,2.956352)
compute 1.01691796515797(0.113875038921833,0.822695970535278,0.445528447628021) (0.1038051,0.8224121,0.4469173) (321.3776,4.314158,315.6167) (-0.008973222,1.22606,0.06268021) (300.7222,337.7959,3.165681)
compute 0.0980636324242421(0.114767402410507,0.822769463062286,0.445128530263901) (0.113875,0.822696,0.4455284) (321.3158,4.54068,315.4875) (-0.01229033,1.226047,0.07217321) (301.735,335.6823,4.985425)
compute 1.21437073580633(0.103966094553471,0.822934865951538,0.450675964355469) (0.1147674,0.8227695,0.4451285) (320.9662,4.747258,315.337) (-0.01588886,1.227014,0.07657143) (303.7284,332.0766,7.892852)
compute 1.70651203389709(0.0872212201356888,0.824671268463135,0.453471034765244) (0.1039661,0.8229349,0.450676) (316.037,6.78782,315.1234) (-0.01850025,1.225671,0.07828018) (305.755,329.0204,10.08121)
compute 0.976059292613724(0.0776648074388504,0.826040029525757,0.452032059431076) (0.08722122,0.8246713,0.453471) (309.7771,11.5514,312.5031) (-0.01660646,1.222771,0.07853366) (306.6447,327.39,12.05506)
compute 0.480410303656856(0.0754483193159103,0.827469289302826,0.448016613721848) (0.07766481,0.82604,0.4520321) (298.6893,16.29541,308.2425) (-0.009126373,1.222034,0.07691633) (305.5594,328.9433,14.18044)
compute 1.52284958183865(0.088932104408741,0.827775299549103,0.440945476293564) (0.07544832,0.8274693,0.4480166) (283.5978,30.08694,293.8008) (-0.0007386357,1.225265,0.07369708) (302.6166,334.0338,13.06056)
compute 4.65452915100413(0.134337350726128,0.826427757740021,0.43079599738121) (0.0889321,0.8277753,0.4409455) (277.059,99.83874,221.1185) (0.003232051,1.225481,0.07077679) (298.8648,346.8259,6.510945)
compute 9.7452139677596(0.218887880444527,0.824051380157471,0.382396817207336) (0.1343374,0.8264278,0.430796) (282.6815,158.7967,161.2914) (-0.01086292,1.221301,0.07507843) (298.1942,356.4164,359.957)
compute 50.3423407615041(0.0673565194010735,1.30290269851685,0.348121404647827) (0.2188879,0.8240514,0.3823968) (289.3073,169.9237,150.2488) (-0.05021756,1.209558,0.07447486) (297.6172,356.5068,0.6097488)
compute 9.79787731215041(-0.0163843501359224,1.34802484512329,0.324641644954681) (0.06735652,1.302903,0.3481214) (295.3755,178.3456,139.9673) (-0.117277,1.201881,0.0799301) (300.6312,345.9277,7.278652)
compute 11.4702653084356(-0.121069580316544,1.38928496837616,0.302386224269867) (-0.01638435,1.348025,0.3246416) (300.3279,181.4006,132.3544) (-0.1734094,1.209609,0.08044533) (302.8454,334.1955,18.2106)
compute 9.56050005206267(-0.21091516315937,1.41908657550812,0.288971602916718) (-0.1210696,1.389285,0.3023862) (305.1784,187.7417,125.9045) (-0.2015357,1.220142,0.08511002) (305.1068,329.6542,20.69187)
compute 6.70288391351383(-0.272738426923752,1.44491922855377,0.287121325731277) (-0.2109152,1.419087,0.2889716) (305.6552,192.6013,118.5773) (-0.2171834,1.217869,0.09332) (308.8556,326.3297,24.5812)
compute 6.4044766826527(-0.334905505180359,1.45792078971863,0.295364260673523) (-0.2727384,1.444919,0.2871213) (305.3263,203.7423,105.4944) (-0.2274713,1.21032,0.09484639) (312.6613,322.9222,27.71932)
compute 8.01502536462194(-0.410895198583603,1.45965981483459,0.320792704820633) (-0.3349055,1.457921,0.2953643) (306.2145,219.1635,91.23024) (-0.2498981,1.198548,0.09440064) (313.472,318.4506,30.75602)
compute 8.71963698260567(-0.492550611495972,1.45998013019562,0.351378619670868) (-0.4108952,1.45966,0.3207927) (306.5903,230.6854,78.12611) (-0.280479,1.19207,0.09232211) (314.8094,314.5397,33.04002)
compute 8.06508072536517(-0.563380062580109,1.45071125030518,0.388819634914398) (-0.4925506,1.45998,0.3513786) (307.3187,239.5365,75.8427) (-0.3083589,1.184869,0.0929722) (315.5038,313.1801,33.80901)
compute 6.53519799786607(-0.611745655536652,1.43821918964386,0.430957496166229) (-0.5633801,1.450711,0.3888196) (304.8955,248.3882,68.9161) (-0.3295655,1.185893,0.101523) (317.8303,311.8694,32.56961)
compute 4.29624741580771(-0.635908901691437,1.43796527385712,0.466479986906052) (-0.6117457,1.438219,0.4309575) (303.8338,254.7062,69.15373) (-0.3339154,1.183263,0.1106029) (318.0962,310.3853,32.4217)
compute 4.18035580858069(-0.656290948390961,1.43735492229462,0.502972960472107) (-0.6359089,1.437965,0.46648) (302.8635,260.1898,66.67287) (-0.3383604,1.175749,0.1262623) (318.8552,307.3907,32.474)
compute 3.38819404671968(-0.666007816791534,1.43195176124573,0.534978806972504) (-0.6562909,1.437355,0.502973) (297.6025,264.1076,62.83114) (-0.3356608,1.166851,0.1504694) (322.0537,303.4703,31.96516)
compute 8.45564430616759(-0.685137689113617,1.36648333072662,0.584956049919128) (-0.6660078,1.431952,0.5349788) (313.2085,283.8002,37.18352) (-0.3188677,1.182462,0.1684729) (320.1711,306.9716,30.13743)
compute 12.4507991899283(-0.607054114341736,1.372199177742,0.488144248723984) (-0.6851377,1.366483,0.584956) (313.6394,240.3123,63.79533) (-0.3002612,1.190189,0.1783122) (316.0278,315.1526,27.04982)
compute 12.7760963259859(-0.503827810287476,1.44427216053009,0.466403067111969) (-0.6070541,1.372199,0.4881442) (310.3857,229.2835,69.94922) (-0.2966489,1.197782,0.1816235) (315.3904,318.05,28.07795)
compute 11.2889139833025(-0.436957061290741,1.53041470050812,0.495587378740311) (-0.5038278,1.444272,0.4664031) (292.332,237.7768,63.22297) (-0.2985417,1.203023,0.1839774) (314.0653,317.3422,30.81347)
compute 4.63989887182755(-0.445602774620056,1.57296967506409,0.511933386325836) (-0.4369571,1.530415,0.4955874) (288.487,241.8802,63.94874) (-0.3139967,1.218842,0.1801023) (308.3443,318.3016,30.08749)
compute 4.6673594662637(-0.485941618680954,1.5792897939682,0.534544408321381) (-0.4456028,1.57297,0.5119334) (289.0337,266.1202,44.24778) (-0.3236063,1.214341,0.1783879) (302.9653,323.1639,27.45181)
compute 9.56956057949822(-0.550756514072418,1.51696944236755,0.567298829555511) (-0.4859416,1.57929,0.5345444) (304.6168,278.1019,38.96647) (-0.3292128,1.21318,0.1760077) (300.6553,329.8158,21.62984)
compute 6.10249196496235(-0.571721971035004,1.46866202354431,0.598135232925415) (-0.5507565,1.516969,0.5672988) (315.791,285.5123,36.27828) (-0.3371258,1.213086,0.1734438) (301.899,332.8077,22.2324)
compute 5.43125694700661(-0.531838655471802,1.49050784111023,0.568437814712524) (-0.571722,1.468662,0.5981352) (311.7383,273.0212,53.41204) (-0.3404871,1.215167,0.1716736) (299.1564,335.0862,21.96236)
compute 12.7601236400063(-0.443475097417831,1.55429589748383,0.50206732749939) (-0.5318387,1.490508,0.5684378) (296.9777,247.782,82.13288) (-0.3412437,1.216445,0.1718718) (298.0453,339.9456,18.1403)
compute 6.83041305112519(-0.399220764636993,1.59334969520569,0.467689871788025) (-0.4434751,1.554296,0.5020673) (289.8282,225.7645,106.1195) (-0.3395446,1.22025,0.1695963) (297.3212,343.7296,14.98973)
compute 4.58850935817803(-0.356018871068954,1.59330117702484,0.452229082584381) (-0.3992208,1.59335,0.4676899) (290.7185,220.253,119.0758) (-0.3373023,1.221407,0.167569) (297.9627,354.8428,5.765772)
compute 11.9543241629795(-0.238781630992889,1.59315526485443,0.475595623254776) (-0.3560189,1.593301,0.4522291) (285.174,158.7247,186.7418) (-0.3307056,1.221772,0.1748189) (299.7037,358.776,4.280716)
compute 10.5792043015286(-0.147891879081726,1.59228694438934,0.529727458953857) (-0.2387816,1.593155,0.4755956) (293.6007,99.35636,242.5894) (-0.3171446,1.223084,0.1846086) (299.321,1.42462,359.7894)
compute 5.35292513956717(-0.115908272564411,1.59066486358643,0.572620332241058) (-0.1478919,1.592287,0.5297275) (293.5603,84.77461,261.4225) (-0.3083722,1.224898,0.1966788) (298.2532,0.3380024,359.7146)
compute 3.38036331892471(-0.109349310398102,1.59721899032593,0.605127394199371) (-0.1159083,1.590665,0.5726203) (293.0402,85.14483,266.0801) (-0.3057991,1.227404,0.2104184) (299.967,1.676417,357.0884)
compute 11.4435630496926(-0.223508030176163,1.60336673259735,0.61017769575119) (-0.1093493,1.597219,0.6051274) (280.5678,77.39951,260.7928) (-0.3081048,1.22635,0.2148682) (300.0523,6.893049,354.0763)
compute 18.5921398670465(-0.404997617006302,1.58510291576386,0.574195325374603) (-0.223508,1.603367,0.6101777) (286.3475,256.9973,79.13228) (-0.3158557,1.22717,0.2143463) (299.0987,12.25314,349.8844)
compute 9.3927254188757(-0.49859082698822,1.58070147037506,0.567617535591125) (-0.4049976,1.585103,0.5741953) (291.8284,255.5056,81.61684) (-0.3469863,1.236213,0.2139947) (297.9028,4.983637,355.7568)
compute 5.55489307408964(-0.539499759674072,1.57173538208008,0.604110717773438) (-0.4985908,1.580701,0.5676175) (294.8597,286.1819,50.72663) (-0.3570417,1.232368,0.2178223) (301.8168,5.810089,355.9826)
compute 3.09611353774793(-0.517033517360687,1.55046463012695,0.60530024766922) (-0.5394998,1.571735,0.6041107) (294.3434,283.2065,53.76398) (-0.339122,1.221502,0.2106745) (302.2178,17.00225,349.6926)
compute 11.2409006660599(-0.411667883396149,1.53960275650024,0.567671954631805) (-0.5170335,1.550465,0.6053002) (294.9925,258.147,78.23615) (-0.3057103,1.223925,0.1997179) (302.5657,28.58611,340.3857)
compute 17.8759747956726(-0.23919303715229,1.54733371734619,0.521328568458557) (-0.4116679,1.539603,0.567672) (284.9363,231.8957,107.147) (-0.2555452,1.219366,0.1965556) (305.4501,36.78896,335.3026)
compute 17.0302061845734(-0.0804718434810638,1.55967485904694,0.460846573114395) (-0.239193,1.547334,0.5213286) (284.9181,156.4213,180.8494) (-0.2039475,1.21303,0.1956807) (305.7952,36.18948,336.361)
compute 7.98155083472992(-0.00805833376944065,1.57984030246735,0.434010893106461) (-0.08047184,1.559675,0.4608466) (291.777,133.3263,199.5925) (-0.1466997,1.211251,0.1979713) (305.5123,30.22453,340.2792)
compute 5.17829160648265(0.0241166148334742,1.61843478679657,0.421492546796799) (-0.008058334,1.57984,0.4340109) (295.0635,130.3807,195.5824) (-0.1069368,1.221137,0.1954479) (303.4034,23.0758,344.4734)
compute 5.56819590090131(0.0736736506223679,1.64207077026367,0.430761903524399) (0.02411661,1.618435,0.4214925) (288.5479,112.6318,206.3045) (-0.06958348,1.225321,0.1947422) (304.9773,13.49333,350.2011)
compute 8.33876071073473(0.136686250567436,1.64415991306305,0.485337913036346) (0.07367365,1.642071,0.4307619) (289.3584,45.28679,269.6123) (-0.05038599,1.233076,0.1899264) (307.5783,14.18246,350.3776)
compute 6.96924696886462(0.179461687803268,1.61756348609924,0.533503592014313) (0.1366863,1.64416,0.4853379) (297.1195,33.86989,292.0705) (-0.04650417,1.229217,0.1793442) (308.3549,16.56681,347.7051)
compute 4.32357721060496(0.181954011321068,1.58577358722687,0.56270158290863) (0.1794617,1.617563,0.5335036) (300.2791,16.4521,314.9576) (-0.04769254,1.226362,0.1609006) (306.8546,19.55883,345.7121)
compute 4.63195357568812(0.148490011692047,1.55833089351654,0.579210937023163) (0.181954,1.585774,0.5627016) (308.9384,350.037,355.545) (-0.04939576,1.221819,0.1543409) (303.6321,16.13688,346.8587)
compute 10.7547065567823(0.145256668329239,1.61111843585968,0.485565900802612) (0.14849,1.558331,0.5792109) (277.4286,81.37917,253.2873) (-0.04667755,1.221825,0.1517544) (301.0651,10.36737,350.5057)
compute 4.78387681902768(0.10440968722105,1.61634528636932,0.461219400167465) (0.1452567,1.611118,0.4855659) (275.528,136.1224,191.5285) (-0.04590491,1.223639,0.161339) (301.1824,10.08645,350.3813)
compute 4.8893621610233(0.0574031919240952,1.6184424161911,0.474507659673691) (0.1044097,1.616345,0.4612194) (275.0938,207.7887,123.2382) (-0.04584131,1.225214,0.1776614) (299.9274,11.96085,346.9909)
compute 4.27667948110228(0.0263578686863184,1.61851418018341,0.503921627998352) (0.05740319,1.618442,0.4745077) (278.2596,228.896,107.0533) (-0.03939107,1.232402,0.1937468) (300.188,14.76199,344.4347)
compute 3.85427975034453(0.000776443863287568,1.59501886367798,0.520628154277802) (0.02635787,1.618514,0.5039216) (283.7904,275.059,71.14454) (-0.02286623,1.234309,0.2047407) (302.5221,17.31292,342.6058)
compute 6.48428869868839(0.0644020065665245,1.58255767822266,0.519575834274292) (0.0007764439,1.595019,0.5206282) (280.4568,249.4255,93.84207) (-0.0009672828,1.227578,0.2104166) (307.5615,25.20689,336.5318)
compute 15.3286356865515(0.212389022111893,1.55218803882599,0.545541942119598) (0.06440201,1.582558,0.5195758) (286.8677,90.74338,235.8656) (0.02566158,1.217063,0.2099268) (314.8029,40.28995,325.5519)
compute 8.6464979478633(0.25000724196434,1.49751114845276,0.600963056087494) (0.212389,1.552188,0.5455419) (287.0461,30.85502,303.3556) (0.04175942,1.205651,0.206489) (322.623,45.9437,324.5919)
compute 8.32186057593498(0.290249884128571,1.42918145656586,0.626200318336487) (0.2500072,1.497511,0.6009631) (296.262,354.7273,353.9608) (0.05397383,1.188866,0.2046373) (327.2687,46.03703,328.9683)
compute 20.1304426095618(0.479532718658447,1.39711499214172,0.565642714500427) (0.2902499,1.429181,0.6262003) (301.5803,72.47741,274.8435) (0.09167051,1.186384,0.2018408) (324.245,41.54885,331.547)
compute 9.9352232080623(0.571023166179657,1.37454628944397,0.534162282943726) (0.4795327,1.397115,0.5656427) (309.5583,75.5284,273.9926) (0.1193382,1.200182,0.1995914) (315.448,33.35329,333.8151)
compute 3.49452016746103(0.605377018451691,1.36861228942871,0.531760692596436) (0.5710232,1.374546,0.5341623) (311.1172,73.28104,279.226) (0.1222289,1.211654,0.2007616) (308.8534,5.236804,346.6373)
compute 2.31819434993283(0.611571252346039,1.3580926656723,0.551467835903168) (0.605377,1.368612,0.5317607) (319.9586,71.77802,283.8954) (0.1150502,1.205853,0.1966107) (312.6227,348.2932,354.3955)
compute 24.2701865076354(0.369017839431763,1.36657989025116,0.551389217376709) (0.6115713,1.358093,0.5514678) (285.9371,30.43535,297.5494) (0.1005067,1.192841,0.1871821) (319.8529,344.1131,359.8695)
compute 29.6503507782637(0.109268873929977,1.22489023208618,0.570594668388367) (0.3690178,1.36658,0.5513892) (312.4583,290.4584,21.81199) (0.09121957,1.176657,0.1744006) (318.687,343.8697,359.0598)
compute 7.1668060537144(0.0873764753341675,1.21027982234955,0.637254774570465) (0.1092689,1.22489,0.5705947) (307.4285,313.4182,1.293567) (0.07022682,1.185222,0.1507561) (312.7555,332.7482,5.75052)
compute 8.44626408174997(0.0358707122504711,1.26872479915619,0.604616165161133) (0.08737648,1.21028,0.6372548) (300.7856,297.0562,15.57016) (0.04317625,1.198865,0.134844) (311.6549,324.6133,11.16338)
compute 13.9355978061134(-0.00582128157839179,1.36255276203156,0.510392069816589) (0.03587071,1.268725,0.6046162) (292.3061,246.527,63.43387) (0.01459552,1.201823,0.1302949) (309.791,333.3091,6.535764)
compute 7.85924001312812(-0.00441162101924419,1.43992114067078,0.496647536754608) (-0.005821282,1.362553,0.5103921) (282.1268,242.7367,71.31753) (-0.02166974,1.194272,0.1358474) (308.8479,342.2851,1.112269)
compute 4.89034898259197(-0.00577403046190739,1.48851275444031,0.491304278373718) (-0.004411621,1.439921,0.4966475) (278.8538,216.1653,97.38029) (-0.05222792,1.211242,0.1371707) (308.7649,341.0718,5.47329)
compute 5.24966006460261(-0.0394928492605686,1.52489852905273,0.508480131626129) (-0.00577403,1.488513,0.4913043) (278.3732,256.6328,55.94114) (-0.07129955,1.220131,0.1468707) (307.225,340.519,6.744401)
compute 4.43503463229783(-0.0657554045319557,1.56002485752106,0.515065908432007) (-0.03949285,1.524899,0.5084801) (281.4967,237.1224,79.27289) (-0.07309887,1.220029,0.1658077) (309.1316,338.8458,8.505162)
compute 3.64586991084288(-0.0990714579820633,1.57442855834961,0.518502593040466) (-0.0657554,1.560025,0.5150659) (283.0399,243.6354,72.8951) (-0.07666317,1.217081,0.1738564) (308.015,336.6625,10.79575)
compute 3.19367817264623(-0.129861727356911,1.57372272014618,0.5269535779953) (-0.09907146,1.574429,0.5185026) (282.1055,262.5533,57.35918) (-0.08873186,1.21304,0.1854296) (310.3373,333.5939,10.7973)
compute 4.80258979807838(-0.173342287540436,1.56226646900177,0.543826103210449) (-0.1298617,1.573723,0.5269536) (283.4456,299.5688,14.40897) (-0.1293606,1.202864,0.1895217) (309.9874,327.7297,13.59999)
compute 9.81398277284606(-0.265338897705078,1.54692196846008,0.513287663459778) (-0.1733423,1.562266,0.5438261) (284.1046,273.1756,35.08181) (-0.2068624,1.188311,0.19048) (313.7688,320.2819,16.71361)
compute 17.6744515884058(-0.420758098363876,1.50890624523163,0.438199043273926) (-0.2653389,1.546922,0.5132877) (291.4905,239.2897,48.63012) (-0.2779943,1.191721,0.1814526) (315.6982,312.6226,22.44022)
compute 19.1508039409434(-0.604229331016541,1.46218574047089,0.409374922513962) (-0.4207581,1.508906,0.438199) (307.7243,241.6564,46.49859) (-0.3287271,1.205821,0.1778094) (316.5903,311.9039,20.42865)
compute 10.4323722172356(-0.702229380607605,1.43003213405609,0.425045758485794) (-0.6042293,1.462186,0.4093749) (308.8883,257.0838,28.90261) (-0.3601182,1.204353,0.1726248) (316.3784,313.1741,20.91282)
compute 8.16523639704464(-0.761019766330719,1.38542795181274,0.459992378950119) (-0.7022294,1.430032,0.4250458) (320.1697,265.661,33.44465) (-0.3863088,1.191213,0.1658593) (316.6824,311.2263,23.47004)
compute 2.97666824090146(-0.780898988246918,1.37868535518646,0.481097102165222) (-0.7610198,1.385428,0.4599924) (318.2129,271.4304,26.44278) (-0.4141146,1.181688,0.1657322) (317.553,305.6227,26.69745)
compute 1.33534242708255(-0.791950643062592,1.38483643531799,0.4853795170784) (-0.780899,1.378685,0.4810971) (316.8463,269.3541,35.09376) (-0.4332374,1.172345,0.1745123) (320.0714,304.8972,29.11072)
compute 2.25235281257981(-0.789548456668854,1.38904428482056,0.507375717163086) (-0.7919506,1.384836,0.4853795) (311.2771,273.9212,29.75825) (-0.4441941,1.179607,0.1871959) (319.0424,312.3287,28.74943)
compute 5.25134914396181(-0.799264311790466,1.34618091583252,0.536115944385529) (-0.7895485,1.389044,0.5073757) (326.263,274.7629,35.59155) (-0.4228224,1.188883,0.2008703) (315.507,323.0668,24.93107)
compute 4.18300987269759(-0.801981687545776,1.32246708869934,0.570467472076416) (-0.7992643,1.346181,0.5361159) (319.7354,276.201,21.27889) (-0.3948325,1.195824,0.2091027) (313.8955,332.209,23.13885)
compute 12.7022450972297(-0.830036163330078,1.19980800151825,0.587857067584991) (-0.8019817,1.322467,0.5704675) (343.0081,274.1255,32.37757) (-0.3824012,1.180113,0.2254949) (322.5695,330.4928,18.87342)
compute 6.7149878213126(-0.851960897445679,1.1383330821991,0.603644609451294) (-0.8300362,1.199808,0.5878571) (350.6393,272.5222,29.56096) (-0.4321467,1.156508,0.2364265) (333.0971,311.9975,24.40209)
compute 4.91283809759057(-0.854730308055878,1.18731558322906,0.606221973896027) (-0.8519609,1.138333,0.6036446) (326.6617,275.6727,22.24925) (-0.4611559,1.138895,0.2341671) (341.739,306.2828,24.7878)
compute 5.56530222140828(-0.82601922750473,1.15950131416321,0.567501187324524) (-0.8547303,1.187316,0.606222) (337.3772,270.2763,20.6238) (-0.4241186,1.164034,0.2336868) (329.0551,329.9211,21.87462)
compute 12.5752514072515(-0.710567712783813,1.14552068710327,0.519655764102936) (-0.8260192,1.159501,0.5675012) (351.7592,256.5871,45.32378) (-0.3535892,1.213883,0.2247795) (312.6176,8.89973,9.267218)
compute 24.089115997027(-0.509006798267365,1.27695167064667,0.508357703685761) (-0.7105677,1.145521,0.5196558) (327.6472,251.5102,47.64516) (-0.2899365,1.222562,0.2066077) (312.1364,36.65807,351.1531)
compute 25.3313278055419(-0.264470160007477,1.34300243854523,0.510955810546875) (-0.5090068,1.276952,0.5083577) (306.313,256.8239,57.55545) (-0.251285,1.222462,0.2077721) (313.293,37.74908,348.9193)
compute 18.1573021893363(-0.083382360637188,1.34220588207245,0.524197459220886) (-0.2644702,1.343002,0.5109558) (301.0486,275.4209,67.82117) (-0.1976156,1.204697,0.2118323) (312.7952,37.28984,348.8926)
compute 14.0935618895217(0.0573155172169209,1.34967362880707,0.527542293071747) (-0.08338236,1.342206,0.5241975) (289.3046,293.491,58.91093) (-0.1410187,1.19445,0.2115722) (313.0869,33.15594,350.4172)
compute 8.08335947948986(0.121901117265224,1.39780628681183,0.520758628845215) (0.05731552,1.349674,0.5275423) (282.3729,282.9569,73.98985) (-0.09659937,1.198694,0.2088435) (315.0236,20.09079,359.1931)
compute 9.54373850302927(0.0627084895968437,1.47194337844849,0.510355770587921) (0.1219011,1.397806,0.5207586) (295.0197,266.7141,98.95225) (-0.07055177,1.215878,0.2050681) (314.382,13.16948,359.3688)
compute 10.1462776809994(-0.0113983955234289,1.5314427614212,0.545890092849731) (0.06270849,1.471943,0.5103558) (305.9112,284.8579,97.15442) (-0.05643076,1.217692,0.2034964) (316.0056,11.24451,358.789)
compute 7.94063559205743(-0.0534512251615524,1.50050365924835,0.605720698833466) (-0.0113984,1.531443,0.5458901) (313.5302,303.9606,69.72045) (-0.05133464,1.214305,0.2075623) (318.7093,16.59017,351.8522)
compute 9.07625288153948(0.00861513428390026,1.43509638309479,0.616088509559631) (-0.05345123,1.500504,0.6057207) (304.3214,316.4025,51.83766) (-0.02096739,1.203539,0.2137315) (330.1886,38.34307,338.7537)
compute 20.6577682811862(0.160619124770164,1.30640685558319,0.561242043972015) (0.008615134,1.435096,0.6160885) (283.843,324.6059,33.95641) (0.03332878,1.171147,0.2017251) (345.4733,60.89499,333.6789)
compute 27.0760672189025(0.384301751852036,1.1542249917984,0.550374388694763) (0.1606191,1.306407,0.561242) (297.1151,47.5548,327.2834) (0.08436482,1.143896,0.1991536) (351.0434,64.2623,333.8512)
compute 18.939474241579(0.54389899969101,1.05290651321411,0.538813531398773) (0.3843018,1.154225,0.5503744) (316.551,59.52037,321.7919) (0.1283963,1.136031,0.2119052) (350.1,59.94197,335.7877)
compute 10.8448290417053(0.645963549613953,1.01782810688019,0.549460828304291) (0.543899,1.052907,0.5388135) (321.7352,59.3148,329.7112) (0.1869441,1.12105,0.2271385) (349.2789,54.2619,336.8463)
compute 10.253092717004(0.739761114120483,0.977999567985535,0.560787618160248) (0.6459635,1.017828,0.5494608) (332.7564,66.4953,324.3973) (0.2411759,1.09921,0.2474282) (350.4838,50.04617,334.7496)
compute 6.13341134149897(0.790446281433105,0.943469882011414,0.561554610729218) (0.7397611,0.9779996,0.5607876) (335.0418,70.14939,333.3868) (0.2470427,1.098571,0.265066) (339.7368,34.06382,339.071)
compute 6.2297482700346(0.810708105564117,0.890038967132568,0.586365342140198) (0.7904463,0.9434699,0.5615546) (344.8526,66.43079,336.5116) (0.1929941,1.113796,0.2873825) (324.6976,359.4834,345.7056)
compute 16.3939512623653(0.676982522010803,0.959207117557526,0.65124523639679) (0.8107081,0.890039,0.5863653) (321.9072,45.63656,329.3527) (0.1547554,1.147927,0.2490209) (318.3069,337.8436,353.3674)
compute 32.108110680978(0.396447002887726,1.1119841337204,0.618809401988983) (0.6769825,0.9592071,0.6512452) (290.1035,343.3729,9.254884) (0.1325673,1.166488,0.2274178) (315.9544,331.998,359.9881)
compute 25.7548988440797(0.186869472265244,1.2314270734787,0.528575658798218) (0.396447,1.111984,0.6188094) (282.4235,269.5166,55.37234) (0.08807971,1.179089,0.2114834) (318.2397,333.8408,0.4827184)
compute 19.6180272601567(-0.00114701630081981,1.17642283439636,0.539112865924835) (0.1868695,1.231427,0.5285757) (313.7364,284.9379,20.30884) (0.04470173,1.184101,0.2078971) (323.4172,337.4295,357.2878)
compute 10.2330648446818(-0.0448234342038631,1.12339460849762,0.61495441198349) (-0.001147016,1.176423,0.5391129) (318.8493,299.8265,11.97867) (0.008068018,1.188789,0.1968353) (325.0695,342.5365,358.9798)
compute 9.23613315987766(0.00978648010641336,1.19708383083344,0.604079127311707) (-0.04482343,1.123395,0.6149544) (305.9388,302.3486,20.81455) (0.007983111,1.204464,0.1918243) (321.8673,8.423573,347.4638)
compute 20.9810270746151(0.16257132589817,1.33542430400848,0.564848303794861) (0.00978648,1.197084,0.6040791) (276.6193,310.9661,31.28849) (0.02789829,1.203087,0.1892328) (322.5672,15.3919,343.4449)
compute 17.4406837671054(0.320899933576584,1.40494573116302,0.587576448917389) (0.1625713,1.335424,0.5648483) (297.8318,74.22523,265.6914) (0.0286897,1.205909,0.1895186) (318.7149,8.023396,349.3206)
compute 5.72326882698365(0.346397489309311,1.42061674594879,0.63636040687561) (0.3208999,1.404946,0.5875764) (308.8818,54.13997,282.037) (0.005020119,1.207634,0.1922304) (318.2154,337.9135,6.654475)
compute 16.7131006827219(0.184262663125992,1.45385026931763,0.613109469413757) (0.3463975,1.420617,0.6363604) (285.4973,27.28599,302.9658) (-0.0264512,1.201311,0.1847056) (322.6237,321.2761,17.36427)
compute 24.6289769433561(-0.0559748150408268,1.43446731567383,0.562425076961517) (0.1842627,1.45385,0.6131095) (294.4089,277.6438,45.618) (-0.05852436,1.194794,0.1802722) (321.9991,322.9944,16.86846)
compute 19.6775892552725(-0.241089284420013,1.40023040771484,0.505143165588379) (-0.05597482,1.434467,0.5624251) (304.3324,264.8433,48.36095) (-0.1308036,1.177882,0.1790557) (318.4284,324.558,16.69688)
compute 17.3106977477841(-0.412791430950165,1.37984490394592,0.496846735477448) (-0.2410893,1.40023,0.5051432) (308.9857,265.0285,41.32189) (-0.2148867,1.174635,0.1796337) (314.8685,321.1781,18.04994)
compute 15.697998119561(-0.563297212123871,1.35604846477509,0.534588694572449) (-0.4127914,1.379845,0.4968467) (318.4269,268.1182,41.77602) (-0.2689173,1.184471,0.1844282) (313.4832,319.1294,18.86251)
compute 5.93326089243429(-0.592647731304169,1.3712146282196,0.583872497081757) (-0.5632972,1.356048,0.5345887) (317.0781,284.305,32.41715) (-0.2916579,1.208622,0.1862735) (314.6087,320.8632,20.58084)
compute 7.94942392662124(-0.570742607116699,1.44150710105896,0.55389803647995) (-0.5926477,1.371215,0.5838725) (310.4545,276.4985,39.87143) (-0.3068148,1.214915,0.1851989) (315.3464,320.9685,21.79885)
compute 6.29065069540083(-0.554464519023895,1.49369704723358,0.522777915000916) (-0.5707426,1.441507,0.553898) (302.1055,269.6273,44.11243) (-0.3123461,1.218732,0.1839914) (313.3238,321.6747,21.05773)
compute 5.32840882481726(-0.600040197372437,1.52113687992096,0.519760072231293) (-0.5544645,1.493697,0.5227779) (301.8028,269.715,46.26349) (-0.3199832,1.220903,0.1785684) (308.7489,329.1013,15.78249)
compute 4.87718751574947(-0.643655776977539,1.5089076757431,0.537838339805603) (-0.6000402,1.521137,0.5197601) (303.4787,276.7664,39.30337) (-0.3151951,1.219011,0.1780757) (305.0888,339.2194,9.904686)
compute 6.75007910579765(-0.674222350120544,1.45352935791016,0.561402797698975) (-0.6436558,1.508908,0.5378383) (315.8815,281.3036,41.83748) (-0.3135067,1.218351,0.1818108) (305.1147,343.2376,9.395564)
compute 4.73913318916062(-0.6432244181633,1.41876256465912,0.552665710449219) (-0.6742224,1.453529,0.5614028) (317.8186,274.1901,45.07166) (-0.2927053,1.220343,0.1880629) (305.7299,356.7516,1.408514)
compute 14.2087023185844(-0.514160871505737,1.38456451892853,0.504067182540894) (-0.6432244,1.418763,0.5526657) (315.5368,256.8822,56.34668) (-0.2393545,1.225153,0.1868924) (308.3099,24.16461,342.0056)
compute 21.4514858899347(-0.304189532995224,1.36138558387756,0.466765731573105) (-0.5141609,1.384565,0.5040672) (306.5915,248.6659,66.17089) (-0.1876718,1.219346,0.1835874) (317.4514,45.50278,327.2719)
compute 16.8354680835106(-0.137016206979752,1.34160614013672,0.469035595655441) (-0.3041895,1.361386,0.4667657) (294.9493,258.0645,65.3423) (-0.1675742,1.207733,0.1798713) (322.3584,51.03792,326.2251)
compute 13.6004720324439(-0.00406369846314192,1.34584069252014,0.497372537851334) (-0.1370162,1.341606,0.4690356) (283.4154,276.3072,69.1863) (-0.1476488,1.20222,0.1886316) (321.964,50.42729,328.1921)
compute 11.8912582355392(0.103139854967594,1.38927471637726,0.524960339069366) (-0.004063698,1.345841,0.4973725) (276.1898,37.23473,310.2045) (-0.1170585,1.207864,0.1961465) (322.8492,48.76112,329.9521)
compute 9.40094314483071(0.175879642367363,1.44784259796143,0.535753846168518) (0.1031399,1.389275,0.5249603) (280.9708,88.81464,264.7531) (-0.05973808,1.208153,0.2092792) (322.845,45.98708,331.5847)
compute 8.39800405177522(0.247664898633957,1.49010264873505,0.546412765979767) (0.1758796,1.447843,0.5357538) (284.6919,101.4143,258.0208) (0.02220886,1.197333,0.2230268) (324.8864,42.8443,331.7523)
compute 8.89499496216016(0.332890957593918,1.48717629909515,0.571711957454681) (0.2476649,1.490103,0.5464128) (288.3867,96.63124,262.1483) (0.1017744,1.193845,0.2366142) (330.8465,40.91959,331.3287)
compute 14.3524657698823(0.397199511528015,1.35921180248261,0.581136703491211) (0.332891,1.487176,0.571712) (296.2555,86.62296,267.4698) (0.1430212,1.188629,0.2382634) (343.5924,46.36958,329.0012)
compute 21.3959379085216(0.479577004909515,1.1617511510849,0.582498788833618) (0.3971995,1.359212,0.5811367) (314.0662,78.79966,278.6683) (0.1706593,1.168847,0.2320894) (352.3028,53.11858,330.9585)
compute 20.6969365797352(0.587615668773651,0.985286056995392,0.587401628494263) (0.479577,1.161751,0.5824988) (335.3565,74.85023,294.893) (0.1822525,1.15778,0.2244453) (355.267,52.67207,330.0306)
compute 5.79736190776758(0.625053822994232,0.949028074741364,0.562011003494263) (0.5876157,0.9852861,0.5874016) (332.309,77.72564,304.8692) (0.1897199,1.161351,0.2161127) (354.886,50.33329,330.3863)
compute 1.25646901655761(0.612797975540161,0.950316250324249,0.564461767673492) (0.6250538,0.9490281,0.562011) (327.1947,67.09042,314.8048) (0.1978668,1.145696,0.2069727) (359.0243,49.98968,331.2296)
compute 10.9897386188942(0.592905938625336,0.842238366603851,0.563506066799164) (0.612798,0.9503163,0.5644618) (328.6756,59.39159,319.4578) (0.2235619,1.103862,0.2082047) (6.518967,52.43481,329.585)
compute 18.3262584481756(0.62302565574646,0.66181480884552,0.552311480045319) (0.5929059,0.8422384,0.5635061) (354.4828,63.09086,320.653) (0.253612,1.057726,0.2277051) (8.349819,53.72443,329.7653)
compute 9.7719966579657(0.693074584007263,0.598258912563324,0.527755677700043) (0.6230257,0.6618148,0.5523115) (356.4856,74.02936,323.3726) (0.2907217,0.992849,0.2571007) (10.37202,54.92015,331.3853)
compute 3.11268652041432(0.710400402545929,0.60147351026535,0.553414285182953) (0.6930746,0.5982589,0.5277557) (351.423,62.90046,336.6978) (0.3031321,0.9736488,0.2690614) (12.60779,52.15756,330.8634)
compute 11.198030394921(0.6607506275177,0.697687029838562,0.582005321979523) (0.7104004,0.6014735,0.5534143) (334.51,62.08274,327.5641) (0.3016641,1.029689,0.270589) (1.985917,43.02249,331.6949)
compute 22.8521262060429(0.535468280315399,0.887678384780884,0.602731823921204) (0.6607506,0.697687,0.5820053) (303.4015,45.70964,324.7233) (0.2294691,1.136296,0.2687545) (331.1001,14.65526,332.316)
compute 22.6041759288392(0.417932271957397,1.0782767534256,0.571870386600494) (0.5354683,0.8876784,0.6027318) (283.6663,59.62468,295.5633) (0.1627532,1.188964,0.2203155) (313.3092,340.381,350.8051)
compute 19.6021991425303(0.29573667049408,1.21841526031494,0.509789347648621) (0.4179323,1.078277,0.5718704) (276.1179,174.653,169.5961) (0.1370251,1.199043,0.1936999) (312.5401,329.174,1.850742)
compute 12.4358398828965(0.199867576360703,1.29228484630585,0.481198906898499) (0.2957367,1.218415,0.5097893) (283.5612,215.0418,117.1386) (0.1192274,1.202573,0.1845217) (311.385,333.569,0.7998396)
compute 6.67451866100939(0.145552188158035,1.33089411258698,0.48495164513588) (0.1998676,1.292285,0.4811989) (282.5887,229.8072,100.3225) (0.09071195,1.205834,0.1776251) (309.5675,332.6503,3.423866)
compute 1.92187867823406(0.129561081528664,1.34018242359161,0.479719668626785) (0.1455522,1.330894,0.4849516) (289.9349,221.0228,116.4904) (0.08090477,1.206013,0.1751558) (311.9585,1.223541,346.2347)
compute 10.5588009496939(0.22455358505249,1.37710082530975,0.507329165935516) (0.1295611,1.340182,0.4797197) (275.5686,126.7965,214.5928) (0.0792622,1.202221,0.1689836) (317.9863,17.70893,337.5183)
compute 5.67167887882474(0.25992950797081,1.42113947868347,0.512421846389771) (0.2245536,1.377101,0.5073292) (279.8505,99.69304,245.2815) (0.07499908,1.204811,0.1633341) (319.0924,16.17929,340.2982)
compute 5.18646187613948(0.222325935959816,1.45661318302155,0.51660829782486) (0.2599295,1.421139,0.5124218) (275.5154,252.1627,102.1566) (0.07363503,1.199866,0.1633089) (321.0122,14.22151,344.0817)
compute 5.9394958532124(0.235243782401085,1.4800283908844,0.569642424583435) (0.2223259,1.456613,0.5166083) (281.8581,342.4137,15.50499) (0.09076946,1.196669,0.1630839) (321.8128,20.11028,343.127)
compute 6.21819665458325(0.27722030878067,1.43618035316467,0.556154727935791) (0.2352438,1.480028,0.5696424) (282.1894,22.05183,325.7662) (0.1132952,1.194539,0.167752) (326.4868,24.27699,339.1798)
compute 13.5021972851486(0.369656890630722,1.34555888175964,0.594549536705017) (0.2772203,1.43618,0.5561547) (292.0803,27.71505,330.284) (0.1054673,1.186144,0.1808206) (329.5056,15.81084,347.3538)
compute 8.90592592584118(0.385241985321045,1.26507484912872,0.629348635673523) (0.3696569,1.345559,0.5945495) (307.6956,57.33282,291.709) (0.03619672,1.162695,0.2062306) (341.9343,337.7987,10.41541)
compute 30.8947343912537(0.104111939668655,1.15219378471375,0.568749725818634) (0.385242,1.265075,0.6293486) (289.2932,308.2819,19.31432) (-0.01404005,1.123492,0.1901383) (354.5293,316.7641,13.17737)
compute 22.5691292609629(-0.08069858700037,1.03477489948273,0.514028251171112) (0.1041119,1.152194,0.5687497) (300.7481,286.5671,12.10237) (-0.04103604,1.111887,0.1869944) (356.1346,316.089,13.63792)
compute 18.1558197928837(-0.240241885185242,0.948976397514343,0.501865565776825) (-0.08069859,1.034775,0.5140283) (318.1784,286.4444,353.369) (-0.08818932,1.112704,0.1968019) (358.5331,318.4435,13.30974)
compute 17.6185484862354(-0.342042326927185,0.810421347618103,0.540342748165131) (-0.2402419,0.9489764,0.5018656) (347.8951,297.6666,332.6478) (-0.1403787,1.114403,0.2049929) (355.6151,318.5517,13.41347)
compute 11.426885495323(-0.350697457790375,0.698571681976318,0.562070906162262) (-0.3420423,0.8104213,0.5403427) (13.30172,306.8997,335.7341) (-0.1895665,1.150211,0.2029413) (340.6764,318.4988,12.96376)
compute 21.0714351494962(-0.40386113524437,0.88922107219696,0.489773094654083) (-0.3506975,0.6985717,0.5620709) (343.0211,290.4623,340.5226) (-0.224854,1.162277,0.1980858) (339.3735,317.0298,15.61267)
compute 27.7130591626393(-0.432671636343002,1.16118502616882,0.444974362850189) (-0.4038611,0.8892211,0.4897731) (300.4113,259.5851,23.68518) (-0.2500141,1.169231,0.2051179) (338.9323,318.7047,13.77395)
compute 16.3426914062962(-0.505174100399017,1.28846001625061,0.517450749874115) (-0.4326716,1.161185,0.4449744) (295.9559,280.5737,3.424633) (-0.2730309,1.17517,0.2142016) (340.5542,319.8453,14.97382)
compute 8.30287277541066(-0.559509456157684,1.31083381175995,0.576109528541565) (-0.5051741,1.28846,0.5174507) (305.6589,292.111,0.523553) (-0.2904317,1.17309,0.2208217) (342.5798,319.0724,15.31381)
compute 6.90813888912004(-0.58335667848587,1.24603497982025,0.57826817035675) (-0.5595095,1.310834,0.5761095) (320.1182,290.6113,6.73681) (-0.3014676,1.163602,0.2207644) (340.5864,318.5602,17.88394)
compute 14.7112812204447(-0.594027876853943,1.10382688045502,0.542141139507294) (-0.5833567,1.246035,0.5782682) (346.3208,267.8572,21.13112) (-0.280885,1.190047,0.2140563) (321.4917,327.6598,17.09893)
compute 5.61204853008923(-0.583632469177246,1.04916787147522,0.549478530883789) (-0.5940279,1.103827,0.5421411) (352.3458,268.405,33.10421) (-0.231672,1.210858,0.1970261) (304.7504,352.6517,3.422373)
compute 5.92224536080334(-0.562912583351135,1.10458409786224,0.552129447460175) (-0.5836325,1.049168,0.5494785) (330.4863,269.5173,18.38221) (-0.2323931,1.206926,0.1998287) (305.8911,351.5374,4.237308)
compute 1.46133556898902(-0.556614339351654,1.1101838350296,0.540191054344177) (-0.5629126,1.104584,0.5521294) (334.3988,266.9193,28.10079) (-0.2395876,1.208311,0.2077587) (308.5029,348.7569,6.714613)
compute 6.4749450983779(-0.508782982826233,1.12233829498291,0.498275399208069) (-0.5566143,1.110184,0.5401911) (331.7206,257.7647,36.95423) (-0.2316983,1.20813,0.2050313) (308.2508,357.9579,0.1361624)
compute 9.30849703395844(-0.42843633890152,1.1691689491272,0.494260609149933) (-0.508783,1.122338,0.4982754) (313.3304,258.6755,24.38755) (-0.2096588,1.208186,0.1930227) (308.2765,6.861493,356.0185)
compute 7.29722346060013(-0.360558062791824,1.1887491941452,0.512539029121399) (-0.4284363,1.169169,0.4942606) (307.1244,267.4109,23.56022) (-0.1829569,1.211613,0.1787158) (308.3921,17.12548,348.7904)
compute 6.89996053582578(-0.292132943868637,1.19272112846375,0.520487129688263) (-0.3605581,1.188749,0.512539) (303.2825,275.3045,22.40777) (-0.1726238,1.208274,0.1818438) (313.6669,8.711899,357.5968)
compute 5.98332580701588(-0.282993674278259,1.13528203964233,0.506442785263062) (-0.2921329,1.192721,0.5204871) (310.4637,270.861,30.95511) (-0.1983244,1.187079,0.2098318) (336.6105,341.9254,18.13216)
compute 8.91524219900945(-0.289514243602753,1.04647600650787,0.502069592475891) (-0.2829937,1.135282,0.5064428) (315.9372,272.5958,22.97502) (-0.2085875,1.134388,0.2136189) (3.210029,322.8587,20.85036)
compute 5.6027417740112(-0.270789235830307,0.994417726993561,0.510922908782959) (-0.2895142,1.046476,0.5020696) (315.8797,285.345,5.104247) (-0.198108,1.117066,0.203126) (11.13544,315.7988,16.19449)
compute 4.22598830217979(-0.236124873161316,0.973467588424683,0.522979915142059) (-0.2707892,0.9944177,0.5109229) (314.0403,297.609,350.9742) (-0.1763991,1.107811,0.1991898) (15.04477,314.8146,16.83986)
compute 2.33497937104873(-0.228384286165237,0.955027461051941,0.510927617549896) (-0.2361249,0.9734676,0.5229799) (316.3931,294.6449,352.3392) (-0.1578945,1.089601,0.1981983) (21.86498,314.9429,16.95866)
compute 9.4363074195833(-0.273909240961075,0.878464102745056,0.479784071445465) (-0.2283843,0.9550275,0.5109276) (330.702,280.3793,349.4684) (-0.161103,1.078007,0.2003279) (22.76925,312.3172,14.70871)
compute 15.1644131169775(-0.341285884380341,0.743984639644623,0.46050700545311) (-0.2739092,0.8784641,0.4797841) (345.8519,277.9026,351.2718) (-0.1842319,1.042687,0.2116361) (26.262,310.4752,12.4192)
compute 8.30204829444016(-0.345195978879929,0.663611114025116,0.44008132815361) (-0.3412859,0.7439846,0.460507) (350.9139,281.5841,353.5978) (-0.2096357,1.02412,0.2273257) (24.07942,315.7914,10.15507)
compute 3.93688062804565(-0.311355739831924,0.671314656734467,0.421496480703354) (-0.345196,0.6636111,0.4400813) (342.7415,285.8994,342.0076) (-0.21815,1.047555,0.2334542) (19.1094,326.0482,12.96138)
compute 8.46160419845713(-0.279408752918243,0.749198317527771,0.430063873529434) (-0.3113557,0.6713147,0.4214965) (331.8076,286.2153,348.497) (-0.2108152,1.109424,0.2396493) (9.653684,336.5022,10.19287)
compute 11.3846615987833(-0.225812405347824,0.846370458602905,0.455481559038162) (-0.2794088,0.7491983,0.4300639) (321.4583,294.1328,348.3622) (-0.1890202,1.148337,0.2421107) (359.5677,350.5742,8.196479)
compute 11.1265334624879(-0.141719460487366,0.918225407600403,0.467532187700272) (-0.2258124,0.8463705,0.4554816) (311.6006,305.8204,355.1038) (-0.1648538,1.180802,0.2364327) (346.4898,9.345206,3.098665)
compute 8.7566904129632(-0.0549688749015331,0.929811775684357,0.464693933725357) (-0.1417195,0.9182254,0.4675322) (306.4882,328.3916,346.8835) (-0.1459717,1.196563,0.2172737) (337.8013,27.80787,355.863)
compute 8.33497174115947(0.0229999050498009,0.923500537872314,0.435915231704712) (-0.05496887,0.9298118,0.4646939) (306.6525,355.7449,332.1599) (-0.1495265,1.195011,0.2029883) (336.767,38.08076,351.4627)
compute 5.9440221671879(0.062731072306633,0.904230058193207,0.396125495433807) (0.02299991,0.9235005,0.4359152) (306.7756,9.471738,330.8235) (-0.14885,1.191881,0.1902944) (333.9765,43.41115,349.3109)
compute 4.15102358632078(0.0810137316584587,0.881637752056122,0.366487145423889) (0.06273107,0.9042301,0.3961255) (306.77,16.13992,327.2975) (-0.1352437,1.189527,0.1718071) (330.3348,43.53765,348.3026)
compute 2.26212535141935(0.0946728959679604,0.863700270652771,0.364644557237625) (0.08101373,0.8816378,0.3664871) (308.6906,18.97158,324.9579) (-0.1316188,1.198742,0.1629588) (318.8923,25.29654,355.564)
compute 1.80711632548681(0.107860922813416,0.862994611263275,0.376979261636734) (0.0946729,0.8637003,0.3646446) (309.1583,18.03424,319.8883) (-0.1250461,1.201848,0.1443473) (314.7991,359.9204,8.006231)
compute 3.72370428740162(0.122235618531704,0.877478957176209,0.408126801252365) (0.1078609,0.8629946,0.3769793) (306.0452,12.82486,318.8615) (-0.08375371,1.200692,0.1293212) (312.9758,355.7593,7.547399)
compute 2.00118193876781(0.128934144973755,0.894086241722107,0.417059928178787) (0.1222356,0.877479,0.4081268) (301.2141,5.381028,320.6683) (-0.0416071,1.200298,0.123249) (312.2838,354.0343,6.882607)
compute 2.13200659294815(0.149704486131668,0.891479134559631,0.421102344989777) (0.1289341,0.8940862,0.4170599) (302.2292,3.059918,320.6425) (-0.01548674,1.202724,0.1223674) (314.1018,350.1575,6.631006)
compute 1.49599448937498(0.157534345984459,0.889395296573639,0.433678150177002) (0.1497045,0.8914791,0.4211023) (305.2478,3.785496,315.0659) (0.002140757,1.199652,0.1228726) (316.6132,345.4525,6.977295)
compute 1.38720481865373(0.153228521347046,0.882968366146088,0.445192843675613) (0.1575343,0.8893953,0.4336782) (308.2584,359.8921,314.9397) (0.00887398,1.193238,0.1235835) (321.2334,338.8365,9.676702)
compute 3.08513400331437(0.125703573226929,0.875012636184692,0.456633508205414) (0.1532285,0.8829684,0.4451928) (309.518,349.1634,318.0974) (0.0009847209,1.186839,0.1264813) (329.138,328.2712,13.4922)
compute 5.18162070823263(0.0745314136147499,0.868604719638824,0.461660236120224) (0.1257036,0.8750126,0.4566335) (310.7872,339.2336,321.8058) (-0.02042159,1.185601,0.1202703) (336.8484,319.694,14.65486)
compute 4.05842536297625(0.0355892591178417,0.880026698112488,0.462018966674805) (0.07453141,0.8686047,0.4616602) (310.1947,335.8596,318.9969) (-0.02665298,1.181177,0.1150633) (341.6263,316.448,12.68549)
compute 2.54405849115121(0.0198081657290459,0.897302865982056,0.452033251523972) (0.03558926,0.8800267,0.462019) (308.7371,335.5059,315.6485) (-0.02610047,1.177883,0.1128755) (344.8307,315.4903,11.98625)
compute 0.836777592746543(0.0184148903936148,0.900761306285858,0.444542080163956) (0.01980817,0.8973029,0.4520333) (309.0341,335.2254,315.3426) (-0.02906554,1.179191,0.1121801) (346.6809,315.781,10.94979)
compute 3.16431081050465(0.0407909154891968,0.888430535793304,0.425872534513474) (0.01841489,0.9007613,0.4445421) (310.3687,335.8855,314.006) (-0.03581464,1.178544,0.118786) (347.6706,318.7129,9.652465)
compute 1.6123014398387(0.0538733080029488,0.882628440856934,0.418447017669678) (0.04079092,0.8884305,0.4258725) (309.485,339.4829,314.7645) (-0.04268105,1.181754,0.1280972) (346.1397,326.4966,6.765403)
compute 1.10673741290123(0.0649101287126541,0.88241446018219,0.417653560638428) (0.05387331,0.8826284,0.418447) (310.204,350.6108,309.3138) (-0.04911368,1.191808,0.1391117) (343.6767,335.9803,4.886896)
compute 0.952398844509327(0.0718627721071243,0.881592631340027,0.411196649074554) (0.06491013,0.8824145,0.4176536) (310.2497,354.9733,309.032) (-0.05619443,1.195417,0.1486499) (340.8366,343.453,3.115926)
compute 0.904742039702618(0.0800666511058807,0.882003664970398,0.407404124736786) (0.07186277,0.8815926,0.4111966) (311.2001,359.2098,313.3744) (-0.05935457,1.202608,0.1528223) (336.7569,348.2385,1.481747)
compute 1.62825210466109(0.0957071110606194,0.877877414226532,0.405541181564331) (0.08006665,0.8820037,0.4074041) (313.3545,7.924751,306.5256) (-0.05989018,1.217557,0.1455293) (326.5963,349.2925,0.7369974)
compute 1.56688649541202(0.110031969845295,0.875973582267761,0.399484187364578) (0.09570711,0.8778774,0.4055412) (312.8201,11.51954,307.4147) (-0.06155267,1.226659,0.1303034) (318.155,351.3948,358.1563)
compute 1.78482210197193(0.126330062747002,0.871712386608124,0.393587291240692) (0.110032,0.8759736,0.3994842) (312.1085,13.91941,306.9491) (-0.06095571,1.225407,0.1204311) (316.3719,353.0605,358.4997)
compute 1.13709322142643(0.135549023747444,0.866613328456879,0.389308452606201) (0.1263301,0.8717124,0.3935873) (311.6221,14.41867,308.2932) (-0.05936968,1.219457,0.1179337) (317.4596,354.0966,358.8109)
compute 1.2014489843037(0.145282834768295,0.861026763916016,0.385019958019257) (0.135549,0.8666133,0.3893085) (313.0613,16.33741,308.361) (-0.05626514,1.219368,0.1174303) (317.8472,357.0411,357.4774)
compute 1.55466205150082(0.149156659841537,0.861468195915222,0.369970172643662) (0.1452828,0.8610268,0.38502) (312.8302,17.32047,307.9519) (-0.05116806,1.218545,0.1163664) (317.6811,359.4125,356.4258)
compute 1.10350935532576(0.153615325689316,0.860826849937439,0.359896332025528) (0.1491567,0.8614682,0.3699702) (312.5133,17.6798,308.6533) (-0.04905286,1.218982,0.1138867) (317.9959,0.4121557,356.1608)
compute 0.363107241895108(0.154637783765793,0.860751271247864,0.356413006782532) (0.1536153,0.8608268,0.3598963) (312.5364,17.77793,308.5433) (-0.04733916,1.219756,0.1112768) (318.6402,359.4835,356.7046)
compute 0.171565039504969(0.152958273887634,0.860465407371521,0.356210559606552) (0.1546378,0.8607513,0.356413) (312.4783,16.90605,308.7555) (-0.0459465,1.219058,0.1093476) (319.4721,358.3069,356.611)
compute 0.360719170432881(0.150752916932106,0.857687771320343,0.35686856508255) (0.1529583,0.8604654,0.3562106) (313.1891,15.40174,309.0093) (-0.04401991,1.219695,0.1077659) (319.8454,357.2087,356.9373)
compute 0.312825843072056(0.1492690294981,0.855732262134552,0.358807653188705) (0.1507529,0.8576878,0.3568686) (314.2423,14.465,308.5446) (-0.04312735,1.222178,0.1070925) (320.3636,356.0997,357.57)
compute 0.376721098357834(0.146809875965118,0.854174077510834,0.361198574304581) (0.149269,0.8557323,0.3588077) (314.7376,12.99182,309.2143) (-0.04114408,1.222697,0.1067349) (321.6251,354.6069,357.8447)
compute 0.497512588405594(0.14568804204464,0.851111710071564,0.364955604076386) (0.1468099,0.8541741,0.3611986) (315.612,11.69677,309.4304) (-0.03750588,1.22136,0.106143) (322.5362,352.4564,358.1653)
compute 0.923951793805862(0.145655363798141,0.84668904542923,0.373067796230316) (0.145688,0.8511117,0.3649556) (316.9529,10.75716,309.3753) (-0.03529549,1.221214,0.1064556) (322.9349,350.7559,358.1858)
compute 0.565300930533006(0.145061314105988,0.844944894313812,0.37841209769249) (0.1456554,0.846689,0.3730678) (318.0184,10.27381,308.432) (-0.03212266,1.220652,0.1068134) (323.6395,349.8551,357.8785)
compute 0.360639424327975(0.144024610519409,0.842801511287689,0.381120830774307) (0.1450613,0.8449449,0.3784121) (318.3798,9.474239,308.5516) (-0.02936855,1.219605,0.1110268) (324.5334,348.9988,357.2087)
compute 0.443239499985436(0.143609032034874,0.842217743396759,0.385494917631149) (0.1440246,0.8428015,0.3811208) (319.2856,8.883176,307.8307) (-0.0265211,1.219222,0.1162113) (326.1523,348.3847,356.6462)
compute 0.187511218424298(0.143003240227699,0.841852009296417,0.387231379747391) (0.143609,0.8422177,0.3854949) (319.9118,8.257568,307.0107) (-0.02247796,1.218135,0.1196306) (327.3233,347.8325,356.2574)
compute 0.12559118436541(0.141848996281624,0.84164023399353,0.387678802013397) (0.1430032,0.841852,0.3872314) (320.0423,7.191916,307.1751) (-0.02100221,1.215391,0.1215813) (328.1429,347.7491,355.7685)
compute 0.0704799667860109(0.141593247652054,0.84104311466217,0.387952268123627) (0.141849,0.8416402,0.3876788) (320.1579,6.925609,307.0496) (-0.02051523,1.213983,0.1232141) (328.9366,347.7596,355.5996)
compute 0.0566229886925256(0.141579553484917,0.840497970581055,0.388104736804962) (0.1415932,0.8410431,0.3879523) (320.3378,6.839801,306.9229) (-0.02066628,1.212599,0.124252) (329.6639,348.0947,355.394)
compute 0.0696825224754964(0.142212107777596,0.84022331237793,0.388004720211029) (0.1415796,0.840498,0.3881047) (320.3794,6.849958,306.8849) (-0.02083137,1.211306,0.1255459) (330.2747,349.1735,355.0936)
compute 0.427365939769189(0.145851448178291,0.839987337589264,0.385776787996292) (0.1422121,0.8402233,0.3880047) (320.3908,6.877183,306.8613) (-0.02162709,1.209562,0.1256247) (330.5958,349.9975,355.0742)
compute 0.348255348692623(0.148333638906479,0.839708626270294,0.383350014686584) (0.1458514,0.8399873,0.3857768) (320.4093,7.232349,306.7668) (-0.02228668,1.209394,0.1254537) (330.8022,350.2734,355.2599)
Average= 7.79215503552671
Max= 50.3423407615041
Standard Deviation= 7.36709313776067
Right: 21    Wrong: 2
0
