red 220.0129 226.0133 13.99501 (-0.7394624,5,0.7) (-0.7394624,1.477314,0.7)
red 220.5105 226.6356 14.49305 (-0.5928612,5,0.7) (-0.5928612,1.549916,0.7)
black 220.0129 227.0578 12.06083 (-0.4754518,5,0.7) (-0.4754518,0.08082603,0.7)
red 222.0098 227.4578 13.47447 (-0.05183208,5,0.7) (-0.05183208,1.661794,0.7)
red 221.0095 227.8244 16.37451 (-0.5064542,5,0.7) (-0.5064542,1.680946,0.7)
black 220.5105 228.6467 13.66468 (-0.5782149,5,0.7) (-0.5782149,0.07857656,0.7)
red 224.0052 229.7689 13.96638 (0.2171253,5,0.7) (0.2171253,1.613995,0.7)
red 223.5062 230.2244 14.98135 (0.6549034,5,0.7) (0.6549034,1.361281,0.7)
red 221.5106 230.4133 14.75607 (0.4695368,5,0.7) (0.4695368,0.07859483,0.7)
black 222.5069 230.4245 13.33908 (0.4029882,5,0.7) (0.4029882,0.07724605,0.7)
red 222.5069 230.5689 16.95497 (0.07496035,5,0.7) (0.07496035,1.234421,0.7)
black 223.5062 231.18 12.99192 (-0.7747674,5,0.7) (-0.7747674,0.08204131,0.7)
red 223.0072 231.2467 13.80815 (0.1632177,5,0.7) (0.1632177,0.07821947,0.7)
red 226.0027 231.5133 13.46177 (-0.1702272,5,0.7) (-0.1702272,1.623706,0.7)
black 224.0052 231.68 12.98335 (0.5461173,5,0.7) (0.5461173,0.0783065,0.7)
black 221.0095 232.0022 17.59023 (0.1617442,5,0.7) (0.1617442,0.08485699,0.7)
black 222.0098 232.28 16.63793 (0.8547099,5,0.7) (0.8547099,0.08391666,0.7)
red 225.0035 232.58 16.60061 (-0.9085743,5,0.7) (-0.9085743,1.371645,0.7)
black 221.5106 232.6245 17.73928 (-0.2069556,5,0.7) (-0.2069556,0.0817627,0.7)
red 225.5026 232.6578 15.04457 (-0.8972847,5,0.7) (-0.8972847,1.14413,0.7)
black 223.0072 233.4133 16.80301 (-0.12506,5,0.7) (-0.12506,0.07957917,0.7)
black 226.0027 233.5133 12.73176 (0.9374411,5,0.7) (0.9374411,0.07589202,0.7)
red 227.5092 233.7578 14.5444 (-0.02187073,5,0.7) (-0.02187073,1.495124,0.7)
black 225.0035 233.78 19.08545 (-0.05096447,5,0.7) (-0.05096447,1.461663,0.7)
black 224.5044 234.1689 15.80137 (-0.337272,5,0.7) (-0.337272,0.07898536,0.7)
red 224.5044 234.8689 16.74408 (0.7137086,5,0.7) (0.7137086,0.07956331,0.7)
black 228.0085 234.9133 11.83998 (-0.5924928,5,0.7) (-0.5924928,0.07990955,0.7)
red 228.0085 235.1022 15.00145 (-0.08021724,5,0.7) (-0.08021724,1.161205,0.7)
red 226.5099 235.3467 14.67255 (0.553277,5,0.7) (0.553277,0.0825981,0.7)
red 229.5046 235.4578 13.8604 (0.3417556,5,0.7) (0.3417556,1.470526,0.7)
black 227.5092 235.7244 13.78224 (-0.3866349,5,0.7) (-0.3866349,0.08078242,0.7)
red 227.008 235.9356 14.78964 (0.9682672,5,0.7) (0.9682672,0.07958755,0.7)
black 230.0027 236.0911 10.56221 (-0.3133265,5,0.7) (-0.3133265,0.07692461,0.7)
red 229.0046 236.1133 16.01335 (-0.6019452,5,0.7) (-0.6019452,1.444614,0.7)
red 230.511 236.6022 14.36663 (-0.7259533,5,0.7) (-0.7259533,1.533166,0.7)
red 228.5054 236.8578 13.97961 (-0.5490115,5,0.7) (-0.5490115,0.08312935,0.7)
black 229.0046 237.0244 13.49345 (-0.982892,5,0.7) (-0.982892,0.08101992,0.7)
black 226.5099 237.2689 17.28179 (0.7450604,5,0.7) (0.7450604,0.08331145,0.7)
black 231.0087 237.3022 10.88937 (-0.8708696,5,0.7) (-0.8708696,0.07510342,0.7)
red 231.5099 237.5356 14.28801 (0.3638789,5,0.7) (0.3638789,1.549183,0.7)
black 228.5054 237.7911 15.28521 (-0.5824087,5,0.7) (-0.5824087,0.07986251,0.7)
red 231.0087 237.8689 14.23457 (0.7012117,5,0.7) (0.7012117,1.050464,0.7)
black 225.5026 238.2356 19.77167 (-0.3832077,5,0.7) (-0.3832077,0.08537644,0.7)
black 227.008 238.6356 18.39609 (0.9369895,5,0.7) (0.9369895,0.08276403,0.7)
red 230.0027 238.9133 14.76573 (0.9558084,5,0.7) (0.9558084,0.08245837,0.7)
black 232.0091 239.2356 12.31521 (-0.2898616,5,0.7) (-0.2898616,0.07473826,0.7)
red 233.5085 239.5356 14.08129 (0.2651043,5,0.7) (0.2651043,1.489611,0.7)
red 234.0073 239.7244 13.05287 (0.3834955,5,0.7) (0.3834955,1.365238,0.7)
red 232.0091 240.3578 15.3589 (-0.3961734,5,0.7) (-0.3961734,0.6025136,0.7)
black 229.5046 240.3689 19.48155 (-0.4656073,5,0.7) (-0.4656073,0.7283162,0.7)
black 233.0054 240.6133 12.89358 (-0.185809,5,0.7) (-0.185809,0.08207387,0.7)
red 233.0054 240.7578 16.61977 (-0.6439409,5,0.7) (-0.6439409,1.291207,0.7)
red 232.5087 241.0911 14.30033 (-0.8223076,5,0.7) (-0.8223076,0.07817419,0.7)
black 230.511 241.2578 17.26089 (-0.3927287,5,0.7) (-0.3927287,0.08107975,0.7)
black 233.5085 242.4022 14.74149 (0.4116146,5,0.7) (0.4116146,0.07899514,0.7)
red 234.5067 242.6133 13.61525 (-0.6962037,5,0.7) (-0.6962037,0.07804611,0.7)
black 231.5099 242.8689 18.06255 (0.7899861,5,0.7) (0.7899861,0.08478382,0.7)
black 232.5087 242.9578 16.87325 (0.09477675,5,0.7) (0.09477675,0.08360028,0.7)
black 234.5067 245.2578 17.26625 (-0.6554623,5,0.7) (-0.6554623,0.08301555,0.7)
black 234.0073 245.3578 18.03863 (-0.8801858,5,0.7) (-0.8801858,0.08150719,0.7)
0
