red 462.4428 471.2645 15.07155 (-0.761303,0.15,0.4942544) (-0.761303,0.15,0.4942544)
1
red 471.4486 475.52 15.07155 (-0.458598,0.15,0.802389) (-0.458598,0.15,0.802389)
2
red 475.9508 480.6645 15.07155 (0.8181974,0.15,0.5589032) (0.8181974,0.15,0.5589032)
3
red 480.9481 484.6867 15.07155 (-0.3185238,0.15,0.8756084) (-0.3185238,0.15,0.8756084)
4
red 484.9458 487.3978 15.07155 (0.4540072,0.15,0.8598129) (0.4540072,0.15,0.8598129)
5
red 487.4522 489.12 15.07155 (0.03695135,0.15,0.9499103) (0.03695135,0.15,0.9499103)
6
red 489.4498 489.4533 15.07155 (-0.03636096,0.15,0.9460665) (-0.03636096,0.15,0.9460665)
7
