compute 106.285889777386(0.163348123431206,1.04855895042419,0.0592500232160091) (0,0,0) (275.2345,1.994973,65.53279) (0.08722134,1.261864,-0.1743697) (342.1382,10.37807,355.1715)
compute 0.72811660842832(0.163551941514015,1.04184126853943,0.0620511993765831) (0.1633481,1.048559,0.05925002) (275.219,1.792335,65.73339) (0.08740746,1.261962,-0.1743552) (342.2141,10.20159,355.1884)
compute 0.109332441979645(0.163810566067696,1.04289066791534,0.0622162222862244) (0.1635519,1.041841,0.0620512) (275.2083,1.640816,65.88263) (0.08728065,1.261598,-0.1744946) (342.3626,10.26985,355.1647)
compute 0.145855380840285(0.163862079381943,1.04434764385223,0.0621720999479294) (0.1638106,1.042891,0.06221622) (275.1603,1.374488,66.18966) (0.08725698,1.261302,-0.1744015) (342.1531,10.2719,355.2063)
compute 0.0425062777314671(0.163908809423447,1.04407107830048,0.0624914839863777) (0.1638621,1.044348,0.0621721) (274.9739,359.6776,68.03939) (0.08717313,1.261435,-0.174463) (342.1723,10.3277,355.4037)
compute 0.414110134634518(0.163862898945808,1.04040014743805,0.0644074380397797) (0.1639088,1.044071,0.06249148) (274.3705,351.4057,77.01752) (0.087092,1.261674,-0.1745601) (342.2982,10.38183,355.548)
compute 0.271241687155848(0.164573848247528,1.03784656524658,0.0649827420711517) (0.1638629,1.0404,0.06440744) (274.3164,348.1047,80.42766) (0.08724919,1.261707,-0.1744891) (342.278,10.27738,355.6837)
compute 0.0924137924813816(0.165427953004837,1.03765916824341,0.0646837130188942) (0.1645738,1.037847,0.06498274) (274.27,346.0887,82.40215) (0.08722992,1.261845,-0.1743342) (342.2889,9.818549,355.9476)
compute 0.355030566646281(0.165573939681053,1.04091012477875,0.0632643327116966) (0.165428,1.037659,0.06468371) (274.2314,343.4543,84.89465) (0.08714391,1.262068,-0.1736594) (342.4188,9.250828,356.2655)
compute 0.0391590498503543(0.165847286581993,1.04067802429199,0.0634216666221619) (0.1655739,1.04091,0.06326433) (274.205,341.2928,86.93719) (0.08748963,1.261535,-0.1722999) (342.4378,9.032331,356.2646)
compute 0.0535977154374838(0.166040897369385,1.04040575027466,0.0638407766819) (0.1658473,1.040678,0.06342167) (274.1989,340.8712,87.32468) (0.08747461,1.261167,-0.1709523) (342.3515,9.093981,356.1684)
compute 0.0461484666321405(0.166355818510056,1.04042565822601,0.0641775205731392) (0.1660409,1.040406,0.06384078) (274.2,340.8667,87.32389) (0.08810382,1.261467,-0.1696232) (342.688,9.155142,356.2391)
compute 0.0694959721086265(0.166805177927017,1.0401998758316,0.064657174050808) (0.1663558,1.040426,0.06417752) (274.2014,340.8842,87.30656) (0.08823147,1.261386,-0.1687024) (342.7338,9.257222,356.2745)
compute 0.123748290178439(0.16743540763855,1.03940629959106,0.0653673931956291) (0.1668052,1.0402,0.06465717) (274.221,341.3338,86.8849) (0.08842856,1.261362,-0.1686947) (342.6962,9.332848,356.3459)
compute 0.0510391360184652(0.16773284971714,1.03911328315735,0.0656609386205673) (0.1674354,1.039406,0.06536739) (274.2468,342.6758,85.64056) (0.08868413,1.261652,-0.1687239) (342.9453,9.144076,356.2643)
compute 0.0396448584348425(0.167891263961792,1.03945815563202,0.0655463114380836) (0.1677328,1.039113,0.06566094) (274.2418,343.1814,85.16029) (0.08812741,1.261515,-0.1685576) (342.9174,9.116919,356.1266)
compute 0.911312360949789(0.167885184288025,1.04841578006744,0.063870020210743) (0.1678913,1.039458,0.06554631) (274.236,343.3461,85.00224) (0.08789279,1.261195,-0.1686052) (342.7132,9.067895,356.0628)
compute 0.343456594730288(0.167779177427292,1.05149292945862,0.0623481273651123) (0.1678852,1.048416,0.06387002) (274.2353,343.3865,84.96326) (0.08772253,1.261361,-0.1694767) (342.7317,8.903724,356.2511)
compute 0.82615430365076(0.16800357401371,1.04327821731567,0.0631973892450333) (0.1677792,1.051493,0.06234813) (274.2338,343.3882,84.96449) (0.08641219,1.261586,-0.1695153) (342.8471,8.831729,356.4414)
compute 0.503960772938309(0.168296247720718,1.03847146034241,0.0646830126643181) (0.1680036,1.043278,0.06319739) (274.2574,343.002,85.44045) (0.0838315,1.26159,-0.1692383) (342.8141,8.68104,356.6847)
compute 0.0785724539828285(0.16829539835453,1.03787314891815,0.065192312002182) (0.1682962,1.038471,0.06468301) (274.3291,342.3127,86.25805) (0.08208138,1.261519,-0.1686748) (342.7485,8.536768,356.8678)
compute 0.0524459930466025(0.168159887194633,1.03748309612274,0.0655156597495079) (0.1682954,1.037873,0.06519231) (274.4047,341.3865,87.27599) (0.08091496,1.261658,-0.1684142) (342.8431,8.335942,356.9903)
compute 0.0326423524839903(0.168034046888351,1.03729796409607,0.065753236413002) (0.1681599,1.037483,0.06551566) (274.4247,341.2257,87.45443) (0.07959583,1.261749,-0.1682287) (342.9431,8.111332,356.9878)
compute 0.0369320204889797(0.167744025588036,1.03713798522949,0.0659166127443314) (0.168034,1.037298,0.06575324) (274.4644,340.9697,87.72648) (0.07853151,1.261864,-0.1681837) (342.9971,7.967336,357.1073)
compute 0.0487055203483191(0.167313933372498,1.03702759742737,0.0661167576909065) (0.167744,1.037138,0.06591661) (274.5301,340.3674,88.33164) (0.07740501,1.261829,-0.1680065) (342.9503,7.91442,357.052)
compute 0.0769601903971148(0.166563898324966,1.03711998462677,0.0662623569369316) (0.1673139,1.037028,0.06611676) (274.5584,340.2524,88.44533) (0.07566535,1.262315,-0.1676154) (342.9537,7.715009,357.2163)
compute 0.113361561843764(0.165451318025589,1.03731644153595,0.0663553848862648) (0.1665639,1.03712,0.06626236) (274.6523,339.6602,89.01707) (0.07442506,1.262429,-0.1666645) (343.0532,7.417585,357.3923)
compute 0.0885461521260033(0.164592280983925,1.03740668296814,0.0665502026677132) (0.1654513,1.037316,0.06635538) (274.7621,339.38,89.27654) (0.07422796,1.262419,-0.1660092) (342.9467,7.256538,357.4747)
compute 0.0599866608501386(0.164068579673767,1.03739261627197,0.0668423995375633) (0.1645923,1.037407,0.0665502) (274.8687,338.6237,89.99889) (0.0743783,1.26251,-0.1653005) (342.9507,7.157992,357.5946)
compute 0.243928839888312(0.16369141638279,1.03980207443237,0.0667935386300087) (0.1640686,1.037393,0.0668424) (274.9117,338.4686,90.14253) (0.07464666,1.262543,-0.1636432) (343.0334,6.972164,357.7156)
compute 0.0465964937117546(0.163516908884048,1.04019677639008,0.0669692680239677) (0.1636914,1.039802,0.06679354) (274.9712,338.1467,90.45629) (0.07471251,1.262439,-0.1616292) (343.0828,6.935356,357.7592)
compute 0.112390567090418(0.163435444235802,1.03997695446014,0.0680684521794319) (0.1635169,1.040197,0.06696927) (275.0513,337.4344,91.15733) (0.07474101,1.262014,-0.1591882) (342.8686,6.935174,357.9082)
compute 0.156268955920595(0.163165748119354,1.04012703895569,0.0696003586053848) (0.1634354,1.039977,0.06806845) (275.1181,336.4467,92.12905) (0.07484605,1.26194,-0.1557342) (342.9519,6.776398,358.1324)
compute 0.318069123862666(0.162078872323036,1.04066812992096,0.072540208697319) (0.1631657,1.040127,0.06960036) (275.1451,335.696,92.89745) (0.06982829,1.261041,-0.151184) (343.3493,6.477509,357.7228)
compute 1.30252410258662(0.154289498925209,1.03837490081787,0.0827246904373169) (0.1620789,1.040668,0.07254021) (275.0371,337.9622,90.80034) (0.06061658,1.258426,-0.1464963) (343.5989,6.855722,356.9182)
compute 1.26107485576198(0.142604693770409,1.0376296043396,0.0874087959527969) (0.1542895,1.038375,0.08272469) (274.8678,341.6469,87.23957) (0.04848737,1.256824,-0.1420398) (343.0153,6.521231,356.7133)
compute 0.935363872274432(0.134324193000793,1.041827917099,0.0885481089353561) (0.1426047,1.03763,0.0874088) (274.1684,351.4265,77.7163) (0.03864536,1.251995,-0.1326229) (343.2259,5.874108,356.9377)
compute 1.00467494338278(0.133701682090759,1.03325152397156,0.0937437936663628) (0.1343242,1.041828,0.08854811) (274.7816,6.10375,63.75856) (0.03658229,1.249851,-0.1173129) (344.5934,5.950383,356.696)
compute 2.10231946731468(0.134555995464325,1.02044546604156,0.110394611954689) (0.1337017,1.033252,0.09374379) (275.7624,2.278841,68.23155) (0.03874427,1.250729,-0.09986112) (344.1249,6.142537,356.6536)
compute 2.45273770086867(0.139712393283844,1.01348555088043,0.133341580629349) (0.134556,1.020445,0.1103946) (275.8849,3.030453,67.61517) (0.04836115,1.249258,-0.07464669) (343.9466,5.584464,356.8433)
compute 2.53441029887726(0.142405048012733,1.01120018959045,0.15843839943409) (0.1397124,1.013486,0.1333416) (275.653,0.8382592,69.32483) (0.06104486,1.246131,-0.04724287) (344.2802,3.916445,356.8499)
compute 2.98645430620066(0.146526142954826,1.01610112190247,0.187608391046524) (0.142405,1.0112,0.1584384) (275.0695,355.7821,72.58492) (0.07966095,1.244732,-0.02062865) (342.979,1.879382,356.8209)
compute 3.24585230833491(0.1563880443573,1.0271452665329,0.216493085026741) (0.1465261,1.016101,0.1876084) (273.8309,354.9152,71.90107) (0.09549707,1.247379,0.006718696) (343.6828,0.990123,356.392)
compute 2.38863533866632(0.162383705377579,1.03366887569427,0.238675341010094) (0.156388,1.027145,0.2164931) (273.9668,337.4816,87.94566) (0.1051376,1.256515,0.02432062) (344.0102,0.054581,357.9492)
compute 1.94817381957514(0.165845781564713,1.0428032875061,0.255531042814255) (0.1623837,1.033669,0.2386753) (274.1296,300.8074,123.7842) (0.1135675,1.262189,0.04479707) (342.7256,358.9848,357.9543)
compute 1.61795191511766(0.168219566345215,1.04926061630249,0.270174980163574) (0.1658458,1.042803,0.255531) (274.0807,297.9362,126.6479) (0.1149813,1.261851,0.06877416) (343.9204,358.8394,358.6051)
compute 2.0958592884473(0.168817356228828,1.03752970695496,0.287532716989517) (0.1682196,1.049261,0.270175) (274.3889,306.8638,117.8267) (0.1140921,1.254707,0.09099481) (345.3022,359.3771,358.4911)
compute 1.83336871918466(0.167195424437523,1.02887403964996,0.303612917661667) (0.1688174,1.03753,0.2875327) (275.3709,323.3244,102.0096) (0.1040962,1.252236,0.1111211) (345.7911,0.07712626,358.171)
compute 1.64765962263789(0.159736022353172,1.02623188495636,0.318064719438553) (0.1671954,1.028874,0.3036129) (275.8373,327.5152,98.91417) (0.08947112,1.249346,0.126687) (346.7702,1.244511,358.2278)
compute 1.75986118297803(0.14866691827774,1.03431308269501,0.329104661941528) (0.159736,1.026232,0.3180647) (275.3454,330.6821,97.05205) (0.07120327,1.254325,0.1408384) (345.9866,1.775132,359.2554)
compute 1.88445262184224(0.13789801299572,1.03777718544006,0.344176054000854) (0.1486669,1.034313,0.3291047) (274.9657,327.8154,100.4885) (0.06067951,1.255618,0.1556368) (345.3419,1.126756,358.4044)
compute 1.88762820442758(0.137187629938126,1.03212440013886,0.362172037363052) (0.137898,1.037777,0.3441761) (273.7851,351.4319,78.17625) (0.05505242,1.255131,0.1688966) (345.6716,1.556919,356.8898)
compute 1.11952479094806(0.13829331099987,1.02476358413696,0.370534420013428) (0.1371876,1.032124,0.362172) (274.2592,11.43103,59.75002) (0.05150536,1.254982,0.1798264) (346.0289,2.081694,357.4908)
compute 1.01138634087871(0.141404062509537,1.02148962020874,0.379583984613419) (0.1382933,1.024764,0.3705344) (274.8279,8.362033,63.02325) (0.05255625,1.256328,0.1817202) (346.1046,1.645198,357.497)
compute 0.83961294916864(0.145992040634155,1.02252769470215,0.386538684368134) (0.1414041,1.02149,0.379584) (274.8791,5.196868,65.77648) (0.05606992,1.25902,0.1797651) (344.8459,359.6158,358.5399)
compute 0.883721724802835(0.146963700652123,1.02965879440308,0.391667008399963) (0.145992,1.022528,0.3865387) (276.0072,357.3004,72.17545) (0.06068239,1.261781,0.1802197) (346.0538,357.7427,358.5835)
compute 1.9209787965563(0.146253287792206,1.04883003234863,0.39265438914299) (0.1469637,1.029659,0.391667) (276.8755,354.1456,74.24779) (0.06223395,1.261969,0.1841894) (345.9691,357.1255,359.883)
compute 0.970760432619746(0.145835652947426,1.05000245571136,0.402281880378723) (0.1462533,1.04883,0.3926544) (276.4639,350.6195,77.60303) (0.06358625,1.260472,0.1873858) (346.0408,356.328,0.459511)
compute 1.30000963140121(0.15223728120327,1.0453861951828,0.412612020969391) (0.1458357,1.050002,0.4022819) (276.966,2.347266,65.46848) (0.06588727,1.25945,0.1881192) (345.4911,355.8075,359.8053)
compute 1.14241978554272(0.153736859560013,1.04163372516632,0.423297643661499) (0.1522373,1.045386,0.412612) (276.2486,9.511153,57.82061) (0.06739429,1.261027,0.1908158) (344.754,355.51,359.8365)
compute 0.486665500143288(0.154472142457962,1.04150116443634,0.428106606006622) (0.1537369,1.041634,0.4232976) (275.785,9.504126,57.60574) (0.06801344,1.260353,0.1976158) (344.7992,356.1729,359.2567)
compute 0.673078703243887(0.155109137296677,1.04236197471619,0.434751659631729) (0.1544721,1.041501,0.4281066) (275.8005,10.46381,56.54943) (0.0677271,1.261536,0.2093534) (344.1902,356.4254,359.5271)
compute 0.720620964566514(0.156649544835091,1.04260969161987,0.44178694486618) (0.1551091,1.042362,0.4347517) (275.766,10.11118,56.966) (0.06733873,1.266925,0.2156004) (341.2465,356.5242,359.9159)
compute 0.666812345568572(0.157559677958488,1.04261779785156,0.448392659425735) (0.1566495,1.04261,0.4417869) (274.73,357.884,70.18436) (0.06902331,1.271208,0.2191296) (339.3616,356.7893,0.1135111)
compute 0.587582845961959(0.159585565328598,1.04180657863617,0.453848212957382) (0.1575597,1.042618,0.4483927) (274.8458,358.9413,69.23023) (0.07371554,1.273109,0.2263412) (337.9041,358.8788,359.0443)
compute 0.44986053136915(0.161675035953522,1.03993201255798,0.457363545894623) (0.1595856,1.041807,0.4538482) (274.9045,0.1124455,68.20859) (0.07721808,1.271663,0.2300799) (338.9133,0.7086031,358.9802)
compute 0.485461175496871(0.162986412644386,1.03677713871002,0.460812360048294) (0.161675,1.039932,0.4573635) (274.7112,359.7093,69.08472) (0.07792482,1.268367,0.2320113) (339.8996,0.8040735,359.0629)
compute 0.276835092358538(0.164043799042702,1.03467619419098,0.46227240562439) (0.1629864,1.036777,0.4608124) (274.6898,0.3834161,68.45273) (0.07855992,1.267393,0.2328051) (340.2205,359.8391,358.798)
compute 0.726607523772795(0.162694960832596,1.03295814990997,0.469202399253845) (0.1640438,1.034676,0.4622724) (274.7001,1.251697,67.73151) (0.07709405,1.259105,0.2401402) (345.9667,359.2129,358.7252)
compute 3.96274682643433(0.142650112509727,1.05541801452637,0.494972437620163) (0.162695,1.032958,0.4692024) (272.2952,250.59,179.7415) (0.07713357,1.244445,0.2528442) (355.7111,359.088,358.7488)
compute 6.73532480179054(0.112840376794338,1.05786335468292,0.555320262908936) (0.1426501,1.055418,0.4949724) (281.2828,308.2314,124.6371) (0.07785627,1.235547,0.2599401) (359.2858,359.5278,357.5522)
compute 3.91806983921448(0.0995376706123352,1.03296554088593,0.582491278648376) (0.1128404,1.057863,0.5553203) (287.3373,324.3135,105.817) (0.07407773,1.247176,0.2623793) (355.985,357.9561,358.8757)
compute 1.00752273802065(0.09489406645298,1.02407133579254,0.583407938480377) (0.09953767,1.032966,0.5824913) (289.044,330.0503,97.89523) (0.0729848,1.249612,0.26437) (355.5462,355.9861,359.2153)
compute 1.07750432596181(0.0945560410618782,1.03453993797302,0.580878973007202) (0.09489407,1.024071,0.5834079) (285.2142,330.7545,96.79352) (0.07457834,1.249467,0.2667298) (355.8828,356.0315,358.3752)
compute 3.30501562016763(0.0955624207854271,1.06230473518372,0.562978804111481) (0.09455604,1.03454,0.580879) (278.6297,315.0448,113.2951) (0.08005974,1.24959,0.2669788) (354.7211,356.7097,358.3304)
compute 2.81355505626335(0.0951239243149757,1.08723711967468,0.549948334693909) (0.09556242,1.062305,0.5629788) (276.0934,285.1548,143.8126) (0.08307001,1.254726,0.264894) (351.9679,356.6055,358.4989)
compute 4.49201483542879(0.0900896415114403,1.13002777099609,0.537242591381073) (0.09512392,1.087237,0.5499483) (275.8578,249.3573,177.6586) (0.08355608,1.25731,0.2593889) (350.5103,354.9565,358.5988)
compute 5.98816621360562(0.0687840208411217,1.18494963645935,0.526496767997742) (0.09008964,1.130028,0.5372426) (279.1363,213.1688,212.1405) (0.07790775,1.258895,0.2546705) (351.1088,352.8848,359.008)
compute 4.21347700081657(0.0454320944845676,1.21356868743896,0.546769320964813) (0.06878402,1.18495,0.5264968) (276.8048,227.3828,195.5141) (0.07293426,1.257735,0.2517699) (351.5283,352.0666,359.8102)
compute 3.58773779298281(0.0234672296792269,1.21500611305237,0.575100660324097) (0.04543209,1.213569,0.5467693) (277.7168,253.3837,171.3994) (0.06803995,1.252876,0.2516074) (352.2972,351.6831,359.9476)
compute 2.08183995789906(0.00690225837752223,1.21221077442169,0.587396740913391) (0.02346723,1.215006,0.5751007) (278.3415,260.496,163.4785) (0.06133206,1.250738,0.2570139) (352.4843,351.1826,0.4310541)
compute 1.23887071146907(-0.00243009207770228,1.20578694343567,0.592408895492554) (0.006902258,1.212211,0.5873967) (278.6998,267.1293,156.1422) (0.05706878,1.25571,0.2576076) (348.7513,350.8553,0.7863349)
compute 0.778421470554962(-0.00426733726635575,1.19840705394745,0.594068944454193) (-0.002430092,1.205787,0.5924089) (278.8451,267.1072,155.9402) (0.05555652,1.259166,0.2526283) (347.5744,350.7647,0.9138114)
compute 1.31410815376017(-0.00425190711393952,1.18526923656464,0.59377646446228) (-0.004267337,1.198407,0.5940689) (279.1339,268.6119,154.3515) (0.05483033,1.259297,0.2483781) (348.0207,351.3513,0.9792299)
compute 1.61126533427064(0.00322694587521255,1.17544615268707,0.583423137664795) (-0.004251907,1.185269,0.5937765) (280.1358,268.5852,154.7144) (0.05550753,1.260121,0.2410065) (345.8778,351.3386,1.189957)
compute 1.93430532989742(0.0155664747580886,1.1669487953186,0.571188569068909) (0.003226946,1.175446,0.5834231) (280.1005,268.5333,154.7728) (0.05856702,1.262193,0.2344583) (344.4704,351.8383,1.234335)
compute 2.06867530041751(0.0330192521214485,1.16040182113647,0.562217533588409) (0.01556647,1.166949,0.5711886) (279.1595,267.4221,156.9406) (0.06253445,1.262844,0.2305361) (343.4544,352.7639,1.010225)
compute 2.13217694949574(0.0516968220472336,1.15581619739532,0.553012192249298) (0.03301925,1.160402,0.5622175) (277.717,268.1091,157.2691) (0.06517465,1.263731,0.2277091) (342.2302,353.1635,0.8139973)
compute 1.9855727998798(0.0698304027318954,1.1488116979599,0.54896742105484) (0.05169682,1.155816,0.5530122) (276.4525,271.8803,154.446) (0.06575505,1.264997,0.225836) (341.1867,353.1804,0.7371321)
compute 1.53777537141955(0.0840213596820831,1.14288866519928,0.548868715763092) (0.0698304,1.148812,0.5489674) (275.0842,282.9166,144.3811) (0.06684528,1.264618,0.2269075) (342.2567,353.5471,0.3602948)
compute 1.32668050448433(0.0938144698739052,1.13473153114319,0.552551686763763) (0.08402136,1.142889,0.5488687) (274.2513,292,136.0544) (0.0677675,1.261455,0.2310715) (343.7287,353.917,359.814)
compute 0.901315600175469(0.0982201397418976,1.12805366516113,0.556702971458435) (0.09381447,1.134732,0.5525517) (273.9901,305.3691,123.0521) (0.06998885,1.260022,0.2329945) (344.4107,354.0975,359.5738)
compute 0.301339651239685(0.101190887391567,1.12855672836304,0.556656658649445) (0.09822014,1.128054,0.556703) (274.0863,311.475,117.0961) (0.07139574,1.260195,0.2326844) (344.6079,354.7456,359.2063)
compute 0.25496174355801(0.103074461221695,1.12904250621796,0.555008411407471) (0.1011909,1.128557,0.5566567) (273.9323,314.9767,113.5989) (0.07138433,1.260215,0.2342763) (345.3853,354.8398,358.9756)
compute 0.10821643966285(0.103303760290146,1.12930107116699,0.55398291349411) (0.1030745,1.129043,0.5550084) (273.8373,316.5684,111.8869) (0.07184798,1.259429,0.2357474) (345.5519,354.5108,358.8922)
compute 0.0679449605310562(0.103966601192951,1.12918126583099,0.554072022438049) (0.1033038,1.129301,0.5539829) (273.6642,322.9199,105.21) (0.07273162,1.259281,0.2364476) (345.3738,353.8528,359.0506)
compute 0.148225593488416(0.105077229440212,1.12840902805328,0.554678022861481) (0.1039666,1.129181,0.554072) (273.6833,327.3548,100.6681) (0.07192325,1.259741,0.2387198) (345.8056,353.3968,359.1924)
compute 0.437548430482372(0.107438363134861,1.12594330310822,0.557414829730988) (0.1050772,1.128409,0.554678) (273.8132,330.4286,97.57803) (0.07186576,1.260099,0.2399729) (346.1868,353.4719,359.1325)
compute 0.198843859244853(0.108450375497341,1.12600147724152,0.559125483036041) (0.1074384,1.125943,0.5574148) (273.8655,331.8423,96.22177) (0.07145841,1.25948,0.2400643) (345.8426,353.9374,359.09)
compute 0.568810689135539(0.109804950654507,1.13144755363464,0.558198153972626) (0.1084504,1.126001,0.5591255) (273.6076,327.9256,100.4875) (0.07100174,1.260798,0.2402459) (344.6344,354.2064,359.0284)
compute 4.82955418979521(0.135350212454796,1.16964495182037,0.543336868286133) (0.109805,1.131448,0.5581982) (276.6828,153.826,279.0919) (0.07004274,1.264027,0.237482) (343.0847,354.816,359.4924)
compute 6.21483145142751(0.158059105277061,1.22697567939758,0.535596907138824) (0.1353502,1.169645,0.5433369) (282.0707,155.0695,280.3194) (0.07374135,1.264947,0.2349383) (343.4611,356.3129,358.8396)
compute 3.2492276836621(0.170744612812996,1.25624144077301,0.541788935661316) (0.1580591,1.226976,0.5355969) (279.4478,147.5025,289.3521) (0.08028184,1.263519,0.2320593) (344.3041,357.7762,357.9255)
compute 0.803658295869408(0.17868073284626,1.25514209270477,0.542418301105499) (0.1707446,1.256241,0.5417889) (278.4757,151.875,286.8223) (0.08827425,1.261963,0.2310154) (344.8927,358.4932,357.666)
compute 1.59864288728265(0.183351621031761,1.24964642524719,0.556685268878937) (0.1786807,1.255142,0.5424183) (275.0479,145.2841,293.4676) (0.09788352,1.260052,0.2294676) (346.0001,0.1044721,356.5797)
compute 2.91999849521227(0.186034649610519,1.24084830284119,0.584398686885834) (0.1833516,1.249646,0.5566853) (271.1752,137.2463,302.2019) (0.1044154,1.259536,0.2279202) (346.1886,0.977093,356.3546)
compute 1.23911659193489(0.190592497587204,1.23159229755402,0.591261148452759) (0.1860346,1.240848,0.5843987) (271.2686,50.47062,28.68101) (0.1072388,1.262905,0.2243514) (343.5422,359.0004,356.6559)
compute 1.25172370471264(0.189430236816406,1.22004580497742,0.586569786071777) (0.1905925,1.231592,0.5912611) (271.3531,71.86421,5.794135) (0.1034276,1.265207,0.2205906) (342.7759,355.5433,357.1006)
compute 1.84687681909793(0.189369723200798,1.20188021659851,0.583237648010254) (0.1894302,1.220046,0.5865698) (271.6067,61.39789,15.27028) (0.09912515,1.267598,0.2165877) (341.4521,352.5913,357.7762)
compute 2.56495429352426(0.182109117507935,1.18231511116028,0.56832492351532) (0.1893697,1.20188,0.5832376) (272.1291,38.60538,36.0818) (0.09299746,1.270319,0.2131748) (339.1006,349.1013,358.9603)
compute 1.81781157336926(0.172939538955688,1.16887950897217,0.560210287570953) (0.1821091,1.182315,0.5683249) (271.7632,20.53583,52.88467) (0.08815245,1.270925,0.2114062) (338.8018,347.3522,359.6411)
compute 0.875436149854857(0.167805463075638,1.16761672496796,0.553232789039612) (0.1729395,1.16888,0.5602103) (271.6154,5.646958,66.73239) (0.08525854,1.271226,0.2085405) (338.7763,347.7616,0.02911745)
compute 3.13116667481394(0.169601500034332,1.19682490825653,0.542093813419342) (0.1678055,1.167617,0.5532328) (273.2971,182.5877,251.4696) (0.08228912,1.269789,0.2066839) (337.8197,350.0804,359.687)
compute 4.9613702589342(0.174718126654625,1.24528992176056,0.532794237136841) (0.1696015,1.196825,0.5420938) (277.8247,172.7877,262.2039) (0.08045495,1.270597,0.2044113) (337.9671,352.7011,359.7138)
compute 3.89107507539077(0.168975949287415,1.28346192836761,0.527898132801056) (0.1747181,1.24529,0.5327942) (278.8204,185.2158,250.7393) (0.08011813,1.270663,0.203412) (338.0862,354.1176,359.5065)
compute 1.96026017357972(0.167555287480354,1.30276584625244,0.524799346923828) (0.1689759,1.283462,0.5278981) (279.8485,179.0516,257.865) (0.08018742,1.270861,0.2046725) (338.7621,354.6226,359.6884)
compute 1.06961174526621(0.167586013674736,1.30513787269592,0.535229086875916) (0.1675553,1.302766,0.5247993) (277.8129,174.1732,262.9739) (0.08041196,1.269447,0.2060315) (338.7893,355.0884,358.8864)
compute 2.3654265303942(0.174238756299019,1.29624783992767,0.55611526966095) (0.167586,1.305138,0.5352291) (275.9432,180.5414,258.9512) (0.08161499,1.268946,0.2080495) (339.6109,355.0429,358.6052)
compute 3.27781941485023(0.181925505399704,1.26987767219543,0.574002087116241) (0.1742388,1.296248,0.5561153) (274.0638,118.0711,320.4638) (0.07741598,1.268438,0.2102433) (339.7555,352.7487,359.5276)
compute 5.02212199589515(0.140076488256454,1.24224269390106,0.57133024930954) (0.1819255,1.269878,0.5740021) (271.4147,169.194,264.5235) (0.0686786,1.268316,0.2138271) (340.5462,347.7833,0.8117046)
compute 9.06996835296523(0.0519357398152351,1.23596382141113,0.550879895687103) (0.1400765,1.242243,0.5713302) (279.0152,235.3726,190.9482) (0.05651666,1.267345,0.2145488) (341.3167,344.0421,0.2026113)
compute 5.93694277018971(-0.00477118883281946,1.2511088848114,0.541953504085541) (0.05193574,1.235964,0.5508799) (278.3664,229.2201,190.1115) (0.04328218,1.267495,0.2147134) (341.1904,342.655,1.273074)
compute 3.8976757914455(-0.0434069782495499,1.25611364841461,0.543143332004547) (-0.004771189,1.251109,0.5419535) (277.6683,225.5497,192.741) (0.03008962,1.266858,0.2148707) (341.3497,341.4544,2.026747)
compute 2.95019428850478(-0.0688248351216316,1.24124538898468,0.544941127300262) (-0.04340698,1.256114,0.5431433) (279.8094,234.3992,181.8768) (0.02478112,1.265982,0.2155603) (341.4311,340.3651,3.236488)
compute 0.82382053780376(-0.0715759620070457,1.23376548290253,0.547026872634888) (-0.06882484,1.241245,0.5449411) (280.4673,241.2467,174.5238) (0.02602054,1.265333,0.2159644) (341.4896,341.3865,2.903239)
compute 1.10468879157971(-0.0610406622290611,1.23052358627319,0.547755777835846) (-0.07157596,1.233765,0.5470269) (280.2766,243.7034,172.8154) (0.03761702,1.270427,0.2158941) (337.2804,344.9862,2.777479)
compute 2.03897631944542(-0.0414132811129093,1.22908043861389,0.55308735370636) (-0.06104066,1.230524,0.5477558) (279.4074,244.6051,174.1192) (0.05346339,1.27406,0.2100607) (334.8781,351.3095,1.797037)
compute 1.77043381142815(-0.0240186657756567,1.22829115390778,0.556288599967957) (-0.04141328,1.22908,0.5530874) (279.6032,245.1004,176.1799) (0.06342049,1.274017,0.2112474) (336.0864,355.5418,0.1187312)
compute 1.08300933339745(-0.0139792319387197,1.22537612915039,0.559117615222931) (-0.02401867,1.228291,0.5562886) (279.785,247.1626,175.3129) (0.06599616,1.271866,0.212512) (336.3393,354.2071,0.5239227)
compute 0.830553586450381(-0.0195336248725653,1.22992825508118,0.554945230484009) (-0.01397923,1.225376,0.5591176) (279.8474,247.2179,174.9483) (0.04570144,1.27283,0.2097392) (335.9924,344.9024,2.30748)
compute 4.51857826141827(-0.0613205507397652,1.24533879756927,0.547321379184723) (-0.01953362,1.229928,0.5549452) (280.9779,235.929,181.6721) (0.02225639,1.272159,0.2083596) (336.8654,338.0357,4.453887)
compute 6.46671287318835(-0.115635246038437,1.27402484416962,0.527101039886475) (-0.06132055,1.245339,0.5473214) (283.2725,219.8628,193.2046) (0.00217865,1.271843,0.2070221) (336.7498,335.1845,6.136024)
compute 6.27156380221434(-0.171929523348808,1.30084431171417,0.520398676395416) (-0.1156352,1.274025,0.527101) (285.7858,217.2589,192.9618) (-0.01081399,1.271162,0.2038949) (336.7537,334.9065,6.505844)
compute 4.98671226391288(-0.2166957706213,1.32280707359314,0.520990490913391) (-0.1719295,1.300844,0.5203987) (286.5876,217.071,194.1324) (-0.02060647,1.269018,0.2015034) (336.4118,337.5769,5.527132)
compute 2.9078703949072(-0.241116598248482,1.32440960407257,0.536694824695587) (-0.2166958,1.322807,0.5209905) (284.295,226.1212,186.472) (-0.02765912,1.269617,0.2002071) (335.93,339.1311,5.926036)
compute 1.58532005202619(-0.245909452438354,1.30929827690125,0.536677062511444) (-0.2411166,1.32441,0.5366948) (284.6016,232.3639,179.4896) (-0.03164981,1.269117,0.2000556) (337.1131,338.5453,6.529781)
compute 1.10475132797966(-0.246068000793457,1.29836618900299,0.535092175006866) (-0.2459095,1.309298,0.5366771) (284.9279,236.1205,175.3235) (-0.03220479,1.267411,0.1992262) (337.7295,338.7259,6.41235)
compute 1.19409881940398(-0.25211489200592,1.28809607028961,0.53583174943924) (-0.246068,1.298366,0.5350922) (284.5912,242.8228,168.2145) (-0.03438401,1.263944,0.197192) (338.136,339.0187,6.94858)
compute 3.04596413209573(-0.274143636226654,1.27049136161804,0.547346889972687) (-0.2521149,1.288096,0.5358317) (284.7715,255.0475,155.2437) (-0.04834425,1.261603,0.1937307) (338.2787,337.9748,7.880811)
compute 3.82117196894346(-0.303378075361252,1.25489604473114,0.566380262374878) (-0.2741436,1.270491,0.5473469) (286.843,261.9149,148.6291) (-0.05792674,1.263998,0.190525) (335.7249,336.6221,9.095529)
compute 1.45560483102742(-0.297104895114899,1.26790750026703,0.568176865577698) (-0.3033781,1.254896,0.5663803) (283.0016,258.2392,152.0379) (-0.0620792,1.269443,0.1890982) (333.2822,335.6469,9.501297)
compute 9.1115680094343(-0.234797313809395,1.31021440029144,0.516893744468689) (-0.2971049,1.267908,0.5681769) (286.0255,184.5463,227.7224) (-0.05928337,1.270913,0.186968) (332.4803,336.1457,9.884413)
compute 7.48985977211326(-0.177296862006187,1.35487723350525,0.499323040246964) (-0.2347973,1.310214,0.5168937) (288.2227,162.5306,251.9724) (-0.04968217,1.271403,0.1848996) (333.1681,338.665,8.962587)
compute 5.55981982639888(-0.131483539938927,1.38633871078491,0.497749924659729) (-0.1772969,1.354877,0.499323) (289.2554,152.7565,264.901) (-0.04018229,1.271178,0.1833797) (332.804,339.6482,8.825646)
compute 4.17222695693902(-0.0949427932500839,1.40646159648895,0.498518764972687) (-0.1314835,1.386339,0.4977499) (288.7271,143.5808,276.2092) (-0.0317338,1.271527,0.180002) (331.8627,340.5796,7.62269)
compute 1.3126108691335(-0.0845589712262154,1.41254150867462,0.493274182081223) (-0.09494279,1.406462,0.4985188) (291.7133,153.5558,267.834) (-0.02559761,1.272697,0.1783312) (331.6374,340.2845,8.172117)
compute 0.667176501008762(-0.085277296602726,1.41876828670502,0.49098864197731) (-0.08455897,1.412542,0.4932742) (291.5089,158.0571,263.0067) (-0.02257401,1.272323,0.1790565) (331.6574,339.8224,7.246576)
compute 1.52023925589928(-0.0927695482969284,1.41887211799622,0.504216194152832) (-0.0852773,1.418768,0.4909886) (289.123,156.0504,263.6674) (-0.02554752,1.272475,0.1820405) (331.9124,338.0882,7.590851)
compute 3.41658661369489(-0.114445865154266,1.41146993637085,0.529566764831543) (-0.09276955,1.418872,0.5042162) (285.6867,164.1884,255.8577) (-0.03469697,1.272152,0.1873463) (332.6598,335.8917,8.226043)
compute 2.13047891835194(-0.125032261013985,1.39750647544861,0.541684687137604) (-0.1144459,1.41147,0.5295668) (283.3127,160.3626,258.9843) (-0.04102793,1.270896,0.1943333) (333.4896,332.9056,9.20778)
compute 1.78308063729839(-0.140257194638252,1.3895115852356,0.54639858007431) (-0.1250323,1.397506,0.5416847) (282.809,155.467,263.3486) (-0.04360306,1.270922,0.201144) (333.0459,327.5502,10.39893)
compute 6.26632367310985(-0.19377002120018,1.37673997879028,0.516399502754211) (-0.1402572,1.389512,0.5463986) (288.7155,193.066,221.3263) (-0.04854772,1.272924,0.1975316) (333.3471,321.8901,11.8737)
compute 5.50869222211139(-0.242000848054886,1.3676780462265,0.491374760866165) (-0.19377,1.37674,0.5163995) (288.2281,197.5932,208.7725) (-0.05290011,1.272105,0.1940191) (334.0782,319.7346,12.06842)
compute 5.01079644428088(-0.289181232452393,1.35221076011658,0.484623283147812) (-0.2420008,1.367678,0.4913748) (287.4532,211.3917,190.8803) (-0.06100509,1.268273,0.1906436) (334.9856,317.3336,12.90759)
compute 4.99199549720655(-0.333728849887848,1.32968425750732,0.484884709119797) (-0.2891812,1.352211,0.4846233) (289.934,226.8529,172.752) (-0.06701267,1.264565,0.1920868) (336.0989,315.4859,13.46423)
compute 3.18704324974781(-0.360027581453323,1.32047402858734,0.500353157520294) (-0.3337288,1.329684,0.4848847) (287.6368,238.2242,159.3495) (-0.07133922,1.264221,0.1945284) (335.8325,313.7814,13.58147)
compute 2.4119621859052(-0.37895792722702,1.31885755062103,0.515211999416351) (-0.3600276,1.320474,0.5003532) (287.4683,241.1201,156.7269) (-0.07392209,1.265227,0.2000494) (335.1614,312.9794,13.09772)
compute 1.53390739325166(-0.382256925106049,1.33198690414429,0.522424757480621) (-0.3789579,1.318858,0.515212) (285.6033,236.487,161.7576) (-0.07437115,1.266663,0.2025548) (334.8392,311.554,12.68125)
compute 2.5620595857645(-0.372493088245392,1.35532879829407,0.526454448699951) (-0.3822569,1.331987,0.5224248) (282.8682,217.7449,180.8656) (-0.07307736,1.265247,0.2057421) (334.4311,309.2502,12.11127)
compute 3.74181484987614(-0.339154213666916,1.37022507190704,0.518285095691681) (-0.3724931,1.355329,0.5264544) (282.3972,188.3398,206.6085) (-0.06520012,1.271048,0.2228419) (332.9451,309.0604,10.63534)
compute 2.78751793841982(-0.317282021045685,1.38113439083099,0.504882872104645) (-0.3391542,1.370225,0.5182851) (284.2925,177.1234,216.3755) (-0.05723599,1.26568,0.2346405) (333.8016,307.9977,12.81667)
compute 2.0087905014425(-0.317129343748093,1.39880359172821,0.495327770709991) (-0.317282,1.381134,0.5048829) (287.2687,171.3532,219.9893) (-0.06233008,1.273367,0.2459053) (333.4449,308.2111,9.317486)
compute 2.83206111273013(-0.341369450092316,1.41165244579315,0.48830059170723) (-0.3171293,1.398804,0.4953278) (284.8511,167.2637,220.3632) (-0.08165053,1.271795,0.2489626) (336.3022,308.1158,11.46859)
compute 3.41771988319836(-0.374259680509567,1.42075538635254,0.490158051252365) (-0.3413695,1.411652,0.4883006) (283.1821,171.0175,216.4831) (-0.1005833,1.261158,0.2488484) (338.65,308.2293,9.352484)
compute 4.21459086598955(-0.413639515638351,1.4199024438858,0.505150675773621) (-0.3742597,1.420755,0.4901581) (280.4204,190.8183,198.7185) (-0.1305427,1.259641,0.2470047) (341.0654,310.094,9.830871)
compute 4.53066999356522(-0.45106565952301,1.41918516159058,0.530674517154694) (-0.4136395,1.419902,0.5051507) (276.5362,204.7358,185.8022) (-0.1598221,1.260652,0.2539685) (340.7178,310.4367,10.40719)
compute 2.61087608613072(-0.472920596599579,1.4072288274765,0.538489580154419) (-0.4510657,1.419185,0.5306745) (277.4189,209.2066,182.1454) (-0.1860325,1.26252,0.2653658) (341.6833,310.2172,10.62975)
compute 3.1852296820025(-0.498679161071777,1.39203250408173,0.549450278282166) (-0.4729206,1.407229,0.5384896) (276.8685,218.2728,172.5279) (-0.2049243,1.2632,0.2775489) (343.3938,310.03,10.77235)
compute 2.63446159848102(-0.517149746417999,1.37334060668945,0.551318228244781) (-0.4986792,1.392033,0.5494503) (278.9897,213.8471,172.1477) (-0.2150048,1.262162,0.2876713) (344.9684,308.9753,10.41451)
compute 2.32869615094786(-0.514062643051147,1.35495364665985,0.537365734577179) (-0.5171497,1.373341,0.5513182) (280.9567,206.6089,177.3186) (-0.2153088,1.258374,0.2949972) (345.7093,310.0898,9.25813)
compute 2.86652522452593(-0.499666482210159,1.33138000965118,0.529702126979828) (-0.5140626,1.354954,0.5373657) (282.4925,200.1131,181.3598) (-0.2153487,1.257624,0.2978801) (346.3069,309.5951,9.596375)
compute 3.31803389476164(-0.500948905944824,1.30049538612366,0.541761577129364) (-0.4996665,1.33138,0.5297021) (286.8332,212.5917,165.9428) (-0.209394,1.257994,0.3037043) (347.2215,310.4784,9.086149)
compute 3.22121977117195(-0.488318562507629,1.27853572368622,0.561658143997192) (-0.5009489,1.300495,0.5417616) (288.9248,221.3057,158.3093) (-0.1969563,1.262395,0.3163457) (344.6858,316.1453,8.385334)
compute 4.6247032873793(-0.446921676397324,1.27940583229065,0.582257390022278) (-0.4883186,1.278536,0.5616581) (284.8906,217.149,165.9612) (-0.1727217,1.271414,0.327339) (340.2174,326.2968,8.23126)
compute 7.28216261264879(-0.37736588716507,1.29567158222198,0.596413910388947) (-0.4469217,1.279406,0.5822574) (282.9555,192.5292,196.3976) (-0.1441105,1.276847,0.3321041) (338.3639,335.5443,7.38446)
compute 7.91161947474603(-0.302776783704758,1.31557166576386,0.613729357719421) (-0.3773659,1.295672,0.5964139) (283.1272,174.8014,221.0145) (-0.1228399,1.28072,0.332776) (337.2025,343.8698,5.208706)
compute 6.02659285635167(-0.24533511698246,1.32612025737762,0.62860095500946) (-0.3027768,1.315572,0.6137294) (284.4285,171.0353,231.0454) (-0.1046634,1.283392,0.3297112) (336.1202,349.1281,3.919499)
compute 5.37331093854441(-0.196630582213402,1.33738207817078,0.648305952548981) (-0.2453351,1.32612,0.628601) (282.0583,162.799,247.445) (-0.09490529,1.283512,0.3251746) (335.2881,350.0833,4.363328)
compute 3.89622588414319(-0.162083700299263,1.34757602214813,0.663160383701324) (-0.1966306,1.337382,0.648306) (282.6679,146.8788,268.9127) (-0.09206915,1.278944,0.3194485) (335.8574,349.4517,4.938872)
compute 2.2829125483419(-0.163171976804733,1.34659564495087,0.685942471027374) (-0.1620837,1.347576,0.6631604) (278.7861,147.7974,270.1981) (-0.0908616,1.274242,0.3167473) (337.4949,349.0439,5.617461)
compute 1.62893743896528(-0.164399728178978,1.33463883399963,0.69693660736084) (-0.163172,1.346596,0.6859425) (275.2115,151.3478,267.4471) (-0.09310324,1.27408,0.3177562) (335.9175,350.0755,4.973885)
compute 1.59255298148951(-0.149714007973671,1.32854032516479,0.696064651012421) (-0.1643997,1.334639,0.6969366) (275.6954,144.8533,273.3218) (-0.09739892,1.278135,0.3106964) (333.9216,353.2015,5.627737)
compute 2.9320948921807(-0.121763788163662,1.33219707012177,0.687994241714478) (-0.149714,1.32854,0.6960647) (278.9722,168.639,254.506) (-0.09204331,1.279052,0.3038626) (333.5538,356.5789,3.949657)
compute 3.88724226714121(-0.0846951231360435,1.34237599372864,0.682217657566071) (-0.1217638,1.332197,0.6879942) (279.4568,160.5827,266.1946) (-0.08907755,1.279959,0.2972312) (331.9822,359.5264,3.132452)
compute 3.04038929831777(-0.0545722953975201,1.34629333019257,0.680926740169525) (-0.08469512,1.342376,0.6822177) (279.869,159.6022,270.312) (-0.08364695,1.283321,0.2918186) (329.6472,2.496667,1.916399)
compute 2.86277946775172(-0.0260504893958569,1.34860026836395,0.681784212589264) (-0.0545723,1.346293,0.6809267) (280.2863,160.0193,273.4027) (-0.07609063,1.28432,0.2875621) (328.0515,4.715497,0.9139109)
compute 2.19580578696562(-0.00413821591064334,1.34966254234314,0.680846035480499) (-0.02605049,1.3486,0.6817842) (280.3445,158.7654,276.8437) (-0.0705929,1.286956,0.282553) (325.2849,3.911928,1.051993)
compute 1.01521872088719(-0.00975706707686186,1.35811519622803,0.680626809597015) (-0.004138216,1.349663,0.680846) (277.3597,160.907,273.2894) (-0.08109874,1.288617,0.2761979) (323.035,355.1762,3.130724)
compute 5.15324654581574(-0.0551775805652142,1.37661075592041,0.664800047874451) (-0.009757067,1.358115,0.6806268) (280.1099,189.2425,241.7746) (-0.09917933,1.289843,0.2734192) (322.667,348.3221,5.734447)
compute 6.65810182643669(-0.116974949836731,1.39661240577698,0.650169551372528) (-0.05517758,1.376611,0.6648) (283.008,192.5603,232.768) (-0.1154454,1.285805,0.2709463) (323.5797,342.746,8.430443)
compute 6.38876687421209(-0.173560723662376,1.42346405982971,0.637573003768921) (-0.1169749,1.396612,0.6501696) (284.5323,195.6015,225.8915) (-0.1304916,1.284962,0.2685435) (323.5037,338.6546,10.19805)
compute 5.67950978386266(-0.217023938894272,1.44948542118073,0.611891865730286) (-0.1735607,1.423464,0.637573) (288.6387,189.7423,227.5397) (-0.1406499,1.283467,0.2679647) (324.5146,336.0379,10.97286)
compute 3.70431982062871(-0.252829879522324,1.45083034038544,0.602493762969971) (-0.2170239,1.449485,0.6118919) (288.9536,192.8159,221.8946) (-0.1517467,1.279549,0.2697884) (326.0024,335.1152,10.81637)
compute 2.63630321152856(-0.273403406143188,1.43649673461914,0.594352066516876) (-0.2528299,1.45083,0.6024938) (289.8507,189.126,222.0734) (-0.1601269,1.277019,0.273402) (327.5209,333.0865,12.08997)
compute 1.65818687679626(-0.288370996713638,1.4293806552887,0.594891548156738) (-0.2734034,1.436497,0.5943521) (287.88,189.1204,220.427) (-0.1624556,1.277463,0.2766342) (328.3883,332.4524,11.23875)
compute 0.655688250728273(-0.292652726173401,1.42553532123566,0.591749429702759) (-0.288371,1.429381,0.5948915) (288.5689,189.2859,220.0323) (-0.1656719,1.278295,0.279168) (328.8458,331.0824,12.32227)
compute 1.07680267102061(-0.302774578332901,1.42340421676636,0.588756620883942) (-0.2926527,1.425535,0.5917494) (288.4382,190.7535,217.8403) (-0.1663717,1.27886,0.2771596) (329.2921,330.0347,12.4777)
compute 1.07288052125345(-0.312105298042297,1.42031526565552,0.584455072879791) (-0.3027746,1.423404,0.5887566) (288.1922,191.8625,215.8503) (-0.167031,1.27814,0.2772951) (329.251,328.3463,12.78111)
compute 2.31453168682853(-0.333890855312347,1.41853225231171,0.592065334320068) (-0.3121053,1.420315,0.5844551) (286.6339,198.3172,208.0166) (-0.1709349,1.278859,0.2712914) (329.3982,326.9486,13.42808)
compute 2.62780810273478(-0.357393711805344,1.4072607755661,0.59539806842804) (-0.3338909,1.418532,0.5920653) (287.3225,205.3217,200.446) (-0.1743346,1.27712,0.26656) (329.7336,325.6293,14.33934)
compute 2.80699791470166(-0.378858804702759,1.39140582084656,0.604104042053223) (-0.3573937,1.407261,0.5953981) (287.677,217.3755,188.9851) (-0.1802539,1.274466,0.2636785) (328.5555,324.6664,15.55293)
compute 0.692309926458073(-0.378760784864426,1.39228463172913,0.610970437526703) (-0.3788588,1.391406,0.604104) (286.0483,216.0121,190.0091) (-0.1814232,1.286435,0.2529974) (320.7834,323.1602,18.01004)
compute 1.66441626069574(-0.362759113311768,1.39686441421509,0.610986649990082) (-0.3787608,1.392285,0.6109704) (286.8597,209.9639,197.3535) (-0.1729761,1.288915,0.2488385) (318.8061,324.7529,17.79996)
compute 3.01057315132367(-0.33490252494812,1.40670585632324,0.616775572299957) (-0.3627591,1.396864,0.6109866) (286.9478,204.7426,205.1727) (-0.1618392,1.287305,0.2502069) (318.3412,329.4099,15.7184)
compute 3.08047662446964(-0.308707177639008,1.42281007766724,0.614933967590332) (-0.3349025,1.406706,0.6167756) (287.5618,200.2697,211.3609) (-0.1555134,1.28772,0.2480329) (316.5824,330.3322,16.02241)
compute 3.02670365639914(-0.291656881570816,1.44313287734985,0.600361227989197) (-0.3087072,1.42281,0.614934) (289.8407,196.1174,216.7346) (-0.1565987,1.287328,0.2435982) (315.6376,330.2274,15.83826)
compute 2.1545690127168(-0.279357880353928,1.46075081825256,0.598761379718781) (-0.2916569,1.443133,0.6003612) (289.6017,188.8844,224.4948) (-0.1564315,1.287453,0.241376) (314.9435,333.4217,14.68578)
compute 0.910095099141711(-0.279828459024429,1.46858501434326,0.594153642654419) (-0.2793579,1.460751,0.5987614) (289.3776,190.9629,223.0632) (-0.1578944,1.287977,0.2401778) (316.1178,332.2827,15.44438)
compute 1.52513311869897(-0.287054240703583,1.47124147415161,0.580987989902496) (-0.2798285,1.468585,0.5941536) (290.3038,189.6741,223.1062) (-0.1698477,1.285611,0.2359473) (318.055,327.803,17.35663)
compute 2.3183659639413(-0.307336032390594,1.48042154312134,0.574518263339996) (-0.2870542,1.471241,0.580988) (290.4227,189.7349,222.2613) (-0.178437,1.28481,0.2338961) (318.7924,326.2701,17.31123)
compute 2.48283951165333(-0.324259281158447,1.49845767021179,0.572338581085205) (-0.307336,1.480422,0.5745183) (290.0853,185.0425,225.6496) (-0.1845271,1.285298,0.2325745) (319.5689,325.3214,17.29145)
compute 2.06477667269704(-0.339500576257706,1.50917220115662,0.563437342643738) (-0.3242593,1.498458,0.5723386) (289.5219,182.7948,226.0746) (-0.190753,1.286375,0.2294842) (320.3189,323.478,17.42791)
compute 3.00665238315459(-0.359240412712097,1.5060122013092,0.540979623794556) (-0.3395006,1.509172,0.5634373) (292.3229,185.1316,221.3414) (-0.1932777,1.286165,0.2274561) (320.972,322.5505,17.94505)
compute 2.29287877482371(-0.372685939073563,1.49603915214539,0.525311648845673) (-0.3592404,1.506012,0.5409796) (289.597,190.7285,213.9505) (-0.1939831,1.284642,0.2233074) (321.7329,321.5789,17.75229)
compute 1.57009619144474(-0.377579599618912,1.48160576820374,0.521536767482758) (-0.3726859,1.496039,0.5253116) (287.1905,193.7942,210.6518) (-0.1935745,1.282851,0.2177471) (321.8567,320.3651,18.21395)
compute 1.42435133935944(-0.387672781944275,1.47330319881439,0.527200043201447) (-0.3775796,1.481606,0.5215368) (287.0954,197.765,206.8042) (-0.1920878,1.282246,0.2139089) (322.3128,318.7593,19.19508)
compute 2.08687870208949(-0.399844735860825,1.47588896751404,0.543953061103821) (-0.3876728,1.473303,0.5272) (287.0089,200.4283,203.7815) (-0.1857535,1.281229,0.212945) (321.441,317.3144,19.37445)
compute 1.33635224494504(-0.406646996736526,1.48715579509735,0.541635394096375) (-0.3998447,1.475889,0.5439531) (289.0185,198.1778,205.7921) (-0.1816147,1.283676,0.2107501) (319.9254,315.7372,19.67612)
compute 2.2036225037684(-0.410707950592041,1.50880217552185,0.540901839733124) (-0.406647,1.487156,0.5416354) (289.2533,190.2249,212.3761) (-0.1824028,1.285322,0.2108947) (320.8426,314.5959,19.5354)
compute 2.06916139153533(-0.425341457128525,1.52341341972351,0.541619420051575) (-0.410708,1.508802,0.5409018) (287.2004,191.4262,210.9719) (-0.1889807,1.285604,0.2125879) (321.7608,314.5614,19.01054)
compute 2.16721076585038(-0.443074405193329,1.52551448345184,0.529339015483856) (-0.4253415,1.523413,0.5416194) (289.2948,189.9497,210.0775) (-0.1982871,1.284075,0.214913) (321.9043,312.9361,20.1723)
compute 2.42107336990888(-0.462013721466064,1.52305459976196,0.514459133148193) (-0.4430744,1.525514,0.529339) (289.3105,187.4622,208.6207) (-0.2036113,1.281912,0.218634) (323.1468,311.6787,20.32376)
compute 2.56601011586243(-0.484625786542892,1.51166963577271,0.510273694992065) (-0.4620137,1.523055,0.5144591) (292.7605,199.3479,197.5507) (-0.2054911,1.281677,0.2247436) (323.8752,311.8058,20.06474)
compute 1.43515728034569(-0.482800602912903,1.50166213512421,0.520397245883942) (-0.4846258,1.51167,0.5102737) (291.0099,196.5231,199.099) (-0.2031296,1.280847,0.234348) (325.183,311.6641,19.6287)
compute 5.02933476170698(-0.439601391553879,1.47834396362305,0.531329393386841) (-0.4828006,1.501662,0.5203972) (290.9817,194.3169,203.862) (-0.180759,1.279288,0.247166) (326.0998,318.641,15.53529)
compute 8.32995045574051(-0.358773857355118,1.47655272483826,0.551392018795013) (-0.4396014,1.478344,0.5313294) (292.5662,181.1684,223.5669) (-0.1527449,1.28281,0.263095) (323.5189,327.0595,12.22282)
compute 8.25353233869613(-0.280656695365906,1.48468720912933,0.576761662960052) (-0.3587739,1.476553,0.551392) (291.374,168.7499,240.3196) (-0.1248171,1.289771,0.2758787) (321.1725,331.4977,12.11389)
compute 7.53346076842617(-0.210517331957817,1.49819719791412,0.600704371929169) (-0.2806567,1.484687,0.5767617) (296.7594,168.2363,244.5032) (-0.09574151,1.293763,0.2865685) (319.2827,334.6055,10.59794)
compute 5.03638926542613(-0.16371862590313,1.50280666351318,0.618736445903778) (-0.2105173,1.498197,0.6007044) (298.1559,160.9616,251.702) (-0.07593494,1.296851,0.2953017) (316.5187,335.0929,10.27878)
compute 2.12158266632992(-0.14423331618309,1.50094032287598,0.626918792724609) (-0.1637186,1.502807,0.6187364) (301.1887,171.4585,245.7878) (-0.07158889,1.296294,0.3026437) (316.4001,334.6666,9.686916)
compute 1.12259111420501(-0.139633193612099,1.49517524242401,0.635381877422333) (-0.1442333,1.50094,0.6269188) (299.821,167.9913,249.3902) (-0.07877845,1.294968,0.3066772) (314.8661,332.1477,11.23989)
compute 2.64090823786495(-0.166039481759071,1.49494779109955,0.635691523551941) (-0.1396332,1.495175,0.6353819) (298.9172,184.721,235.3781) (-0.09910303,1.293445,0.3096515) (313.3311,329.7155,12.23539)
compute 2.78629641408056(-0.190544977784157,1.50613951683044,0.628580212593079) (-0.1660395,1.494948,0.6356915) (298.4006,180.4171,235.4366) (-0.1270074,1.292004,0.3146449) (313.5864,329.8495,12.47828)
compute 4.33960973868487(-0.226892530918121,1.52693951129913,0.617203176021576) (-0.190545,1.50614,0.6285802) (299.6454,179.4677,233.6826) (-0.1567215,1.298553,0.3211134) (313.0567,327.3441,15.48796)
compute 4.35787095576233(-0.264072775840759,1.54052889347076,0.598980605602264) (-0.2268925,1.52694,0.6172032) (302.8948,181.693,230.2563) (-0.172481,1.300152,0.32871) (313.5053,327.2194,13.86751)
compute 3.41493160007052(-0.29177463054657,1.54874765872955,0.580780744552612) (-0.2640728,1.540529,0.5989806) (305.1144,180.07,229.3812) (-0.1812258,1.299048,0.3312036) (313.2674,326.7784,13.60021)
compute 2.4854151388492(-0.309779405593872,1.56391251087189,0.572806775569916) (-0.2917746,1.548748,0.5807807) (303.2241,174.9793,230.9181) (-0.1855314,1.295253,0.3320806) (314.5505,325.337,14.22575)
compute 2.41228747555677(-0.330613762140274,1.56938970088959,0.561951220035553) (-0.3097794,1.563913,0.5728068) (303.0439,174.7662,227.659) (-0.1841378,1.287106,0.330006) (316.5725,321.6078,15.68412)
compute 1.95678424834326(-0.34903472661972,1.56607270240784,0.556244552135468) (-0.3306138,1.56939,0.5619512) (301.9783,174.5043,224.9428) (-0.1839849,1.287449,0.3284868) (318.3191,317.0705,17.6824)
compute 2.40306341243046(-0.373023927211761,1.56594002246857,0.557648837566376) (-0.3490347,1.566073,0.5562446) (299.2668,170.4257,224.972) (-0.1865202,1.287808,0.3288366) (318.9525,314.7001,18.52871)
compute 4.14874065916099(-0.413213968276978,1.5559788942337,0.560245275497437) (-0.3730239,1.56594,0.5576488) (298.9055,179.4968,216.2205) (-0.1965978,1.280896,0.3279405) (321.2907,314.3342,17.32334)
compute 3.26120122065498(-0.443691819906235,1.54587745666504,0.565955340862274) (-0.413214,1.555979,0.5602453) (297.581,178.7757,214.5382) (-0.2175881,1.274518,0.329741) (323.1218,312.7114,17.29134)
compute 2.77607475542518(-0.466659039258957,1.53151512145996,0.572028994560242) (-0.4436918,1.545877,0.5659553) (294.7856,175.8607,215.9909) (-0.2385282,1.275841,0.3357995) (325.4642,311.4162,18.06885)
compute 2.77914816415017(-0.490422934293747,1.52793550491333,0.585987150669098) (-0.466659,1.531515,0.572029) (295.0703,178.9349,215.2126) (-0.2473154,1.277323,0.3450063) (326.219,311.2641,16.6283)
compute 2.5674830261631(-0.498798400163651,1.52827751636505,0.610255062580109) (-0.4904229,1.527936,0.5859872) (291.1783,173.035,220.4106) (-0.2552949,1.278579,0.3531813) (327.0241,311.5639,16.63111)
compute 2.33978439154128(-0.506628513336182,1.51142287254334,0.624470174312592) (-0.4987984,1.528278,0.6102551) (289.3159,175.3154,218.4408) (-0.2591503,1.275107,0.3559186) (328.6588,311.793,16.54919)
compute 2.06682590054888(-0.503197908401489,1.49147999286652,0.628676056861877) (-0.5066285,1.511423,0.6244702) (290.9669,181.6805,211.3437) (-0.2594375,1.274288,0.357892) (329.4734,312.6086,16.02937)
compute 3.54388006892256(-0.47385835647583,1.48308432102203,0.646693050861359) (-0.5031979,1.49148,0.6286761) (290.2839,182.4203,211.8716) (-0.2422839,1.278377,0.3592351) (327.501,317.0361,15.04635)
compute 5.61954635331627(-0.423022508621216,1.48013615608215,0.67046183347702) (-0.4738584,1.483084,0.6466931) (290.1111,180.7451,215.2758) (-0.2126577,1.287556,0.3603398) (323.1265,326.2259,13.37355)
compute 7.14928499292144(-0.352925717830658,1.47697126865387,0.68416041135788) (-0.4230225,1.480136,0.6704618) (292.7715,184.3225,217.1589) (-0.1792395,1.293675,0.3597422) (318.1636,337.6758,10.02103)
compute 7.68192142200915(-0.277460753917694,1.48291480541229,0.697233498096466) (-0.3529257,1.476971,0.6841604) (293.1773,183.8913,224.1603) (-0.152759,1.298331,0.3593439) (314.5704,348.1158,5.558912)
compute 6.71853708021048(-0.21153824031353,1.49406409263611,0.703850865364075) (-0.2774608,1.482915,0.6972335) (294.5828,184.065,230.233) (-0.1332867,1.298959,0.3589144) (313.5188,353.5538,4.1891)
compute 6.12635792176332(-0.150516420602798,1.49909472465515,0.70591402053833) (-0.2115382,1.494064,0.7038509) (294.2364,181.2804,238.1427) (-0.1234194,1.297138,0.3593789) (312.5158,356.6689,3.316442)
compute 5.56187499730301(-0.0954148918390274,1.49879503250122,0.698352456092834) (-0.1505164,1.499095,0.705914) (295.6551,182.2369,242.8024) (-0.1182115,1.295958,0.3589559) (311.1002,1.300142,1.475436)
compute 4.34198977877008(-0.052060205489397,1.50109314918518,0.698966801166534) (-0.09541489,1.498795,0.6983525) (296.5466,181.6458,247.3853) (-0.1118586,1.296709,0.361825) (310.7863,4.886594,0.4101604)
compute 4.17421732138353(-0.0107394745573401,1.5047972202301,0.703580498695374) (-0.05206021,1.501093,0.6989668) (296.563,182.0303,251.0692) (-0.1054548,1.296697,0.3651794) (311.4015,9.335843,358.7856)
compute 3.80670880308586(0.0272903814911842,1.50409519672394,0.702050685882568) (-0.01073947,1.504797,0.7035805) (296.9649,183.1305,253.3838) (-0.09777036,1.297167,0.3669088) (312.4201,12.25995,357.6705)
compute 3.95563242398848(0.0661841630935669,1.49990117549896,0.696186661720276) (0.02729038,1.504095,0.7020507) (296.233,180.8171,258.8801) (-0.08850405,1.295606,0.3656297) (313.4781,15.2271,356.2443)
compute 3.72599533948146(0.100824393332005,1.49181938171387,0.685094177722931) (0.06618416,1.499901,0.6961867) (295.3684,177.6117,265.6522) (-0.07789461,1.294443,0.364031) (314.2452,19.15645,353.9472)
compute 3.73967093046839(0.137221902608871,1.48561418056488,0.679158627986908) (0.1008244,1.491819,0.6850942) (295.9173,175.9727,270.0892) (-0.07013655,1.292968,0.3607548) (315.4857,22.78691,352.0438)
compute 3.23369072091424(0.168594002723694,1.47921633720398,0.674627125263214) (0.1372219,1.485614,0.6791586) (295.7357,174.236,274.7503) (-0.06565662,1.292948,0.3595847) (316.0628,25.45638,350.8277)
compute 2.48210091617941(0.188330322504044,1.47176659107208,0.66154807806015) (0.168594,1.479216,0.6746271) (295.9655,173.826,277.5376) (-0.06254576,1.292367,0.3573366) (316.2403,27.47811,350.316)
compute 1.67831989959542(0.202289775013924,1.46635472774506,0.653963804244995) (0.1883303,1.471767,0.6615481) (295.9781,173.3253,279.6964) (-0.05903572,1.291904,0.3566935) (316.4535,27.36143,351.3849)
compute 1.67872355070263(0.215204119682312,1.46143448352814,0.644433736801147) (0.2022898,1.466355,0.6539638) (296.2797,172.4369,282.4049) (-0.0544158,1.291622,0.3592973) (316.8366,26.61527,351.4967)
compute 2.48291289025076(0.239987373352051,1.46089935302734,0.645844280719757) (0.2152041,1.461434,0.6444337) (297.027,169.6949,286.9879) (-0.04938061,1.29172,0.3605962) (316.7263,24.70262,351.9691)
compute 2.21480676054725(0.262111932039261,1.46038281917572,0.646724045276642) (0.2399874,1.460899,0.6458443) (298.6097,159.1889,296.9457) (-0.04328785,1.292051,0.3641473) (316.6704,19.98378,353.8097)
compute 1.94956519226305(0.276123732328415,1.460822224617,0.660272359848022) (0.2621119,1.460383,0.646724) (300.6607,152.8459,302.4264) (-0.04024392,1.292384,0.3682912) (316.1952,10.94372,356.7178)
compute 1.77437006559174(0.266316413879395,1.46097195148468,0.675058603286743) (0.2761237,1.460822,0.6602724) (298.8045,156.2853,297.1003) (-0.03743321,1.292901,0.3701897) (316.0589,5.698182,358.4767)
compute 2.75105002894143(0.239509701728821,1.46043610572815,0.681218206882477) (0.2663164,1.460972,0.6750586) (297.7404,159.3741,291.4897) (-0.03845482,1.293923,0.3667465) (316.1971,2.534568,359.3573)
compute 3.44363347060775(0.20621894299984,1.45856404304504,0.689825296401978) (0.2395097,1.460436,0.6812182) (295.6617,167.386,280.8589) (-0.04454808,1.294361,0.3626232) (316.7971,357.5081,1.357769)
compute 3.18049368056513(0.176589906215668,1.44736063480377,0.686969101428986) (0.2062189,1.458564,0.6898253) (294.5219,169.6091,275.507) (-0.06213728,1.288995,0.3587469) (319.1506,350.9528,3.706404)
compute 2.33830347117408(0.15461191534996,1.43939054012299,0.687429368495941) (0.1765899,1.447361,0.6869691) (294.2652,174.8115,268.5913) (-0.08310006,1.28871,0.3497915) (321.4276,345.567,5.995418)
compute 2.53450939930272(0.13142217695713,1.42925429344177,0.688795506954193) (0.1546119,1.439391,0.6874294) (291.9149,175.8025,265.5097) (-0.0923937,1.287787,0.3450228) (322.3398,344.5243,5.880199)
compute 1.6199361314616(0.12724731862545,1.41582238674164,0.696831285953522) (0.1314222,1.429254,0.6887955) (289.9078,177.6636,263.2734) (-0.09281985,1.288022,0.3430448) (324.5995,344.9712,5.620353)
compute 1.97465051338463(0.139301478862762,1.40417349338531,0.707267999649048) (0.1272473,1.415822,0.6968313) (287.9394,177.4103,263.7619) (-0.08498146,1.285086,0.3410677) (326.0747,346.6506,3.978836)
compute 2.3599862834382(0.157763838768005,1.3897385597229,0.704488158226013) (0.1393015,1.404173,0.707268) (286.7451,176.4096,265.9514) (-0.07680352,1.285636,0.338805) (326.9633,351.9266,3.130482)
compute 3.09419927014573(0.184159874916077,1.38112318515778,0.690834164619446) (0.1577638,1.389739,0.7044882) (285.6015,175.683,271.4278) (-0.06715383,1.285079,0.3346096) (326.8651,359.2771,1.033739)
compute 4.3946056234634(0.217554718255997,1.37027728557587,0.664406776428223) (0.1841599,1.381123,0.6908342) (285.3882,172.7487,279.7295) (-0.05756499,1.282326,0.3281851) (328.3463,10.59523,359.6124)
compute 4.86202193462449(0.253814518451691,1.35515558719635,0.635762631893158) (0.2175547,1.370277,0.6644068) (283.8848,165.0563,292.458) (-0.04646764,1.276505,0.3240344) (330.4055,19.75192,358.5993)
compute 3.83566679470406(0.2839016020298,1.33726108074188,0.620085000991821) (0.2538145,1.355156,0.6357626) (281.727,169.8973,292.621) (-0.03425141,1.273829,0.3221068) (331.4328,20.18981,359.5378)
compute 2.91173566510894(0.30699360370636,1.32101261615753,0.612973928451538) (0.2839016,1.337261,0.620085) (280.1666,171.3752,292.693) (-0.02238178,1.273469,0.3120207) (331.0843,18.93115,357.9358)
compute 3.50642203177345(0.337010890245438,1.30333697795868,0.608969688415527) (0.3069936,1.321013,0.6129739) (282.2685,145.5435,316.4935) (-0.006322708,1.276613,0.3077939) (331.2468,15.96207,358.5186)
compute 5.08347506148844(0.345381110906601,1.25319635868073,0.608797550201416) (0.3370109,1.303337,0.6089697) (279.8825,137.9958,320.2155) (0.007127281,1.278642,0.3119177) (333.1718,10.83359,0.8681489)
compute 9.14072571225744(0.339825034141541,1.16199815273285,0.611500203609467) (0.3453811,1.253196,0.6087976) (275.2299,234.9352,226.143) (0.02204755,1.272987,0.3230415) (336.3345,6.068973,0.8491097)
compute 11.1251882763937(0.33396252989769,1.05090796947479,0.612758755683899) (0.339825,1.161998,0.6115002) (276.0389,321.233,134.1333) (0.03739963,1.266589,0.331365) (339.862,4.27576,1.265337)
compute 11.8626323051154(0.312166154384613,0.935262680053711,0.597815871238709) (0.3339625,1.050908,0.6127588) (285.3082,350.3221,102.2349) (0.05121969,1.262574,0.3313735) (343.1389,3.823977,0.3281406)
compute 9.72775732364932(0.282160460948944,0.849330842494965,0.563489437103271) (0.3121662,0.9352627,0.5978159) (294.1876,356.0126,93.87736) (0.06108257,1.261328,0.3312023) (344.4254,3.287152,359.37)
compute 6.12496279894915(0.265320867300034,0.802894473075867,0.527273297309875) (0.2821605,0.8493308,0.5634894) (301.0415,2.865365,86.32939) (0.06263914,1.259952,0.3266049) (345.8022,0.1971687,359.1085)
compute 3.18586629298866(0.255217552185059,0.789363086223602,0.500258505344391) (0.2653209,0.8028945,0.5272733) (303.9041,4.489114,85.68652) (0.06522321,1.260804,0.3201613) (345.8669,357.7443,359.1154)
compute 1.12956527476901(0.255214154720306,0.791456699371338,0.489158570766449) (0.2552176,0.7893631,0.5002585) (305.5685,9.772933,80.21389) (0.06420289,1.264295,0.3112169) (345.2882,354.5909,359.5344)
compute 1.4019877918258(0.255229324102402,0.805465340614319,0.488597571849823) (0.2552142,0.7914567,0.4891586) (304.2248,10.71592,78.27854) (0.06466425,1.266126,0.2998406) (345.5996,351.5627,359.8037)
compute 2.08295944362952(0.254020571708679,0.825525760650635,0.494073927402496) (0.2552293,0.8054653,0.4885976) (300.7569,8.09706,78.03748) (0.0656042,1.263645,0.2943361) (346.3743,348.0861,0.5225141)
compute 2.39636922543285(0.250544220209122,0.845647811889648,0.506614923477173) (0.2540206,0.8255258,0.4940739) (296.9785,6.531442,75.40815) (0.06621896,1.259584,0.2973194) (346.8993,342.9568,1.146144)
compute 2.00398480064089(0.237264633178711,0.855818331241608,0.517651617527008) (0.2505442,0.8456478,0.5066149) (295.5641,2.33515,74.90157) (0.06122381,1.25278,0.2979043) (349.5167,338.1114,1.420557)
compute 1.37405059859236(0.225746154785156,0.863309979438782,0.517688691616058) (0.2372646,0.8558183,0.5176516) (294.2416,355.9689,78.88251) (0.05230424,1.25228,0.2871031) (349.9973,333.4347,2.184868)
compute 0.567452397996275(0.222006067633629,0.862550616264343,0.513489246368408) (0.2257462,0.86331,0.5176887) (294.6713,356.6975,77.45106) (0.03915744,1.253979,0.2729326) (350.1444,329.5693,2.953788)
compute 1.26431116789357(0.214711397886276,0.861843645572662,0.503187000751495) (0.2220061,0.8625506,0.5134892) (297.0214,356.8979,77.7492) (0.02333528,1.253191,0.2599092) (350.9118,326.5761,3.738337)
compute 2.01587940185718(0.204340681433678,0.86391144990921,0.486024558544159) (0.2147114,0.8618436,0.503187) (298.1479,356.5225,78.16618) (0.008210286,1.252057,0.2505628) (351.0962,324.4106,5.254923)
compute 1.75859212832801(0.195818200707436,0.864691853523254,0.470661520957947) (0.2043407,0.8639114,0.4860246) (299.0342,356.6818,77.72407) (-0.001550905,1.244748,0.2433559) (352.4915,322.553,5.196144)
compute 1.66741292085894(0.191870242357254,0.8643718957901,0.454464673995972) (0.1958182,0.8646919,0.4706615) (300.3744,357.0121,77.27206) (-0.00328885,1.24117,0.233282) (355.1212,322.3132,4.204881)
Average= 2.96425228707837
Max= 11.8626323051154
Standard Deviation= 6.34682486174206
Right: 14    Miss: 26
0
