red 270.1447 276.6311 13.28766 (0.1131293,5,0.7) (0.1131293,0.9570234,0.7)
red 269.6472 277.4311 16.69126 (0.007112384,5,0.7) (0.007112384,1.294546,0.7)
red 270.6439 279.3422 14.46249 (-0.5303876,5,0.7) (-0.5303876,0.08003655,0.7)
red 274.1464 279.92 13.0959 (0.1844078,5,0.7) (0.1844078,1.343494,0.7)
red 271.1428 280.5756 15.49176 (0.8798864,5,0.7) (0.8798864,0.08269359,0.7)
red 272.6501 280.7422 13.59956 (0.5077863,5,0.7) (0.5077863,0.07823077,0.7)
red 272.1509 280.7978 14.40593 (-0.8354046,5,0.7) (-0.8354046,0.08261257,0.7)
red 274.6456 281.2867 14.94175 (0.1955022,5,0.7) (0.1955022,1.392366,0.7)
red 275.1428 281.3089 13.9604 (0.1011955,5,0.7) (0.1011955,1.374746,0.7)
red 271.653 281.3867 15.9161 (0.7619419,5,0.7) (0.7619419,0.08231059,0.7)
red 273.1513 281.6089 14.12359 (0.6038604,5,0.7) (0.6038604,0.07703608,0.7)
red 275.6529 281.8311 13.78226 (-0.1141323,5,0.7) (-0.1141323,1.306447,0.7)
red 276.6423 283.3089 14.64383 (-0.3308812,5,0.7) (-0.3308812,1.292711,0.7)
red 273.6494 283.4756 16.03317 (0.8914762,5,0.7) (0.8914762,0.08101936,0.7)
red 277.1431 284.4644 16.49327 (-0.1621922,5,0.7) (-0.1621922,1.467018,0.7)
red 276.1429 285.2978 15.10004 (-0.9676814,5,0.7) (-0.9676814,0.07970242,0.7)
red 277.6522 285.3644 13.05469 (0.384046,5,0.7) (0.384046,0.08088023,0.7)
red 278.1514 287.2089 14.97961 (0.9161818,5,0.7) (0.9161818,0.0810014,0.7)
red 280.1479 287.2645 16.1419 (-0.1633102,5,0.7) (-0.1633102,1.47326,0.7)
red 278.6506 287.3978 14.54489 (-0.5695984,5,0.7) (-0.5695984,0.08162136,0.7)
red 279.6489 287.7533 13.61569 (0.2557521,5,0.7) (0.2557521,0.07820407,0.7)
red 281.6453 288.9756 16.93398 (-0.3348774,5,0.7) (-0.3348774,1.573613,0.7)
red 279.1496 289.0645 16.1596 (-0.6653516,5,0.7) (-0.6653516,0.08330671,0.7)
red 282.1443 289.3533 16.48695 (-0.4165286,5,0.7) (-0.4165286,1.51936,0.7)
red 280.6471 290.3422 15.84748 (0.8049316,5,0.7) (0.8049316,0.07928263,0.7)
red 281.1462 290.8533 15.87575 (0.9883928,5,0.7) (0.9883928,0.0841426,0.7)
red 283.652 291.6534 13.47206 (0.4255559,5,0.7) (0.4255559,0.0787787,0.7)
red 286.1485 292.1756 13.69915 (-0.2733556,5,0.7) (-0.2733556,1.374708,0.7)
red 284.1437 292.1756 13.5013 (0.600457,5,0.7) (0.600457,0.07753459,0.7)
red 283.1526 292.3867 15.22095 (0.3677745,5,0.7) (0.3677745,0.07881191,0.7)
red 282.645 292.6311 16.25227 (0.09822428,5,0.7) (0.09822428,0.08439559,0.7)
red 285.6483 293.6756 13.4987 (0.8084712,5,0.7) (0.8084712,0.07640427,0.7)
red 285.1497 293.7089 14.27046 (-0.507128,5,0.7) (-0.507128,0.07887584,0.7)
red 288.1442 293.8978 14.04078 (-0.554924,5,0.7) (-0.554924,1.641501,0.7)
red 286.6484 294.3755 13.06029 (-0.7012513,5,0.7) (-0.7012513,0.07617068,0.7)
red 284.6521 294.9867 16.71786 (0.9049022,5,0.7) (0.9049022,0.08074982,0.7)
red 289.1528 295.1311 14.15913 (0.1644512,5,0.7) (0.1644512,1.538206,0.7)
red 287.6443 295.5422 13.31967 (0.09823048,5,0.7) (0.09823048,0.08283084,0.7)
red 287.1458 295.5756 14.08322 (0.9832287,5,0.7) (0.9832287,0.07999936,0.7)
red 288.6428 297.42 14.58028 (0.4270596,5,0.7) (0.4270596,0.08329045,0.7)
0
