yellow 358.9577 365.1311 13.59823 (-0.7844143,5,0.7) (-0.7844143,1.254853,0.7)
blue 358.9577 365.7645 15.43968 (-0.5789366,5,0.7) (-0.5789366,1.443053,0.7)
blue 360.4543 365.8644 12.5744 (-0.3653947,5,0.7) (-0.3653947,1.41423,0.7)
blue 359.457 366.12 11.46272 (-0.7041504,5,0.7) (-0.7041504,0.07809019,0.7)
purple 359.9574 366.4533 11.21201 (0.8487692,5,0.7) (0.8487692,0.08110547,0.7)
purple 358.9577 366.8422 13.28898 (-0.2595519,5,0.7) (-0.2595519,0.07662258,0.7)
purple 360.9536 366.8644 10.28286 (-0.2696003,5,0.7) (-0.2696003,0.07779109,0.7)
yellow 360.9536 366.9644 14.90804 (-0.2476109,5,0.7) (-0.2476109,1.73043,0.7)
purple 362.462 366.9756 11.59981 (-0.2678632,5,0.7) (-0.2678632,1.723788,0.7)
yellow 360.4543 367.0645 16.23606 (-0.09011233,5,0.7) (-0.09011233,1.751162,0.7)
yellow 359.457 367.2533 13.17221 (-0.2511209,5,0.7) (-0.2511209,0.08236069,0.7)
yellow 361.9629 368.5756 16.2104 (-0.1793991,5,0.7) (-0.1793991,1.739348,0.7)
yellow 359.9574 368.6089 14.40069 (0.9400694,5,0.7) (0.9400694,0.08051205,0.7)
blue 361.4537 369.32 13.26839 (0.191543,5,0.7) (0.191543,0.08178258,0.7)
yellow 363.4612 369.3755 14.83673 (-0.2568547,5,0.7) (-0.2568547,1.760876,0.7)
blue 360.9536 369.4311 19.71796 (-0.404307,5,0.7) (-0.404307,1.721662,0.7)
yellow 363.9615 369.4422 13.98692 (-0.3347503,5,0.7) (-0.3347503,1.784356,0.7)
purple 359.457 369.9978 16.98166 (-0.5663543,5,0.7) (-0.5663543,0.08042672,0.7)
yellow 361.4537 370.0645 14.33166 (0.9139149,5,0.7) (0.9139149,0.07810055,0.7)
purple 362.961 370.4533 12.72389 (-0.938055,5,0.7) (-0.938055,0.07975698,0.7)
blue 361.9629 370.5533 14.32461 (0.8862929,5,0.7) (0.8862929,0.08160013,0.7)
yellow 365.4577 370.6311 13.23465 (-0.305431,5,0.7) (-0.305431,1.767196,0.7)
purple 361.9629 370.6422 14.4496 (0.7399912,5,0.7) (0.7399912,0.08118553,0.7)
purple 364.4564 371.3644 11.84152 (-0.9836433,5,0.7) (-0.9836433,0.08064792,0.7)
purple 361.4537 371.5089 16.33508 (0.3498602,5,0.7) (0.3498602,0.08181061,0.7)
yellow 362.462 371.8755 15.46722 (0.3440952,5,0.7) (0.3440952,0.07917494,0.7)
yellow 362.961 372.1089 15.10592 (-0.4695593,5,0.7) (-0.4695593,0.08197105,0.7)
purple 360.4543 372.12 18.44448 (-0.6714101,5,0.7) (-0.6714101,0.08475542,0.7)
blue 359.9574 372.8089 19.9085 (-0.8850594,5,0.7) (-0.8850594,0.0816884,0.7)
yellow 367.4641 372.92 13.90836 (-0.1920666,5,0.7) (-0.1920666,1.776296,0.7)
blue 363.4612 372.9311 15.55022 (0.4605813,5,0.7) (0.4605813,0.08173355,0.7)
purple 365.4577 372.9867 12.76897 (-0.6803987,5,0.7) (-0.6803987,0.07782782,0.7)
purple 363.9615 373.2089 15.23988 (0.1046942,5,0.7) (0.1046942,0.0801371,0.7)
blue 365.4577 373.3089 13.24856 (-0.8260028,5,0.7) (-0.8260028,0.08020212,0.7)
blue 365.9568 373.4422 12.71085 (-0.9148765,5,0.7) (-0.9148765,0.08126453,0.7)
yellow 364.9549 373.5867 14.37582 (0.1922225,5,0.7) (0.1922225,0.08322041,0.7)
blue 364.9549 373.6756 14.49093 (0.09981024,5,0.7) (0.09981024,0.07883853,0.7)
blue 367.4641 374.3644 16.48561 (-0.6030486,5,0.7) (-0.6030486,1.66487,0.7)
blue 364.4564 374.3867 16.17178 (0.7626162,5,0.7) (0.7626162,0.08233459,0.7)
yellow 368.4614 374.5311 15.07155 (-0.7949524,5,0.7) (-0.7949524,1.736433,0.7)
blue 363.9615 374.5422 17.03861 (-0.6917877,5,0.7) (-0.6917877,0.07986204,0.7)
yellow 364.4564 374.5867 16.43691 (0.6813989,5,0.7) (0.6813989,0.08098268,0.7)
blue 368.4614 374.9867 11.24889 (0.8437848,5,0.7) (0.8437848,0.07388219,0.7)
purple 363.4612 375.1645 18.49006 (0.9951994,5,0.7) (0.9951994,0.08121234,0.7)
blue 362.462 375.2867 19.88218 (0.2688129,5,0.7) (0.2688129,0.08184174,0.7)
purple 367.9634 375.3422 12.55035 (0.9096146,5,0.7) (0.9096146,0.07595763,0.7)
blue 362.961 375.4089 19.42212 (0.7716401,5,0.7) (0.7716401,0.08241744,0.7)
yellow 365.9568 375.7422 15.97388 (0.8828874,5,0.7) (0.8828874,0.08136514,0.7)
blue 366.9543 375.8422 14.73461 (0.5425651,5,0.7) (0.5425651,0.082425,0.7)
purple 364.9549 376.0089 17.64864 (-0.580229,5,0.7) (-0.580229,0.08018668,0.7)
purple 367.4641 376.1756 19.46854 (0.1894044,5,0.7) (0.1894044,1.57157,0.7)
yellow 366.455 376.4533 16.25939 (0.7440646,5,0.7) (0.7440646,0.08148862,0.7)
yellow 366.9543 376.6089 15.79622 (0.6635149,5,0.7) (0.6635149,0.08272836,0.7)
purple 366.455 377.1311 17.16584 (-0.06280029,5,0.7) (-0.06280029,0.08350353,0.7)
purple 366.9543 377.5645 17.08157 (0.693814,5,0.7) (0.693814,0.08468938,0.7)
purple 365.9568 377.8533 18.73922 (-0.6845706,5,0.7) (-0.6845706,0.08493956,0.7)
yellow 367.9634 378.3644 16.80817 (0.1753253,5,0.7) (0.1753253,0.08139522,0.7)
blue 366.455 379.2756 19.87259 (0.385374,5,0.7) (0.385374,0.0830552,0.7)
purple 368.4614 379.3533 17.45867 (-0.4441177,5,0.7) (-0.4441177,0.08430562,0.7)
blue 367.9634 380.5311 19.57854 (0.6676545,5,0.7) (0.6676545,0.08442634,0.7)
0
