red 52.24982 57.45333 14.09133 (-0.01157463,5,0.7) (-0.01157463,1.975345,0.7)
red 52.75016 58.66444 14.58196 (0.945981,5,0.7) (0.945981,1.693736,0.7)
black 52.75016 58.70889 10.36046 (-0.9705672,5,0.7) (-0.9705672,0.07225128,0.7)
red 54.24485 59.73111 13.71135 (0.08121812,5,0.7) (0.08121812,1.708681,0.7)
red 54.74382 60.66444 13.84504 (0.8431234,5,0.7) (0.8431234,1.485945,0.7)
black 53.24641 60.73111 12.7098 (0.04713094,5,0.7) (0.04713094,0.08081068,0.7)
black 53.7466 61.27556 12.77602 (0.979898,5,0.7) (0.979898,0.08097637,0.7)
red 56.24521 61.44222 13.22525 (0.9474068,5,0.7) (0.9474068,1.750453,0.7)
red 53.24641 61.50889 13.85016 (-0.6214685,5,0.7) (-0.6214685,0.08244061,0.7)
black 52.24982 61.60889 15.39242 (0.1316122,5,0.7) (0.1316122,0.07976662,0.7)
black 55.74467 61.68667 10.33585 (0.8521783,5,0.7) (0.8521783,0.0778638,0.7)
red 55.74467 61.86444 15.65358 (0.5196364,5,0.7) (0.5196364,1.857912,0.7)
red 53.7466 61.97556 13.79009 (-0.3411638,5,0.7) (-0.3411638,0.07740459,0.7)
black 55.24593 62.40889 12.22095 (-0.908916,5,0.7) (-0.908916,0.07737838,0.7)
black 56.74454 62.48667 10.01494 (0.4097418,5,0.7) (0.4097418,0.07649544,0.7)
black 54.74382 62.60889 13.2615 (0.009456515,5,0.7) (0.009456515,0.07879636,0.7)
red 57.24239 62.87556 14.00263 (0.8323286,5,0.7) (0.8323286,1.70307,0.7)
red 55.24593 63.85334 14.33536 (-0.699086,5,0.7) (-0.699086,0.07956974,0.7)
red 57.75251 63.99778 14.29348 (-0.4166709,5,0.7) (-0.4166709,1.422487,0.7)
black 54.24485 64.25333 16.27938 (0.726866,5,0.7) (0.726866,0.08327509,0.7)
red 58.75084 65.29778 15.0859 (0.5518827,5,0.7) (0.5518827,1.481501,0.7)
red 56.74454 65.60889 14.70244 (-0.6606178,5,0.7) (-0.6606178,0.08204502,0.7)
red 59.74495 65.86445 14.88982 (0.04076159,5,0.7) (0.04076159,1.664615,0.7)
red 60.24584 66.19778 15.30281 (-0.04260981,5,0.7) (-0.04260981,1.860125,0.7)
black 59.74495 66.26444 11.24191 (-0.08899128,5,0.7) (-0.08899128,0.07886946,0.7)
red 58.25186 66.29778 13.53959 (-0.7361774,5,0.7) (-0.7361774,0.08011552,0.7)
black 56.24521 66.53111 16.6409 (0.1362008,5,0.7) (0.1362008,0.0796268,0.7)
red 61.24373 66.62 13.01224 (-0.3725623,5,0.7) (-0.3725623,1.574232,0.7)
red 60.7487 66.96445 15.44889 (-0.6047354,5,0.7) (-0.6047354,1.755334,0.7)
black 58.75084 67.19778 14.11135 (-0.3220569,5,0.7) (-0.3220569,0.07853077,0.7)
red 62.75177 68.00889 14.27417 (-0.1371864,5,0.7) (-0.1371864,1.988596,0.7)
black 60.24584 68.66444 14.06276 (-0.6873543,5,0.7) (-0.6873543,0.078118,0.7)
black 57.24239 68.92 18.45252 (0.8915527,5,0.7) (0.8915527,0.08281111,0.7)
red 63.74905 69.00889 13.17337 (0.646461,5,0.7) (0.646461,1.693246,0.7)
red 59.24617 69.18667 16.17872 (-0.8000255,5,0.7) (-0.8000255,0.07934906,0.7)
black 63.74905 69.63111 10.24411 (0.7519493,5,0.7) (0.7519493,0.07595567,0.7)
red 61.74274 69.84222 13.59914 (0.6707594,5,0.7) (0.6707594,0.07807558,0.7)
red 64.24805 70.08667 14.58627 (-0.1930062,5,0.7) (-0.1930062,1.738746,0.7)
black 57.75251 70.10889 19.31377 (-0.3127538,5,0.7) (-0.3127538,0.08281979,0.7)
black 58.25186 70.55334 19.24916 (0.9283297,5,0.7) (0.9283297,0.0841393,0.7)
red 62.25169 70.56445 13.92161 (0.2595813,5,0.7) (0.2595813,0.07892299,0.7)
black 59.24617 70.88667 18.41307 (-0.7311084,5,0.7) (-0.7311084,0.08368952,0.7)
black 62.25169 71.15334 14.75555 (0.4348564,5,0.7) (0.4348564,0.07835805,0.7)
black 65.74828 71.83112 10.55368 (-0.6637051,5,0.7) (-0.6637051,0.07247405,0.7)
black 63.25002 71.86445 14.35269 (-0.1016454,5,0.7) (-0.1016454,0.08023123,0.7)
red 63.25002 71.97556 14.51162 (-0.8916514,5,0.7) (-0.8916514,0.08087124,0.7)
black 64.24805 72.14223 13.31775 (0.2291487,5,0.7) (0.2291487,0.08201829,0.7)
red 66.74757 72.30889 15.13732 (0.195804,5,0.7) (0.195804,2.028851,0.7)
red 66.24755 72.56445 16.87419 (-0.08250296,5,0.7) (-0.08250296,2.036326,0.7)
black 61.24373 72.70889 18.18633 (-0.01993549,5,0.7) (-0.01993549,0.08345792,0.7)
black 62.75177 72.79778 16.33192 (0.3135411,5,0.7) (0.3135411,0.08068738,0.7)
black 66.74757 72.89778 10.66476 (0.9089892,5,0.7) (0.9089892,0.0757975,0.7)
red 65.25095 72.98667 13.07574 (0.9856791,5,0.7) (0.9856791,0.07584945,0.7)
black 60.7487 73.64223 19.97246 (-0.1430739,5,0.7) (-0.1430739,0.08482364,0.7)
black 65.25095 73.69778 14.10813 (0.3883633,5,0.7) (0.3883633,0.07714942,0.7)
black 64.74821 74.34222 15.71866 (-0.4367763,5,0.7) (-0.4367763,0.08210278,0.7)
black 61.74274 74.48667 19.7791 (0.9528911,5,0.7) (0.9528911,0.08351882,0.7)
red 65.74828 74.83112 15.01144 (-0.7714264,5,0.7) (-0.7714264,0.08127314,0.7)
red 64.74821 75.24223 16.93035 (-0.7561808,5,0.7) (-0.7561808,0.08297348,0.7)
black 66.24755 75.69778 18.43501 (0.3756776,5,0.7) (0.3756776,1.017204,0.7)
0
