red 85.92019 91.23111 13.79021 (0.1244065,5,0.7) (0.1244065,1.837702,0.7)
red 86.42027 92.70889 15.86429 (0.7050302,5,0.7) (0.7050302,1.823116,0.7)
red 87.92507 93.15334 13.11105 (0.3348577,5,0.7) (0.3348577,1.696379,0.7)
red 87.42554 93.52 16.05595 (0.3192246,5,0.7) (0.3192246,1.963599,0.7)
black 86.92961 93.66444 11.58767 (0.1343185,5,0.7) (0.1343185,0.0808387,0.7)
black 85.92019 93.90889 13.44428 (0.8437216,5,0.7) (0.8437216,0.08071884,0.7)
red 86.92961 94.16444 16.09464 (-0.2246436,5,0.7) (-0.2246436,1.399536,0.7)
black 88.4263 94.19778 13.2798 (-0.1789078,5,0.7) (-0.1789078,1.402071,0.7)
black 86.42027 94.42 13.4538 (0.9092753,5,0.7) (0.9092753,0.07787932,0.7)
blue 87.92507 94.57555 11.44472 (0.5114512,5,0.7) (0.5114512,0.07761674,0.7)
blue 87.42554 94.98667 12.82202 (0.5948424,5,0.7) (0.5948424,0.07946396,0.7)
blue 85.92019 95.20889 15.28852 (-0.4577168,5,0.7) (-0.4577168,0.08109,0.7)
blue 86.42027 95.29778 14.70858 (0.8203423,5,0.7) (0.8203423,0.07831341,0.7)
black 87.42554 95.49778 13.56694 (0.4303665,5,0.7) (0.4303665,0.07804275,0.7)
red 88.4263 95.96445 16.93533 (0.2040311,5,0.7) (0.2040311,1.474647,0.7)
blue 86.92961 96.28667 15.39836 (-0.9445181,5,0.7) (-0.9445181,0.08210158,0.7)
red 88.92573 96.48667 16.93455 (0.5315757,5,0.7) (0.5315757,1.464005,0.7)
red 89.92652 96.88667 14.46639 (0.9485633,5,0.7) (0.9485633,1.068114,0.7)
black 90.42505 96.93111 11.22567 (0.3239686,5,0.7) (0.3239686,0.07938197,0.7)
red 90.92372 97.20889 14.70768 (0.6180403,5,0.7) (0.6180403,1.522535,0.7)
blue 89.42732 97.43111 13.47177 (0.4609713,5,0.7) (0.4609713,0.07870748,0.7)
red 91.42613 97.44222 14.86373 (0.5267141,5,0.7) (0.5267141,1.712753,0.7)
blue 90.92372 97.63111 11.52305 (0.197199,5,0.7) (0.197199,0.07427934,0.7)
red 89.42732 97.69778 13.85581 (0.8328848,5,0.7) (0.8328848,0.07811674,0.7)
black 89.92652 97.84222 13.34041 (0.5677209,5,0.7) (0.5677209,0.0778712,0.7)
blue 88.92573 98.05334 15.07613 (-0.7724481,5,0.7) (-0.7724481,0.08242053,0.7)
red 92.92048 98.14223 13.14822 (0.9645441,5,0.7) (0.9645441,1.714271,0.7)
blue 88.4263 98.17556 15.93197 (-0.9842434,5,0.7) (-0.9842434,0.08260524,0.7)
black 87.92507 98.26445 16.72573 (0.5599055,5,0.7) (0.5599055,0.08357099,0.7)
red 90.42505 98.27556 13.25262 (-0.8247037,5,0.7) (-0.8247037,0.08190227,0.7)
red 91.92437 98.92001 15.83234 (0.07995784,5,0.7) (0.07995784,1.452226,0.7)
red 93.43089 99.44222 14.74465 (-0.3450776,5,0.7) (-0.3450776,1.681224,0.7)
black 88.92573 99.57555 17.13982 (0.3536367,5,0.7) (0.3536367,0.08459759,0.7)
black 91.92437 99.62 13.01993 (-0.8622849,5,0.7) (-0.8622849,0.07999485,0.7)
blue 92.4212 100.1867 13.1171 (0.2455167,5,0.7) (0.2455167,0.07963593,0.7)
red 94.92795 100.4089 13.29778 (0.6964447,5,0.7) (0.6964447,1.589362,0.7)
black 89.42732 100.4533 17.62597 (-0.7928998,5,0.7) (-0.7928998,0.08229307,0.7)
red 92.4212 100.5422 13.62767 (-0.7384653,5,0.7) (-0.7384653,0.07651842,0.7)
blue 91.92437 100.72 14.60429 (0.70665,5,0.7) (0.70665,0.08033538,0.7)
blue 90.42505 100.9422 16.95998 (-0.6143105,5,0.7) (-0.6143105,0.08310342,0.7)
black 90.92372 101.0422 16.43078 (0.7415233,5,0.7) (0.7415233,0.08412685,0.7)
red 93.92749 101.2311 15.64492 (-0.5458395,5,0.7) (-0.5458395,1.23995,0.7)
red 94.42855 101.3867 15.81542 (-0.7719932,5,0.7) (-0.7719932,1.46474,0.7)
blue 92.92048 101.42 14.17857 (0.07046378,5,0.7) (0.07046378,0.08006635,0.7)
blue 89.92652 101.8867 18.81936 (0.2209548,5,0.7) (0.2209548,0.08379072,0.7)
black 91.42613 102.0311 17.07394 (0.6768045,5,0.7) (0.6768045,0.08198472,0.7)
blue 94.42855 102.2089 13.14965 (0.5264535,5,0.7) (0.5264535,0.07960618,0.7)
red 95.42813 102.3089 16.41068 (0.1455287,5,0.7) (0.1455287,1.657206,0.7)
black 93.43089 102.32 14.74945 (0.6924481,5,0.7) (0.6924481,0.08213705,0.7)
black 92.4212 102.42 16.25474 (-0.8343887,5,0.7) (-0.8343887,0.07978383,0.7)
black 94.42855 103.02 14.3196 (-0.4271735,5,0.7) (-0.4271735,0.0795721,0.7)
blue 91.42613 103.0311 18.36949 (0.5314493,5,0.7) (0.5314493,0.08329108,0.7)
black 94.92795 103.0311 13.61577 (-0.249529,5,0.7) (-0.249529,0.07828144,0.7)
blue 93.43089 103.8644 16.84964 (-0.01365316,5,0.7) (-0.01365316,0.0804177,0.7)
blue 93.92749 104.1533 16.5668 (0.7812448,5,0.7) (0.7812448,0.07961372,0.7)
blue 95.42813 104.4978 14.99245 (0.1730028,5,0.7) (0.1730028,0.07995982,0.7)
blue 94.92795 104.7645 16.05234 (0.6541419,5,0.7) (0.6541419,0.08254296,0.7)
black 93.92749 105.0533 17.75736 (-0.4951438,5,0.7) (-0.4951438,0.08302113,0.7)
black 92.92048 105.3756 19.42942 (-0.01321661,5,0.7) (-0.01321661,0.08483982,0.7)
black 95.42813 105.62 16.53503 (-0.3788389,5,0.7) (-0.3788389,0.08419812,0.7)
0
