compute 119.678843222139(0.247118085622787,1.16891705989838,0.0697722062468529) (0,0,0) (315.2104,165.6429,231.7387) (0.06658006,1.246169,-0.03799584) (321.9024,352.4707,353.0831)
compute 0.38490739062905(0.243522733449936,1.16915917396545,0.0711250528693199) (0.2471181,1.168917,0.06977221) (315.9739,164.6261,231.504) (0.06538822,1.244959,-0.04082329) (321.1778,352.4391,352.8413)
compute 0.0467458987301424(0.243794038891792,1.16927993297577,0.0707640424370766) (0.2435227,1.169159,0.07112505) (316.8915,163.4781,231.5695) (0.06402954,1.242609,-0.0444847) (320.5113,352.0952,352.7594)
compute 0.437714895867698(0.243685364723206,1.16939437389374,0.0663897395133972) (0.243794,1.16928,0.07076404) (317.9463,163.25,231.3732) (0.06160382,1.240455,-0.04623611) (320.5594,351.8564,353.0556)
compute 0.992633032438748(0.242392241954803,1.16970157623291,0.0565527938306332) (0.2436854,1.169394,0.06638974) (320.241,164.5945,230.4139) (0.05866634,1.239193,-0.04583434) (321.4733,350.7515,353.3948)
compute 0.468654978394928(0.237935706973076,1.16880261898041,0.0554148480296135) (0.2423922,1.169702,0.05655279) (324.011,166.8272,229.4589) (0.05548737,1.239722,-0.04289531) (322.3094,350.0157,353.8674)
compute 0.293233059922283(0.235096424818039,1.16808891296387,0.0552485249936581) (0.2379357,1.168803,0.05541485) (326.5832,167.6709,229.4276) (0.05289395,1.239048,-0.03955998) (323.6533,349.6961,354.2466)
compute 0.213604554808379(0.233151569962502,1.16729593276978,0.0556376427412033) (0.2350964,1.168089,0.05524852) (328.5897,168.0392,229.2497) (0.05172362,1.237346,-0.03686312) (325.2701,349.1056,354.716)
compute 0.353643314767215(0.230244636535645,1.16568195819855,0.0568422935903072) (0.2331516,1.167296,0.05563764) (332.287,170.6151,227.9399) (0.05183314,1.236871,-0.03527854) (325.5287,348.6964,354.6002)
compute 0.35470794870412(0.227584734559059,1.16355812549591,0.0578403063118458) (0.2302446,1.165682,0.05684229) (336.4683,173.858,227.5836) (0.05211155,1.237007,-0.03591374) (325.4689,349.553,353.8387)
compute 0.0769088547874084(0.226904511451721,1.16319930553436,0.0578338280320168) (0.2275847,1.163558,0.05784031) (336.4561,174.0841,226.7319) (0.05411382,1.237785,-0.03569705) (326.3854,350.8897,353.1732)
compute 0.290717768319442(0.22824302315712,1.16368389129639,0.0552990213036537) (0.2269045,1.163199,0.05783383) (335.3463,173.4007,226.6441) (0.05472106,1.237707,-0.03511171) (326.8707,351.3286,352.7499)
compute 0.235674040059362(0.2299794703722,1.16491162776947,0.0542833246290684) (0.228243,1.163684,0.05529902) (333.3116,171.4567,227.5021) (0.05720863,1.237012,-0.03490217) (326.8737,351.1894,352.6465)
compute 0.134400837596632(0.230865061283112,1.16590654850006,0.0541038252413273) (0.2299795,1.164912,0.05428332) (331.9243,170.1067,228.6953) (0.0586323,1.23603,-0.03426598) (326.2555,350.9504,352.6444)
compute 0.144083815564411(0.231833875179291,1.16697251796722,0.0541373416781425) (0.2308651,1.165907,0.05410383) (330.4241,168.3515,229.7828) (0.05969777,1.236006,-0.03480023) (326.0402,350.5799,352.4546)
compute 0.0830098945233381(0.232099398970604,1.16772592067719,0.0543630532920361) (0.2318339,1.166973,0.05413734) (329.3761,167.5289,230.6718) (0.06031679,1.236555,-0.03510436) (326.5111,350.0479,352.6206)
compute 0.0958739998419159(0.231694251298904,1.16815888881683,0.0551164299249649) (0.2320994,1.167726,0.05436305) (328.9328,166.7852,231.1059) (0.06102867,1.23578,-0.03554208) (327.2418,349.1798,352.6572)
compute 0.310269605762295(0.229562416672707,1.16807234287262,0.0573690980672836) (0.2316943,1.168159,0.05511643) (329.7899,166.063,231.7303) (0.06007538,1.233812,-0.03521531) (328.3616,348.5112,352.7561)
compute 0.202450353402422(0.22808301448822,1.16762447357178,0.0586765371263027) (0.2295624,1.168072,0.0573691) (331.0441,166.0009,232.0416) (0.05789515,1.233124,-0.03220081) (329.2135,348.3365,352.8128)
compute 0.106559528014795(0.227322369813919,1.16734564304352,0.0593687556684017) (0.228083,1.167624,0.05867654) (331.2943,165.7269,231.3882) (0.0566267,1.232889,-0.03123637) (329.9395,348.1197,352.8608)
compute 0.0954117717266664(0.226657330989838,1.16730272769928,0.0600515604019165) (0.2273224,1.167346,0.05936876) (331.3695,165.5896,231.0888) (0.05680991,1.232945,-0.03120324) (329.8736,347.8622,353.0725)
compute 0.077897518663089(0.226159125566483,1.16719996929169,0.0606415048241615) (0.2266573,1.167303,0.06005156) (331.4795,165.1261,230.6992) (0.05651613,1.233269,-0.03136909) (330.0536,347.8028,353.3704)
compute 0.139783499393645(0.224784731864929,1.16695988178253,0.0607271939516068) (0.2261591,1.1672,0.0606415) (332.1341,165.0854,229.8509) (0.05427516,1.233794,-0.03154863) (330.4762,347.5901,353.589)
compute 0.239936911341374(0.222656965255737,1.16588699817657,0.0604470111429691) (0.2247847,1.16696,0.06072719) (335.2262,166.8093,228.9069) (0.05313365,1.23392,-0.03070604) (331.4199,347.2722,353.8643)
compute 8.05380094504738(0.254148840904236,1.16334056854248,-0.0136350281536579) (0.222657,1.165887,0.06044701) (337.171,167.12,229.866) (0.05278569,1.232824,-0.02971724) (332.2517,347.1557,353.8872)
compute 2.06595971212902(0.260523468255997,1.18217623233795,-0.0080313803628087) (0.2541488,1.163341,-0.01363503) (335.3896,163.5663,231.7468) (0.05347898,1.232242,-0.03005435) (332.2026,348.6403,353.5249)
compute 2.76164845692556(0.271106004714966,1.20318198204041,0.00644061388447881) (0.2605235,1.182176,-0.00803138) (332.3913,158.6416,234.19) (0.05400073,1.232267,-0.02989687) (332.1481,348.3656,353.775)
compute 2.19760306108215(0.283288985490799,1.2137531042099,0.0213661715388298) (0.271106,1.203182,0.006440614) (330.6304,155.0351,237.2301) (0.05455417,1.232573,-0.03014471) (332.2993,348.142,353.9724)
compute 1.73432061118369(0.297226697206497,1.21571218967438,0.0314997285604477) (0.283289,1.213753,0.02136617) (329.403,152.1409,239.618) (0.05466713,1.232475,-0.03064497) (332.212,348.29,353.8721)
compute 0.918255740128095(0.305727034807205,1.21608126163483,0.0349533371627331) (0.2972267,1.215712,0.03149973) (329.2102,151.8795,240.6989) (0.05595646,1.231945,-0.03111741) (331.7443,348.7923,353.7938)
compute 0.523316101690651(0.310938984155655,1.21643137931824,0.0352679416537285) (0.305727,1.216081,0.03495334) (329.3137,152.2209,241.0783) (0.05944043,1.231318,-0.03191096) (330.9089,349.5751,353.4327)
compute 0.274175191953661(0.313639938831329,1.21682178974152,0.0350040718913078) (0.310939,1.216431,0.03526794) (329.8893,153.2171,240.9006) (0.06266679,1.232669,-0.03435826) (329.3997,350.4148,353.0148)
compute 0.186236592193497(0.313642621040344,1.21668016910553,0.0331471003592014) (0.3136399,1.216822,0.03500407) (330.6701,154.7246,240.2716) (0.06350388,1.232599,-0.03584593) (328.7836,350.5915,353.0395)
compute 0.103264190767781(0.313681989908218,1.21667897701263,0.0321152098476887) (0.3136426,1.21668,0.0331471) (330.8195,154.996,240.0368) (0.06401769,1.232781,-0.03582665) (328.8353,350.5543,353.1902)
compute 0.0440158159718291(0.313435703516006,1.21677982807159,0.0317646227777004) (0.313682,1.216679,0.03211521) (330.9643,155.4159,239.7672) (0.0639278,1.232551,-0.03432016) (329.4717,350.6074,353.2191)
compute 0.2208401756565(0.312849909067154,1.21873331069946,0.0309173986315727) (0.3134357,1.21678,0.03176462) (331.1879,156.025,239.5011) (0.06248073,1.23202,-0.03189776) (329.8618,350.9397,353.307)
compute 0.467841781485433(0.312368392944336,1.2228444814682,0.0287370290607214) (0.3128499,1.218733,0.0309174) (331.3874,156.5027,239.3398) (0.06121108,1.232027,-0.03032471) (330.0825,351.081,353.3362)
compute 0.431990900602201(0.311543732881546,1.22688281536102,0.0274434257298708) (0.3123684,1.222844,0.02873703) (331.5782,157.0557,239.3802) (0.06081717,1.231899,-0.03042282) (330.0051,351.3946,353.2739)
compute 0.536419813401517(0.310279786586761,1.23129069805145,0.0246599689126015) (0.3115437,1.226883,0.02744343) (331.6842,157.6633,239.306) (0.06047174,1.231702,-0.03152969) (329.8145,351.6833,353.2939)
compute 0.516168496309389(0.309269100427628,1.23392987251282,0.0203406792134047) (0.3102798,1.231291,0.02465997) (332.0832,158.3828,238.902) (0.06011643,1.231556,-0.03495809) (329.4905,351.5828,353.5304)
compute 0.498290323724333(0.307985037565231,1.23437261581421,0.015546465292573) (0.3092691,1.23393,0.02034068) (332.7843,159.3931,238.394) (0.05829131,1.231317,-0.03679815) (329.7197,351.4938,353.6855)
compute 0.454901102670358(0.306496441364288,1.23363900184631,0.0113109732046723) (0.307985,1.234373,0.01554647) (333.3721,159.9488,238.0631) (0.05670073,1.230781,-0.03788969) (330.2936,352.0702,353.6204)
compute 0.308920191307107(0.304665833711624,1.23287796974182,0.0089418226853013) (0.3064964,1.233639,0.01131097) (333.5099,160.1576,237.9828) (0.05406842,1.229666,-0.03871203) (331.285,352.0786,353.6026)
compute 0.523606466526876(0.302802741527557,1.22953617572784,0.00536723528057337) (0.3046658,1.232878,0.008941823) (333.5662,160.652,238.2363) (0.05100729,1.229079,-0.0382524) (332.1217,351.9915,353.7642)
compute 0.482156544441443(0.302433580160141,1.22864282131195,0.000643557403236628) (0.3028027,1.229536,0.005367235) (333.5822,160.6735,238.5761) (0.04939584,1.229391,-0.03816573) (332.4446,352.1731,353.6591)
compute 0.397459506189068(0.301476210355759,1.22890782356262,-0.0032048998400569) (0.3024336,1.228643,0.0006435574) (333.6897,160.9903,239.0852) (0.04810315,1.229102,-0.03867131) (332.6553,352.6597,353.5181)
compute 0.326299561456556(0.300391614437103,1.22933256626129,-0.00625291327014565) (0.3014762,1.228908,-0.0032049) (333.6773,161.0536,239.0997) (0.04667585,1.229115,-0.03910538) (332.7543,353.2097,353.4033)
compute 0.452496679132058(0.298906832933426,1.229367852211,-0.0105271972715855) (0.3003916,1.229333,-0.006252913) (333.8225,161.4972,238.7651) (0.04205183,1.229082,-0.03919312) (332.8179,353.2494,353.3802)
compute 0.44098947442837(0.295011699199677,1.22876441478729,-0.0125048141926527) (0.2989068,1.229368,-0.0105272) (334.1067,161.8043,238.3606) (0.03923406,1.228819,-0.03971262) (332.6034,353.2514,353.4717)
compute 0.456907159629408(0.290451735258102,1.22851610183716,-0.0123582324013114) (0.2950117,1.228764,-0.01250481) (334.1275,161.9693,238.2286) (0.03829604,1.230685,-0.0438592) (331.0802,352.8453,353.4713)
compute 0.360228790004143(0.286895513534546,1.22882390022278,-0.0118734380230308) (0.2904517,1.228516,-0.01235823) (334.0799,161.8678,238.0695) (0.03624168,1.231204,-0.04830681) (330.2668,351.7715,353.9337)
compute 0.394220188379409(0.284239143133163,1.22917175292969,-0.00898144021630287) (0.2868955,1.228824,-0.01187344) (333.9397,161.1505,237.8752) (0.03379656,1.231326,-0.05013455) (330.0937,350.757,354.4445)
compute 0.299634403740268(0.281704217195511,1.22877109050751,-0.00743492878973484) (0.2842391,1.229172,-0.00898144) (333.9601,160.3135,237.3622) (0.03212328,1.230596,-0.05008465) (329.6492,350.2553,354.377)
compute 0.451573553390997(0.277605563402176,1.22841572761536,-0.00557304220274091) (0.2817042,1.228771,-0.007434929) (334.3816,160.2657,236.881) (0.02895923,1.230095,-0.04984317) (329.1729,349.3631,354.517)
compute 0.734026699385979(0.271929264068604,1.22790217399597,-0.000947524618823081) (0.2776056,1.228416,-0.005573042) (334.8815,160.241,236.6538) (0.02406683,1.230092,-0.05059915) (329.2981,348.6337,354.5289)
compute 0.906462081437539(0.263621598482132,1.22738611698151,0.0026418671477586) (0.2719293,1.227902,-0.0009475246) (335.8079,159.1025,237.0986) (0.01919238,1.229727,-0.05037766) (329.4702,348.5724,353.5671)
compute 1.32644838721478(0.251413583755493,1.23088610172272,0.0064708380959928) (0.2636216,1.227386,0.002641867) (337.735,157.7508,237.4822) (0.009950943,1.22818,-0.0499434) (329.2279,348.8973,352.2501)
compute 2.76806005802712(0.234239012002945,1.25083303451538,0.0150364451110363) (0.2514136,1.230886,0.006470838) (341.1322,156.4174,237.7815) (0.002117492,1.226733,-0.04135133) (329.236,348.8238,352.3823)
compute 5.26066280182707(0.206931918859482,1.29074025154114,0.0357534475624561) (0.234239,1.250833,0.01503645) (345.8174,153.8454,237.3452) (-0.00689714,1.228738,-0.02219526) (329.3279,347.5078,352.896)
compute 8.0907310168555(0.163844972848892,1.34510731697083,0.0773915350437164) (0.2069319,1.29074,0.03575345) (348.6475,152.7588,238.1795) (-0.01046696,1.225849,0.009099186) (328.8466,344.2616,353.7878)
compute 8.94187939666948(0.121834844350815,1.39774966239929,0.136210352182388) (0.163845,1.345107,0.07739154) (347.344,151.4436,240.533) (-0.01119145,1.232846,0.04076845) (329.1818,341.2149,353.9862)
compute 20.5394189441148(0.0148492222651839,1.47377192974091,0.294202327728271) (0.1218348,1.39775,0.1362104) (328.9849,155.5684,246.4447) (-0.01658278,1.240862,0.06825338) (329.7514,338.1344,354.6695)
compute 42.0525842118272(-0.211943134665489,1.33777272701263,0.621175467967987) (0.01484922,1.473772,0.2942023) (332.671,302.6411,111.4115) (-0.01769316,1.241142,0.08549482) (332.8235,337.2959,354.8299)
compute 25.4134467948661(-0.221262887120247,1.10154402256012,0.714414238929749) (-0.2119431,1.337773,0.6211755) (4.008044,311.0219,117.2782) (-0.01640724,1.227347,0.08918603) (336.8885,337.7801,354.7363)
compute 16.924788849864(-0.199142009019852,0.937456011772156,0.679333746433258) (-0.2212629,1.101544,0.7144142) (8.535017,302.6332,94.39464) (-0.004634522,1.22502,0.08659562) (337.8481,338.2632,354.5133)
compute 15.7157939867421(-0.166442334651947,0.786004781723022,0.653030216693878) (-0.199142,0.937456,0.6793337) (18.1672,298.4682,92.04873) (0.00656357,1.223988,0.06846739) (339.7841,338.2176,354.1595)
compute 9.66569493317232(-0.141364544630051,0.709376573562622,0.599721789360046) (-0.1664423,0.7860048,0.6530302) (12.36607,292.8502,79.12117) (0.01933164,1.218237,0.04187753) (340.9196,338.5078,353.223)
compute 7.79060203888276(-0.109315268695354,0.705267667770386,0.528832376003265) (-0.1413645,0.7093766,0.5997218) (359.2438,291.8767,73.47505) (0.02878483,1.214975,0.007213504) (342.2625,340.5177,352.1871)
compute 9.01909615363224(-0.0721833035349846,0.746303558349609,0.457616627216339) (-0.1093153,0.7052677,0.5288324) (347.1953,293.9435,71.96693) (0.0339052,1.211392,-0.02698339) (342.4657,343.692,351.0969)
compute 10.3509896754814(-0.0257689878344536,0.813976347446442,0.394526183605194) (-0.0721833,0.7463036,0.4576166) (335.6856,298.7138,70.44331) (0.03293186,1.209825,-0.04967192) (342.5396,346.5902,351.321)
compute 8.72955002534797(0.015834741294384,0.876402497291565,0.349887520074844) (-0.02576899,0.8139763,0.3945262) (324.1752,300.6336,70.53294) (0.03147174,1.210608,-0.06378384) (342.0155,347.6009,351.6175)
compute 8.52304178696572(0.0625137835741043,0.941569209098816,0.320929080247879) (0.01583474,0.8764025,0.3498875) (311.3358,302.5589,72.76202) (0.03487835,1.21387,-0.07200562) (341.4554,347.7776,352.0344)
compute 9.14999020131308(0.110449999570847,1.01376509666443,0.291567444801331) (0.06251378,0.9415692,0.3209291) (297.1632,301.1279,80.14102) (0.04153412,1.217922,-0.07727648) (340.0786,347.0526,352.3039)
compute 8.79078570147158(0.164031326770782,1.07584476470947,0.259898096323013) (0.11045,1.013765,0.2915674) (282.9897,283.5065,103.866) (0.04918499,1.219803,-0.07805844) (338.9235,345.9985,353.3854)
compute 8.60682882828104(0.214157521724701,1.12900078296661,0.214405760169029) (0.1640313,1.075845,0.2598981) (280.5233,197.3957,195.6427) (0.05737542,1.223161,-0.07633843) (337.4813,345.9246,353.6208)
compute 8.00464398510892(0.263836830854416,1.16974186897278,0.166660994291306) (0.2141575,1.129001,0.2144058) (291.7469,160.8661,235.9255) (0.06233103,1.224936,-0.07054609) (336.633,346.6788,353.9598)
compute 6.5551856287696(0.298154205083847,1.19352161884308,0.116124995052814) (0.2638368,1.169742,0.166661) (304.4684,158.3984,241.1382) (0.0662739,1.224646,-0.06650884) (335.9639,346.8535,354.5808)
compute 6.26732271451052(0.328729242086411,1.20873892307281,0.0635746940970421) (0.2981542,1.193522,0.116125) (316.823,155.6924,244.1252) (0.07132635,1.225184,-0.06433403) (335.2222,347.4672,354.4064)
compute 4.42435522219291(0.346061557531357,1.21550858020782,0.0234342589974403) (0.3287292,1.208739,0.06357469) (326.1549,158.1681,244.9836) (0.08129982,1.231391,-0.0658889) (331.486,351.8937,353.3815)
compute 3.53052087646534(0.349549293518066,1.22479355335236,-0.0104491133242846) (0.3460616,1.215509,0.02343426) (333.2761,163.9788,244.5524) (0.09399226,1.231503,-0.06917721) (329.691,359.5894,350.3511)
compute 3.28466846220951(0.350113600492477,1.24760210514069,-0.0340786762535572) (0.3495493,1.224794,-0.01044911) (338.608,168.9002,244.5462) (0.1069405,1.228747,-0.06595366) (327.8833,10.52239,345.3535)
compute 3.08926031775068(0.345736294984818,1.27682673931122,-0.0430849455296993) (0.3501136,1.247602,-0.03407868) (345.2583,174.4241,244.4478) (0.1127401,1.222884,-0.04730073) (329.2249,9.29415,347.5243)
compute 6.87612190405896(0.332726746797562,1.32019746303558,0.00866287853568792) (0.3457363,1.276827,-0.04308495) (351.7429,172.1547,245.9387) (0.1288853,1.212832,-0.01603243) (329.3828,6.053247,348.0274)
compute 18.1753838396726(0.331067621707916,1.40415382385254,0.169855415821075) (0.3327267,1.320197,0.008662879) (341.3213,169.1998,253.8783) (0.145614,1.224985,0.0191501) (328.0026,4.882202,349.1062)
compute 43.6086442238597(0.281995207071304,1.38690304756165,0.602828502655029) (0.3310676,1.404154,0.1698554) (304.5051,352.3149,70.8762) (0.1630989,1.23002,0.04514742) (329.1705,4.980036,347.3122)
compute 31.7705437597874(0.230107367038727,1.08816266059875,0.697689354419708) (0.2819952,1.386903,0.6028285) (2.765286,337.0635,110.0932) (0.1663911,1.233888,0.05473879) (331.8655,4.69489,348.1206)
compute 10.8946487120976(0.186252996325493,0.993711888790131,0.665670871734619) (0.2301074,1.088163,0.6976894) (353.7072,320.7511,90.77562) (0.1688273,1.228341,0.04722641) (330.545,6.767231,346.8846)
compute 5.78124559654171(0.184130266308784,0.978837609291077,0.609844982624054) (0.186253,0.9937119,0.6656709) (335.8792,311.7523,86.95015) (0.1574152,1.226369,0.0007282877) (325.2614,9.835328,346.6797)
compute 17.2758263243905(0.214099153876305,1.0796023607254,0.472754687070847) (0.1841303,0.9788376,0.609845) (311.0487,297.8198,97.98023) (0.1407318,1.22685,-0.0413491) (320.8301,9.320575,346.5319)
compute 25.0364510953394(0.259044826030731,1.22931122779846,0.277179807424545) (0.2140992,1.079602,0.4727547) (295.0876,227.945,179.4346) (0.11153,1.224414,-0.05916) (319.6559,5.702094,348.7261)
compute 19.1691523770466(0.281349331140518,1.32295417785645,0.111411452293396) (0.2590448,1.229311,0.2771798) (319.4761,177.6926,233.7191) (0.09128879,1.225919,-0.05790311) (320.0457,2.246637,350.8266)
compute 9.03937450567733(0.262655466794968,1.38705384731293,0.0504786893725395) (0.2813493,1.322954,0.1114115) (344.4895,171.5276,238.7529) (0.08550527,1.238935,-0.03349378) (319.1577,359.6754,351.6265)
compute 8.11664878210401(0.22240623831749,1.45376896858215,0.0732183307409287) (0.2626555,1.387054,0.05047869) (351.0194,169.1216,243.4656) (0.08658091,1.245351,0.007410103) (319.6196,355.4896,353.6261)
compute 15.2612922918317(0.168284773826599,1.51500523090363,0.202104687690735) (0.2224062,1.453769,0.07321833) (345.4477,167.5522,245.2905) (0.08913952,1.250124,0.03194188) (319.8949,350.268,356.0796)
compute 42.7955511641651(0.030735157430172,1.47432363033295,0.605305671691895) (0.1682848,1.515005,0.2021047) (314.4695,323.2666,102.5143) (0.09249017,1.252191,0.04207079) (322.9401,349.705,355.7828)
compute 28.1062509827058(-0.00113434845115989,1.20362377166748,0.673877239227295) (0.03073516,1.474324,0.6053057) (345.1267,313.6073,115.3438) (0.09415789,1.23974,0.0324056) (324.6253,354.5927,354.4134)
compute 15.599695583624(0.0221433509141207,1.05423164367676,0.635469019412994) (-0.001134348,1.203624,0.6738772) (344.8094,305.4487,97.36395) (0.1055579,1.234999,0.008592621) (327.1009,9.183074,350.2498)
compute 13.1083600434191(0.113106898963451,1.05956470966339,0.541234731674194) (0.02214335,1.054232,0.635469) (323.206,303.9047,91.83958) (0.1182493,1.225603,-0.01191529) (328.4341,23.32127,345.6322)
compute 26.6747804367992(0.264584928750992,1.18781805038452,0.363021701574326) (0.1131069,1.059565,0.5412347) (281.6272,282.8376,126.728) (0.1349707,1.223524,-0.01991305) (327.1025,27.88085,345.1612)
compute 24.6957930627747(0.353206902742386,1.29789710044861,0.160495236515999) (0.2645849,1.187818,0.3630217) (306.3023,184.9703,239.0966) (0.1563495,1.220879,-0.01964379) (325.9093,26.79035,344.921)
compute 10.5692465672434(0.367176800966263,1.34182822704315,0.0653858482837677) (0.3532069,1.297897,0.1604952) (340.2226,185.8369,248.2929) (0.1768485,1.217801,-0.001144982) (324.2663,24.93508,345.4485)
compute 13.7627650586059(0.397407680749893,1.41219413280487,0.179736644029617) (0.3671768,1.341828,0.06538585) (349.5934,181.2234,257.7263) (0.196518,1.225846,0.02187478) (323.3763,21.25743,346.4135)
compute 42.7729021049257(0.39025017619133,1.3843549489975,0.606498718261719) (0.3974077,1.412194,0.1797366) (312.9679,355.8346,71.75222) (0.2083191,1.234658,0.03692608) (324.9759,21.11014,347.1128)
compute 21.2336822921199(0.345909059047699,1.19834840297699,0.69881534576416) (0.3902502,1.384355,0.6064987) (330.6398,342.8468,89.73637) (0.2094506,1.231327,0.04309491) (327.2082,19.89387,348.1627)
compute 10.0731622298431(0.311432003974915,1.11602115631104,0.652120411396027) (0.3459091,1.198348,0.6988153) (331.7976,328.0501,82.87827) (0.1975236,1.228605,0.03099049) (323.0048,21.19371,348.0201)
compute 14.9517806458764(0.318421840667725,1.20024871826172,0.528781712055206) (0.311432,1.116021,0.6521204) (298.9081,311.3984,98.97859) (0.1934807,1.231321,0.0238907) (320.5307,19.83636,347.6569)
compute 26.918710921967(0.35879111289978,1.33870029449463,0.30148634314537) (0.3184218,1.200249,0.5287817) (298.334,187.4766,220.979) (0.1961705,1.232593,0.02611387) (319.3126,18.0785,348.315)
compute 17.2787107542625(0.380343377590179,1.37888264656067,0.134824216365814) (0.3587911,1.3387,0.3014863) (342.0255,181.9459,240.0861) (0.2021727,1.239575,0.03796849) (318.6122,14.41796,349.9583)
compute 11.2851410924052(0.422050207853317,1.46717870235443,0.191390886902809) (0.3803434,1.378883,0.1348242) (351.2483,171.5421,258.2695) (0.2143082,1.243854,0.03993145) (318.6969,11.05693,352.1514)
compute 38.3311174699251(0.416681945323944,1.4532527923584,0.574411392211914) (0.4220502,1.467179,0.1913909) (311.7624,10.4894,56.68552) (0.222039,1.241275,0.03029098) (316.9181,8.645756,352.9299)
compute 11.3977412534635(0.34011971950531,1.36945950984955,0.584792256355286) (0.4166819,1.453253,0.5744114) (305.2262,333.8064,77.79341) (0.2204344,1.235833,0.03028085) (318.6069,4.828472,353.0067)
compute 10.8008088369759(0.342397540807724,1.40175771713257,0.481751561164856) (0.3401197,1.36946,0.5847923) (282.9187,261.6881,151.5537) (0.2159366,1.236981,0.02845097) (316.9807,0.04960388,354.4691)
compute 19.6748780577733(0.368041604757309,1.45598721504211,0.294370591640472) (0.3423975,1.401758,0.4817516) (315.2625,173.8303,233.9996) (0.2156275,1.24043,0.03260181) (316.6347,355.6759,354.2815)
compute 10.2705741300783(0.364084869623184,1.47042691707611,0.192761987447739) (0.3680416,1.455987,0.2943706) (344.3648,170.485,243.0415) (0.2139704,1.245238,0.03864876) (315.549,350.8494,356.0526)
compute 11.5944077403761(0.344521999359131,1.54174637794495,0.282058447599411) (0.3640849,1.470427,0.192762) (338.0342,164.9928,254.849) (0.2146684,1.242582,0.03844764) (316.9327,349.1303,356.1587)
compute 37.7286668873263(0.238386943936348,1.41775608062744,0.622215747833252) (0.344522,1.541746,0.2820584) (334.115,327.3469,105.4008) (0.203106,1.243571,0.02703314) (316.1199,342.1069,1.876513)
compute 11.6717335416281(0.205976575613022,1.31937086582184,0.676001012325287) (0.2383869,1.417756,0.6222157) (332.6208,321.4438,117.7283) (0.1892137,1.23801,0.02028918) (317.1933,332.6269,4.73174)
compute 4.6086293987724(0.172521442174912,1.31103444099426,0.645419895648956) (0.2059766,1.319371,0.676001) (322.1104,304.7943,108.5446) (0.1753661,1.235988,0.01315232) (319.062,326.2616,7.186001)
compute 12.9455104050893(0.144715577363968,1.37885761260986,0.538717150688171) (0.1725214,1.311034,0.6454199) (295.9791,272.9744,131.1566) (0.160263,1.235405,0.006976605) (321.6979,323.668,7.963159)
compute 15.967714121222(0.146748423576355,1.43451631069183,0.389068335294724) (0.1447156,1.378858,0.5387172) (298.872,185.3415,213.4406) (0.1446022,1.232972,0.001215317) (321.8547,325.4368,3.255624)
compute 11.0597890906261(0.141179293394089,1.45049250125885,0.279772222042084) (0.1467484,1.434516,0.3890683) (321.7147,165.6089,231.6921) (0.1199304,1.236136,-0.0009980863) (320.4134,327.4658,1.346241)
compute 5.94024237799096(0.110348887741566,1.47294580936432,0.234231218695641) (0.1411793,1.450493,0.2797722) (335.3362,154.2551,238.4069) (0.09742536,1.251464,0.01794713) (320.5828,324.2937,2.61565)
compute 14.4862592043074(-0.000721869757398963,1.51104581356049,0.319065451622009) (0.1103489,1.472946,0.2342312) (328.1796,155.7554,241.5008) (0.08662723,1.245727,0.04483674) (323.8248,321.4626,3.707648)
compute 41.1410433466579(-0.216652944684029,1.30967962741852,0.605568468570709) (-0.0007218698,1.511046,0.3190655) (349.3903,292.9844,134.2382) (0.08080383,1.240777,0.05887895) (327.0815,316.3076,4.942335)
compute 10.7571859686795(-0.228539079427719,1.21056985855103,0.64566433429718) (-0.2166529,1.30968,0.6055685) (335.7306,288.0869,103.2184) (0.07491076,1.235242,0.06657836) (325.5304,315.0558,4.350101)
compute 5.64261284084586(-0.205256387591362,1.19824516773224,0.595765173435211) (-0.2285391,1.21057,0.6456643) (331.6754,269.2868,121.2297) (0.07046551,1.238389,0.06948712) (323.179,313.3337,3.984495)
compute 19.2239356452902(-0.127216875553131,1.30943489074707,0.459740728139877) (-0.2052564,1.198245,0.5957652) (303.2389,222.5612,154.9968) (0.05725608,1.240006,0.07381795) (323.3687,312.0767,3.473153)
compute 15.04375126926(-0.0574508048593998,1.37741196155548,0.345096677541733) (-0.1272169,1.309435,0.4597407) (313.7454,166.3348,208.8018) (0.03858741,1.243102,0.08159011) (323.9376,310.5616,3.188525)
compute 8.31508121597519(-0.0330505147576332,1.4199206829071,0.277927547693253) (-0.0574508,1.377412,0.3450967) (331.1251,145.6511,226.4854) (0.01822691,1.248869,0.09292094) (323.9982,307.6786,3.634181)
compute 5.6375393480821(-0.0644209682941437,1.457404255867,0.249837309122086) (-0.03305051,1.419921,0.2779275) (337.1735,142.4453,231.1118) (0.003130808,1.249517,0.1036317) (324.6807,304.0211,4.181797)
compute 7.50661044545888(-0.133313044905663,1.48622751235962,0.257454514503479) (-0.06442097,1.457404,0.2498373) (341.8561,138.4862,234.7756) (-0.01423891,1.252262,0.1207311) (324.6648,299.4866,4.696502)
compute 29.7700257508636(-0.364407360553741,1.55358564853668,0.432622283697128) (-0.133313,1.486228,0.2574545) (282.0685,210.7453,170.715) (-0.02388636,1.251665,0.1373462) (325.5302,296.0218,3.369511)
compute 21.5653278285972(-0.456989228725433,1.39634644985199,0.547560393810272) (-0.3644074,1.553586,0.4326223) (317.7623,292.4777,90.12712) (-0.02324371,1.247202,0.1408823) (327.8882,296.4662,3.398013)
compute 13.2260512892228(-0.464740812778473,1.27993059158325,0.609850883483887) (-0.4569892,1.396346,0.5475604) (326.7904,293.5753,82.98152) (-0.00303521,1.23692,0.1509111) (329.8329,303.4212,0.5434104)
compute 6.43642844052884(-0.41850483417511,1.24750363826752,0.640729486942291) (-0.4647408,1.279931,0.6098509) (323.9629,288.2913,85.63569) (0.02425457,1.244649,0.1479159) (328.1227,311.5576,359.5785)
compute 11.3215289930936(-0.312903821468353,1.27978134155273,0.615743935108185) (-0.4185048,1.247504,0.6407295) (302.9653,274.5823,102.7887) (0.05215894,1.246423,0.1474058) (326.6099,316.6059,358.0233)
compute 20.9398471253463(-0.14270643889904,1.36424517631531,0.527730107307434) (-0.3129038,1.279781,0.6157439) (289.8846,174.6913,206.6431) (0.06615053,1.246469,0.1481725) (326.3631,316.0136,357.8087)
compute 15.2235803685738(-0.0296133123338223,1.42507600784302,0.445966452360153) (-0.1427064,1.364245,0.5277301) (315.8535,139.7089,243.4113) (0.06936115,1.247682,0.1609257) (326.7633,315.8889,357.1369)
compute 15.3914428029929(-0.130482837557793,1.49748849868774,0.536913812160492) (-0.02961331,1.425076,0.4459665) (304.5215,141.8261,249.2088) (0.06867421,1.249396,0.176406) (326.0827,313.9323,355.484)
compute 27.8658032082818(-0.345820754766464,1.35034501552582,0.635039627552032) (-0.1304828,1.497488,0.5369138) (340.0125,277.823,139.0056) (0.05803064,1.252728,0.1911627) (328.5009,310.8391,356.8799)
compute 7.1948563040421(-0.388279259204865,1.29325425624847,0.645740866661072) (-0.3458208,1.350345,0.6350396) (323.0939,274.4453,99.47143) (0.05111014,1.240665,0.2092182) (331.5808,311.0896,354.4224)
compute 10.2742210342356(-0.421806514263153,1.22425496578217,0.714085459709167) (-0.3882793,1.293254,0.6457409) (333.0262,281.3065,98.89211) (0.05010822,1.240778,0.2105322) (332.9356,310.5864,354.0407)
compute 4.9879993468692(-0.421831041574478,1.1777925491333,0.73223090171814) (-0.4218065,1.224255,0.7140855) (333.9113,281.4603,93.32471) (0.05151772,1.235193,0.2003212) (335.7566,310.9088,354.3343)
compute 5.39651029155382(-0.383843749761581,1.16248512268066,0.697090029716492) (-0.421831,1.177793,0.7322309) (329.5453,273.6657,92.71118) (0.05179428,1.217551,0.1816185) (342.0807,309.6572,355.2714)
compute 15.8904953668048(-0.276273787021637,1.22703492641449,0.599556386470795) (-0.3838437,1.162485,0.69709) (305.4308,256.4257,104.1489) (0.04872569,1.209543,0.1551812) (344.594,309.7429,354.5493)
compute 18.565849886013(-0.155785083770752,1.30908894538879,0.484583824872971) (-0.2762738,1.227035,0.5995564) (290.4164,206.2935,158.0096) (0.05106163,1.219862,0.1257588) (335.4252,310.4878,354.0824)
compute 13.7363742769687(-0.0685529634356499,1.35996627807617,0.391466408967972) (-0.1557851,1.309089,0.4845838) (301.1995,153.9201,212.2089) (0.04621159,1.219689,0.1062792) (334.7656,309.0475,354.2795)
compute 7.0897590873546(-0.0283196438103914,1.38222599029541,0.337501108646393) (-0.06855296,1.359966,0.3914664) (314.6044,137.8794,224.3539) (0.02859904,1.222987,0.1057968) (333.0431,307.8574,354.6602)
compute 2.64367764157627(-0.0248205158859491,1.39308702945709,0.313653737306595) (-0.02831964,1.382226,0.3375011) (325.1989,133.6186,230.3324) (-0.004350677,1.221559,0.1272152) (331.6887,307.9541,354.964)
compute 2.76197397421325(-0.0518405996263027,1.39869046211243,0.312484681606293) (-0.02482052,1.393087,0.3136537) (332.2358,132.4221,232.2497) (-0.05259819,1.213,0.1768392) (332.7215,306.6561,356.2741)
compute 6.80572943682899(-0.108793154358864,1.40922045707703,0.348224312067032) (-0.0518406,1.39869,0.3124847) (336.4115,128.5086,235.0667) (-0.09760449,1.204247,0.2343542) (330.0232,305.4087,356.0623)
compute 9.5032089668878(-0.161685079336166,1.46166205406189,0.407244831323624) (-0.1087932,1.40922,0.3482243) (337.7444,126.8531,243.0207) (-0.1260774,1.234506,0.2708132) (325.7487,307.0995,354.8725)
compute 22.0452787928599(-0.300545960664749,1.57594811916351,0.534743010997772) (-0.1616851,1.461662,0.4072448) (308.8112,117.4985,252.1277) (-0.1347968,1.258027,0.2883286) (324.6392,305.5097,357.3732)
compute 35.08584231548(-0.562348246574402,1.41260838508606,0.701720058917999) (-0.300546,1.575948,0.534743) (335.1631,284.4895,104.2735) (-0.1418639,1.257135,0.2890124) (327.0063,304.3836,356.9322)
compute 12.1448479988736(-0.610952913761139,1.30754685401917,0.738454163074493) (-0.5623482,1.412608,0.7017201) (327.0101,284.231,81.34678) (-0.1548903,1.242802,0.29484) (329.5332,304.5652,355.9087)
compute 14.0691256036402(-0.621886789798737,1.16830861568451,0.755400955677032) (-0.6109529,1.307547,0.7384542) (348.3779,276.9437,99.37709) (-0.1635694,1.232439,0.2904139) (336.0143,305.2612,356.0572)
compute 6.39202192981203(-0.58160662651062,1.12673830986023,0.728286147117615) (-0.6218868,1.168309,0.755401) (341.2657,272.8141,90.39573) (-0.1677637,1.215744,0.2771058) (345.3798,305.2684,354.3281)
compute 7.91716518204812(-0.51859325170517,1.14778327941895,0.685221374034882) (-0.5816066,1.126738,0.7282861) (319.1915,267.5132,99.47617) (-0.1675031,1.205463,0.2646879) (352.1288,304.1517,354.4302)
compute 14.8538377307961(-0.40231117606163,1.2153559923172,0.622165381908417) (-0.5185933,1.147783,0.6852214) (285.7865,244.2902,119.7478) (-0.1626891,1.197384,0.2618594) (355.6899,304.4823,352.235)
compute 12.145763194832(-0.297354340553284,1.23865878582001,0.565658748149872) (-0.4023112,1.215356,0.6221654) (283.9418,145.0514,217.3729) (-0.1480222,1.202827,0.257261) (354.512,307.9028,351.8145)
compute 10.1945346536593(-0.206945836544037,1.23716819286346,0.518574416637421) (-0.2973543,1.238659,0.5656587) (296.634,127.4709,231.4833) (-0.1267112,1.213921,0.2459155) (348.9622,310.7322,351.5294)
compute 9.29086088137066(-0.124611340463161,1.24642264842987,0.476534008979797) (-0.2069458,1.237168,0.5185744) (307.4043,128.1776,229.571) (-0.1008041,1.225197,0.2277013) (342.2758,312.1762,352.4427)
compute 8.83531756918241(-0.0490880161523819,1.273796916008,0.439748674631119) (-0.1246113,1.246423,0.476534) (317.2614,132.1248,227.9761) (-0.07993999,1.233248,0.2072221) (336.4973,314.5647,353.3119)
compute 5.72953501194272(0.00187383941374719,1.28946495056152,0.418768703937531) (-0.04908802,1.273797,0.4397487) (321.5687,134.0551,230.8495) (-0.07345795,1.232266,0.1863847) (334.9403,317.8326,352.4203)
compute 3.57777699689517(0.0308641418814659,1.29292178153992,0.398088723421097) (0.001873839,1.289465,0.4187687) (322.3731,134.8404,231.7442) (-0.06840937,1.231197,0.1739497) (333.1742,321.2928,352.6833)
compute 1.45990575349539(0.0410985983908176,1.29284989833832,0.387677997350693) (0.03086414,1.292922,0.3980887) (321.4546,138.2165,230.5799) (-0.06083153,1.231077,0.167997) (330.5359,323.6579,353.2543)
compute 2.4832012260365(0.0422186739742756,1.30642867088318,0.366917669773102) (0.0410986,1.29285,0.387678) (326.5293,143.0262,231.5063) (-0.05206819,1.231265,0.1596552) (327.3464,325.3196,353.5988)
compute 4.66877897390347(0.041841384023428,1.34481394290924,0.340343654155731) (0.04221867,1.306429,0.3669177) (334.6811,143.2225,232.257) (-0.04996644,1.230773,0.1543481) (326.0135,324.7008,354.8473)
compute 4.43884776334072(0.0220863502472639,1.38447511196136,0.337685197591782) (0.04184138,1.344814,0.3403437) (338.0766,139.7273,233.6811) (-0.05044862,1.22795,0.1572999) (323.0175,322.997,356.6327)
compute 6.32585108776913(-0.0274824928492308,1.42238688468933,0.348042160272598) (0.02208635,1.384475,0.3376852) (343.9529,141.6735,236.7356) (-0.06192414,1.233081,0.1826651) (322.3249,321.549,357.0099)
compute 14.9776633675094(-0.13362343609333,1.46980607509613,0.44248029589653) (-0.02748249,1.422387,0.3480422) (336.368,137.8852,240.646) (-0.08042575,1.236643,0.2120303) (323.0624,318.464,358.4809)
compute 43.5605282489427(-0.414184629917145,1.35959303379059,0.756948828697205) (-0.1336234,1.469806,0.4424803) (334.4403,296.2104,120.84) (-0.09611932,1.244339,0.2296491) (318.9184,313.8633,359.476)
compute 5.13757256705584(-0.422120332717896,1.30883455276489,0.756690859794617) (-0.4141846,1.359593,0.7569488) (316.4812,281.8289,95.37316) (-0.1100849,1.241876,0.2414022) (320.1314,310.5902,359.0737)
compute 5.77843362532972(-0.396736204624176,1.28421318531036,0.710991144180298) (-0.4221203,1.308835,0.7566909) (314.7639,261.5835,121.6554) (-0.1139651,1.238961,0.2342163) (320.5273,310.3314,0.6807392)
compute 10.8368266366744(-0.331953108310699,1.32406365871429,0.633798062801361) (-0.3967362,1.284213,0.7109911) (301.7659,230.7911,144.3204) (-0.1181214,1.236162,0.2184083) (320.6355,310.8113,359.0405)
compute 12.8603744554263(-0.258883625268936,1.38436341285706,0.54682844877243) (-0.3319531,1.324064,0.6337981) (300.7681,176.683,197.7048) (-0.1261149,1.233118,0.1959366) (321.5402,311.5775,359.1474)
compute 10.0305098893248(-0.210905849933624,1.43297469615936,0.473369687795639) (-0.2588836,1.384363,0.5468284) (312.0455,152.9999,223.5477) (-0.1391884,1.232876,0.1836098) (320.6382,311.4451,359.602)
compute 7.75152840639272(-0.185998097062111,1.47814559936523,0.415509402751923) (-0.2109058,1.432975,0.4733697) (324.1245,141.9624,232.7544) (-0.1584229,1.234324,0.183266) (320.4764,309.6894,0.05064558)
compute 5.22790266908976(-0.191759616136551,1.49965739250183,0.368210941553116) (-0.1859981,1.478146,0.4155094) (332.2144,140.6851,234.6724) (-0.1795171,1.233283,0.197218) (320.2555,309.2038,359.6126)
compute 4.67620564810351(-0.238454982638359,1.49729752540588,0.367396235466003) (-0.1917596,1.499657,0.3682109) (337.2134,132.756,236.7021) (-0.2062761,1.239433,0.2180087) (319.922,306.2518,0.8036933)
compute 36.5469010261763(-0.55428820848465,1.51513397693634,0.550423145294189) (-0.238455,1.497298,0.3673962) (290.5949,220.4467,161.4139) (-0.2165938,1.240527,0.2249) (322.4394,307.5993,359.6304)
compute 28.5346329375498(-0.643063843250275,1.29564702510834,0.709693014621735) (-0.5542882,1.515134,0.5504231) (329.9727,291.6198,101.3315) (-0.2251864,1.233311,0.218271) (322.8866,311.2994,358.002)
compute 9.07430306485699(-0.576006591320038,1.23539543151855,0.720054864883423) (-0.6430638,1.295647,0.709693) (324.9818,277.5367,104.9273) (-0.2285794,1.232273,0.2160597) (325.3008,317.0447,357.2289)
compute 19.542502685036(-0.413837373256683,1.30777168273926,0.638484239578247) (-0.5760066,1.235395,0.7200549) (294.7725,221.9901,163.7882) (-0.2279259,1.23091,0.2130132) (326.3898,320.9201,355.8316)
compute 22.1210079866155(-0.240337818861008,1.3203501701355,0.501832902431488) (-0.4138374,1.307772,0.6384842) (327.6937,147.3773,230.8393) (-0.2234772,1.232002,0.214217) (327.3563,321.7006,356.2371)
compute 7.511471057063(-0.186273455619812,1.31716191768646,0.449783891439438) (-0.2403378,1.32035,0.5018329) (344.7624,138.3135,244.9155) (-0.2095502,1.227582,0.2159945) (329.7373,321.5197,356.0627)
compute 18.5825597562311(-0.327227979898453,1.38988423347473,0.546605587005615) (-0.1862735,1.317162,0.4497839) (317.2114,153.1757,238.9442) (-0.2025913,1.221913,0.2137077) (333.6093,317.9704,357.8316)
compute 31.2310955681888(-0.535345852375031,1.23079037666321,0.716647446155548) (-0.327228,1.389884,0.5466056) (342.3676,282.4753,123.8615) (-0.2065981,1.216361,0.2094944) (335.144,312.7026,358.9114)
compute 5.00840334907733(-0.540741980075836,1.26529610157013,0.680749714374542) (-0.5353459,1.23079,0.7166474) (316.0045,273.9983,103.0149) (-0.218482,1.217636,0.2153603) (335.8744,308.3179,359.9717)
compute 11.6807709877863(-0.495992124080658,1.33118462562561,0.595308542251587) (-0.540742,1.265296,0.6807497) (297.9856,217.7305,156.4083) (-0.2331246,1.219026,0.2393005) (337.9176,305.2495,359.5477)
compute 11.4739452651649(-0.408718109130859,1.35747349262238,0.525614321231842) (-0.4959921,1.331185,0.5953085) (307.692,140.9647,221.1899) (-0.2476698,1.22303,0.2609748) (339.6216,303.0279,358.9675)
compute 6.25614138317592(-0.401007533073425,1.29956591129303,0.503227055072784) (-0.4087181,1.357473,0.5256143) (321.9342,118.2705,238.0014) (-0.2586232,1.21781,0.274765) (343.3891,301.5972,358.8734)
compute 45.790853145194(-0.767380893230438,1.08108937740326,0.669716656208038) (-0.4010075,1.299566,0.5032271) (328.7789,282.5206,74.23488) (-0.255357,1.208144,0.2773947) (345.6526,302.0522,357.5852)
compute 25.2061328953386(-0.748199164867401,0.831420540809631,0.698568880558014) (-0.7673809,1.081089,0.6697167) (9.371716,275.9776,101.8879) (-0.2589591,1.215679,0.2778924) (345.7418,301.308,358.2451)
compute 7.64882432691082(-0.739639461040497,0.759735405445099,0.723835945129395) (-0.7481992,0.8314205,0.6985689) (359.8761,284.3525,77.09225) (-0.2476352,1.21515,0.2803382) (346.2345,301.8479,356.2729)
compute 2.67790809399679(-0.722975134849548,0.775918662548065,0.737159669399261) (-0.7396395,0.7597354,0.7238359) (345.6526,282.894,84.02811) (-0.2198855,1.223243,0.2665761) (340.7193,304.5443,356.0374)
compute 13.4643331338614(-0.654704689979553,0.891720712184906,0.72955322265625) (-0.7229751,0.7759187,0.7371597) (319.5918,283.4721,84.48646) (-0.1874426,1.231702,0.2396103) (334.5015,307.4147,355.6016)
compute 17.8440585164771(-0.539515376091003,1.01979696750641,0.682981371879578) (-0.6547047,0.8917207,0.7295532) (298.9268,277.0327,91.43372) (-0.1638864,1.232009,0.2095812) (329.5465,311.6623,354.5921)
compute 16.3281674894583(-0.421885639429092,1.11658453941345,0.624190926551819) (-0.5395154,1.019797,0.6829814) (283.533,238.2121,130.8647) (-0.145282,1.231117,0.1813168) (325.5685,317.3612,354.5356)
compute 13.4985672996153(-0.315571933984756,1.17274975776672,0.562839508056641) (-0.4218856,1.116585,0.6241909) (290.1545,179.0236,192.8024) (-0.1246389,1.230282,0.1563961) (322.8123,326.4326,352.1726)
compute 12.404037910921(-0.211392462253571,1.20166337490082,0.50203937292099) (-0.3155719,1.17275,0.5628395) (302.5887,166.0723,210.7394) (-0.1100788,1.2268,0.1370683) (320.5183,337.8028,349.1551)
compute 10.1941290290267(-0.122868970036507,1.20911109447479,0.452037870883942) (-0.2113925,1.201663,0.5020394) (311.3038,160.4029,221.7779) (-0.1068445,1.226271,0.1266462) (319.0207,341.4988,349.1784)
compute 6.32471845912895(-0.0714550018310547,1.21729624271393,0.416123896837235) (-0.122869,1.209111,0.4520379) (318.2412,157.3064,228.3864) (-0.122774,1.227023,0.1255721) (319.9248,340.7447,351.2892)
compute 4.11664929411175(-0.0557599626481533,1.23822605609894,0.384338855743408) (-0.071455,1.217296,0.4161239) (325.6297,158.4826,228.0501) (-0.136075,1.229274,0.1382917) (317.2604,337.2812,353.2358)
compute 4.34470332849147(-0.0547328032553196,1.27134895324707,0.356241464614868) (-0.05575996,1.238226,0.3843389) (334.4766,156.3486,226.8789) (-0.1446574,1.228793,0.1533414) (315.9657,333.7575,354.4057)
compute 5.59220455135169(-0.0742438957095146,1.32250070571899,0.344835728406906) (-0.0547328,1.271349,0.3562415) (341.6225,155.2909,225.3546) (-0.1501294,1.232121,0.1799559) (315.4691,332.7404,355.9749)
compute 6.214468979473(-0.0985153019428253,1.37970960140228,0.34477499127388) (-0.0742439,1.322501,0.3448357) (345.3838,152.7912,225.4947) (-0.1586708,1.235615,0.2164557) (316.033,331.1867,355.8963)
compute 2.99088045034809(-0.0980038717389107,1.38039970397949,0.374671459197998) (-0.0985153,1.37971,0.344775) (347.9498,149.1535,229.1541) (-0.1629114,1.239879,0.2439863) (316.1647,328.9331,357.0811)
compute 14.9618156774407(-0.181616812944412,1.50444638729095,0.377296209335327) (-0.09800387,1.3804,0.3746715) (348.3392,146.4637,233.6787) (-0.1767663,1.244693,0.2575693) (315.5731,324.4785,359.7458)
compute 29.0631747194805(-0.3638896048069,1.63904094696045,0.559306502342224) (-0.1816168,1.504446,0.3772962) (291.8748,190.2673,208.0685) (-0.185743,1.245172,0.2661181) (317.0446,322.0708,359.9776)
compute 15.2867843929815(-0.417378067970276,1.55311334133148,0.67386656999588) (-0.3638896,1.639041,0.5593065) (300.6124,294.9959,114.2511) (-0.1894874,1.240531,0.2620068) (319.1809,322.6069,1.719632)
compute 6.63500882063591(-0.409442067146301,1.51490473747253,0.727527141571045) (-0.4173781,1.553113,0.6738666) (295.4497,305.2838,94.91714) (-0.1937703,1.239299,0.2512978) (320.8153,323.9402,0.9526892)
compute 3.1822879980269(-0.37981042265892,1.5051144361496,0.721297264099121) (-0.4094421,1.514905,0.7275271) (290.4349,284.4736,115.3798) (-0.1852642,1.240667,0.2280097) (319.1887,323.6357,1.113686)
compute 5.00357324157479(-0.337675839662552,1.51446580886841,0.695983171463013) (-0.3798104,1.505114,0.7212973) (281.5991,257.0656,142.3705) (-0.1765629,1.240932,0.2033445) (317.5831,325.3893,0.91233)
compute 5.27424334707602(-0.303742378950119,1.53243172168732,0.659823656082153) (-0.3376758,1.514466,0.6959832) (283.7385,201.7724,197.4621) (-0.1722381,1.23972,0.1832542) (316.9539,325.6492,0.9120647)
compute 10.2613860791972(-0.247217550873756,1.53243660926819,0.57418167591095) (-0.3037424,1.532432,0.6598237) (294.9635,169.6932,227.2825) (-0.1696793,1.237091,0.1691465) (317.1375,324.5536,1.512566)
compute 9.41336832833109(-0.204479694366455,1.52344751358032,0.490792095661163) (-0.2472176,1.532437,0.5741817) (309.6204,162.2847,232.9357) (-0.1779313,1.23511,0.1675231) (316.3975,324.2387,1.876352)
compute 6.73370403159483(-0.187927350401878,1.51210510730743,0.426514208316803) (-0.2044797,1.523448,0.4907921) (321.9531,159.7901,232.6852) (-0.1908019,1.23692,0.1860655) (316.2206,323.3437,1.818623)
compute 4.15388921346288(-0.18661342561245,1.50648152828217,0.38537871837616) (-0.1879274,1.512105,0.4265142) (333.7451,159.606,233.1267) (-0.2071071,1.233732,0.2186522) (316.3508,323.5747,0.8682097)
compute 2.4550774807051(-0.188226267695427,1.50197792053223,0.361298501491547) (-0.1866134,1.506482,0.3853787) (342.312,153.2633,233.2827) (-0.2223552,1.22971,0.2537771) (315.2188,321.6191,2.208645)
compute 2.6143574726452(-0.212233513593674,1.5090047121048,0.353698313236237) (-0.1882263,1.501978,0.3612985) (349.9221,148.4574,233.0283) (-0.2398874,1.246211,0.2825745) (313.3768,319.4363,2.827896)
compute 7.36562995383973(-0.271787196397781,1.5457569360733,0.376674026250839) (-0.2122335,1.509005,0.3536983) (353.0058,141.6622,233.5932) (-0.2482718,1.256848,0.3026291) (311.9416,316.462,5.877634)
compute 36.42838033571(-0.541945815086365,1.60301506519318,0.61424195766449) (-0.2717872,1.545757,0.376674) (304.2529,274.5679,117.8908) (-0.2507826,1.255064,0.314547) (313.8172,322.4356,1.374721)
compute 13.7789948700177(-0.585093140602112,1.50169336795807,0.697056770324707) (-0.5419458,1.603015,0.614242) (318.0013,281.267,120.3441) (-0.244683,1.239858,0.2944857) (314.5869,332.8371,358.4402)
compute 5.2639389247519(-0.559717297554016,1.46388459205627,0.723466396331787) (-0.5850931,1.501693,0.6970568) (315.5621,280.1753,115.6244) (-0.2338678,1.232828,0.2666399) (317.0259,347.9276,353.3252)
compute 9.47162519965068(-0.49175962805748,1.43042695522308,0.666602432727814) (-0.5597173,1.463885,0.7234664) (315.5277,256.5695,148.4363) (-0.231135,1.233245,0.2312711) (318.5992,354.8208,351.8744)
compute 16.4959377964208(-0.382176220417023,1.38976418972015,0.550199627876282) (-0.4917596,1.430427,0.6666024) (323.3532,225.674,186.1998) (-0.2339751,1.235601,0.2075804) (318.6346,357.8562,352.1585)
compute 15.1364182678806(-0.264374136924744,1.36017692089081,0.459875881671906) (-0.3821762,1.389764,0.5501996) (334.239,204.1629,214.1725) (-0.2359176,1.236741,0.2006694) (320.9332,359.5692,353.1744)
compute 9.25256317039236(-0.17262764275074,1.36068320274353,0.471847414970398) (-0.2643741,1.360177,0.4598759) (328.3289,198.6051,233.4066) (-0.2324117,1.231329,0.2041646) (324.0571,1.260932,352.688)
compute 25.0297097897346(-0.137013167142868,1.32584393024445,0.717135965824127) (-0.1726276,1.360683,0.4718474) (302.8921,304.028,135.2742) (-0.2133813,1.223287,0.2249491) (327.1703,4.416926,350.3312)
compute 14.3219079794088(-0.0916514918208122,1.23222041130066,0.815566956996918) (-0.1370132,1.325844,0.717136) (326.4603,322.2133,126.8091) (-0.1929983,1.223219,0.2519324) (326.8137,8.390843,347.4681)
compute 7.82570218381784(-0.0697725415229797,1.26585388183594,0.748378694057465) (-0.09165149,1.23222,0.815567) (303.1989,299.2604,142.3075) (-0.1801767,1.226965,0.2672943) (329.5566,11.90642,346.6359)
compute 17.4318107969655(-0.014210008084774,1.29413735866547,0.585591554641724) (-0.06977254,1.265854,0.7483787) (301.5637,207.119,229.9289) (-0.1732686,1.226942,0.2718406) (329.5216,14.59361,347.1985)
compute 12.8829078509209(0.0227058473974466,1.2962259054184,0.462182521820068) (-0.01421001,1.294137,0.5855916) (324.7618,187.7137,246.1938) (-0.1692941,1.231045,0.2628583) (325.496,16.55167,346.9268)
compute 7.19571154669718(0.0334219634532928,1.3096981048584,0.392314851284027) (0.02270585,1.296226,0.4621825) (337.8401,193.3096,248.6844) (-0.158481,1.229089,0.2568363) (326.9581,20.25162,345.7261)
compute 3.56225044882399(0.0605852790176868,1.3136214017868,0.369605273008347) (0.03342196,1.309698,0.3923149) (342.8482,190.4544,253.9734) (-0.1451415,1.224864,0.2544349) (329.0715,24.56221,344.6677)
compute 13.7429384349871(0.118098184466362,1.32192718982697,0.494144886732101) (0.06058528,1.313621,0.3696053) (321.712,189.0422,259.2879) (-0.1353657,1.218598,0.2469885) (330.7072,28.48573,342.7473)
compute 35.4963063397143(0.259616404771805,1.17063796520233,0.782386004924774) (0.1180982,1.321927,0.4941449) (324.7857,41.60619,22.74265) (-0.130023,1.214448,0.2379904) (329.792,30.35007,341.9065)
compute 20.1793568095535(0.239753216505051,0.976028800010681,0.831917524337769) (0.2596164,1.170638,0.782386) (350.7035,8.202231,72.28339) (-0.1315183,1.220209,0.2375633) (324.7966,27.32566,342.95)
compute 2.47326587071576(0.254386574029922,0.961260974407196,0.845314562320709) (0.2397532,0.9760288,0.8319175) (345.0462,16.95935,62.21597) (-0.143254,1.225632,0.233615) (320.0383,23.84291,344.0228)
compute 13.9770792248206(0.273875087499619,1.09809935092926,0.824546039104462) (0.2543866,0.961261,0.8453146) (315.0937,33.46574,59.47344) (-0.1461028,1.225147,0.2362029) (320.0038,22.61193,344.4913)
compute 23.0429755768917(0.24061430990696,1.271608710289,0.67660653591156) (0.2738751,1.098099,0.824546) (292.5078,127.4668,327.8931) (-0.1486105,1.225911,0.2489492) (319.022,22.20029,344.77)
compute 21.3471186566178(0.136733576655388,1.36926078796387,0.51772665977478) (0.2406143,1.271609,0.6766065) (316.6689,174.9455,269.0414) (-0.1484754,1.227479,0.2640672) (318.7821,20.31114,346.1092)
compute 12.260642968116(0.0398431196808815,1.38491344451904,0.444244891405106) (0.1367336,1.369261,0.5177267) (336.7359,190.0134,249.1971) (-0.1530202,1.228305,0.2711317) (319.9193,19.05384,347.4731)
compute 19.0290113409443(-0.0181149411946535,1.43858695030212,0.617364346981049) (0.03984312,1.384913,0.4442449) (306.766,223.382,218.7563) (-0.1636517,1.223991,0.2688874) (321.4223,14.45675,350.518)
compute 19.7004907844397(-0.0189150739461184,1.3709808588028,0.8024041056633) (-0.01811494,1.438587,0.6173643) (318.5601,318.6726,137.1443) (-0.2078054,1.226448,0.2616431) (319.9498,353.5846,1.710846)
compute 4.2212051437496(-0.0546497218310833,1.39319837093353,0.799046337604523) (-0.01891507,1.370981,0.8024041) (298.8746,311.5187,122.4709) (-0.2319425,1.227359,0.2511622) (324.3561,335.1866,8.09786)
compute 10.1968872323395(-0.138846635818481,1.41151189804077,0.744519770145416) (-0.05464972,1.393198,0.7990463) (297.4214,270.7937,155.7753) (-0.2452061,1.225245,0.2343509) (327.8905,324.2281,10.95933)
compute 15.7202278089753(-0.21814626455307,1.42196953296661,0.609187722206116) (-0.1388466,1.411512,0.7445198) (301.2387,204.4027,203.7498) (-0.2524979,1.223483,0.2218039) (331.7725,318.0977,11.36424)
compute 15.795282060495(-0.318341791629791,1.37544572353363,0.496291816234589) (-0.2181463,1.42197,0.6091877) (322.3571,189.6912,202.2926) (-0.2532439,1.223035,0.2155326) (333.2847,317.1451,8.98249)
compute 10.2321378545826(-0.408085376024246,1.32718026638031,0.487007468938828) (-0.3183418,1.375446,0.4962918) (320.9981,176.818,206.6172) (-0.2530294,1.223535,0.2118672) (334.7745,316.5503,7.879864)
compute 31.6224901010108(-0.632653653621674,1.18498349189758,0.658318161964417) (-0.4080854,1.32718,0.4870075) (327.6299,260.8192,135.9357) (-0.2471795,1.223579,0.2111727) (336.0896,316.8346,6.252264)
compute 19.5300957289653(-0.605258047580719,1.02399587631226,0.76543927192688) (-0.6326537,1.184983,0.6583182) (7.729698,295.0876,126.247) (-0.2447769,1.223657,0.2104231) (334.7605,318.8817,4.794877)
compute 1.71257065944274(-0.601080477237701,1.01265132427216,0.777569353580475) (-0.605258,1.023996,0.7654393) (358.9301,288.5718,112.2622) (-0.2411895,1.227041,0.2090932) (333.1188,322.7826,4.707874)
compute 2.47325163215953(-0.581343472003937,1.01885843276978,0.791119992733002) (-0.6010805,1.012651,0.7775694) (359.165,282.0854,124.673) (-0.2237981,1.232083,0.2101321) (328.3071,335.7535,0.4594703)
compute 9.50299581265076(-0.517017900943756,1.08654654026031,0.773478150367737) (-0.5813435,1.018858,0.79112) (349.2938,277.1353,125.9615) (-0.2056123,1.235239,0.2055309) (323.9219,353.0695,355.1786)
compute 16.0664546073309(-0.406960040330887,1.19173395633698,0.722136437892914) (-0.5170179,1.086547,0.7734782) (333.3951,273.8508,132.7999) (-0.1962917,1.23445,0.1958656) (321.5443,7.266656,350.3417)
compute 13.5093274825124(-0.308995187282562,1.26314389705658,0.662523508071899) (-0.40696,1.191734,0.7221364) (324.5887,266.613,151.5243) (-0.1919743,1.234111,0.1865131) (318.9467,16.33531,347.3539)
compute 12.177121532248(-0.223147317767143,1.30379545688629,0.58632755279541) (-0.3089952,1.263144,0.6625235) (320.1704,252.6415,172.7603) (-0.183858,1.23161,0.1815223) (317.0595,23.06709,344.0676)
compute 8.64203136730198(-0.15412038564682,1.32265543937683,0.537870824337006) (-0.2231473,1.303795,0.5863276) (318.0408,236.8586,192.9408) (-0.170928,1.226603,0.1813482) (316.3513,27.56533,341.7754)
compute 8.19135871377093(-0.100017189979553,1.31132471561432,0.477420061826706) (-0.1541204,1.322655,0.5378708) (324.1703,225.2401,211.1086) (-0.1507504,1.220677,0.1968955) (320.8717,31.64076,339.7132)
compute 10.4525385468946(-0.0106063783168793,1.29872643947601,0.424765080213547) (-0.1000172,1.311325,0.4774201) (333.6435,216.6629,230.1427) (-0.1242162,1.214242,0.2234685) (326.2991,36.13467,337.4709)
compute 14.134100046365(0.130599915981293,1.30457043647766,0.426742374897003) (-0.01060638,1.298726,0.4247651) (334.4962,201.3262,258.7602) (-0.0977625,1.208034,0.2417149) (330.61,39.23262,336.2878)
compute 39.0285357549245(0.355168849229813,1.251580119133,0.741517663002014) (0.1305999,1.30457,0.4267424) (308.7,43.54238,54.53861) (-0.07683809,1.204248,0.2523026) (333.0497,42.34133,334.7785)
compute 17.3591401779233(0.414068907499313,1.09753251075745,0.795684933662415) (0.3551688,1.25158,0.7415177) (329.5685,40.40345,68.59463) (-0.06813667,1.209449,0.2600613) (334.286,40.72937,335.679)
compute 7.00322423158814(0.428197711706162,1.03530097007751,0.824531555175781) (0.4140689,1.097533,0.7956849) (329.7217,42.48593,55.46246) (-0.06232397,1.213114,0.271388) (335.5313,38.18527,337.7166)
compute 4.5348458103684(0.418017655611038,1.00674140453339,0.790809154510498) (0.4281977,1.035301,0.8245316) (330.6682,45.84643,54.20823) (-0.0579909,1.211154,0.272328) (337.1112,38.35554,338.0863)
compute 7.64762367688936(0.371971249580383,1.00996041297913,0.729833900928497) (0.4180177,1.006741,0.7908092) (327.3023,45.60653,54.91783) (-0.07189357,1.215073,0.2713754) (333.4826,31.3802,340.4411)
compute 8.5275190888986(0.307581126689911,1.02682518959045,0.676529586315155) (0.3719712,1.00996,0.7298339) (321.4961,41.8884,56.22554) (-0.09674145,1.221862,0.2627136) (328.8405,19.5124,344.6501)
compute 9.73163013930888(0.235877156257629,1.06653153896332,0.624066174030304) (0.3075811,1.026825,0.6765296) (312.2195,46.42087,47.90787) (-0.1175474,1.227423,0.2495382) (323.791,5.59364,348.9955)
compute 8.15467678670047(0.186612218618393,1.12904047966003,0.641827762126923) (0.2358772,1.066532,0.6240662) (297.9476,63.62438,24.52327) (-0.1355363,1.230312,0.2280665) (320.5768,349.8777,354.8839)
compute 6.69863853806539(0.248293563723564,1.12463939189911,0.667580783367157) (0.1866122,1.12904,0.6418278) (288.5862,104.1721,336.8273) (-0.1483811,1.232636,0.2080463) (318.0959,335.7617,0.6534753)
compute 8.480658030633(0.199897259473801,1.17713010311127,0.621813118457794) (0.2482936,1.124639,0.6675808) (292.5551,138.2368,291.58) (-0.1584104,1.23104,0.1934261) (317.442,327.3624,4.799537)
compute 7.30837400573496(0.142029315233231,1.20854330062866,0.590099632740021) (0.1998973,1.17713,0.6218131) (297.5222,151.6176,268.0286) (-0.1624277,1.230127,0.1847841) (317.0565,323.5177,6.153479)
compute 7.53802114307027(0.076368436217308,1.22319972515106,0.556099414825439) (0.1420293,1.208543,0.5900996) (302.0339,157.1371,250.8307) (-0.164455,1.229907,0.1811432) (316.7344,320.9665,6.403744)
compute 5.93826816568179(0.0253827590495348,1.22081363201141,0.525750279426575) (0.07636844,1.2232,0.5560994) (305.389,153.2571,242.8032) (-0.1670906,1.231223,0.178403) (318.4807,321.5547,5.362304)
compute 5.01212704795967(-0.0130831515416503,1.2067859172821,0.496841132640839) (0.02538276,1.220814,0.5257503) (307.0647,150.8551,235.9376) (-0.1703824,1.231149,0.1871574) (321.3257,325.2517,1.877596)
compute 3.79437682120571(-0.0334458835422993,1.18666911125183,0.471933245658875) (-0.01308315,1.206786,0.4968411) (307.7117,146.828,233.2846) (-0.177312,1.230183,0.191667) (322.2859,328.8252,359.7138)
compute 2.31115564089748(-0.0370380878448486,1.17439651489258,0.452681660652161) (-0.03344588,1.186669,0.4719332) (308.3504,146.1148,231.6223) (-0.1829269,1.233962,0.1895764) (321.6534,335.2148,356.8068)
compute 2.69082078554088(-0.0337166637182236,1.17502462863922,0.425986617803574) (-0.03703809,1.174397,0.4526817) (310.4991,149.3994,230.4698) (-0.1829807,1.236905,0.184703) (321.0999,342.6007,353.8995)
compute 2.75928870569245(-0.0177045501768589,1.18206202983856,0.40464523434639) (-0.03371666,1.175025,0.4259866) (312.8103,151.3356,231.331) (-0.1801476,1.237346,0.1806607) (321.4824,347.6922,352.8257)
compute 2.7265944243515(-0.00316858990117908,1.19207322597504,0.38386270403862) (-0.01770455,1.182062,0.4046452) (314.5497,154.0286,231.7665) (-0.1654876,1.233763,0.1810881) (323.5591,351.071,352.6991)
compute 2.83145678686405(0.0200035106390715,1.20314013957977,0.371934086084366) (-0.00316859,1.192073,0.3838627) (316.1454,156.3208,232.3003) (-0.140984,1.231539,0.1814388) (323.4875,354.3815,351.4383)
compute 3.42832065441281(0.0511484034359455,1.21269559860229,0.36125573515892) (0.02000351,1.20314,0.3719341) (318.2831,157.4466,233.5246) (-0.1101928,1.230975,0.1817805) (322.8939,358.1384,350.7732)
compute 3.95987149550578(0.0905354246497154,1.21457815170288,0.357625752687454) (0.0511484,1.212696,0.3612557) (320.0084,158.9388,234.7874) (-0.07906974,1.234274,0.1808829) (321.6407,1.684155,350.1051)
compute 3.73615051318455(0.127142697572708,1.21646988391876,0.350400030612946) (0.09053542,1.214578,0.3576258) (321.2254,159.5965,236.0022) (-0.05501702,1.234937,0.1778289) (321.8377,3.207603,350.3987)
compute 3.90220367104927(0.161712408065796,1.2167295217514,0.332300662994385) (0.1271427,1.21647,0.3504) (322.4363,161.1141,236.2536) (-0.03322502,1.230572,0.1692632) (322.3426,2.737096,352.1664)
compute 2.95699964113313(0.186495125293732,1.21244978904724,0.31674799323082) (0.1617124,1.21673,0.3323007) (322.7597,161.2787,236.0333) (-0.01443255,1.232863,0.1651899) (323.2587,2.397135,352.9111)
compute 2.81789769518917(0.208361357450485,1.19815707206726,0.306181967258453) (0.1864951,1.21245,0.316748) (321.9941,159.7969,236.2391) (0.005079154,1.227175,0.1648741) (326.3915,3.032392,352.5894)
compute 2.21476760129397(0.225248098373413,1.18690001964569,0.297314256429672) (0.2083614,1.198157,0.306182) (321.1165,157.7213,237.0576) (0.02094948,1.225042,0.1643855) (327.8525,1.925738,352.635)
compute 1.51938958840036(0.238026008009911,1.18568468093872,0.289183914661407) (0.2252481,1.1869,0.2973143) (320.3466,156.4788,238.7237) (0.03186546,1.220639,0.1613542) (330.3926,3.009927,351.4488)
compute 1.91624038427365(0.250336289405823,1.18604469299316,0.274503141641617) (0.238026,1.185685,0.2891839) (320.416,157.001,241.4591) (0.03363822,1.217127,0.1488327) (331.9161,4.486672,350.0439)
compute 2.6935919236686(0.258681416511536,1.18512606620789,0.248909026384354) (0.2503363,1.186045,0.2745031) (322.3076,158.4543,242.7497) (0.0291359,1.215281,0.1334826) (332.2311,7.99148,347.3896)
compute 3.4962029358594(0.260153234004974,1.18158221244812,0.214158222079277) (0.2586814,1.185126,0.248909) (324.9312,160.9768,244.1249) (0.02088577,1.2148,0.1202929) (332.7193,12.89187,344.8382)
compute 2.27399216898155(0.256121665239334,1.18163728713989,0.191778600215912) (0.2601532,1.181582,0.2141582) (325.0094,162.5239,245.9065) (0.009977963,1.217428,0.1049224) (333.3692,17.08733,344.0602)
compute 1.95788285335531(0.250675052404404,1.18181920051575,0.172973498702049) (0.2561217,1.181637,0.1917786) (324.7447,162.9908,246.5374) (0.0009261258,1.219381,0.09272554) (332.9473,18.81381,342.8065)
compute 1.08240293984934(0.244768053293228,1.18352544307709,0.164065316319466) (0.2506751,1.181819,0.1729735) (323.3716,163.3718,248.3127) (-0.008787117,1.221648,0.08149111) (332.498,18.64401,344.0662)
compute 0.375110993748379(0.242283776402473,1.18416357040405,0.161328166723251) (0.2447681,1.183525,0.1640653) (322.943,163.2424,249.0766) (-0.02305889,1.221219,0.07448324) (331.3864,15.45268,344.7381)
compute 1.01367333146265(0.237995743751526,1.18691611289978,0.170091137290001) (0.2422838,1.184164,0.1613282) (322.1346,160.036,251.2432) (-0.04551192,1.221853,0.06627958) (327.8928,5.406499,347.7934)
compute 1.83041185037596(0.227832317352295,1.19190120697021,0.184474959969521) (0.2379957,1.186916,0.1700911) (321.6437,157.448,251.4834) (-0.06118996,1.221988,0.06168009) (325.4138,357.5836,351.3556)
Average= 10.5061011892912
Max= 45.790853145194
Standard Deviation= 11.7085922747041
Right: 21    Miss: 19
0
