compute 25.6265445239569(0.390648752450943,0.918732225894928,0.304997742176056) (0.2755581,1.135084,0.3799515) (345.3794,11.7635,330.6818) (0.2705776,1.330528,-0.01750445) (325.9473,10.2227,358.1295)
compute 2.83664885847415(0.412830144166946,0.935998260974884,0.308809250593185) (0.3906488,0.9187322,0.3049977) (338.0245,14.14408,329.5792) (0.2698734,1.330006,-0.01764698) (325.6162,11.67098,357.7504)
compute 3.55307426447097(0.429290562868118,0.967420220375061,0.306772381067276) (0.4128301,0.9359983,0.3088093) (328.7062,16.23614,330.2833) (0.2711695,1.330182,-0.02235305) (324.882,13.87227,357.0454)
compute 3.78828881303441(0.434267997741699,1.00461614131927,0.301595330238342) (0.4292906,0.9674202,0.3067724) (321.4026,17.38551,330.9495) (0.2728263,1.331092,-0.02443736) (323.9995,15.61094,356.4688)
compute 3.23345796763473(0.433558821678162,1.03642654418945,0.295840293169022) (0.434268,1.004616,0.3015953) (318.5526,17.68823,330.2333) (0.2728403,1.332222,-0.02544247) (324.188,16.25279,355.8182)
compute 1.31345392842089(0.433319747447968,1.04951512813568,0.294768869876862) (0.4335588,1.036427,0.2958403) (317.5913,18.56024,329.4602) (0.2734443,1.331096,-0.02547836) (325.2405,15.57903,355.8655)
compute 0.632583918324768(0.432491570711136,1.05549609661102,0.29288250207901) (0.4333197,1.049515,0.2947689) (317.449,19.08009,328.8104) (0.2739346,1.327864,-0.01943868) (326.8841,15.01712,356.1591)
compute 0.977549374964102(0.430356830358505,1.04607629776001,0.294389337301254) (0.4324916,1.055496,0.2928825) (318.1582,18.17638,329.5099) (0.2744681,1.327379,-0.01662311) (327.8669,14.47023,356.5989)
compute 0.883426181786863(0.425467848777771,1.03881120681763,0.295555740594864) (0.4303568,1.046076,0.2943893) (319.4535,17.04051,329.3614) (0.2730792,1.327805,-0.01331755) (328.5098,13.561,356.9341)
compute 0.706923554569124(0.424221873283386,1.03211617469788,0.297452628612518) (0.4254678,1.038811,0.2955557) (320.0218,16.84952,328.5638) (0.2721926,1.328366,-0.01185566) (329.0502,12.61139,357.3285)
compute 0.175861859699371(0.422675132751465,1.031325340271,0.297726333141327) (0.4242219,1.032116,0.2974526) (319.7007,16.61233,328.3571) (0.2712102,1.328828,-0.01132575) (329.1241,12.05932,357.1498)
compute 0.429224574194794(0.421444445848465,1.0354151725769,0.297299653291702) (0.4226751,1.031325,0.2977263) (318.9316,16.29956,328.3962) (0.2704886,1.332169,-0.009841717) (328.1353,11.58654,356.9192)
compute 1.3008515725763(0.4213527739048,1.04811346530914,0.294477164745331) (0.4214444,1.035415,0.2972997) (317.6739,17.19931,327.4146) (0.2701527,1.333485,-0.01269009) (326.5164,11.85445,356.0798)
compute 0.636801231560974(0.420920044183731,1.05435299873352,0.293280273675919) (0.4213528,1.048113,0.2944772) (317.0842,18.11641,326.2328) (0.2725894,1.334525,-0.01476103) (325.207,13.63192,355.2494)
compute 0.212304222038015(0.421957492828369,1.05596137046814,0.292361497879028) (0.42092,1.054353,0.2932803) (316.2999,19.09703,325.6945) (0.280694,1.334516,-0.0217806) (323.5925,20.39332,351.5065)
compute 0.968069969270404(0.431535631418228,1.05471932888031,0.291703820228577) (0.4219575,1.055961,0.2923615) (315.5251,21.73335,324.5083) (0.2888037,1.333558,-0.02805807) (322.8325,26.38177,348.6115)
compute 1.46567904777(0.444812476634979,1.05549907684326,0.285544365644455) (0.4315356,1.054719,0.2917038) (314.835,26.37331,321.9506) (0.2923167,1.332764,-0.03349036) (322.1704,29.45917,347.1544)
compute 1.48739578884944(0.457950055599213,1.05197060108185,0.279528677463531) (0.4448125,1.055499,0.2855444) (314.5972,30.13075,320.1532) (0.2925403,1.33208,-0.03373435) (321.508,29.36047,347.4)
compute 1.10908606627409(0.46691969037056,1.04583311080933,0.277318686246872) (0.4579501,1.051971,0.2795287) (315.0505,32.10889,319.1509) (0.2926254,1.331508,-0.03291502) (320.8156,29.38151,347.509)
compute 0.492439937175411(0.470264792442322,1.04671370983124,0.273813754320145) (0.4669197,1.045833,0.2773187) (315.0744,33.48878,318.1441) (0.2916004,1.331936,-0.03315157) (321.1318,29.84406,347.321)
compute 0.112323047171966(0.471072882413864,1.0463684797287,0.273114144802094) (0.4702648,1.046714,0.2738138) (314.8749,33.75607,317.9379) (0.2874698,1.334635,-0.0326594) (318.3661,26.20803,348.9745)
compute 1.28737479939269(0.472236424684525,1.03560340404511,0.280077815055847) (0.4710729,1.046368,0.2731141) (314.7763,32.44197,318.9442) (0.279048,1.33689,-0.03777499) (316.824,21.30802,350.6853)
compute 1.17529106171604(0.46545797586441,1.03213429450989,0.289030402898788) (0.4722364,1.035603,0.2800778) (315.7557,28.3004,320.6273) (0.2752454,1.334328,-0.03694166) (319.4567,17.16136,352.7622)
compute 1.70186695413516(0.448572367429733,1.03398525714874,0.290072172880173) (0.465458,1.032134,0.2890304) (315.9347,24.67757,320.526) (0.2750964,1.333324,-0.03343134) (320.1875,14.60913,353.6474)
compute 1.65419549077845(0.432102382183075,1.03317105770111,0.291380971670151) (0.4485724,1.033985,0.2900722) (317.9996,21.24523,321.3342) (0.2744989,1.337,-0.0368206) (317.7045,12.75847,353.9545)
compute 0.973321805603712(0.422780841588974,1.0306783914566,0.292658090591431) (0.4321024,1.033171,0.291381) (319.575,19.34636,321.1675) (0.2758174,1.3368,-0.04088604) (316.9303,11.85026,353.4411)
compute 0.413436102104116(0.419480830430985,1.02827894687653,0.291990607976913) (0.4227808,1.030678,0.2926581) (319.2748,18.93503,321.0986) (0.2769127,1.33686,-0.04412315) (316.6512,11.35827,353.563)
compute 0.354801576046278(0.417241126298904,1.02680623531342,0.28966611623764) (0.4194808,1.028279,0.2919906) (318.1227,18.78937,320.7036) (0.2775882,1.336978,-0.04691691) (316.5387,10.6724,353.4534)
compute 0.236553648187403(0.414881646633148,1.02666473388672,0.289573401212692) (0.4172411,1.026806,0.2896661) (317.8729,18.46851,320.7673) (0.2770871,1.337342,-0.04830079) (316.4981,10.07486,353.7946)
compute 0.271279079786609(0.413679569959641,1.02659904956818,0.292004436254501) (0.4148816,1.026665,0.2895734) (317.7245,18.04018,320.8384) (0.2768512,1.337184,-0.04804381) (316.2969,9.947515,353.6259)
compute 0.304076265891158(0.412615239620209,1.02598345279694,0.294785529375076) (0.4136796,1.026599,0.2920044) (317.6071,17.83406,320.8924) (0.2758183,1.338121,-0.04837411) (315.7186,9.236718,353.9354)
compute 0.607736818987338(0.408307641744614,1.02783763408661,0.29865089058876) (0.4126152,1.025983,0.2947855) (318.0925,17.10447,321.3905) (0.2736996,1.339407,-0.05017713) (315.4321,8.347047,354.1021)
compute 0.790194891407198(0.401987195014954,1.03161251544952,0.301521956920624) (0.4083076,1.027838,0.2986509) (318.4326,16.33194,321.7185) (0.2734779,1.3395,-0.05145812) (315.0613,7.444574,354.5696)
compute 0.472007971708774(0.397983729839325,1.03251397609711,0.303854078054428) (0.4019872,1.031613,0.301522) (318.2047,15.11704,322.214) (0.2717972,1.339244,-0.05118817) (314.7697,6.32564,355.0837)
compute 0.482450360221892(0.394332617521286,1.03362143039703,0.306806832551956) (0.3979837,1.032514,0.3038541) (317.9379,14.47044,322.2776) (0.2721987,1.338962,-0.05336461) (315.0989,5.511895,355.4439)
compute 0.579066104557108(0.390008270740509,1.03713428974152,0.30838531255722) (0.3943326,1.033621,0.3068068) (317.7009,14.09289,321.5682) (0.274901,1.336703,-0.05185267) (316.3055,5.667029,354.8904)
compute 0.428197234122773(0.389300763607025,1.04134154319763,0.30875101685524) (0.3900083,1.037134,0.3083853) (317.3908,14.39675,320.8923) (0.2793028,1.336125,-0.0501768) (316.0128,6.31987,353.9784)
compute 0.140926822086961(0.390237241983414,1.04239451885223,0.308767974376678) (0.3893008,1.041342,0.308751) (317.1861,14.88505,320.6341) (0.282272,1.336084,-0.04994783) (315.9601,5.922377,353.8636)
compute 0.16142763811022(0.390882313251495,1.04116332530975,0.30958890914917) (0.3902372,1.042395,0.308768) (317.9211,14.87529,320.5277) (0.2834306,1.336004,-0.0492857) (315.655,4.785507,354.3474)
compute 0.558211500006079(0.391103446483612,1.03868865966797,0.314587622880936) (0.3908823,1.041163,0.3095889) (318.6162,14.75734,320.3293) (0.2849055,1.336295,-0.04842969) (315.345,3.330623,354.946)
compute 1.07496069104154(0.391424000263214,1.03053545951843,0.321585953235626) (0.3911034,1.038689,0.3145876) (319.8058,14.1931,321.1199) (0.285983,1.336765,-0.04626254) (315.5933,2.349439,355.1919)
compute 1.57382840276977(0.401612997055054,1.02100932598114,0.328875035047531) (0.391424,1.030535,0.321586) (321.4117,14.9018,321.7228) (0.2907886,1.337091,-0.04373734) (316.2626,2.472565,355.0161)
compute 4.06837956285083(0.43952539563179,1.03340399265289,0.336887121200562) (0.401613,1.021009,0.328875) (320.2664,23.355,317.3461) (0.295802,1.336757,-0.04335686) (316.1928,2.874941,354.8228)
compute 5.77924768878881(0.491996049880981,1.05762231349945,0.336363911628723) (0.4395254,1.033404,0.3368871) (320.6764,42.48724,304.3693) (0.2981027,1.336897,-0.04185048) (316.7863,2.93379,354.6884)
compute 7.94153746743161(0.565252125263214,1.08765387535095,0.330162733793259) (0.491996,1.057622,0.3363639) (323.2892,62.19234,292.9677) (0.2983274,1.337446,-0.04192093) (317.2828,2.684002,355.1455)
compute 5.7910352313243(0.59563535451889,1.12105667591095,0.293903648853302) (0.5652521,1.087654,0.3301627) (323.3187,77.13364,285.0343) (0.2962202,1.337513,-0.04188143) (317.1897,2.326962,355.7491)
compute 10.8295037487528(0.587982356548309,1.19524240493774,0.215381518006325) (0.5956354,1.121057,0.2939036) (320.6367,90.04204,272.7897) (0.2907826,1.338919,-0.04058485) (317.9489,1.220479,356.8177)
compute 9.13740103916544(0.594291150569916,1.27866494655609,0.178637966513634) (0.5879824,1.195242,0.2153815) (319.4197,107.3995,254.4305) (0.2882537,1.339806,-0.03729891) (318.7848,359.5001,357.668)
compute 5.87716928392947(0.624187171459198,1.32706105709076,0.163867846131325) (0.5942912,1.278665,0.178638) (323.0857,118.9586,240.0417) (0.2905984,1.339765,-0.03408359) (318.7451,358.6319,358.1904)
compute 5.87773022140314(0.640882551670074,1.38110613822937,0.147893965244293) (0.6241872,1.327061,0.1638678) (326.6548,125.5996,230.656) (0.2949503,1.340146,-0.03059534) (319.4043,358.3822,358.3337)
compute 7.71051074511539(0.629455506801605,1.457359790802,0.147863820195198) (0.6408826,1.381106,0.147894) (324.5043,124.791,225.1541) (0.2965181,1.340383,-0.0280368) (319.8329,358.2828,358.4944)
compute 9.98725811392471(0.585729420185089,1.54495811462402,0.167589321732521) (0.6294555,1.45736,0.1478638) (316.6493,121.2968,223.1971) (0.2870446,1.339912,-0.02537886) (320.7408,356.761,358.4883)
compute 10.8083885583936(0.529000222682953,1.62535297870636,0.212317287921906) (0.5857294,1.544958,0.1675893) (306.001,114.4128,226.4018) (0.270854,1.33176,-0.02328688) (322.6867,356.1433,357.8422)
compute 9.72510021266939(0.454810053110123,1.67083990573883,0.255728304386139) (0.5290002,1.625353,0.2123173) (296.873,104.0925,233.8775) (0.2443614,1.329773,-0.02320071) (323.0821,357.2576,356.8455)
compute 11.6690505928595(0.356239855289459,1.71047163009644,0.30399751663208) (0.4548101,1.67084,0.2557283) (285.0424,81.31271,258.4364) (0.2191385,1.333258,-0.0200234) (322.8336,357.5605,355.5902)
compute 12.3440289588081(0.261261254549026,1.74195551872253,0.376284003257751) (0.3562399,1.710472,0.3039975) (282.472,359.2713,348.7587) (0.19613,1.336872,-0.009068138) (323.4669,357.3664,354.9326)
compute 9.38850002930051(0.203580960631371,1.75813269615173,0.448572844266891) (0.2612613,1.741956,0.376284) (290.855,352.9386,352.8186) (0.1822402,1.347335,0.004059614) (323.1752,353.8007,356.611)
compute 8.79316512494874(0.172723114490509,1.72157084941864,0.522349536418915) (0.203581,1.758133,0.4485728) (296.959,353.6965,350.0122) (0.1794919,1.34909,0.0218186) (322.203,347.9639,358.3508)
compute 10.6453499948814(0.19214540719986,1.66954576969147,0.613170862197876) (0.1727231,1.721571,0.5223495) (301.5574,355.2748,349.7058) (0.1818907,1.348136,0.0370316) (322.6311,341.9013,0.9960245)
compute 7.98591917874986(0.201129376888275,1.62703347206116,0.680174469947815) (0.1921454,1.669546,0.6131709) (306.0752,358.7858,344.7452) (0.1903392,1.347114,0.04689872) (322.077,336.7681,2.369724)
compute 14.9960352208822(0.152289137244225,1.68559622764587,0.551049947738647) (0.2011294,1.627033,0.6801745) (302.5945,355.8726,345.1259) (0.2041086,1.340891,0.05445649) (322.5965,334.3141,3.401626)
compute 10.5322381485225(0.173805639147758,1.75190424919128,0.472100019454956) (0.1522891,1.685596,0.5510499) (291.9103,1.576792,340.6164) (0.2139938,1.340446,0.06115728) (322.8485,332.8491,4.062743)
compute 19.7666466183408(0.298849999904633,1.84758257865906,0.352594375610352) (0.1738056,1.751904,0.4721) (295.0348,97.60455,235.0862) (0.2171433,1.340289,0.06602986) (322.5593,331.2202,4.953683)
compute 9.66570938617115(0.370045363903046,1.87980997562408,0.295715481042862) (0.29885,1.847583,0.3525944) (303.5726,107.3056,226.277) (0.2178869,1.340171,0.06857572) (323.4547,332.2572,3.97159)
compute 1.98906843040408(0.388396501541138,1.87907791137695,0.288077473640442) (0.3700454,1.87981,0.2957155) (309.1054,104.3913,224.3354) (0.2042552,1.337967,0.06190365) (322.6324,335.2284,3.690489)
compute 15.2575223030898(0.359892606735229,1.77896571159363,0.399631381034851) (0.3883965,1.879078,0.2880775) (313.7438,104.4296,223.7848) (0.1780858,1.332839,0.04974408) (322.6077,337.0115,4.039367)
compute 6.11247749837052(0.337525933980942,1.79848074913025,0.346197932958603) (0.3598926,1.778966,0.3996314) (311.474,109.0841,214.8025) (0.1453567,1.333891,0.04009655) (322.1712,337.9447,3.754704)
compute 17.3222410799412(0.169629827141762,1.80511736869812,0.304092615842819) (0.3375259,1.798481,0.3461979) (296.1619,120.3496,193.9489) (0.1128762,1.336284,0.03632351) (322.2759,337.4674,4.336069)
compute 27.5654060709627(-0.0797725096344948,1.77594399452209,0.417813986539841) (0.1696298,1.805117,0.3040926) (292.153,306.5256,24.99649) (0.07538481,1.341198,0.03775786) (324.0599,335.3386,5.752182)
compute 19.4721813552128(-0.191521346569061,1.66177272796631,0.529141008853912) (-0.07977251,1.775944,0.417814) (315.4056,322.6801,19.36395) (0.04014488,1.344874,0.04384605) (324.8673,329.9325,6.345204)
compute 9.44370472039496(-0.222602963447571,1.61125266551971,0.602625787258148) (-0.1915213,1.661773,0.529141) (317.8651,332.071,15.75688) (0.01467818,1.339701,0.05962797) (329.747,325.264,7.738487)
compute 3.60659768383572(-0.230234608054161,1.57797348499298,0.614245116710663) (-0.222603,1.611253,0.6026258) (325.5498,321.0374,31.70924) (0.009597555,1.339056,0.05887277) (330.2974,332.9669,7.051061)
compute 13.4330813157389(-0.125582218170166,1.63743436336517,0.554604113101959) (-0.2302346,1.577973,0.6142451) (298.0659,311.9829,32.5201) (0.01963746,1.34591,0.05212848) (326.8878,341.2758,4.956583)
compute 13.0605755949226(-0.0116649204865098,1.69409835338593,0.525109946727753) (-0.1255822,1.637434,0.5546041) (277.648,282.4865,68.27753) (0.02206251,1.34739,0.04801005) (326.9091,343.5414,3.697387)
compute 7.16252911556814(0.0531874001026154,1.71429419517517,0.547836303710938) (-0.01166492,1.694098,0.5251099) (280.0301,31.01481,318.0723) (0.02674514,1.350284,0.04826482) (327.6728,345.5771,3.489684)
compute 12.5914312450777(0.00827069859951735,1.65675413608551,0.650432825088501) (0.0531874,1.714294,0.5478363) (301.7058,2.566101,343.1122) (0.03809847,1.346817,0.04779691) (326.5693,348.0839,3.585773)
compute 9.76471071487685(-0.0171264875680208,1.57245314121246,0.692661762237549) (0.008270699,1.656754,0.6504328) (326.7405,353.5021,347.4539) (0.06232462,1.340329,0.03518606) (326.782,355.6697,1.04938)
compute 9.3015749471007(0.0420977734029293,1.53910577297211,0.629160821437836) (-0.01712649,1.572453,0.6926618) (319.8229,339.5417,356.2507) (0.08241355,1.336897,0.01310432) (325.4641,1.098015,359.376)
compute 16.2344242940045(0.192588061094284,1.54252636432648,0.568360924720764) (0.04209777,1.539106,0.6291608) (302.8117,354.8752,342.0815) (0.1089706,1.334429,0.002736741) (322.3717,5.326991,357.1005)
compute 13.8116757669514(0.328699141740799,1.55060124397278,0.590379297733307) (0.1925881,1.542526,0.5683609) (301.7348,35.57561,304.3931) (0.1431705,1.335856,0.00614933) (320.9296,4.276695,356.8218)
compute 12.8127343875495(0.341700851917267,1.50418198108673,0.709092497825623) (0.3286991,1.550601,0.5903793) (333.0656,14.05265,332.4099) (0.1867315,1.336737,0.02400808) (322.8208,5.20315,354.2993)
compute 14.0246103941831(0.321206241846085,1.60357081890106,0.612289607524872) (0.3417009,1.504182,0.7090925) (306.2687,10.50083,327.1175) (0.2134278,1.334656,0.035589) (322.5199,4.261727,352.5375)
compute 12.2927037861629(0.293923735618591,1.69963920116425,0.540612637996674) (0.3212062,1.603571,0.6122896) (287.1882,14.11024,329.8549) (0.2264072,1.341468,0.04159085) (321.7799,0.2456161,355.02)
compute 5.52547248961496(0.275108605623245,1.75111138820648,0.54766172170639) (0.2939237,1.699639,0.5406126) (289.9205,22.36113,325.3869) (0.2322541,1.344666,0.04736798) (322.2475,355.7185,356.8032)
compute 12.6649660716488(0.289709717035294,1.66821396350861,0.642292380332947) (0.2751086,1.751111,0.5476617) (301.9589,8.493999,352.6628) (0.2385497,1.344972,0.04286546) (321.3827,353.969,358.403)
compute 8.30351772045706(0.278492271900177,1.5862067937851,0.648913085460663) (0.2897097,1.668214,0.6422924) (303.4126,4.291381,346.1181) (0.2483846,1.337588,0.02878138) (323.7095,1.502575,353.2622)
compute 18.716183327(0.416039288043976,1.54744505882263,0.528049945831299) (0.2784923,1.586207,0.6489131) (293.9893,34.76497,309.6177) (0.2590286,1.334328,0.01515155) (321.4981,8.604803,350.0542)
compute 22.9195444165821(0.593470275402069,1.43417680263519,0.618709206581116) (0.4160393,1.547445,0.5280499) (317.8625,52.29978,292.6194) (0.2753229,1.330911,0.01177396) (324.3281,10.68519,348.3627)
compute 8.7963327180127(0.673550665378571,1.45751893520355,0.590783894062042) (0.5934703,1.434177,0.6187092) (323.0007,45.72505,303.2388) (0.2800565,1.338265,0.01784105) (321.6008,10.72372,349.1216)
compute 11.6834520422524(0.679172575473785,1.56244349479675,0.539700269699097) (0.6735507,1.457519,0.5907839) (300.6782,60.13488,295.5053) (0.2863494,1.338684,0.02636588) (323.5958,9.698714,348.4052)
compute 7.75402345712919(0.676412582397461,1.57785058021545,0.61564427614212) (0.6791726,1.562443,0.5397003) (325.9741,42.0576,318.0515) (0.2677124,1.34163,0.02253903) (322.7989,359.046,352.7831)
compute 17.7036400427824(0.518831729888916,1.6237781047821,0.549305558204651) (0.6764126,1.577851,0.6156443) (310.2986,40.32698,286.9763) (0.2365962,1.337907,0.005304434) (321.5753,352.0699,355.2632)
compute 24.4722972768084(0.290710896253586,1.64304721355438,0.462824791669846) (0.5188317,1.623778,0.5493056) (281.7751,347.8038,347.8997) (0.2020772,1.334811,-0.01323893) (320.6787,345.5797,359.367)
compute 17.5575721678883(0.119322083890438,1.65475070476532,0.499097943305969) (0.2907109,1.643047,0.4628248) (289.4304,325.3017,9.874505) (0.1547502,1.336707,-0.0347361) (321.7267,336.2377,4.232753)
compute 13.6445738153431(0.0254437103867531,1.63889455795288,0.596836745738983) (0.1193221,1.654751,0.4990979) (309.8155,339.7312,6.021658) (0.1159069,1.335106,-0.05859794) (321.6965,333.0864,6.956277)
compute 5.74831040441465(0.0108889397233725,1.64959597587585,0.542266190052032) (0.02544371,1.638895,0.5968367) (301.6315,340.5113,353.6572) (0.09686258,1.337967,-0.074086) (319.6331,337.6623,6.035021)
compute 13.9029074323993(0.0970960035920143,1.68578147888184,0.439368009567261) (0.01088894,1.649596,0.5422662) (277.9421,330.919,7.703881) (0.08648595,1.346965,-0.08038118) (318.2722,347.8011,2.516203)
compute 13.0087989636659(0.215070456266403,1.70242631435394,0.387139052152634) (0.097096,1.685781,0.439368) (280.1263,67.89944,272.5908) (0.08449075,1.346448,-0.07018959) (318.4509,351.606,1.33549)
compute 9.30530886959306(0.291441917419434,1.71410775184631,0.43900254368782) (0.2150705,1.702426,0.3871391) (296.3053,55.81717,285.6366) (0.09345601,1.344676,-0.0558674) (318.5868,348.7684,2.883867)
compute 10.7298861344664(0.311590313911438,1.72645473480225,0.543666958808899) (0.2914419,1.714108,0.4390025) (308.1097,30.59298,326.3653) (0.1034594,1.347481,-0.04686677) (319.0754,345.9988,2.470386)
compute 10.4547528960813(0.207105442881584,1.72691190242767,0.547257125377655) (0.3115903,1.726455,0.543667) (306.1996,19.12926,304.5321) (0.08491722,1.339119,-0.05436248) (321.1554,334.0222,7.859633)
compute 22.8147949275998(0.00524255447089672,1.68310523033142,0.45038691163063) (0.2071054,1.726912,0.5472571) (289.6691,339.4442,345.6883) (0.05583516,1.329546,-0.06754576) (326.5358,319.5547,13.43429)
compute 24.073807345003(-0.202119693160057,1.59231626987457,0.368453502655029) (0.005242554,1.683105,0.4503869) (294.3673,301.017,13.07402) (0.02662484,1.326835,-0.0843668) (327.6225,313.5565,14.76183)
compute 24.7761182703856(-0.429612845182419,1.50205481052399,0.329913407564163) (-0.2021197,1.592316,0.3684535) (307.4167,288.376,25.30473) (-0.01552363,1.32108,-0.09224425) (330.5337,307.4894,15.89353)
compute 17.3024271878452(-0.586563110351563,1.44372129440308,0.373516321182251) (-0.4296128,1.502055,0.3299134) (317.3752,300.9441,20.79324) (-0.06458518,1.312857,-0.09775607) (333.7294,297.894,16.50165)
compute 11.2314143389535(-0.628842771053314,1.35736131668091,0.431558132171631) (-0.5865631,1.443721,0.3735163) (330.7657,318.0059,10.39398) (-0.08935276,1.298187,-0.1035644) (338.867,294.2639,14.48311)
compute 4.38551514412584(-0.64304518699646,1.31631433963776,0.437617123126984) (-0.6288428,1.357361,0.4315581) (336.1389,317.1393,8.48546) (-0.09396818,1.297471,-0.1093079) (338.8858,293.9882,15.23567)
compute 6.6054509073397(-0.617051303386688,1.37234616279602,0.414208769798279) (-0.6430452,1.316314,0.4376171) (322.4808,320.518,351.9785) (-0.09393811,1.30399,-0.09940213) (338.5468,298.4771,16.32342)
compute 9.23446621216368(-0.569343328475952,1.44708216190338,0.388401478528976) (-0.6170513,1.372346,0.4142088) (307.7449,321.0213,349.3687) (-0.09389739,1.309444,-0.07836905) (338.907,302.0693,17.17867)
compute 3.99853744608955(-0.5644850730896,1.48671722412109,0.390472561120987) (-0.5693433,1.447082,0.3884015) (305.785,320.6658,344.814) (-0.1007011,1.310823,-0.04120419) (338.493,302.1453,14.70632)
compute 8.29291996912771(-0.624602854251862,1.48837947845459,0.447571963071823) (-0.5644851,1.486717,0.3904726) (312.248,319.3195,352.307) (-0.1238784,1.307629,-0.002044742) (340.0707,298.2141,12.84767)
compute 11.6954144206697(-0.68899792432785,1.43224406242371,0.527449131011963) (-0.6246029,1.488379,0.447572) (324.4334,328.4647,345.4502) (-0.1546645,1.296979,0.04021223) (340.6412,291.8315,10.55251)
compute 13.382754999831(-0.748401343822479,1.32226610183716,0.575260162353516) (-0.6889979,1.432244,0.5274491) (336.4442,322.9805,352.1265) (-0.1775069,1.295342,0.07391904) (343.1003,292.2026,8.544274)
compute 3.98987553325351(-0.747227966785431,1.28241980075836,0.573584973812103) (-0.7484013,1.322266,0.5752602) (346.5967,316.7025,350.8381) (-0.1724275,1.311211,0.08417792) (339.4333,300.9246,12.65456)
compute 23.4975962727556(-0.632555544376373,1.47912788391113,0.515534400939941) (-0.747228,1.28242,0.573585) (315.9356,309.8381,356.0141) (-0.1368057,1.334336,0.08194367) (328.744,309.7107,13.85416)
compute 22.9387215319038(-0.47673562169075,1.6461364030838,0.494396716356277) (-0.6325555,1.479128,0.5155344) (291.6087,325.3917,342.3485) (-0.117934,1.338776,0.08164711) (326.6908,311.6846,11.7975)
compute 7.5255740140954(-0.44345760345459,1.69509565830231,0.540861666202545) (-0.4767356,1.646136,0.4943967) (296.0931,344.4505,328.5157) (-0.1109561,1.34343,0.08713986) (325.2894,311.2884,10.1653)
compute 13.5048187943077(-0.50039529800415,1.64442765712738,0.65234649181366) (-0.4434576,1.695096,0.5408617) (319.9705,339.5742,348.4022) (-0.1119945,1.345947,0.08882336) (323.0225,307.938,10.99601)
compute 3.82684005261992(-0.517262876033783,1.61113262176514,0.643896877765656) (-0.5003953,1.644428,0.6523465) (325.6555,335.3965,332.5324) (-0.1197077,1.339072,0.08401778) (323.4753,311.656,9.472817)
compute 12.6495672349216(-0.456743508577347,1.67977476119995,0.556565225124359) (-0.5172629,1.611133,0.6438969) (300.4872,331.6669,340.7722) (-0.1308993,1.341287,0.08485191) (321.4773,313.3224,10.31543)
compute 8.83021139628193(-0.409568876028061,1.7184145450592,0.492699861526489) (-0.4567435,1.679775,0.5565652) (287.3828,330.6259,338.9403) (-0.1459948,1.342668,0.0877932) (322.1875,314.1876,10.1976)
compute 2.27786977087853(-0.399118274450302,1.73039996623993,0.476390242576599) (-0.4095689,1.718415,0.4926999) (282.0967,341.4436,330.5688) (-0.1510329,1.342097,0.09155068) (321.8545,313.9706,11.01556)
compute 5.7288018750612(-0.419709831476212,1.74919211864471,0.526437819004059) (-0.3991183,1.7304,0.4763902) (290.7798,345.7439,329.6295) (-0.1521949,1.345815,0.09865756) (321.9103,313.5107,11.3423)
compute 9.66934940845471(-0.437345206737518,1.75754034519196,0.621142268180847) (-0.4197098,1.749192,0.5264378) (303.7016,353.2224,329.2397) (-0.1527943,1.349485,0.104338) (321.6247,313.7564,11.2488)
compute 7.63324628939185(-0.468795835971832,1.70138919353485,0.662185549736023) (-0.4373452,1.75754,0.6211423) (317.1652,340.8768,341.0647) (-0.144796,1.350243,0.1008896) (323.0226,313.6871,13.35499)
compute 5.83478088664304(-0.479049414396286,1.64987647533417,0.636773526668549) (-0.4687958,1.701389,0.6621855) (317.7594,327.3168,344.497) (-0.1142354,1.3441,0.09945069) (321.576,321.7583,9.777595)
compute 9.3832832331958(-0.426100879907608,1.64047944545746,0.559879124164581) (-0.4790494,1.649876,0.6367735) (310.4154,311.8873,358.5732) (-0.08840584,1.343482,0.08201487) (317.7125,331.094,6.948611)
compute 11.2339012855212(-0.358040153980255,1.62139499187469,0.472566038370132) (-0.4261009,1.640479,0.5598791) (304.6406,294.4842,14.65463) (-0.05631667,1.344663,0.05914511) (314.2444,341.5774,2.747261)
compute 8.7784975202478(-0.302836924791336,1.59878540039063,0.408164083957672) (-0.3580402,1.621395,0.472566) (300.5304,278.0457,34.77798) (-0.03244198,1.339227,0.03034923) (314.2168,350.5925,358.6854)
compute 6.64310013615045(-0.248580306768417,1.58482301235199,0.372466057538986) (-0.3028369,1.598785,0.4081641) (298.432,278.1715,37.39783) (-0.01765238,1.333697,0.0007098215) (315.1232,356.1128,358.2632)
compute 7.232007238998(-0.176933839917183,1.58941638469696,0.363755285739899) (-0.2485803,1.584823,0.3724661) (292.7329,284.8322,35.72963) (-0.004984632,1.343383,-0.02014358) (315.1675,355.0174,0.5897399)
compute 9.96710300466083(-0.0867207646369934,1.62749588489532,0.38235279917717) (-0.1769338,1.589416,0.3637553) (286.8711,319.8918,9.415051) (0.01195634,1.347529,-0.02999303) (315.0887,355.9612,0.3531468)
compute 10.0202699200751(-0.0138639099895954,1.69547963142395,0.392872750759125) (-0.08672076,1.627496,0.3823528) (283.9009,7.593032,329.8542) (0.03153003,1.34839,-0.02932876) (316.045,355.3528,359.8201)
compute 6.79697982948638(0.0314523801207542,1.74609315395355,0.395017206668854) (-0.01386391,1.69548,0.3928728) (287.9805,48.11193,292.6966) (0.05980722,1.347148,-0.0191488) (316.0557,356.5404,357.3774)
compute 8.16904367001971(0.110079243779182,1.7634664773941,0.408776253461838) (0.03145238,1.746093,0.3950172) (292.3056,61.31162,282.1551) (0.08622055,1.34314,-0.001818637) (315.4432,355.342,357.4591)
compute 10.573014628281(0.190655887126923,1.74921762943268,0.475733250379562) (0.1100792,1.763466,0.4087763) (297.9581,61.26183,285.5531) (0.111727,1.342088,0.02151658) (315.8687,352.7149,359.26)
compute 13.5219133689036(0.23351077735424,1.68015789985657,0.58380001783371) (0.1906559,1.749218,0.4757333) (304.538,48.46183,297.8073) (0.1381671,1.339517,0.04296299) (316.5732,350.1767,0.1439093)
compute 8.01998834831836(0.22172786295414,1.63122320175171,0.646238625049591) (0.2335108,1.680158,0.5838) (304.8168,37.82207,312.2353) (0.152436,1.340031,0.05502255) (316.8793,344.9379,2.506077)
compute 6.31642940968228(0.178213730454445,1.60349667072296,0.682673335075378) (0.2217279,1.631223,0.6462386) (306.0382,22.81329,325.6765) (0.1689009,1.34258,0.06945535) (317.9589,340.4308,3.69191)
compute 1.7352348569469(0.184299618005753,1.60195696353912,0.698850333690643) (0.1782137,1.603497,0.6826733) (304.9981,23.16001,324.5377) (0.1873018,1.344672,0.07636835) (320.0422,340.3315,3.04265)
compute 4.11249681122226(0.170652091503143,1.56317365169525,0.699779212474823) (0.1842996,1.601957,0.6988503) (302.6761,12.02983,339.5968) (0.213282,1.344332,0.07367548) (321.4296,348.5317,359.2502)
compute 20.7620337339018(0.209281638264656,1.68313050270081,0.534781277179718) (0.1706521,1.563174,0.6997792) (287.3699,28.58001,313.0566) (0.2268349,1.336015,0.06448673) (322.397,355.0273,356.189)
compute 10.7099785550025(0.3137586414814,1.70072460174561,0.55044549703598) (0.2092816,1.683131,0.5347813) (306.6154,47.36635,288.022) (0.2316972,1.336279,0.04860157) (321.9135,352.3025,357.4924)
compute 19.7018872112257(0.220677152276039,1.55435466766357,0.643869876861572) (0.3137586,1.700725,0.5504455) (321.0235,23.34916,306.8132) (0.2148275,1.336539,0.02741127) (319.0855,340.7927,1.220052)
compute 15.660344683639(0.141777455806732,1.65180480480194,0.550045847892761) (0.2206772,1.554355,0.6438699) (297.2691,355.4595,326.7559) (0.1882011,1.339949,0.003976447) (316.2186,329.749,7.76558)
compute 14.3708767040915(0.0415683761239052,1.68754076957703,0.453436881303787) (0.1417775,1.651805,0.5500458) (289.9806,312.0889,13.95006) (0.1601274,1.332563,-0.01512595) (317.2853,325.9382,11.59997)
compute 19.9225095409193(-0.131972178816795,1.68948209285736,0.355607718229294) (0.04156838,1.687541,0.4534369) (294.606,297.8252,30.4434) (0.115188,1.321208,-0.03628579) (318.1808,322.7711,14.67248)
compute 11.7212402401372(-0.246293410658836,1.68766260147095,0.329798936843872) (-0.1319722,1.689482,0.3556077) (297.11,297.6167,38.9781) (0.06687449,1.319811,-0.0534237) (319.0313,320.6519,15.2863)
compute 7.46749380250668(-0.316375494003296,1.68605923652649,0.355533689260483) (-0.2462934,1.687663,0.3297989) (300.4937,312.4454,25.40739) (0.02215356,1.322728,-0.06602549) (320.3457,319.0333,14.75375)
compute 4.8997650765657(-0.336605727672577,1.68497562408447,0.400146842002869) (-0.3163755,1.686059,0.3555337) (302.4139,326.7415,10.47114) (-0.008384347,1.3349,-0.07281476) (321.1638,318.1429,13.55904)
compute 5.89449836932843(-0.340781897306442,1.68655204772949,0.458922564983368) (-0.3366057,1.684976,0.4001468) (306.3395,340.5656,354.242) (-0.0365017,1.346947,-0.07302295) (321.5032,318.5443,12.81136)
compute 3.60886598291722(-0.358962535858154,1.69021153450012,0.489881634712219) (-0.3407819,1.686552,0.4589226) (304.5244,338.5219,359.1626) (-0.06585581,1.347527,-0.06238449) (322.8448,315.2581,15.12401)
compute 5.52071351659676(-0.386274695396423,1.67663443088531,0.535898327827454) (-0.3589625,1.690212,0.4898816) (308.0582,340.553,356.4134) (-0.08417197,1.34475,-0.03842976) (325.1701,311.4582,14.62952)
compute 5.82888249998217(-0.425268322229385,1.65197229385376,0.571519434452057) (-0.3862747,1.676634,0.5358983) (312.9291,338.0721,352.2296) (-0.08352657,1.339731,-0.01350248) (324.4934,309.0611,13.92891)
compute 5.48775037698462(-0.462475329637527,1.63007760047913,0.605398654937744) (-0.4252683,1.651972,0.5715194) (316.2863,335.1556,353.3343) (-0.08175889,1.335881,0.008850914) (323.8328,306.4396,12.22011)
compute 4.57384505143738(-0.484854847192764,1.60796737670898,0.638599574565887) (-0.4624753,1.630078,0.6053987) (319.8314,334.1775,354.2973) (-0.08099334,1.339692,0.02196923) (320.9951,303.7161,11.48315)
compute 2.4540136603295(-0.488049983978271,1.62396633625031,0.620268106460571) (-0.4848548,1.607967,0.6385996) (319.2089,337.8358,342.7968) (-0.09244989,1.339836,0.03160022) (320.0515,298.9789,12.63937)
compute 14.097063108935(-0.493148386478424,1.70273125171661,0.50346565246582) (-0.48805,1.623966,0.6202681) (301.0557,322.8686,351.8093) (-0.1007214,1.343064,0.04197558) (320.1179,300.3371,11.2519)
compute 11.0819926581444(-0.489217907190323,1.76155745983124,0.409630239009857) (-0.4931484,1.702731,0.5034657) (288.0172,311.371,1.347136) (-0.1095166,1.342995,0.04816602) (320.4398,300.8797,11.21487)
compute 4.25159584764124(-0.499843031167984,1.79128444194794,0.38115182518959) (-0.4892179,1.761557,0.4096302) (287.0537,313.9542,359.429) (-0.1156632,1.343756,0.04821308) (320.7221,299.7284,12.26617)
compute 2.15137904311314(-0.52086341381073,1.79388308525085,0.377379059791565) (-0.499843,1.791284,0.3811518) (291.0992,319.6523,352.8941) (-0.1224798,1.344604,0.04785096) (321.0981,298.9985,12.57568)
compute 3.12842329646333(-0.542600512504578,1.77863693237305,0.393924653530121) (-0.5208634,1.793883,0.3773791) (296.7553,324.0142,347.9221) (-0.1268879,1.346215,0.05504613) (322.4901,298.3371,12.67938)
compute 5.6538262424294(-0.565393447875977,1.74224901199341,0.430707484483719) (-0.5426005,1.778637,0.3939247) (302.7125,329.1083,335.9036) (-0.129558,1.346111,0.07008053) (323.9868,298.4146,11.75519)
compute 9.10272329670582(-0.607270181179047,1.68539619445801,0.488153576850891) (-0.5653934,1.742249,0.4307075) (310.4017,327.3548,337.6392) (-0.13845,1.345023,0.08665566) (325.3234,296.6476,10.71894)
compute 8.30256542745065(-0.597261130809784,1.60352897644043,0.497684419155121) (-0.6072702,1.685396,0.4881536) (315.5651,328.1328,335.4004) (-0.1537964,1.345313,0.1009779) (327.3817,295.1404,9.958274)
compute 4.01572637044646(-0.597983658313751,1.5635666847229,0.501570165157318) (-0.5972611,1.603529,0.4976844) (317.5578,328.306,337.606) (-0.1733273,1.344807,0.117877) (330.2548,293.5698,8.111439)
compute 8.68395006482502(-0.663723349571228,1.58392441272736,0.554531991481781) (-0.5979837,1.563567,0.5015702) (316.6591,326.294,341.4572) (-0.1837683,1.344663,0.1252389) (331.5698,292.1181,7.72816)
compute 6.25203581891951(-0.707475185394287,1.59393441677094,0.598056375980377) (-0.6637233,1.583924,0.554532) (317.8143,325.6198,346.1444) (-0.191946,1.343636,0.1316985) (333.3899,290.9611,6.988548)
compute 1.92334105263878(-0.716013431549072,1.58861100673676,0.614447951316834) (-0.7074752,1.593934,0.5980564) (318.9297,326.365,344.3827) (-0.1908212,1.338782,0.1340617) (334.7368,291.1535,6.330555)
compute 2.18415364857429(-0.703197419643402,1.57178688049316,0.619902431964874) (-0.7160134,1.588611,0.614448) (319.35,325.1555,346.8723) (-0.1707376,1.335434,0.1321972) (333.6073,293.4085,6.525891)
compute 2.21058197912622(-0.684261977672577,1.56047558784485,0.621375858783722) (-0.7031974,1.571787,0.6199024) (318.0082,326.9536,343.5571) (-0.155967,1.33416,0.1267081) (334.8833,293.8445,6.33669)
compute 3.78505045089802(-0.694505095481873,1.52437174320221,0.626300454139709) (-0.684262,1.560476,0.6213759) (316.8643,323.8662,344.407) (-0.1411454,1.331855,0.1209472) (330.6973,297.0048,2.073974)
compute 4.59261788324932(-0.662367045879364,1.53133916854858,0.59424090385437) (-0.6945051,1.524372,0.6263005) (310.4569,326.0737,336.0693) (-0.133968,1.340061,0.1011334) (325.0332,296.088,8.123268)
compute 13.3184806734496(-0.599519848823547,1.605015873909,0.502806961536407) (-0.662367,1.531339,0.5942409) (301.0035,308.8779,350.5639) (-0.1201029,1.350156,0.09049827) (320.9383,303.1981,5.503961)
compute 15.4028590590446(-0.503020823001862,1.67672348022461,0.406522154808044) (-0.5995198,1.605016,0.502807) (289.287,281.6365,20.37432) (-0.1042338,1.34673,0.06873397) (316.1375,317.0934,6.498276)
compute 11.4900775206562(-0.422359049320221,1.693474650383,0.326426804065704) (-0.5030208,1.676723,0.4065222) (287.9298,252.1353,59.6395) (-0.0838158,1.344139,0.03644977) (312.4597,327.0926,3.304789)
compute 3.94586555713909(-0.392506629228592,1.67948687076569,0.304743617773056) (-0.422359,1.693475,0.3264268) (293.2781,248.5715,71.07226) (-0.07541442,1.334061,0.008491767) (313.3319,332.0028,1.941168)
compute 2.48002628040437(-0.386693000793457,1.66335117816925,0.322657138109207) (-0.3925066,1.679487,0.3047436) (292.8665,274.5848,46.22783) (-0.07217881,1.331923,-0.009127631) (318.0483,336.2403,359.3224)
compute 7.97466465083638(-0.341275155544281,1.61534833908081,0.367294281721115) (-0.386693,1.663351,0.3226571) (283.4198,303.1564,19.75572) (-0.06582443,1.339685,-0.01649695) (322.3947,341.187,355.909)
compute 19.9484551341744(-0.220138475298882,1.49277353286743,0.46777018904686) (-0.3412752,1.615348,0.3672943) (291.2822,11.40041,309.1119) (-0.06376881,1.333176,-0.01096625) (327.8166,345.0887,356.4187)
compute 14.2900857238836(-0.142803654074669,1.42556738853455,0.567386031150818) (-0.2201385,1.492774,0.4677702) (302.369,4.763036,327.5385) (-0.05348573,1.325253,0.01248175) (324.2947,344.8775,355.2522)
compute 14.5941182780427(-0.0472912043333054,1.49532902240753,0.652881741523743) (-0.1428037,1.425567,0.567386) (305.5158,25.79948,307.6786) (-0.04607485,1.328492,0.0450638) (323.8379,345.6493,353.9574)
compute 3.13935257459807(-0.0227769054472446,1.51448440551758,0.648677706718445) (-0.0472912,1.495329,0.6528817) (307.9489,27.9677,310.773) (-0.04695485,1.333208,0.06776718) (326.0999,347.223,353.8953)
compute 10.9827398645637(-0.0513304099440575,1.47508311271667,0.550218105316162) (-0.02277691,1.514484,0.6486777) (299.6992,46.31993,275.5308) (-0.0572262,1.328574,0.07513155) (323.1679,340.5305,358.1864)
compute 16.6170696079258(-0.209372609853745,1.460533618927,0.500987231731415) (-0.05133041,1.475083,0.5502181) (288.5974,4.589326,302.3024) (-0.08655145,1.329279,0.05729206) (322.153,324.4391,4.072469)
compute 18.6052874455523(-0.391962736845016,1.476158618927,0.468856573104858) (-0.2093726,1.460534,0.5009872) (296.3715,308.5136,352.7763) (-0.1197258,1.325307,0.03765274) (323.3984,317.7043,7.599923)
compute 16.6347685195335(-0.548094749450684,1.49579203128815,0.414922565221787) (-0.3919627,1.476159,0.4688566) (301.5461,296.6893,9.112321) (-0.1615646,1.318447,0.0193876) (323.8075,315.1519,7.925837)
compute 11.6356396267422(-0.660835206508636,1.50537884235382,0.387784153223038) (-0.5480947,1.495792,0.4149226) (305.4979,297.4529,19.97438) (-0.2067687,1.316463,0.002192647) (325.4295,313.01,8.779407)
compute 6.9226230860276(-0.724395751953125,1.5207622051239,0.410492748022079) (-0.6608352,1.505379,0.3877842) (308.9255,308.412,8.975917) (-0.2398632,1.326176,-0.002136127) (326.6215,311.5168,8.118121)
compute 6.01709902351995(-0.758630454540253,1.51965796947479,0.459963083267212) (-0.7243958,1.520762,0.4104927) (313.2529,317.6582,357.2452) (-0.262573,1.33171,-0.002120997) (327.9273,312.111,7.762744)
compute 5.55490732500571(-0.787973046302795,1.51586747169495,0.506977379322052) (-0.7586305,1.519658,0.4599631) (317.7743,316.4258,0.7622812) (-0.282755,1.334145,0.009249463) (327.979,310.2128,9.658261)
compute 6.11584610371562(-0.816041588783264,1.48753356933594,0.553342282772064) (-0.787973,1.515867,0.5069774) (326.5044,316.7884,357.8755) (-0.3000098,1.333513,0.03479369) (329.4717,307.1482,9.633157)
compute 4.4851218359586(-0.84623920917511,1.45678639411926,0.565765917301178) (-0.8160416,1.487534,0.5533423) (330.3832,310.7221,3.618689) (-0.3017931,1.324032,0.06430333) (330.511,304.5032,10.16045)
compute 2.58925090171954(-0.843651354312897,1.45859813690186,0.540066838264465) (-0.8462392,1.456786,0.5657659) (325.1843,303.4343,2.965773) (-0.2968289,1.332499,0.08663084) (329.2818,306.3845,10.19973)
compute 2.05958897276931(-0.83761191368103,1.45563507080078,0.520600557327271) (-0.8436514,1.458598,0.5400668) (324.6833,295.1779,8.328565) (-0.2922571,1.330753,0.09867069) (328.0826,307.8535,11.30833)
compute 7.26227238892494(-0.874847710132599,1.39564669132233,0.537599086761475) (-0.8376119,1.455635,0.5206006) (332.7536,296.4896,7.347278) (-0.2914631,1.328755,0.1088433) (327.9236,308.2906,9.986711)
compute 8.63074514268163(-0.918019652366638,1.32260715961456,0.553422689437866) (-0.8748477,1.395647,0.5375991) (346.2049,301.1813,4.951478) (-0.2979231,1.32813,0.1118373) (326.8535,308.5481,8.690397)
compute 2.41714651656162(-0.896057069301605,1.32308316230774,0.543339133262634) (-0.9180197,1.322607,0.5534227) (343.8319,302.5567,355.3344) (-0.3111184,1.326989,0.1074439) (327.945,311.4084,7.196953)
compute 19.1777197861493(-0.753307342529297,1.44133079051971,0.494160801172256) (-0.8960571,1.323083,0.5433391) (298.6416,299.7816,9.406349) (-0.32137,1.331523,0.1048662) (326.2662,315.5742,7.030632)
compute 15.0085881351425(-0.646107614040375,1.52100348472595,0.562617003917694) (-0.7533073,1.441331,0.4941608) (292.7618,346.2908,323.4432) (-0.3328564,1.335623,0.1116934) (326.9928,317.0608,6.312442)
compute 8.43224721364838(-0.635543763637543,1.5610044002533,0.636092245578766) (-0.6461076,1.521003,0.562617) (300.8329,353.0104,325.0155) (-0.339765,1.336397,0.1143279) (326.6869,318.4351,6.312613)
compute 2.63376729127089(-0.612809479236603,1.57341408729553,0.631314694881439) (-0.6355438,1.561004,0.6360922) (299.6041,0.2564422,316.3074) (-0.3420764,1.337492,0.1119854) (324.3972,320.8221,5.195852)
compute 8.18565488682615(-0.591662645339966,1.6520334482193,0.622811615467072) (-0.6128095,1.573414,0.6313147) (293.8369,357.63,326.1982) (-0.3408601,1.347541,0.113252) (322.7139,320.5846,5.213788)
compute 7.6778735103344(-0.602763473987579,1.72144019603729,0.653705775737762) (-0.5916626,1.652033,0.6228116) (298.0548,343.0734,348.4008) (-0.3344705,1.352382,0.1185414) (321.4724,321.2896,5.373446)
compute 0.764536367025728(-0.606017291545868,1.71595728397369,0.649486541748047) (-0.6027635,1.72144,0.6537058) (297.1503,347.1757,336.5435) (-0.3172024,1.349953,0.1135587) (321.7844,329.997,2.224578)
compute 12.7150775967926(-0.522709310054779,1.63682639598846,0.595031023025513) (-0.6060173,1.715957,0.6494865) (281.1997,4.306006,322.1444) (-0.2996025,1.339896,0.0965178) (319.5759,339.2068,358.7461)
compute 14.0489835711985(-0.392821311950684,1.61028492450714,0.641528904438019) (-0.5227093,1.636826,0.595031) (295.5098,26.07892,294.8163) (-0.2849598,1.340146,0.08207709) (316.7518,341.873,356.469)
compute 6.09351951760888(-0.348305344581604,1.62629985809326,0.679933965206146) (-0.3928213,1.610285,0.6415289) (303.9371,6.537237,326.5793) (-0.2675784,1.352191,0.05494959) (309.2379,345.5164,354.8336)
compute 14.9117847126378(-0.365365415811539,1.62661564350128,0.531795561313629) (-0.3483053,1.6263,0.679934) (285.484,332.8801,350.076) (-0.261047,1.348518,0.02504048) (311.4735,349.589,353.6314)
compute 12.8086792505147(-0.380443602800369,1.58689033985138,0.410961896181107) (-0.3653654,1.626616,0.5317956) (286.4133,285.572,34.21032) (-0.2442196,1.348109,0.007453741) (315.2382,359.2519,350.188)
compute 10.3725852610904(-0.381235212087631,1.53859150409698,0.319170564413071) (-0.3804436,1.58689,0.4109619) (292.4662,267.2849,50.30487) (-0.2256652,1.347823,-0.0004265374) (318.2188,7.122291,349.242)
compute 5.25846533590495(-0.369790971279144,1.50501954555511,0.28034919500351) (-0.3812352,1.538592,0.3191706) (294.6122,266.3053,49.85374) (-0.1958197,1.344491,-0.001691869) (322.2782,12.74348,348.0751)
compute 2.85120411718558(-0.357809901237488,1.4814293384552,0.269724100828171) (-0.369791,1.50502,0.2803492) (295.6392,270.9315,43.31264) (-0.1560558,1.339984,0.0006461823) (324.3446,17.33283,346.3005)
compute 2.73915416176423(-0.336852699518204,1.46379160881042,0.2696712911129) (-0.3578099,1.481429,0.2697241) (296.4752,270.7447,41.0293) (-0.1173425,1.336331,0.003799194) (324.5395,16.58561,346.4532)
compute 4.03484705599898(-0.296969592571259,1.4609557390213,0.275083750486374) (-0.3368527,1.463792,0.2696713) (293.3083,275.615,33.18037) (-0.07976688,1.332143,0.009959162) (323.8787,13.8955,348.1056)
compute 4.66988345725775(-0.251338690519333,1.47011804580688,0.278911828994751) (-0.2969696,1.460956,0.2750838) (288.3127,279.4035,28.42125) (-0.04669169,1.3289,0.01509706) (319.4551,0.854264,355.6821)
compute 7.22397895523946(-0.179130688309669,1.47207450866699,0.27803772687912) (-0.2513387,1.470118,0.2789118) (279.044,273.0713,34.18137) (-0.02490206,1.332356,0.008870103) (317.6505,343.969,5.837845)
compute 7.82989104310835(-0.101852811872959,1.46003556251526,0.281767785549164) (-0.1791307,1.472075,0.2780377) (272.0433,269.7186,37.64144) (-0.009324215,1.337416,-0.003562371) (319.0701,337.7716,8.765474)
compute 7.39335196228258(-0.0307590868324041,1.44010865688324,0.277925044298172) (-0.1018528,1.460036,0.2817678) (271.7967,86.62038,222.6698) (0.01921731,1.344388,-0.01766026) (317.5983,346.2588,4.395056)
compute 6.7161052480749(0.0326354242861271,1.43256092071533,0.257073789834976) (-0.03075909,1.440109,0.277925) (272.7991,50.9539,262.8691) (0.04902827,1.342714,-0.03864252) (319.8289,1.274842,355.8677)
compute 7.44058191612147(0.102870129048824,1.43057334423065,0.232591912150383) (0.03263542,1.432561,0.2570738) (278.6236,67.8493,249.5361) (0.06338981,1.337727,-0.06735289) (321.9925,12.00812,351.6967)
compute 7.82263950412838(0.178137451410294,1.42848062515259,0.211382955312729) (0.1028701,1.430573,0.2325919) (286.7999,71.9922,251.0109) (0.07128274,1.340939,-0.0960744) (323.5763,17.63366,351.8683)
compute 5.78436554339462(0.234594687819481,1.42831099033356,0.198795646429062) (0.1781375,1.428481,0.211383) (290.2803,74.04435,254.8326) (0.08819467,1.346107,-0.112109) (323.209,18.32885,351.0164)
compute 4.41231566198579(0.27868989109993,1.42831742763519,0.197225287556648) (0.2345947,1.428311,0.1987956) (292.6159,74.40494,258.191) (0.1099739,1.343079,-0.1221744) (324.2373,17.24443,350.8013)
compute 4.35548703152958(0.321909457445145,1.42436587810516,0.200896948575974) (0.2786899,1.428317,0.1972253) (297.1898,71.23212,260.2857) (0.1352918,1.337393,-0.130767) (324.1873,16.45334,350.4171)
compute 3.87136447750873(0.356744945049286,1.42172741889954,0.217578485608101) (0.3219095,1.424366,0.2008969) (299.2688,66.31165,263.1725) (0.1623877,1.332989,-0.1328586) (322.3858,13.82818,351.6571)
compute 3.62538884465292(0.389396518468857,1.42240297794342,0.233318969607353) (0.3567449,1.421727,0.2175785) (299.7274,65.30592,264.0492) (0.1963997,1.330292,-0.1298795) (320.7486,12.36333,353.151)
compute 3.24506208701717(0.420113503932953,1.4234025478363,0.243735805153847) (0.3893965,1.422403,0.233319) (298.1688,68.18141,257.2739) (0.2276717,1.329488,-0.1231672) (320.8902,9.96783,355.1641)
compute 2.9139069459891(0.446626722812653,1.42395126819611,0.255811959505081) (0.4201135,1.423403,0.2437358) (298.541,65.12588,259.8648) (0.247185,1.330208,-0.1140114) (321.969,3.638222,358.6054)
compute 0.71811535640207(0.450556755065918,1.41797459125519,0.256446897983551) (0.4466267,1.423951,0.255812) (298.0499,60.48499,263.2692) (0.2559065,1.33029,-0.1064661) (324.8169,357.8271,2.676958)
compute 1.12792275292023(0.447881460189819,1.40724182128906,0.254239767789841) (0.4505568,1.417975,0.2564469) (296.3801,53.4684,270.3766) (0.266636,1.328451,-0.09270092) (329.616,355.8816,2.951461)
compute 1.79748564860614(0.447448223829269,1.39537012577057,0.24075011909008) (0.4478815,1.407242,0.2542398) (293.0103,54.45547,271.2596) (0.2654887,1.325221,-0.08305845) (334.1483,354.3847,3.394557)
compute 1.83324862458509(0.443026423454285,1.38675463199615,0.225184097886086) (0.4474482,1.39537,0.2407501) (289.8694,56.21045,271.4836) (0.241159,1.325849,-0.07717889) (334.8974,346.534,5.580336)
compute 1.85739271953911(0.42556032538414,1.38463735580444,0.21923066675663) (0.4430264,1.386755,0.2251841) (289.1987,46.59455,278.1168) (0.213609,1.328544,-0.08501705) (336.8532,340.097,8.20845)
compute 3.33169984969387(0.395113468170166,1.37244021892548,0.213379070162773) (0.4255603,1.384637,0.2192307) (288.5107,34.66994,287.3071) (0.1943513,1.327237,-0.08700554) (339.3274,337.851,7.805071)
compute 4.7455314098378(0.363052248954773,1.33747112751007,0.212262079119682) (0.3951135,1.37244,0.2133791) (290.5021,21.9466,296.6733) (0.1858008,1.323619,-0.08197615) (342.3221,338.2627,6.812586)
compute 6.31772605065292(0.33665344119072,1.28010761737823,0.214236184954643) (0.3630522,1.337471,0.2122621) (296.4863,13.22899,302.3116) (0.1822014,1.320199,-0.07492243) (344.7457,341.4794,5.192296)
compute 6.22057591685071(0.328389585018158,1.21876561641693,0.220434918999672) (0.3366534,1.280108,0.2142362) (305.8687,11.81777,302.2064) (0.19097,1.318687,-0.05982763) (346.9778,348.9589,3.437045)
compute 6.63428590186492(0.343917787075043,1.15470552444458,0.227955192327499) (0.3283896,1.218766,0.2204349) (316.0118,17.98173,299.4773) (0.2250082,1.31683,-0.0436904) (348.9464,0.364222,1.15105)
compute 6.45399005588897(0.39161628484726,1.11123287677765,0.228572502732277) (0.3439178,1.154706,0.2279552) (322.8821,24.80449,299.7145) (0.2574921,1.319638,-0.03476837) (347.4363,14.67483,359.1359)
compute 6.69105737254283(0.451297074556351,1.09196758270264,0.205247044563293) (0.3916163,1.111233,0.2285725) (323.6513,33.71396,302.8347) (0.2799841,1.323624,-0.03626059) (344.6159,26.23071,357.2393)
compute 5.68187653818929(0.49438339471817,1.08535718917847,0.168801963329315) (0.4512971,1.091968,0.205247) (321.063,45.33875,304.3179) (0.2916966,1.323313,-0.0447025) (343.7428,31.05915,355.8387)
compute 4.17883446393332(0.518235206604004,1.07800590991974,0.135286062955856) (0.4943834,1.085357,0.168802) (319.4418,54.66675,304.958) (0.2999695,1.323938,-0.0596146) (339.8628,33.99628,354.6976)
compute 2.35764051921691(0.526209056377411,1.07171058654785,0.114010877907276) (0.5182352,1.078006,0.1352861) (318.5302,59.7909,304.5844) (0.3025998,1.334687,-0.08334897) (330.873,35.57999,351.9805)
compute 0.886121441305013(0.528418183326721,1.06517684459686,0.108447507023811) (0.5262091,1.071711,0.1140109) (317.465,60.82664,303.9283) (0.2943973,1.339312,-0.1080483) (324.0929,34.06684,349.9543)
compute 0.523044981535792(0.52695220708847,1.06415104866028,0.113362409174442) (0.5284182,1.065177,0.1084475) (317.5984,58.50113,303.0943) (0.2906468,1.337848,-0.1201053) (322.5264,31.40621,349.5997)
compute 1.58306624994922(0.51559841632843,1.06929504871368,0.123121537268162) (0.5269522,1.064151,0.1133624) (315.4497,55.76809,303.0856) (0.2892287,1.334402,-0.1244529) (322.0144,28.28404,350.6769)
compute 1.95980350330454(0.510585308074951,1.06403148174286,0.14132171869278) (0.5155984,1.069295,0.1231215) (313.6968,52.56523,302.8964) (0.2827295,1.333008,-0.1222114) (322.3214,20.87774,353.2741)
compute 3.27927596110592(0.486883252859116,1.07342791557312,0.161944150924683) (0.5105853,1.064031,0.1413217) (314.0753,45.99506,304.5712) (0.2678523,1.329549,-0.110535) (324.6038,8.886093,358.277)
compute 4.98806866345669(0.447958499193192,1.08082854747772,0.192245587706566) (0.4868833,1.073428,0.1619442) (315.4529,34.97568,309.0205) (0.2504904,1.328565,-0.09366024) (329.1858,357.5056,2.56488)
compute 5.16858357468243(0.405413866043091,1.08431875705719,0.221386596560478) (0.4479585,1.080829,0.1922456) (316.7916,24.40352,312.3903) (0.2363062,1.321961,-0.0845044) (335.1007,348.2089,5.227987)
compute 4.45304740510351(0.364722967147827,1.08487343788147,0.239467144012451) (0.4054139,1.084319,0.2213866) (317.3987,15.65938,314.5852) (0.2255174,1.318083,-0.08158233) (339.1914,342.6237,6.456064)
compute 3.68629127240779(0.328172147274017,1.08709943294525,0.243704706430435) (0.364723,1.084873,0.2394671) (317.6633,8.682709,316.1172) (0.2227388,1.318136,-0.0793195) (341.8144,338.8633,6.802582)
compute 2.3309988767334(0.304930508136749,1.08887410163879,0.243884608149529) (0.3281721,1.087099,0.2437047) (317.7892,4.396859,316.7166) (0.2224009,1.319328,-0.07783169) (343.0053,336.6611,5.898652)
compute 0.577464303601535(0.299337178468704,1.08873867988586,0.245313882827759) (0.3049305,1.088874,0.2438846) (317.7315,3.393034,316.4974) (0.2229858,1.319931,-0.07730543) (343.6788,336.0484,5.244501)
compute 0.534351583572834(0.299718976020813,1.08586764335632,0.249804377555847) (0.2993372,1.088739,0.2453139) (317.9933,3.630932,316.2827) (0.2233335,1.317172,-0.07259182) (347.5769,336.1162,3.769075)
compute 1.51105823966236(0.298710078001022,1.07195842266083,0.255622059106827) (0.299719,1.085868,0.2498044) (320.2696,3.055459,316.9722) (0.2226277,1.308992,-0.06212056) (353.0312,336.5502,2.439134)
compute 2.06247551631624(0.293776482343674,1.05224537849426,0.25914853811264) (0.2987101,1.071958,0.2556221) (325.936,358.9574,318.2608) (0.2196527,1.30632,-0.0498202) (355.613,339.0202,2.292757)
compute 2.19666158174205(0.294757574796677,1.03031277656555,0.259876996278763) (0.2937765,1.052245,0.2591485) (331.8687,359.246,317.0759) (0.2244723,1.306399,-0.03606624) (357.613,345.2789,1.228505)
compute 3.12776457227596(0.317625492811203,1.01055240631104,0.251822352409363) (0.2947576,1.030313,0.259877) (334.9734,4.196415,317.4758) (0.2275075,1.303026,-0.02656563) (0.2533749,352.3188,359.9068)
compute 3.00714562591188(0.341907322406769,0.99711936712265,0.240236207842827) (0.3176255,1.010552,0.2518224) (335.9967,9.463797,318.3359) (0.2251445,1.302416,-0.02334056) (0.9918261,356.951,359.7562)
compute 3.82131789766163(0.369594782590866,0.977539300918579,0.222621649503708) (0.3419073,0.9971194,0.2402362) (338.5053,15.45861,319.7072) (0.219194,1.300591,-0.02173414) (1.896736,1.990169,359.1221)
compute 3.16145792362081(0.390375941991806,0.963895320892334,0.203090474009514) (0.3695948,0.9775393,0.2226216) (340.8491,21.12488,320.7757) (0.2215222,1.298027,-0.02396987) (2.02121,7.200435,357.294)
compute 2.39147356713951(0.401587814092636,0.959188520908356,0.182497888803482) (0.3903759,0.9638953,0.2030905) (341.3437,24.77433,320.8711) (0.2294315,1.298278,-0.02899063) (1.887369,11.17765,356.8256)
compute 1.59586844440091(0.408694058656693,0.958152413368225,0.168246313929558) (0.4015878,0.9591885,0.1824979) (340.898,26.73084,320.0659) (0.2407942,1.298557,-0.04654263) (1.871469,12.17074,356.2425)
compute 0.947671792432973(0.413547277450562,0.965358436107636,0.164461120963097) (0.4086941,0.9581524,0.1682463) (339.4361,26.38815,318.8917) (0.2506453,1.300701,-0.05949707) (359.7375,10.74245,355.8384)
compute 2.17164222390245(0.416117429733276,0.986919283866882,0.164104491472244) (0.4135473,0.9653584,0.1644611) (335.7706,24.88946,317.0919) (0.2669949,1.301866,-0.07005195) (357.1709,8.764649,356.3632)
compute 2.24783712362877(0.420627385377884,1.00734055042267,0.172345206141472) (0.4161174,0.9869193,0.1641045) (332.3678,21.71631,316.7128) (0.2932892,1.30737,-0.07542162) (355.041,6.716591,356.9664)
compute 2.01533251542784(0.432988524436951,1.02246654033661,0.177301332354546) (0.4206274,1.007341,0.1723452) (329.9955,19.47932,316.823) (0.3132883,1.308113,-0.0788226) (353.2654,5.685042,357.099)
compute 2.38345114525585(0.454024225473404,1.03294003009796,0.181287467479706) (0.4329885,1.022467,0.1773013) (327.4973,18.91466,317.5166) (0.3338508,1.309779,-0.08263773) (351.7462,4.902618,357.853)
compute 2.55303762695689(0.47894024848938,1.03402483463287,0.186747789382935) (0.4540242,1.03294,0.1812875) (327.3127,19.07121,316.5544) (0.3525313,1.308485,-0.08693478) (350.8029,3.967636,357.981)
compute 1.3172433379275(0.491022050380707,1.03927052021027,0.186908572912216) (0.4789402,1.034025,0.1867478) (325.8043,18.53617,316.4464) (0.3642103,1.308858,-0.09209624) (348.6262,2.432818,358.7049)
compute 0.80558195446149(0.498769134283066,1.04146134853363,0.18662716448307) (0.4910221,1.039271,0.1869086) (324.7363,17.09541,316.6938) (0.3725063,1.310552,-0.09408806) (347.6692,1.428383,358.9846)
compute 0.888940397418058(0.507165253162384,1.04384863376617,0.184945628046989) (0.4987691,1.041461,0.1866272) (323.6473,16.44371,317.9962) (0.3743593,1.31237,-0.09481741) (348.5269,2.125986,358.1973)
compute 1.46899621017625(0.514442443847656,1.05235290527344,0.175431698560715) (0.5071653,1.043849,0.1849456) (321.9644,18.5111,317.9881) (0.3720233,1.313664,-0.1005524) (346.963,3.968653,356.8603)
Average= 7.23849204960632
Max= 27.5654060709627
Standard Deviation= 5.97210198649862
Right: 21    Wrong: 3
0
