red 213.8015 219.4022 14.23406 (0.3834023,5,0.7) (0.3834023,1.778805,0.7)
red 213.2913 220.9133 16.08563 (-0.4635316,5,0.7) (-0.4635316,1.207871,0.7)
red 214.7997 221.88 14.7173 (-0.4943889,5,0.7) (-0.4943889,1.079212,0.7)
red 215.2988 223.0578 13.11112 (-0.7016017,5,0.7) (-0.7016017,0.07702278,0.7)
red 215.7999 223.6022 13.18732 (-0.7845583,5,0.7) (-0.7845583,0.08186704,0.7)
red 217.2952 223.78 15.44883 (-0.3088542,5,0.7) (-0.3088542,1.61506,0.7)
red 214.2987 224.2911 16.26591 (0.2625467,5,0.7) (0.2625467,0.08386855,0.7)
red 216.7962 225.2467 14.11007 (0.1324116,5,0.7) (0.1324116,0.07797948,0.7)
red 220.2928 225.4356 13.29776 (-0.4058582,5,0.7) (-0.4058582,1.805921,0.7)
red 217.7964 225.6022 13.18933 (-0.7450302,5,0.7) (-0.7450302,0.08270757,0.7)
red 216.2991 225.7022 15.45513 (0.8918757,5,0.7) (0.8918757,0.08036956,0.7)
red 219.2915 226.3578 15.22982 (0.1440769,5,0.7) (0.1440769,1.247614,0.7)
red 219.7916 226.7245 16.88485 (0.2826125,5,0.7) (0.2826125,1.75019,0.7)
red 218.7935 227.2467 14.12206 (0.396739,5,0.7) (0.396739,0.0828732,0.7)
red 220.8009 227.4245 15.53124 (-0.6963058,5,0.7) (-0.6963058,1.561095,0.7)
red 222.2992 227.9245 14.0931 (-0.4798948,5,0.7) (-0.4798948,1.727905,0.7)
red 218.2955 228.1911 16.11897 (0.1096047,5,0.7) (0.1096047,0.07938831,0.7)
red 223.2954 230.0133 16.44179 (-0.7093956,5,0.7) (-0.7093956,1.746166,0.7)
red 221.2991 230.1245 14.64896 (0.9093387,5,0.7) (0.9093387,0.07944691,0.7)
red 225.2919 230.58 13.13981 (-0.7397811,5,0.7) (-0.7397811,1.669292,0.7)
red 221.8001 231.3133 15.60347 (-0.8586938,5,0.7) (-0.8586938,0.07878464,0.7)
red 226.802 232.0244 13.68503 (-0.03139389,5,0.7) (-0.03139389,1.856648,0.7)
red 225.7932 232.6133 15.35889 (0.2996535,5,0.7) (0.2996535,1.414743,0.7)
red 223.797 232.6133 14.64091 (0.02975976,5,0.7) (0.02975976,0.08249339,0.7)
red 222.7963 233.2356 16.86099 (0.4132302,5,0.7) (0.4132302,0.08449161,0.7)
red 228.2992 233.6911 13.63066 (-0.6426039,5,0.7) (-0.6426039,1.74023,0.7)
red 227.2999 234.0467 15.43181 (-0.8860824,5,0.7) (-0.8860824,1.470124,0.7)
red 224.2958 234.6022 16.67408 (0.004265189,5,0.7) (0.004265189,0.08090866,0.7)
red 224.7953 234.6578 16.08202 (0.299036,5,0.7) (0.299036,0.08243577,0.7)
red 229.7964 235.08 13.67179 (0.0164398,5,0.7) (0.0164398,1.819253,0.7)
red 229.2954 235.9689 15.73073 (0.6268864,5,0.7) (0.6268864,1.590457,0.7)
red 227.7991 236.38 14.3041 (-0.1044139,5,0.7) (-0.1044139,0.07966524,0.7)
red 228.7972 236.6578 13.26853 (0.5319281,5,0.7) (0.5319281,0.08181393,0.7)
red 226.2918 236.6911 16.79214 (0.6423154,5,0.7) (0.6423154,0.08092206,0.7)
red 230.2966 236.78 16.44124 (0.6060677,5,0.7) (0.6060677,1.859784,0.7)
red 231.3001 237.8578 15.51212 (-0.4497067,5,0.7) (-0.4497067,1.590862,0.7)
red 230.801 238.2133 16.36357 (-0.6653337,5,0.7) (-0.6653337,1.38389,0.7)
red 232.3012 238.8244 15.78184 (0.01704347,5,0.7) (0.01704347,1.677813,0.7)
red 232.8022 239.1245 14.46305 (0.3602528,4.998983,0.7) (0.3602528,1.427629,0.7)
red 231.8022 239.5467 13.10483 (0.9710877,5,0.7) (0.9710877,0.08138723,0.7)
0
