red 571.1411 579.6867 16.12618 (0.9719702,0.15,0.2290654) (0.9719702,0.15,0.2290654)
1
red 580.1339 581.5645 16.12618 (0.09551094,0.15,0.9489092) (0.09551094,0.15,0.9489092)
2
red 581.6324 583.0089 16.12618 (0.6688684,0.15,0.7207648) (0.6688684,0.15,0.7207648)
3
red 583.1411 584.0867 16.12618 (0.8981406,0.15,0.427969) (0.8981406,0.15,0.427969)
4
red 584.1378 585.5645 16.12618 (0.1999882,0.15,0.938085) (0.1999882,0.15,0.938085)
5
red 585.6352 586.6311 16.12618 (0.6945792,0.15,0.6978664) (0.6945792,0.15,0.6978664)
6
red 586.6345 590.0533 16.12618 (-0.4586439,0.15,0.8023599) (-0.4586439,0.15,0.8023599)
7
red 590.1382 592.7311 16.12618 (-0.7580931,0.15,0.4994852) (-0.7580931,0.15,0.4994852)
8
red 593.1338 594.5978 16.12618 (0.3079387,0.15,0.9143127) (0.3079387,0.15,0.9143127)
9
red 594.6412 597.7311 16.12618 (0.8799694,0.15,0.4622238) (0.8799694,0.15,0.4622238)
10
red 598.1345 599.2089 16.12618 (0.008607019,0.15,0.9490978) (0.008607019,0.15,0.9490978)
11
