compute 42.9395275123814(0.0335508584976196,0.501036822795868,0.292161226272583) (0.1016284,0.9170817,0.2105987) (9.925102,347.9255,344.7425) (-0.01532983,0.9403011,0.1122484) (32.95073,350.6143,0.6450713)
compute 0.151966182167783(0.0338380075991154,0.502210259437561,0.29123929142952) (0.03355086,0.5010368,0.2921612) (10.13094,347.9751,345.4867) (-0.01776868,0.9397109,0.1135236) (32.16764,351.1125,0.8207269)
compute 0.380529371491115(0.0333979837596416,0.498431831598282,0.291339904069901) (0.03383801,0.5022103,0.2912393) (10.15555,348.2224,346.3225) (-0.01744518,0.942058,0.1149866) (30.85965,352.1021,1.000818)
compute 1.06535987142531(0.0306941345334053,0.488151699304581,0.292052119970322) (0.03339798,0.4984318,0.2913399) (10.19534,348.5048,346.721) (-0.01540199,0.9426377,0.1148385) (30.13321,353.7958,1.431738)
compute 0.349745653907481(0.0274293981492519,0.486897826194763,0.292013376951218) (0.03069413,0.4881517,0.2920521) (10.24044,348.6091,346.792) (-0.01404554,0.9425958,0.1146303) (30.0571,355.1463,1.620198)
compute 1.24782833224383(0.0263698901981115,0.474535703659058,0.293341130018234) (0.0274294,0.4868978,0.2920134) (10.2556,348.6311,346.8248) (-0.01211312,0.9425341,0.1148665) (30.03258,355.8805,1.556859)
compute 0.3595074101085(0.0265879835933447,0.477934092283249,0.294493496417999) (0.02636989,0.4745357,0.2933411) (10.23798,348.7135,346.8741) (-0.01139668,0.9422476,0.1141707) (29.79429,356.5779,1.443775)
compute 0.62905183986324(0.0270574819296598,0.484183132648468,0.29394605755806) (0.02658798,0.4779341,0.2944935) (10.10767,349.0755,347.0982) (-0.008386113,0.9427314,0.1127874) (29.35203,359.1961,2.060207)
compute 1.09703200682136(0.0365764424204826,0.488961666822433,0.296573400497437) (0.02705748,0.4841831,0.2939461) (8.028021,351.891,347.9508) (-0.0001968779,0.9433648,0.1162147) (28.27372,4.039066,2.411802)
compute 6.15511550135316(0.0903385430574417,0.501903712749481,0.323604583740234) (0.03657644,0.4889617,0.2965734) (3.887477,1.69113,349.913) (0.01142446,0.9428909,0.125769) (27.34175,10.77406,3.307882)
compute 5.99404031545057(0.145242929458618,0.516547203063965,0.342681497335434) (0.09033854,0.5019037,0.3236046) (2.948145,11.25661,351.4235) (0.02275807,0.9417294,0.1334128) (26.94039,17.16733,4.217577)
compute 2.7429140409612(0.163947507739067,0.536319732666016,0.346079081296921) (0.1452429,0.5165472,0.3426815) (359.8039,13.43747,354.5993) (0.03437642,0.9404334,0.1354235) (25.86763,22.6998,4.636036)
compute 0.434943342144842(0.167512252926826,0.537146866321564,0.343728333711624) (0.1639475,0.5363197,0.3460791) (359.3633,15.34263,353.1064) (0.04289024,0.9395798,0.1344792) (24.76368,26.88445,4.989801)
compute 2.06971177243653(0.161312997341156,0.518734574317932,0.336591988801956) (0.1675123,0.5371469,0.3437283) (0.7126706,16.54942,349.6417) (0.04815743,0.9397184,0.1269889) (24.24498,28.89693,4.946764)
compute 3.14740474433622(0.137509107589722,0.503324687480927,0.322934538125992) (0.161313,0.5187346,0.336592) (2.042628,14.24716,348.0437) (0.04933945,0.9392767,0.1208434) (23.75515,29.2064,4.249934)
compute 3.3536740364619(0.108791798353195,0.500855207443237,0.3057901263237) (0.1375091,0.5033247,0.3229345) (4.006417,10.25504,346.6935) (0.04912291,0.9389881,0.1151441) (22.9062,28.33533,3.94859)
compute 3.11932238955606(0.0805619806051254,0.501502156257629,0.292535841464996) (0.1087918,0.5008552,0.3057901) (4.877127,5.199533,346.4987) (0.03980663,0.9407349,0.1108228) (21.87716,25.50151,3.841522)
compute 2.30865273372943(0.0585771426558495,0.502904713153839,0.285630226135254) (0.08056198,0.5015022,0.2925358) (4.066468,1.042601,346.5723) (0.02238481,0.9468802,0.1106019) (17.661,15.51583,0.8314572)
compute 1.26913439699373(0.0472161062061787,0.506562054157257,0.28131502866745) (0.05857714,0.5029047,0.2856302) (3.055699,359.0013,346.2839) (-0.004133739,0.9500513,0.1158185) (15.68857,1.986685,358.5417)
compute 0.0952566442844433(0.0472814850509167,0.505676984786987,0.281661093235016) (0.04721611,0.5065621,0.281315) (2.821992,359.2653,346.2113) (-0.02370449,0.9526692,0.1159382) (13.93237,349.7908,355.413)
compute 1.19237934234413(0.0565873607993126,0.504553198814392,0.289030939340591) (0.04728149,0.505677,0.2816611) (2.004778,0.1896908,347.1619) (-0.03587074,0.9539406,0.1114822) (12.70944,339.8604,353.468)
compute 1.91065879650729(0.0729777216911316,0.499313831329346,0.297335565090179) (0.05658736,0.5045532,0.2890309) (1.007881,0.3422748,348.3231) (-0.04602914,0.9537482,0.1070001) (12.67716,332.5854,352.0743)
compute 1.39775180321474(0.0861032232642174,0.497633844614029,0.301837772130966) (0.07297772,0.4993138,0.2973356) (0.8204794,0.400009,348.5723) (-0.05145115,0.9529306,0.1033096) (13.52414,328.9385,351.5773)
compute 0.691140709120504(0.0927028954029083,0.499313920736313,0.303016424179077) (0.08610322,0.4976338,0.3018378) (0.6885309,0.3062251,348.6173) (-0.05196396,0.9510196,0.1014927) (15.05955,327.3307,351.1259)
compute 0.64221053470615(0.0946357175707817,0.505438268184662,0.303018361330032) (0.0927029,0.4993139,0.3030164) (0.4089765,359.8621,348.1289) (-0.05094025,0.949218,0.1075324) (16.3433,331.5162,351.1999)
compute 0.558878170407865(0.0967473685741425,0.510517477989197,0.304006814956665) (0.09463572,0.5054383,0.3030184) (0.2063764,359.9919,347.7591) (-0.02193578,0.9423953,0.1213919) (19.28814,348.5912,355.2756)
compute 1.60767407651842(0.111092075705528,0.512045383453369,0.311103045940399) (0.09674737,0.5105175,0.3040068) (359.8103,3.785853,347.8036) (0.01356288,0.9366481,0.1313747) (20.75787,7.980315,-0.004452223)
compute 2.28153873345459(0.125955700874329,0.528380036354065,0.31682962179184) (0.1110921,0.5120454,0.311103) (358.138,7.872829,348.8411) (0.03207224,0.9329885,0.1304592) (22.37926,21.3148,3.134709)
compute 1.27549687847321(0.1318589001894,0.539663016796112,0.317561626434326) (0.1259557,0.52838,0.3168296) (356.5425,10.8226,349.0537) (0.04128946,0.9312838,0.1247066) (23.65932,28.47334,5.115214)
compute 0.800054009229721(0.139584049582481,0.541733145713806,0.317774415016174) (0.1318589,0.539663,0.3175616) (355.7588,14.01747,349.905) (0.04705045,0.9310074,0.121333) (24.62443,31.43997,5.839677)
compute 1.5698318410484(0.153965517878532,0.54800271987915,0.317223936319351) (0.139584,0.5417331,0.3177744) (354.0253,17.34695,352.5167) (0.04836677,0.9286752,0.1175397) (27.23401,32.55926,5.563387)
compute 1.68193897647087(0.169907942414284,0.553322732448578,0.31656938791275) (0.1539655,0.5480027,0.3172239) (351.658,19.98495,355.8941) (0.05044881,0.9243078,0.115624) (29.1594,32.93402,5.075063)
compute 2.00647452589242(0.189059913158417,0.555979311466217,0.321930229663849) (0.1699079,0.5533227,0.3165694) (349.7786,21.20568,357.6842) (0.05416475,0.9271635,0.1224713) (27.31896,32.53828,3.390733)
compute 5.89103323130465(0.229867413640022,0.550238013267517,0.364027887582779) (0.1890599,0.5559793,0.3219302) (346.1552,19.81712,5.844951) (0.06161339,0.9341478,0.1456679) (23.14565,32.16508,0.8812481)
compute 10.7683273925803(0.286451190710068,0.526055216789246,0.45239731669426) (0.2298674,0.550238,0.3640279) (345.7603,13.96001,20.38045) (0.07718378,0.9295744,0.188912) (19.08666,31.94283,358.6608)
compute 10.2757088893926(0.325252145528793,0.477383643388748,0.534156620502472) (0.2864512,0.5260552,0.4523973) (350.1726,9.564336,28.65329) (0.09079394,0.919823,0.2286353) (17.81489,31.46461,357.4709)
compute 10.8842257419826(0.351104438304901,0.404248058795929,0.610507667064667) (0.3252521,0.4773836,0.5341566) (359.4289,6.677093,31.20517) (0.1083951,0.8991891,0.2762763) (16.7746,30.27464,355.9087)
compute 8.14363976030531(0.356207996606827,0.343527287244797,0.664533853530884) (0.3511044,0.4042481,0.6105077) (6.058116,3.640258,30.22874) (0.1241539,0.8713655,0.3187047) (16.96042,30.03471,355.0579)
compute 6.03909417511587(0.363878518342972,0.299925416707993,0.705608248710632) (0.356208,0.3435273,0.6645339) (7.941609,3.341924,31.42168) (0.1332552,0.8426692,0.3490709) (19.55732,30.00411,355.1613)
compute 3.57582366859018(0.370349824428558,0.272211134433746,0.727257549762726) (0.3638785,0.2999254,0.7056082) (10.54816,3.865243,34.95142) (0.1353906,0.8225409,0.3659961) (20.34754,29.21176,355.0317)
compute 1.68250912448644(0.375275909900665,0.25963830947876,0.737294554710388) (0.3703498,0.2722111,0.7272575) (11.00984,5.326568,39.57658) (0.1343503,0.8090005,0.373499) (20.70848,27.65053,354.7644)
compute 0.66730770969101(0.378453493118286,0.257990777492523,0.742926478385925) (0.3752759,0.2596383,0.7372946) (10.50522,5.646146,43.96859) (0.1311301,0.8036083,0.3758066) (21.09168,26.98467,355.0424)
compute 0.234628445797185(0.379875123500824,0.259598731994629,0.743874371051788) (0.3784535,0.2579908,0.7429265) (11.20717,5.089822,40.97845) (0.1298239,0.8018119,0.375772) (20.59804,26.58709,355.3158)
compute 0.728071814116638(0.378606617450714,0.266656517982483,0.745134294033051) (0.3798751,0.2595987,0.7438744) (10.71067,4.790752,45.71636) (0.129258,0.8026626,0.3717726) (18.27399,26.38785,355.2095)
compute 1.57526700704316(0.385565489530563,0.276369124650955,0.755400061607361) (0.3786066,0.2666565,0.7451343) (7.450346,7.468335,49.291) (0.1298035,0.7939768,0.3699121) (16.29154,25.93643,354.3216)
compute 1.71030136014242(0.385076314210892,0.259807229042053,0.759640038013458) (0.3855655,0.2763691,0.7554001) (10.13811,7.352063,45.76633) (0.1312187,0.7731324,0.376388) (20.2163,25.85499,354.8958)
compute 0.89695172669901(0.382407754659653,0.26393073797226,0.767145216464996) (0.3850763,0.2598072,0.75964) (6.962046,6.00682,48.61855) (0.1315036,0.7677379,0.3793982) (21.40442,25.87877,355.245)
compute 1.06886532644557(0.376141220331192,0.272273659706116,0.769463300704956) (0.3824078,0.2639307,0.7671452) (3.671744,5.51748,43.18681) (0.131144,0.7677218,0.3872857) (22.22388,25.88613,355.7791)
compute 2.44691652417179(0.354226529598236,0.26962012052536,0.758906543254852) (0.3761412,0.2722737,0.7694633) (6.782445,1.532338,48.64376) (0.1227261,0.7692851,0.3940198) (23.00994,27.46524,358.448)
compute 1.43743120977745(0.345415383577347,0.274127691984177,0.748482227325439) (0.3542265,0.2696201,0.7589065) (5.226929,1.571523,42.21219) (0.1136939,0.7819389,0.4038356) (21.23962,28.26846,359.9244)
compute 3.30851149790624(0.334401458501816,0.293917953968048,0.724364519119263) (0.3454154,0.2741277,0.7484822) (2.598775,359.0653,40.16673) (0.09398714,0.8019922,0.4169998) (23.13257,25.85273,0.5227153)
compute 6.75273902861243(0.308307021856308,0.327642530202866,0.672003448009491) (0.3344015,0.293918,0.7243645) (352.2754,357.2813,34.52818) (0.06692131,0.8372236,0.4152497) (23.81682,19.08037,0.2484036)
compute 7.15116581440851(0.268655806779861,0.348921746015549,0.616425633430481) (0.308307,0.3276425,0.6720034) (348.6891,355.3271,29.50587) (0.03789695,0.8608043,0.4157448) (23.4834,10.13846,359.1956)
compute 5.50192761468791(0.21965454518795,0.355962842702866,0.592416882514954) (0.2686558,0.3489217,0.6164256) (353.0463,351.4466,25.59072) (0.008726485,0.8734745,0.3773735) (25.33807,0.4842661,358.8499)
compute 6.14667538925404(0.161357745528221,0.373073011636734,0.583095550537109) (0.2196545,0.3559628,0.5924169) (351.4526,347.0225,21.27679) (-0.01118645,0.8844975,0.332504) (22.28876,354.6143,358.1305)
compute 5.74229663991953(0.108726516366005,0.394575834274292,0.575034558773041) (0.1613577,0.373073,0.5830956) (350.8466,340.071,24.60475) (-0.01853987,0.9172881,0.3036731) (7.292538,355.4442,358.937)
compute 5.47227588663003(0.0654354840517044,0.426842510700226,0.566127896308899) (0.1087265,0.3945758,0.5750346) (346.429,329.8234,33.07771) (-0.02240995,0.9381186,0.2794243) (4.199583,354.5881,359.6948)
compute 7.17402273690133(0.0154986334964633,0.473073095083237,0.543418765068054) (0.06543548,0.4268425,0.5661279) (339.3912,318.3144,41.00193) (-0.03127215,0.9470249,0.2602421) (6.040673,353.3599,359.868)
compute 6.25988943376572(-0.0314631201326847,0.500028312206268,0.51200807094574) (0.01549863,0.4730731,0.5434188) (333.0914,309.7374,43.97651) (-0.04405185,0.9473428,0.2414901) (8.335675,350.5948,1.955953)
compute 8.20853094058954(-0.09805578738451,0.521785795688629,0.469229251146317) (-0.03146312,0.5000283,0.5120081) (333.8491,308.5433,33.44114) (-0.06580798,0.9310706,0.2206868) (15.3947,344.0134,5.427579)
compute 6.69944105000247(-0.154154717922211,0.523805856704712,0.432663142681122) (-0.09805579,0.5217858,0.4692293) (334.4793,303.9552,33.5959) (-0.08167763,0.9183344,0.2063279) (19.20062,339.3531,4.5842)
compute 3.18641801705547(-0.173307210206985,0.519654154777527,0.407538026571274) (-0.1541547,0.5238059,0.4326631) (335.4272,301.4773,36.21686) (-0.09045172,0.9060883,0.1986944) (22.85002,337.3125,1.838003)
compute 1.78282868607419(-0.161790311336517,0.513826608657837,0.3952397108078) (-0.1733072,0.5196542,0.407538) (337.962,305.6173,31.26985) (-0.08795904,0.9042485,0.1899942) (22.33101,338.7594,0.4365501)
compute 3.04573002847656(-0.132391378283501,0.506391704082489,0.392398566007614) (-0.1617903,0.5138266,0.3952397) (340.9187,306.8885,33.54223) (-0.07855022,0.9177235,0.1811427) (21.59083,339.8988,1.055471)
compute 0.849342654781836(-0.126646474003792,0.500135958194733,0.392402142286301) (-0.1323914,0.5063917,0.3923986) (343.9841,307.9502,31.95363) (-0.08482799,0.9136043,0.1702673) (24.6097,331.9514,1.515146)
compute 5.60024283674302(-0.17984327673912,0.492588758468628,0.376609355211258) (-0.1266465,0.500136,0.3924021) (347.6173,294.5267,34.60575) (-0.1128148,0.9042327,0.1662289) (26.08901,320.7524,1.032013)
compute 9.55915906007297(-0.270322769880295,0.463842511177063,0.365434974431992) (-0.1798433,0.4925888,0.3766094) (352.1939,281.5154,33.18766) (-0.1591404,0.8878567,0.1814685) (25.20292,313.4497,2.229175)
compute 11.563550335996(-0.372897267341614,0.412470638751984,0.350910067558289) (-0.2703228,0.4638425,0.365435) (359.6743,266.8065,35.54194) (-0.2186024,0.8616366,0.1983344) (25.46642,309.4179,2.886204)
compute 11.8839377677066(-0.473809093236923,0.350155889987946,0.358424961566925) (-0.3728973,0.4124706,0.3509101) (4.292831,261.2802,36.00952) (-0.2805593,0.8386869,0.2284321) (22.77559,306.5518,2.20927)
compute 11.0393649532036(-0.565416157245636,0.296473473310471,0.388642549514771) (-0.4738091,0.3501559,0.358425) (5.573812,261.6392,34.37937) (-0.3215154,0.8134397,0.2572533) (20.75673,306.6755,0.3711963)
compute 8.72529033955457(-0.629886984825134,0.250283360481262,0.42501637339592) (-0.5654162,0.2964735,0.3886425) (8.814532,263.7743,38.97868) (-0.3559677,0.7694399,0.2954095) (20.18019,307.6212,357.6953)
compute 5.13166339824795(-0.660892844200134,0.219518348574638,0.451952368021011) (-0.629887,0.2502834,0.4250164) (13.24041,265.4421,41.77775) (-0.3657209,0.7405109,0.3096277) (21.54333,307.6702,356.7604)
compute 1.11787493635081(-0.669795334339142,0.21493723988533,0.456924647092819) (-0.6608928,0.2195183,0.4519524) (12.19748,266.1188,44.53511) (-0.3664979,0.7230666,0.3174258) (24.34347,308.6653,356.4016)
compute 2.27673542188228(-0.648185193538666,0.22003610432148,0.451889187097549) (-0.6697953,0.2149372,0.4569246) (10.04691,265.3809,42.33078) (-0.3404136,0.75163,0.3062247) (24.47344,311.8353,358.0215)
compute 9.90843666597435(-0.568715989589691,0.276662230491638,0.434689193964005) (-0.6481852,0.2200361,0.4518892) (2.545636,268.0366,36.85832) (-0.2958445,0.8167298,0.2942804) (20.77203,323.5118,2.686721)
compute 17.1445339478964(-0.431709408760071,0.378816813230515,0.421009182929993) (-0.568716,0.2766622,0.4346892) (351.9502,274.2471,37.21029) (-0.2417772,0.8645114,0.2738571) (18.58286,337.3744,5.107345)
compute 17.1874943252815(-0.284633845090866,0.466902792453766,0.408735811710358) (-0.4317094,0.3788168,0.4210092) (347.1081,284.5967,37.52825) (-0.1689823,0.905433,0.2439347) (17.73013,354.2624,7.185464)
compute 13.204384919319(-0.162309497594833,0.509761571884155,0.383527517318726) (-0.2846338,0.4669028,0.4087358) (346.9034,293.1537,44.09486) (-0.0991202,0.9262568,0.2025129) (20.63306,13.08484,9.906516)
compute 9.28801360874983(-0.072480171918869,0.515441715717316,0.360611408948898) (-0.1623095,0.5097616,0.3835275) (351.9862,303.4133,45.14512) (-0.05762231,0.9326523,0.1774343) (20.96331,19.87587,10.16535)
compute 5.07265600434231(-0.0465942993760109,0.474305093288422,0.375133246183395) (-0.07248017,0.5154417,0.3606114) (356.8076,310.8249,41.57575) (-0.0497705,0.9279085,0.1714459) (21.61492,12.72664,6.813487)
compute 8.95493428406444(-0.107232592999935,0.436434537172318,0.429058223962784) (-0.0465943,0.4743051,0.3751332) (0.0945162,304.3085,43.60394) (-0.05469267,0.9168147,0.1905456) (20.82786,3.529672,4.538746)
compute 13.5458379945969(-0.184879034757614,0.390580534934998,0.530139446258545) (-0.1072326,0.4364345,0.4290582) (1.198345,303.1523,38.09225) (-0.08396699,0.896843,0.254792) (19.32967,355.4695,1.569904)
compute 15.2871834359004(-0.223646476864815,0.330994814634323,0.665477633476257) (-0.184879,0.3905805,0.5301394) (5.538964,311.8969,39.81751) (-0.1098197,0.8581219,0.3243652) (17.62863,352.5098,358.4875)
compute 11.4368900604123(-0.21305151283741,0.266516625881195,0.759342193603516) (-0.2236465,0.3309948,0.6654776) (13.45765,326.0095,41.3183) (-0.124805,0.8336821,0.362981) (18.55944,354.6941,357.4622)
compute 4.29304742591672(-0.211182296276093,0.236179128289223,0.789659976959229) (-0.2130515,0.2665166,0.7593422) (14.4595,326.2046,43.66201) (-0.1353935,0.8094448,0.3856271) (19.70445,357.326,358.9046)
compute 0.814174445497971(-0.211109519004822,0.228401347994804,0.792065978050232) (-0.2111823,0.2361791,0.78966) (13.15643,322.9652,46.15598) (-0.1383821,0.7954342,0.3901049) (20.91236,357.6487,359.577)
compute 0.55514674580528(-0.205992966890335,0.228290349245071,0.789914846420288) (-0.2111095,0.2284013,0.792066) (12.51201,321.6309,48.28396) (-0.1373966,0.7849689,0.3955176) (22.80754,358.5495,0.5413621)
compute 0.743396599881405(-0.202275931835175,0.233845368027687,0.786660730838776) (-0.205993,0.2282903,0.7899148) (11.8631,319.5135,49.1806) (-0.1352836,0.7821635,0.3994845) (23.07905,358.699,1.129001)
compute 1.20349313885019(-0.202116265892982,0.241742491722107,0.777580559253693) (-0.2022759,0.2338454,0.7866607) (10.32185,317.2585,51.32566) (-0.1353485,0.7837057,0.4057315) (23.85502,359.1214,2.052495)
compute 6.56750254325303(-0.204992637038231,0.276041597127914,0.721647500991821) (-0.2021163,0.2417425,0.7775806) (6.216993,312.1031,47.19398) (-0.132401,0.8207605,0.4030504) (20.37072,359.9126,2.19242)
compute 14.5817316499933(-0.205695256590843,0.367438465356827,0.608030557632446) (-0.2049926,0.2760416,0.7216475) (357.1467,300.6516,44.23204) (-0.1311617,0.8730643,0.3843804) (16.08531,359.9838,2.485026)
compute 15.1158709990378(-0.17739500105381,0.495125204324722,0.532240390777588) (-0.2056953,0.3674385,0.6080306) (345.0214,297.9741,42.80449) (-0.1237678,0.9171448,0.336855) (11.54447,359.2181,3.762433)
compute 7.83999777717073(-0.156511947512627,0.563507318496704,0.500079214572906) (-0.177395,0.4951252,0.5322404) (343.6783,297.0237,44.95264) (-0.1182324,0.930118,0.2850964) (6.984964,359.2733,2.848536)
compute 1.6204334448101(-0.149559125304222,0.572896361351013,0.488850474357605) (-0.1565119,0.5635073,0.5000792) (347.8211,293.754,53.75793) (-0.1221062,0.9359088,0.2436364) (10.57711,0.425722,1.588449)
compute 2.91507379921308(-0.150880455970764,0.548859119415283,0.472411781549454) (-0.1495591,0.5728964,0.4888505) (355.0179,294.4693,48.84786) (-0.1261034,0.9367313,0.2107588) (19.94249,1.072271,0.9326385)
compute 4.14143023681335(-0.151890367269516,0.510682046413422,0.456391930580139) (-0.1508805,0.5488591,0.4724118) (358.6704,295.0712,48.04742) (-0.1265815,0.9327056,0.1841804) (25.21758,1.716058,359.2014)
compute 2.57280702787347(-0.153221219778061,0.485607266426086,0.450786769390106) (-0.1518904,0.510682,0.4563919) (358.0473,303.8974,40.44269) (-0.1140133,0.9291896,0.1648254) (29.2809,3.369633,0.2016809)
compute 1.87686103233068(-0.160588845610619,0.473198354244232,0.438786864280701) (-0.1532212,0.4856073,0.4507868) (357.7593,306.2661,37.12157) (-0.1043488,0.9258295,0.1624207) (29.89461,359.4909,359.9452)
compute 2.39326064762289(-0.173235446214676,0.453680485486984,0.433140099048615) (-0.1605888,0.4731984,0.4387869) (357.2599,303.4662,39.12567) (-0.08800095,0.9225338,0.1726602) (29.06227,350.7716,359.049)
compute 1.26164015451514(-0.175540804862976,0.453244000673294,0.42074379324913) (-0.1732354,0.4536805,0.4331401) (356.149,299.2518,39.87942) (-0.06418101,0.9283042,0.1885245) (27.85709,342.1565,358.4195)
compute 1.71779623189272(-0.168879315257072,0.461702227592468,0.407358527183533) (-0.1755408,0.453244,0.4207438) (355.4773,295.4768,39.56491) (-0.04463887,0.93862,0.2067468) (25.14113,334.5747,358.493)
compute 2.44092467981893(-0.152286991477013,0.477620422840118,0.399166017770767) (-0.1688793,0.4617022,0.4073585) (354.2863,292.6197,40.88123) (-0.03132185,0.9418328,0.218793) (23.19444,329.6164,0.08851659)
compute 2.3997427878053(-0.131203964352608,0.486928999423981,0.405854284763336) (-0.152287,0.4776204,0.399166) (351.4875,294.2662,39.81419) (-0.01463325,0.9436312,0.2263484) (21.26567,329.1804,1.181607)
compute 3.0579933854874(-0.105358622968197,0.487600207328796,0.422185242176056) (-0.131204,0.486929,0.4058543) (349.1762,299.0987,39.46216) (0.003535382,0.9498011,0.2304865) (17.99289,333.1449,2.77638)
compute 3.46870213727151(-0.0742470324039459,0.498891294002533,0.432566463947296) (-0.1053586,0.4876002,0.4221852) (347.9875,305.0483,38.45551) (0.01200352,0.9492743,0.2336404) (17.85909,337.9832,2.154554)
compute 2.97042768181605(-0.0469656065106392,0.502647697925568,0.443700075149536) (-0.07424703,0.4988913,0.4325665) (348.3299,312.9672,34.63268) (0.009143785,0.9406785,0.2386163) (19.22699,343.0297,0.9887815)
compute 1.05015039117321(-0.0398497767746449,0.497115880250931,0.449089467525482) (-0.04696561,0.5026477,0.4437001) (348.9392,316.4581,33.18036) (-0.0042427,0.9350678,0.244896) (18.58113,347.1536,1.4017)
compute 1.19287997140411(-0.0408346280455589,0.485598504543304,0.452035039663315) (-0.03984978,0.4971159,0.4490895) (349.3258,318.397,32.20651) (-0.02290554,0.9350502,0.2494208) (18.75596,353.1818,1.81941)
compute 0.627380509077928(-0.0470360182225704,0.485259741544724,0.452923089265823) (-0.04083463,0.4855985,0.452035) (346.9507,320.8247,33.49094) (-0.0317407,0.9265791,0.2475197) (23.2727,1.999636,1.873032)
compute 1.54902087366608(-0.0541460700333118,0.49775293469429,0.447151273488998) (-0.04703602,0.4852597,0.4529231) (343.3449,322.0512,34.04411) (-0.02733248,0.925731,0.2443403) (25.08542,13.68818,2.668147)
compute 1.29577639055394(-0.0572408810257912,0.507646560668945,0.439376831054688) (-0.05414607,0.4977529,0.4471513) (340.2756,322.9312,35.11634) (-0.02685398,0.9291185,0.2322652) (25.19795,19.95387,3.524349)
compute 1.73496354424994(-0.0604731887578964,0.519282698631287,0.426920413970947) (-0.05724088,0.5076466,0.4393768) (338.1699,321.7849,37.43727) (-0.02805977,0.9314509,0.2246473) (24.9593,21.11354,3.527318)
compute 1.46124763759507(-0.066285751760006,0.523353397846222,0.414146691560745) (-0.06047319,0.5192827,0.4269204) (337.5332,319.8173,38.8724) (-0.03207245,0.9367738,0.21943) (23.51346,18.96349,3.675698)
compute 0.909132905383535(-0.069614514708519,0.51926177740097,0.406741946935654) (-0.06628575,0.5233534,0.4141467) (338.3536,318.1591,39.99561) (-0.03437058,0.9395967,0.2143306) (22.60473,15.9247,3.464787)
compute 0.567511216541879(-0.0693263709545136,0.522559344768524,0.40213218331337) (-0.06961451,0.5192618,0.4067419) (338.7003,317.1106,40.55973) (-0.03485594,0.9398198,0.2101215) (22.55508,13.22219,3.362341)
compute 0.197276928766932(-0.068749338388443,0.523118376731873,0.400330424308777) (-0.06932637,0.5225593,0.4021322) (339.2552,316.1443,41.05209) (-0.03914356,0.9433535,0.2055099) (20.91978,8.427089,3.183514)
compute 0.324342316786165(-0.0690409615635872,0.522376477718353,0.397186487913132) (-0.06874934,0.5231184,0.4003304) (339.2381,314.8219,41.1235) (-0.04495069,0.9501073,0.2021991) (17.72507,2.399302,2.398717)
compute 0.258181589726733(-0.0691674873232841,0.520524680614471,0.395391881465912) (-0.06904096,0.5223765,0.3971865) (339.4492,313.6579,41.43043) (-0.0542535,0.952318,0.1966387) (18.92322,354.4315,3.667845)
compute 1.09823625434205(-0.0750892758369446,0.522847354412079,0.386439234018326) (-0.06916749,0.5205247,0.3953919) (339.407,310.6277,40.16679) (-0.07188999,0.9413334,0.1913791) (22.29453,341.945,2.497006)
compute 2.44784848602089(-0.0885944217443466,0.529030740261078,0.366982281208038) (-0.07508928,0.5228474,0.3864392) (337.9527,303.7489,41.1098) (-0.09222423,0.9404724,0.181262) (22.23567,326.859,359.7139)
compute 2.47001370317227(-0.102063059806824,0.529435753822327,0.346281349658966) (-0.08859442,0.5290307,0.3669823) (337.6637,297.7489,39.78756) (-0.1136681,0.943944,0.1635714) (18.82513,311.2196,356.8003)
compute 2.54834028252252(-0.11651798337698,0.529682695865631,0.325295686721802) (-0.1020631,0.5294358,0.3462813) (337.85,291.5396,38.95048) (-0.1279854,0.955846,0.1406418) (11.78053,297.9797,354.7854)
compute 2.21947502270234(-0.129429936408997,0.53249591588974,0.307463854551315) (-0.116518,0.5296827,0.3252957) (337.0586,285.3022,39.97755) (-0.1247488,0.9975203,0.1320573) (349.9653,297.3788,359.3924)
compute 1.38912312780108(-0.139498248696327,0.541956782341003,0.306019067764282) (-0.1294299,0.5324959,0.3074639) (334.8528,281.8137,41.45302) (-0.09416081,1.00966,0.1199245) (340.9938,307.0992,4.704854)
compute 3.95980284880225(-0.173889219760895,0.560785055160522,0.300472795963287) (-0.1394982,0.5419568,0.3060191) (332.451,274.6731,42.92485) (-0.1015901,0.9895186,0.1090705) (351.5008,304.1307,10.47501)
compute 8.00265622737394(-0.247531399130821,0.559434413909912,0.269179731607437) (-0.1738892,0.5607851,0.3004728) (335.955,258.5069,48.86269) (-0.1351727,0.9347504,0.08906332) (9.350828,295.4825,14.26544)
compute 10.3118262737963(-0.339596033096313,0.52543842792511,0.237529262900352) (-0.2475314,0.5594344,0.2691797) (342.0387,250.6288,43.15989) (-0.1964718,0.9057926,0.08004951) (18.60336,288.0955,12.65401)
compute 12.5589795354699(-0.437217086553574,0.45489901304245,0.201932668685913) (-0.339596,0.5254384,0.2375293) (350.9837,243.3101,40.50138) (-0.2615794,0.8746624,0.07228681) (24.21797,282.4319,12.10203)
compute 12.270961256015(-0.533277928829193,0.383243441581726,0.175561413168907) (-0.4372171,0.454899,0.2019327) (357.18,238.4647,37.10955) (-0.3375848,0.8445876,0.07021829) (24.29161,278.6653,10.86249)
compute 11.7016395434277(-0.627140283584595,0.317592859268188,0.151630327105522) (-0.5332779,0.3832434,0.1755614) (3.015296,233.6669,38.35133) (-0.4087308,0.8156313,0.07710155) (24.04845,278.4749,8.368217)
compute 8.57368411348881(-0.69103342294693,0.263673961162567,0.13262440264225) (-0.6271403,0.3175929,0.1516303) (6.934479,229.7656,41.06919) (-0.4448435,0.7928355,0.08492849) (22.8361,278.4598,7.712063)
compute 6.36163849354183(-0.730574607849121,0.213976800441742,0.128918811678886) (-0.6910334,0.263674,0.1326244) (14.34695,227.9485,50.49273) (-0.462252,0.7662508,0.09319411) (22.21687,278.793,5.631848)
compute 2.36399713053034(-0.745283484458923,0.195486649870873,0.128136813640594) (-0.7305746,0.2139768,0.1289188) (14.8968,230.3556,50.18029) (-0.4660329,0.7571285,0.09139507) (22.89725,279.1343,5.608967)
compute 0.603746729462592(-0.739446222782135,0.19670481979847,0.129082038998604) (-0.7452835,0.1954866,0.1281368) (15.60268,230.3772,52.89238) (-0.4485543,0.7827004,0.08233568) (23.3562,280.2789,7.13533)
compute 6.91530801509116(-0.698895871639252,0.25270813703537,0.130284667015076) (-0.7394462,0.1967048,0.129082) (11.63344,228.9107,52.73936) (-0.4090577,0.8552376,0.07886229) (15.33756,288.7099,11.19968)
compute 14.051080864993(-0.61951744556427,0.368540912866592,0.135296821594238) (-0.6988959,0.2527081,0.1302847) (1.593385,231.1276,47.29548) (-0.3606067,0.9181358,0.08424933) (0.1793858,304.0095,16.98641)
compute 13.8828757635786(-0.528852045536041,0.473378986120224,0.143182784318924) (-0.6195174,0.3685409,0.1352968) (355.2275,232.7082,47.21871) (-0.2923945,0.9770505,0.07647462) (341.0763,322.7096,19.34865)
compute 9.50361713165845(-0.464180797338486,0.542094171047211,0.154484435915947) (-0.528852,0.473379,0.1431828) (352.7384,236.0404,52.79152) (-0.2405663,1.000482,0.0535109) (330.4584,336.5402,17.63552)
compute 7.26506911164982(-0.422701954841614,0.597129821777344,0.177478045225143) (-0.4641808,0.5420942,0.1544844) (350.792,242.071,59.22396) (-0.2015619,1.00491,0.04281041) (327.9435,350.9352,11.85175)
compute 6.75574634500435(-0.383035510778427,0.644250154495239,0.205231577157974) (-0.422702,0.5971298,0.177478) (346.854,249.4264,63.92484) (-0.1518165,1.008471,0.03239593) (329.8177,8.395107,4.055317)
compute 5.50610662396466(-0.339785546064377,0.671979308128357,0.225037023425102) (-0.3830355,0.6442502,0.2052316) (341.8502,258.7252,65.09184) (-0.1099253,1.00177,0.02374713) (335.692,21.84714,359.5455)
compute 4.1291974214933(-0.300233751535416,0.683143317699432,0.221031069755554) (-0.3397855,0.6719793,0.225037) (338.5513,266.1715,64.4508) (-0.07901929,0.9953873,0.02182327) (340.0027,31.0095,356.0683)
compute 4.81387413041308(-0.254036486148834,0.687364459037781,0.233889266848564) (-0.3002338,0.6831433,0.2210311) (338.1086,275.8581,60.03867) (-0.05351529,0.9967347,0.02282261) (342.5308,37.97668,354.22)
compute 5.19782461253962(-0.205182045698166,0.685829877853394,0.251570522785187) (-0.2540365,0.6873645,0.2338893) (339.5732,286.245,56.11955) (-0.02828491,0.9881941,0.0249015) (348.6185,45.17678,353.3611)
compute 5.42682444929742(-0.152344599366188,0.684441149234772,0.263871669769287) (-0.205182,0.6858299,0.2515705) (341.7153,297.5159,52.64919) (-0.006328471,0.9707009,0.02758458) (358.4451,49.35082,353.3889)
compute 15.6693066448968(-0.0535500049591064,0.564247310161591,0.282467037439346) (-0.1523446,0.6844411,0.2638717) (344.9089,310.0328,47.39371) (0.0120158,0.9579098,0.03129415) (5.049603,53.84634,352.8786)
compute 7.50374860502392(0.0138010811060667,0.532958567142487,0.271721333265305) (-0.05355,0.5642473,0.282467) (349.0667,323.897,44.0226) (0.02709125,0.9473624,0.03347888) (11.47912,58.57229,353.2139)
compute 6.78810232607311(0.0766140893101692,0.507876098155975,0.265956848859787) (0.01380108,0.5329586,0.2717213) (352.6218,337.3523,42.10938) (0.04242688,0.9391446,0.03193865) (16.15468,63.72041,355.0194)
compute 6.10100513775483(0.131138011813164,0.485713869333267,0.249888122081757) (0.07661409,0.5078761,0.2659568) (356.6595,349.0677,41.85386) (0.05244439,0.9343736,0.02942368) (18.98989,66.5754,355.865)
compute 5.35697742953(0.174686849117279,0.466339468955994,0.225437104701996) (0.131138,0.4857139,0.2498881) (0.3566089,359.2577,39.95024) (0.06167509,0.9342214,0.03648782) (17.92019,61.91923,356.6217)
compute 1.03690357553665(0.184704720973969,0.468388170003891,0.22371606528759) (0.1746868,0.4663395,0.2254371) (359.8732,1.628457,38.25525) (0.04773875,0.9450873,0.07214967) (14.55433,43.88363,357.0908)
compute 5.65382686014547(0.155644625425339,0.499241411685944,0.261134833097458) (0.1847047,0.4683882,0.2237161) (353.5379,354.0063,37.22488) (0.02015804,0.9480966,0.08988482) (12.62768,21.8603,358.9403)
compute 7.15563664097635(0.0990009680390358,0.524841368198395,0.296581298112869) (0.1556446,0.4992414,0.2611348) (346.9436,339.3089,38.38137) (-0.01740595,0.9513249,0.09243879) (11.90166,358.0544,0.4426532)
compute 6.15200588940234(0.0444065891206265,0.55035001039505,0.308970034122467) (0.09900097,0.5248414,0.2965813) (342.6406,325.8691,38.33423) (-0.04786272,0.9540936,0.08192106) (11.86237,336.3062,0.783224)
compute 4.61647992574207(0.00176387536339462,0.567705094814301,0.312374264001846) (0.04440659,0.55035,0.30897) (340.4985,314.8228,37.72969) (-0.06932687,0.9580922,0.07472358) (11.51593,316.7065,0.729166)
compute 4.01825899509248(-0.0375091135501862,0.571316421031952,0.320070445537567) (0.001763875,0.5677051,0.3123743) (340.6151,305.3825,35.60577) (-0.0785925,0.9498014,0.07097366) (16.72206,309.1312,358.2324)
compute 8.18423997292848(-0.0948247686028481,0.535961210727692,0.366579622030258) (-0.03750911,0.5713164,0.3200704) (346.7893,299.3475,30.26644) (-0.08624819,0.9380848,0.1091553) (21.51525,319.4099,0.8211305)
compute 13.9053964691966(-0.189650848507881,0.456926017999649,0.430591017007828) (-0.09482477,0.5359612,0.3665796) (358.2882,289.695,38.76718) (-0.117277,0.9229693,0.1729791) (22.00941,326.7803,5.587606)
compute 16.6484700527333(-0.294631808996201,0.375399708747864,0.530838787555695) (-0.1896508,0.456926,0.430591) (6.200828,289.2941,35.07895) (-0.1717901,0.8951421,0.2505823) (18.04973,329.4552,4.648026)
compute 13.5328552545602(-0.360124051570892,0.289861708879471,0.612740159034729) (-0.2946318,0.3753997,0.5308388) (16.3031,290.0536,40.34208) (-0.2236339,0.8587277,0.3224265) (17.54203,331.3642,3.362873)
compute 10.9510366154563(-0.394876629114151,0.223920434713364,0.692968130111694) (-0.3601241,0.2898617,0.6127402) (22.10896,297.5141,43.42862) (-0.2574894,0.8251258,0.3637544) (17.27411,331.841,1.332743)
compute 4.71690010842668(-0.397422760725021,0.194119542837143,0.729441940784454) (-0.3948766,0.2239204,0.6929681) (24.74743,304.3508,44.21493) (-0.2759484,0.7989822,0.3819622) (19.23022,333.8916,1.498018)
compute 1.19171128591397(-0.392541944980621,0.186918258666992,0.737586677074432) (-0.3974228,0.1941195,0.7294419) (25.5844,305.9658,46.76542) (-0.2847644,0.7893223,0.3850802) (19.80285,335.0465,3.604711)
compute 2.51988953563969(-0.380627870559692,0.203360289335251,0.722663581371307) (-0.3925419,0.1869183,0.7375867) (23.45055,305.5103,44.82948) (-0.2854308,0.8002871,0.3665065) (19.94918,335.6834,5.344438)
compute 10.1043980785151(-0.367874920368195,0.266189157962799,0.644562482833862) (-0.3806279,0.2033603,0.7226636) (16.52522,294.2266,38.53861) (-0.269976,0.8529798,0.3101948) (15.3157,335.39,6.864104)
compute 18.0960085226265(-0.322415888309479,0.391982078552246,0.522676587104797) (-0.3678749,0.2661892,0.6445625) (0.9011483,285.8554,30.52728) (-0.2517904,0.9066001,0.2435565) (9.572851,332.7461,7.009001)
compute 15.8492803851365(-0.252016931772232,0.490832328796387,0.42073255777359) (-0.3224159,0.3919821,0.5226766) (351.4449,286.2583,25.39953) (-0.2202375,0.9388204,0.182888) (7.386787,333.3316,7.878921)
compute 11.1612941086112(-0.181731522083282,0.544721484184265,0.352810770273209) (-0.2520169,0.4908323,0.4207326) (347.3983,291.7019,21.37868) (-0.1897213,0.9532367,0.1376546) (9.371392,334.7379,9.431458)
compute 7.17252349841794(-0.126573368906975,0.571464359760284,0.315569579601288) (-0.1817315,0.5447215,0.3528108) (345.7064,297.5306,23.5525) (-0.166198,0.9600976,0.1076882) (12.30774,338.5717,9.214216)
compute 3.33646493844048(-0.100690238177776,0.583214402198792,0.298099607229233) (-0.1265734,0.5714644,0.3155696) (345.5419,301.2257,25.08975) (-0.1456308,0.9556239,0.08276711) (15.69728,341.1428,9.8318)
compute 2.008090452811(-0.11879413574934,0.577690780162811,0.304806411266327) (-0.1006902,0.5832144,0.2980996) (348.5196,299.9384,27.61334) (-0.1359199,0.9435104,0.07356028) (18.01563,341.0245,10.73811)
compute 9.68670604308359(-0.18891504406929,0.540828824043274,0.360551208257675) (-0.1187941,0.5776908,0.3048064) (352.6124,294.9965,32.06657) (-0.1414242,0.9289281,0.09633191) (18.79969,340.1627,13.70193)
compute 14.0327374991839(-0.271750092506409,0.466643631458282,0.446147263050079) (-0.188915,0.5408288,0.3605512) (1.721287,290.9053,35.88902) (-0.1702189,0.911622,0.1675033) (18.16126,337.4235,13.55768)
compute 16.3983851664981(-0.345183491706848,0.366292089223862,0.553048193454742) (-0.2717501,0.4666436,0.4461473) (11.56309,288.4247,40.71091) (-0.2112806,0.885465,0.2460351) (17.87519,335.7857,10.11376)
compute 16.0181622643864(-0.376620024442673,0.273162513971329,0.679526567459106) (-0.3451835,0.3662921,0.5530482) (20.90749,302.5124,47.24703) (-0.2487994,0.8537197,0.3164006) (18.11839,335.5245,7.818577)
compute 7.79905073835488(-0.383540689945221,0.222988694906235,0.738832652568817) (-0.37662,0.2731625,0.6795266) (25.96713,310.7824,50.02511) (-0.2695188,0.8284504,0.3556497) (18.89615,335.6406,7.062285)
compute 1.9289404107089(-0.38940155506134,0.205004438757896,0.742613911628723) (-0.3835407,0.2229887,0.7388327) (26.26318,307.8967,50.89892) (-0.2735517,0.8168927,0.362557) (19.58852,336.6302,7.397142)
compute 2.62166896694027(-0.384224027395248,0.219204276800156,0.721192598342896) (-0.3894016,0.2050044,0.7426139) (25.79056,305.9535,51.94089) (-0.2569913,0.8245537,0.3504734) (20.15777,337.2102,7.438817)
compute 7.370485925961(-0.374939352273941,0.266090393066406,0.665086507797241) (-0.384224,0.2192043,0.7211926) (21.49248,299.6838,47.17431) (-0.2377585,0.8652682,0.2823007) (18.48365,334.9781,7.898674)
compute 14.750982353271(-0.350542008876801,0.356867015361786,0.55140483379364) (-0.3749394,0.2660904,0.6650865) (9.920362,290.6323,42.84734) (-0.227054,0.9010776,0.2075592) (19.14121,319.6576,8.059616)
compute 17.2302254336582(-0.307568460702896,0.457898408174515,0.418611764907837) (-0.350542,0.356867,0.5514048) (358.2677,283.2539,38.39542) (-0.2159678,0.9178126,0.135125) (23.51602,303.0323,6.390267)
compute 12.9344583136552(-0.269856929779053,0.524929285049438,0.314617902040482) (-0.3075685,0.4578984,0.4186118) (349.9759,276.4453,33.20725) (-0.1828762,0.9277263,0.05920564) (27.4241,287.5341,1.187051)
compute 8.16817176021261(-0.244659230113029,0.559662759304047,0.245115637779236) (-0.2698569,0.5249293,0.3146179) (345.1604,270.0856,32.7133) (-0.1630659,0.9258632,0.03299265) (25.81269,282.8732,1.139721)
compute 3.53016292578629(-0.233862787485123,0.564805150032043,0.211901217699051) (-0.2446592,0.5596628,0.2451156) (343.736,264.9914,31.34574) (-0.1468119,0.9344592,0.02655589) (21.01126,285.0162,3.057508)
compute 1.43325220540055(-0.229384005069733,0.575740575790405,0.203790843486786) (-0.2338628,0.5648052,0.2119012) (341.9794,261.9445,37.10953) (-0.1344399,0.95424,0.03195517) (9.018615,296.3924,7.363931)
compute 2.79709550695568(-0.220823124051094,0.598088681697845,0.218270063400269) (-0.229384,0.5757406,0.2037908) (338.2807,264.9561,41.74345) (-0.1137928,0.9820435,0.05791003) (350.6874,312.999,9.159598)
compute 4.79049353486404(-0.202860370278358,0.622349202632904,0.255467504262924) (-0.2208231,0.5980887,0.2182701) (334.5457,269.9809,48.41437) (-0.08011954,0.9944081,0.05902559) (338.4765,330.1606,6.498875)
compute 4.74725051593915(-0.172219842672348,0.643242359161377,0.285103172063828) (-0.2028604,0.6223492,0.2554675) (330.9464,274.8996,56.5213) (-0.05578346,0.9951971,0.05346379) (333.7237,347.9213,1.328754)
compute 4.15647601345312(-0.136707603931427,0.653612911701202,0.304049462080002) (-0.1722198,0.6432424,0.2851032) (328.8092,282.3676,58.81053) (-0.03418078,0.9945595,0.04990604) (334.207,5.188401,356.0222)
compute 3.17327141321453(-0.105912454426289,0.655068278312683,0.31156650185585) (-0.1367076,0.6536129,0.3040495) (328.9557,289.3908,61.62635) (-0.0252828,0.9826796,0.04524647) (339.0417,16.25995,352.4449)
compute 2.89310288018498(-0.0778546780347824,0.649916052818298,0.316385239362717) (-0.1059125,0.6550683,0.3115665) (330.1486,299.1609,58.05891) (-0.01897514,0.9730645,0.04143152) (344.5843,23.66656,350.567)
compute 3.86032490477808(-0.0512025095522404,0.622448980808258,0.321428328752518) (-0.07785468,0.6499161,0.3163852) (333.4479,311.3338,49.3255) (-0.01111715,0.9603499,0.0393916) (352.993,28.94308,349.6407)
compute 3.98793532923067(-0.0241032652556896,0.593685448169708,0.316075474023819) (-0.05120251,0.622449,0.3214283) (338.6416,321.2698,43.36776) (-0.004956268,0.9463258,0.03916421) (1.487567,32.07053,351.349)
compute 3.69767555609053(-0.0039725131355226,0.565219759941101,0.303757280111313) (-0.02410327,0.5936854,0.3160755) (343.1285,327.7671,38.69831) (0.0008368231,0.9340465,0.04225552) (9.674061,33.68785,352.7816)
compute 3.08751327007576(0.0143756018951535,0.542867600917816,0.292940557003021) (-0.003972513,0.5652198,0.3037573) (346.1998,331.0137,35.59039) (0.009827159,0.9309009,0.04597735) (14.44346,36.03474,353.6674)
compute 9.42596535619655(0.0974431186914444,0.500029385089874,0.305169939994812) (0.0143756,0.5428676,0.2929406) (351.7488,344.9698,24.32184) (0.03423784,0.9313352,0.05319537) (17.1116,40.17806,354.0399)
compute 17.05471544804(0.25102898478508,0.439933449029922,0.348600268363953) (0.09744312,0.5000294,0.3051699) (0.8211191,359.4987,29.2734) (0.08020445,0.9308642,0.07845533) (18.01283,42.47708,352.72)
compute 16.9902545762032(0.40067183971405,0.383683353662491,0.40613129734993) (0.251029,0.4399334,0.3486003) (8.922787,9.609763,37.63529) (0.1400978,0.9255396,0.1278133) (17.1679,43.55264,350.5207)
compute 13.3239520433723(0.50617915391922,0.331259608268738,0.468362540006638) (0.4006718,0.3836834,0.4061313) (15.53642,12.37946,54.17373) (0.2054041,0.9034466,0.1892269) (15.94965,43.90606,347.3584)
compute 10.7677738602367(0.585542500019073,0.282920122146606,0.522761523723602) (0.5061792,0.3312596,0.4683625) (18.48401,18.83145,56.31605) (0.2626499,0.8765553,0.2573651) (14.43956,45.85065,345.5893)
compute 8.33783841286408(0.641808152198792,0.240158721804619,0.567006230354309) (0.5855425,0.2829201,0.5227615) (18.9264,24.99136,54.66723) (0.2902187,0.8418293,0.3137109) (15.30803,44.13215,345.6021)
compute 3.99037108540291(0.662814259529114,0.212028160691261,0.585972547531128) (0.6418082,0.2401587,0.5670062) (22.52336,27.30159,54.48427) (0.3041735,0.8108882,0.3426638) (17.07751,43.7814,346.8091)
compute 0.673740893250849(0.669080555438995,0.210747703909874,0.583854377269745) (0.6628143,0.2120282,0.5859725) (23.56775,29.81654,55.94231) (0.3028214,0.7854719,0.3522252) (20.86701,41.21311,347.8286)
compute 2.8964663066634(0.656164050102234,0.22863607108593,0.565089464187622) (0.6690806,0.2107477,0.5838544) (19.51765,28.20191,54.97012) (0.27927,0.7848545,0.3436) (22.57467,38.41856,350.2855)
compute 8.97681952178546(0.59326046705246,0.284655779600143,0.534053027629852) (0.6561641,0.2286361,0.5650895) (7.762939,21.5662,49.59143) (0.2196471,0.8200318,0.3280096) (21.65912,24.47959,350.0595)
compute 16.5686800964954(0.468010991811752,0.373919039964676,0.47243520617485) (0.5932605,0.2846558,0.534053) (349.5637,13.75939,41.72651) (0.1626816,0.8650382,0.3049729) (20.91287,9.304525,351.6152)
compute 16.7979952796365(0.335015028715134,0.451072156429291,0.404783636331558) (0.468011,0.373919,0.4724352) (339.8911,6.311014,30.37663) (0.1067358,0.903962,0.265014) (20.1923,355.7894,353.233)
compute 13.1509296574216(0.222184374928474,0.503880143165588,0.362649857997894) (0.335015,0.4510722,0.4047836) (335.7656,358.6924,19.06241) (0.06141826,0.9303821,0.2230762) (19.81754,343.9079,355.6418)
compute 9.88868458218153(0.132096394896507,0.541420817375183,0.34672936797142) (0.2221844,0.5038801,0.3626499) (332.4887,344.411,17.89202) (0.0251167,0.9476908,0.1850549) (19.25473,335.9055,358.4702)
compute 8.2044227371719(0.0553462691605091,0.538304567337036,0.375555783510208) (0.1320964,0.5414208,0.3467294) (339.5575,329.7353,18.47966) (0.01018399,0.9473587,0.1814) (20.91179,338.2299,359.8853)
compute 11.612858606625(-0.019983671605587,0.504369020462036,0.457162320613861) (0.05534627,0.5383046,0.3755558) (347.174,309.6342,36.37733) (-0.007827345,0.9373926,0.1991815) (20.70593,341.4147,2.684772)
compute 15.9638571831332(-0.0778847634792328,0.43597412109375,0.589276194572449) (-0.01998367,0.504369,0.4571623) (357.8353,304.5821,42.16559) (-0.03405317,0.9124458,0.2834202) (18.74963,342.5167,2.1432)
compute 16.6469142767272(-0.133940011262894,0.335490673780441,0.709579408168793) (-0.07788476,0.4359741,0.5892762) (12.07482,297.473,52.81525) (-0.07144255,0.8745531,0.3565532) (17.54774,341.6567,1.267285)
compute 10.8267966033323(-0.146477982401848,0.261854588985443,0.78795337677002) (-0.13394,0.3354907,0.7095794) (24.42677,303.6817,59.71246) (-0.1054492,0.8546503,0.3934053) (18.38194,339.6269,0.567207)
compute 3.86177713728631(-0.157897502183914,0.233006030321121,0.810946583747864) (-0.146478,0.2618546,0.7879534) (23.34549,305.6618,56.91096) (-0.1291541,0.8496342,0.395591) (17.36928,335.08,0.9619826)
compute 1.95935303946529(-0.156910881400108,0.230676859617233,0.791517019271851) (-0.1578975,0.233006,0.8109466) (24.14021,305.0192,55.37218) (-0.1516766,0.8533086,0.3456421) (18.32305,325.0365,1.049529)
compute 9.38650543709247(-0.153615787625313,0.276953428983688,0.709918797016144) (-0.1569109,0.2306769,0.791517) (21.0995,299.6987,50.00997) (-0.1703236,0.8742933,0.2750526) (19.65289,314.198,1.684236)
compute 13.7207931968907(-0.15186807513237,0.348204642534256,0.592674493789673) (-0.1536158,0.2769534,0.7099188) (13.2016,291.376,46.33608) (-0.1755899,0.8901945,0.219711) (20.05139,309.0608,2.905832)
compute 12.7128565984682(-0.151234835386276,0.417118728160858,0.485846966505051) (-0.1518681,0.3482046,0.5926745) (4.119035,285.2758,40.91862) (-0.1762101,0.900678,0.1802313) (21.03476,306.0098,3.502664)
compute 8.94684038474323(-0.156773537397385,0.458663821220398,0.406803160905838) (-0.1512348,0.4171187,0.485847) (357.7958,279.9985,39.78219) (-0.1763787,0.9043373,0.1544857) (22.24833,303.0903,3.393582)
compute 6.93118217751261(-0.173362627625465,0.47837495803833,0.342457205057144) (-0.1567735,0.4586638,0.4068032) (352.8317,274.0536,39.22096) (-0.1776273,0.9055412,0.1358601) (23.81264,300.4634,2.730657)
compute 5.45269504437865(-0.187027350068092,0.491762578487396,0.291396111249924) (-0.1733626,0.478375,0.3424572) (349.8521,269.7244,37.25331) (-0.1754306,0.9051926,0.1219196) (23.20931,299.9323,3.188174)
compute 4.33252733704894(-0.191548421978951,0.506854295730591,0.251036733388901) (-0.1870274,0.4917626,0.2913961) (348.5767,264.8773,40.53088) (-0.1648962,0.9185535,0.1123082) (19.76977,301.8246,4.747547)
compute 1.45735972438468(-0.189207091927528,0.516815721988678,0.240659937262535) (-0.1915484,0.5068543,0.2510367) (347.7134,265.5957,42.0063) (-0.1502747,0.9409971,0.1017788) (10.19318,307.4091,7.108464)
compute 2.82192271785667(-0.176196053624153,0.541619539260864,0.244096264243126) (-0.1892071,0.5168157,0.2406599) (346.4822,268.7256,48.16637) (-0.1241804,0.9745578,0.1002561) (352.0058,320.8844,8.438438)
compute 4.03007925302346(-0.154159843921661,0.57103955745697,0.260619640350342) (-0.1761961,0.5416195,0.2440963) (342.8121,274.6932,52.97268) (-0.09584342,0.9921005,0.08989282) (335.9748,333.2965,6.831118)
compute 3.75730347807286(-0.129504770040512,0.589722514152527,0.28194585442543) (-0.1541598,0.5710396,0.2606196) (338.6269,283.3677,52.45323) (-0.07715094,0.9948925,0.07693014) (329.8748,342.1011,4.310799)
compute 3.87783678477117(-0.102213241159916,0.595424234867096,0.308898121118546) (-0.1295048,0.5897225,0.2819459) (336.3042,290.4224,54.8502) (-0.06750156,0.9940106,0.0747069) (329.6828,351.0965,0.4739904)
compute 3.29003284048706(-0.0735867321491241,0.594206035137177,0.325068175792694) (-0.1022132,0.5954242,0.3088981) (335.1433,297.9978,54.60023) (-0.05105727,0.9875092,0.08380421) (333.3618,3.68486,355.413)
compute 4.75027687647646(-0.0296308472752571,0.587328314781189,0.308422148227692) (-0.07358673,0.594206,0.3250682) (337.6322,306.8716,53.01073) (-0.03476397,0.9785237,0.09206855) (341.1111,14.98756,351.9601)
compute 5.12834181901146(0.0153062781319022,0.578067898750305,0.285511702299118) (-0.02963085,0.5873283,0.3084221) (341.9467,319.3385,46.90685) (-0.0152013,0.9607457,0.09858495) (353.8254,24.98619,350.9827)
compute 5.01572241745735(0.0549161359667778,0.566348373889923,0.257060706615448) (0.01530628,0.5780679,0.2855117) (348.145,330.7091,43.01989) (0.0009931624,0.9421625,0.09792357) (5.104914,32.77243,352.4778)
compute 8.67351193232063(0.0811702162027359,0.508457541465759,0.316072195768356) (0.05491614,0.5663484,0.2570607) (354.2402,336.8291,42.68857) (0.009588317,0.9323699,0.09801155) (12.51594,36.97867,353.8572)
compute 4.17646890138143(0.105995960533619,0.476324558258057,0.325841695070267) (0.08117022,0.5084575,0.3160722) (357.0402,340.1716,41.29704) (0.01760502,0.9327255,0.09847503) (16.39743,39.04006,354.7134)
compute 9.25233769904077(0.163604617118835,0.428895235061646,0.380543410778046) (0.105996,0.4763246,0.3258417) (1.028265,345.3589,32.2797) (0.03628875,0.9315213,0.119439) (17.44015,37.72794,353.9131)
compute 15.0011821866731(0.244891136884689,0.367017090320587,0.490393966436386) (0.1636046,0.4288952,0.3805434) (10.57669,348.971,36.18747) (0.07134051,0.9278363,0.1631868) (16.69751,35.31369,351.6025)
compute 14.3809116876927(0.319672912359238,0.322608530521393,0.604921817779541) (0.2448911,0.3670171,0.490394) (16.72151,348.282,51.41908) (0.1186339,0.9063796,0.2464943) (12.78712,31.15539,349.013)
compute 11.0318426248561(0.383015930652618,0.27827587723732,0.683613836765289) (0.3196729,0.3226085,0.6049218) (26.42723,358.3696,65.02286) (0.1466595,0.8789148,0.3354907) (13.04931,27.62591,347.106)
compute 7.71283371588663(0.416655689477921,0.249212995171547,0.746641576290131) (0.3830159,0.2782759,0.6836138) (23.759,4.036706,58.58312) (0.1545441,0.8477748,0.3870164) (16.07789,22.94255,348.0101)
compute 3.72600721221518(0.421472668647766,0.214343026280403,0.758856117725372) (0.4166557,0.249213,0.7466416) (28.24527,2.438817,61.26213) (0.1433254,0.8294593,0.4204328) (17.55011,16.95636,349.1975)
compute 1.40412589282387(0.420812726020813,0.210962563753128,0.745243847370148) (0.4214727,0.214343,0.7588561) (25.44549,2.139601,58.16474) (0.1149644,0.8250505,0.4198119) (17.85598,8.818288,349.7848)
compute 4.91435157413577(0.408858507871628,0.229935750365257,0.701515138149261) (0.4208127,0.2109626,0.7452438) (19.73103,1.82306,53.43455) (0.09683383,0.8393791,0.3957837) (17.83954,4.058432,351.1879)
compute 7.88481668589402(0.380956679582596,0.277030318975449,0.644764602184296) (0.4088585,0.2299358,0.7015151) (11.87615,359.8029,49.38041) (0.08421787,0.8601686,0.3480078) (18.09702,1.618228,353.7793)
compute 12.4094670434298(0.323725640773773,0.350584954023361,0.562826752662659) (0.3809567,0.2770303,0.6447646) (1.054966,355.3536,41.97981) (0.060112,0.8842773,0.3042185) (19.04599,355.0979,356.8822)
compute 13.0133191966824(0.250462830066681,0.418711513280869,0.4796042740345) (0.3237256,0.350585,0.5628268) (352.5505,351.0983,31.73038) (0.02916337,0.9071832,0.2593412) (19.90446,346.7047,358.1145)
compute 10.4719772671369(0.17839290201664,0.470670491456985,0.424174845218658) (0.2504628,0.4187115,0.4796043) (346.9192,346.5336,26.07129) (-0.004804179,0.9299438,0.2151658) (18.70281,337.4607,358.7098)
compute 8.06140111212583(0.114013239741325,0.512180089950562,0.399058490991592) (0.1783929,0.4706705,0.4241748) (341.3328,339.4309,25.62653) (-0.03947292,0.9429924,0.1754379) (17.54032,327.1225,359.3616)
compute 6.3726920851588(0.0587823539972305,0.54118275642395,0.386038690805435) (0.1140132,0.5121801,0.3990585) (338.2136,328.7797,31.94483) (-0.07256529,0.9503959,0.1483364) (16.14901,316.2534,359.0848)
compute 3.97366401136987(0.020290931686759,0.549663484096527,0.380990087985992) (0.05878235,0.5411828,0.3860387) (336.7186,319.8322,36.27385) (-0.09085791,0.9520882,0.1320577) (16.57134,309.769,359.2236)
compute 2.70890595807662(-0.00665244972333312,0.54720002412796,0.379647433757782) (0.02029093,0.5496635,0.3809901) (338.3138,311.6974,43.54056) (-0.100327,0.9510074,0.1185226) (16.58413,307.4196,1.378577)
compute 1.63528029537222(-0.0229712389409542,0.547220647335052,0.378593444824219) (-0.00665245,0.5472,0.3796474) (339.3215,306.9514,46.21923) (-0.1024167,0.9492818,0.1108875) (13.94979,307.2718,3.440836)
compute 0.338063322146117(-0.024541936814785,0.549116253852844,0.37627649307251) (-0.02297124,0.5472206,0.3785934) (339.0506,305.5546,47.24106) (-0.095172,0.9542029,0.1058204) (10.10538,313.4631,5.871136)
compute 0.703130733689752(-0.0214447118341923,0.5496786236763,0.369989186525345) (-0.02454194,0.5491163,0.3762765) (339.191,305.6373,49.31527) (-0.07917097,0.9554274,0.1106136) (8.778116,323.889,7.30822)
compute 2.26420490815206(-0.0128889037296176,0.555788695812225,0.349936068058014) (-0.02144471,0.5496786,0.3699892) (338.9488,306.4497,49.90201) (-0.0599345,0.9453823,0.1143295) (13.88447,335.8704,5.367248)
compute 2.28569781024307(0.000447952072136104,0.558343648910522,0.331550151109695) (-0.0128889,0.5557887,0.3499361) (339.3284,310.5972,48.71096) (-0.02718469,0.9355105,0.1162793) (18.1863,357.1834,2.731511)
compute 2.40044658765037(0.0211032498627901,0.555239677429199,0.319720596075058) (0.0004479521,0.5583436,0.3315502) (340.2061,318.3852,45.89975) (0.008721969,0.9278691,0.1110231) (19.35056,18.72358,2.986606)
compute 3.56187901815326(0.0543886609375477,0.545547783374786,0.311544597148895) (0.02110325,0.5552397,0.3197206) (342.2135,327.8147,45.80774) (0.03430615,0.9238471,0.09779307) (20.09463,35.56914,3.210168)
compute 3.81121814432503(0.0883507952094078,0.529998421669006,0.303972989320755) (0.05438866,0.5455478,0.3115446) (344.3268,336.8231,44.66006) (0.04874624,0.9233106,0.09067637) (20.28965,46.11107,3.39317)
compute 6.31125198710285(0.133137255907059,0.485884636640549,0.309570968151093) (0.0883508,0.5299984,0.303973) (349.1978,346.4511,40.46364) (0.05716625,0.92579,0.09319437) (19.66251,48.65691,3.144693)
compute 13.9639538621555(0.251347810029984,0.432881355285645,0.361687362194061) (0.1331373,0.4858846,0.309571) (358.9008,357.3842,35.14155) (0.08594271,0.9306384,0.1233296) (17.4085,47.43629,358.5992)
compute 17.8288619970929(0.396812617778778,0.375309586524963,0.447199434041977) (0.2513478,0.4328814,0.3616874) (9.136913,4.737101,43.08482) (0.1376838,0.9170768,0.1736846) (15.23268,46.50275,353.4223)
compute 16.5488098138459(0.536722481250763,0.30803781747818,0.504523515701294) (0.3968126,0.3753096,0.4471994) (20.41786,16.49862,54.9045) (0.2046959,0.8823605,0.2473791) (13.83788,46.37191,349.1566)
compute 11.7255447716264(0.628975927829742,0.247297748923302,0.543878138065338) (0.5367225,0.3080378,0.5045235) (28.7355,27.9941,62.25751) (0.2518927,0.8439825,0.3245986) (15.08904,45.41154,349.0088)
compute 6.09166760141834(0.66767829656601,0.214569225907326,0.577668845653534) (0.6289759,0.2472977,0.5438781) (26.34686,30.51204,61.47257) (0.2735315,0.8088329,0.3684758) (18.48911,43.73428,348.4813)
compute 1.96389682008084(0.670035004615784,0.195174261927605,0.575676262378693) (0.6676783,0.2145692,0.5776688) (28.9889,31.11968,60.70687) (0.2794903,0.7871588,0.374274) (21.51805,43.34888,350.1619)
compute 3.09789312647235(0.644342541694641,0.205194294452667,0.561562776565552) (0.670035,0.1951743,0.5756763) (23.70105,29.0021,56.15144) (0.2696581,0.7821221,0.3728005) (22.38694,41.30251,349.9468)
compute 8.76872557800059(0.580784142017365,0.262058615684509,0.54117077589035) (0.6443425,0.2051943,0.5615628) (5.217756,23.97618,45.87255) (0.2367415,0.8083239,0.348846) (20.1376,37.74387,350.4168)
compute 14.4346110011449(0.476145803928375,0.339750528335571,0.479117691516876) (0.5807841,0.2620586,0.5411708) (348.4587,21.15968,30.75562) (0.192034,0.85686,0.3049946) (16.73761,30.3626,351.4798)
compute 19.2973558293504(0.337414771318436,0.43150931596756,0.381276905536652) (0.4761458,0.3397505,0.4791177) (339.1087,17.67756,16.52132) (0.132279,0.9019966,0.2543514) (14.96682,18.64026,353.3549)
compute 13.2366797994929(0.236072719097137,0.489860564470291,0.31926167011261) (0.3374148,0.4315093,0.3812769) (334.7775,9.669783,14.55754) (0.08062135,0.928558,0.2170117) (15.05908,8.342955,356.2784)
compute 8.95568566011084(0.162134230136871,0.533786058425903,0.294280052185059) (0.2360727,0.4898606,0.3192617) (331.7417,0.2755165,16.05588) (0.02932033,0.9452318,0.1831595) (14.96089,359.9425,358.5692)
compute 5.61897186534281(0.1099833548069,0.5466068983078,0.310808718204498) (0.1621342,0.5337861,0.2942801) (334.4789,348.9347,19.85018) (0.005795736,0.950707,0.1698215) (16.49919,359.3932,0.8463125)
compute 9.22772022004357(0.0768275111913681,0.527605175971985,0.394801020622253) (0.1099834,0.5466069,0.3108087) (339.7985,332.5927,31.16555) (-0.006464607,0.949081,0.1785359) (17.16577,1.566141,1.549724)
compute 16.0986600402594(0.0527688153088093,0.459424525499344,0.538638651371002) (0.07682751,0.5276052,0.394801) (354.4813,321.2687,41.49268) (-0.01144436,0.927958,0.2497654) (14.98694,1.842559,0.6445977)
compute 18.810446695394(0.0301376692950726,0.362348079681396,0.698160707950592) (0.05276882,0.4594245,0.5386387) (8.50951,315.6362,46.22727) (-0.02465465,0.8873836,0.3360546) (12.9809,359.7872,358.9919)
compute 14.231520851801(0.0390059612691402,0.264374196529388,0.801000833511353) (0.03013767,0.3623481,0.6981607) (27.48204,320.265,69.11939) (-0.04385825,0.8503695,0.4063787) (16.30014,355.7607,357.6941)
compute 5.43363370778024(0.036006823182106,0.233777225017548,0.845803380012512) (0.03900596,0.2643742,0.8010008) (24.57591,324.2853,63.93289) (-0.05961438,0.8361908,0.4205264) (17.9864,354.0173,359.2581)
compute 1.93015348069921(0.038032703101635,0.220063984394073,0.83237236738205) (0.03600682,0.2337772,0.8458034) (24.58974,323.6989,60.99416) (-0.07414141,0.8347194,0.4038267) (18.23113,349.4186,0.1330539)
compute 7.03335825896923(0.0435590706765652,0.242008239030838,0.765778660774231) (0.0380327,0.220064,0.8323724) (23.48318,322.1626,56.37188) (-0.1019006,0.8595912,0.3352621) (18.41991,339.1872,1.155885)
compute 14.2909277295266(0.0354273021221161,0.314897269010544,0.643124163150787) (0.04355907,0.2420082,0.7657787) (16.58101,315.2101,50.33582) (-0.1220256,0.8853341,0.2772902) (14.90084,333.4337,1.012534)
compute 17.8764082550915(-0.00767532782629132,0.434802919626236,0.517739176750183) (0.0354273,0.3148973,0.6431242) (2.536974,306.1273,48.59259) (-0.1199829,0.9232069,0.2357759) (7.280884,340.3574,5.143308)
compute 17.0537657898611(-0.0549838058650494,0.582678556442261,0.447185665369034) (-0.007675328,0.4348029,0.5177392) (343.7827,299.1114,55.06834) (-0.1074485,0.9530091,0.1979219) (1.100886,347.37,6.206154)
compute 10.7245328924917(-0.104731723666191,0.66601300239563,0.401555895805359) (-0.05498381,0.5826786,0.4471857) (336.052,288.8759,63.07847) (-0.09791343,0.9697348,0.1615641) (358.5612,352.6852,4.706717)
compute 6.18479972466448(-0.141894027590752,0.714642882347107,0.41045942902565) (-0.1047317,0.666013,0.4015559) (334.1028,285.4641,77.55064) (-0.09479927,0.9765831,0.1326222) (357.2409,353.9306,5.428502)
compute 6.72940578793308(-0.191560283303261,0.717315971851349,0.36513164639473) (-0.141894,0.7146429,0.4104594) (334.1004,275.5178,76.28636) (-0.1002251,0.9537703,0.1062387) (6.280945,349.6459,8.87389)
compute 9.96623865048404(-0.213125601410866,0.665110468864441,0.28302127122879) (-0.1915603,0.717316,0.3651316) (338.4227,264.7555,74.94552) (-0.1156381,0.926291,0.08550016) (14.67656,339.9132,9.675153)
compute 7.32008234111357(-0.217689052224159,0.606609523296356,0.23925855755806) (-0.2131256,0.6651105,0.2830213) (339.0961,265.7929,57.949) (-0.1275544,0.9188907,0.06926633) (17.45817,329.8849,9.00035)
compute 5.50456402992273(-0.224630087614059,0.564597427845001,0.204375490546227) (-0.2176891,0.6066095,0.2392586) (342.4377,265.1443,52.22763) (-0.1359662,0.9122483,0.0531718) (19.59322,322.7212,7.384264)
compute 4.02197867310701(-0.223891481757164,0.544471204280853,0.16956140100956) (-0.2246301,0.5645974,0.2043755) (345.4775,259.7863,54.60806) (-0.1413932,0.9112114,0.04853404) (18.80493,321.4027,6.830857)
compute 0.714013498035282(-0.216931253671646,0.545521676540375,0.168364211916924) (-0.2238915,0.5444712,0.1695614) (345.5866,259.7017,54.02876) (-0.1333332,0.924028,0.05624643) (13.01408,328.9287,9.119037)
compute 3.72452157692905(-0.203176215291023,0.561571002006531,0.199030548334122) (-0.2169313,0.5455217,0.1683642) (344.3211,268.6489,52.82608) (-0.1162058,0.9374441,0.06930795) (6.906024,341.1268,9.850247)
compute 4.36585401025099(-0.178003817796707,0.580509543418884,0.229258850216866) (-0.2031762,0.561571,0.1990305) (343.696,276.0788,54.36948) (-0.09335482,0.9388074,0.08188195) (6.857643,353.8781,8.136882)
compute 3.78230134950308(-0.151342466473579,0.58064067363739,0.256086736917496) (-0.1780038,0.5805095,0.2292589) (344.5407,283.9614,54.73373) (-0.07630642,0.9339596,0.09169777) (8.604084,3.58011,6.449887)
compute 2.76927743533482(-0.131578370928764,0.574736714363098,0.274564117193222) (-0.1513425,0.5806407,0.2560867) (344.7835,290.9289,52.52896) (-0.06728452,0.9304199,0.09685577) (10.31439,8.42,4.711223)
compute 1.45616281555229(-0.122053019702435,0.568012773990631,0.28328749537468) (-0.1315784,0.5747367,0.2745641) (345.2021,295.0136,51.67089) (-0.06110989,0.9269524,0.1014873) (12.30297,12.66445,2.898956)
compute 0.398499103518394(-0.118252232670784,0.567646205425262,0.284427583217621) (-0.122053,0.5680128,0.2832875) (346.1462,296.9146,51.1389) (-0.05314199,0.925621,0.1054146) (13.70965,16.72553,1.208137)
compute 1.33093386119377(-0.106884516775608,0.561369776725769,0.287346482276917) (-0.1182522,0.5676462,0.2844276) (347.559,300.4375,49.49776) (-0.04583178,0.9231272,0.1072826) (15.25261,20.22249,0.5014662)
compute 2.46914208894222(-0.0964007452130318,0.540268838405609,0.294729381799698) (-0.1068845,0.5613698,0.2873465) (349.2756,303.9252,48.17836) (-0.03894407,0.9230918,0.1072961) (15.81714,22.76949,359.7415)
compute 1.96278742066244(-0.0828223824501038,0.526622533798218,0.298558205366135) (-0.09640075,0.5402688,0.2947294) (350.3275,306.9076,47.64165) (-0.02749713,0.9240798,0.1029227) (16.49969,26.22515,359.6021)
compute 1.39023137210913(-0.0699258670210838,0.531768381595612,0.299247026443481) (-0.08282238,0.5266225,0.2985582) (350.3931,310.082,46.73722) (-0.0188543,0.9248652,0.09817088) (16.68228,27.33539,0.5556584)
Average= 6.32894997892651
Max= 19.2973558293504
Standard Deviation= 5.44733879977358
Right: 12    Wrong: 0
0
