red 245.7886 252.4689 13.45112 (0.05306876,5,0.7) (0.05306876,0.8900898,0.7)
red 243.7829 252.5356 16.70985 (0.1299261,5,0.7) (0.1299261,0.8374672,0.7)
red 244.7805 252.5356 13.09468 (0.6034484,5,0.7) (0.6034484,0.07694917,0.7)
red 246.7877 253.5578 15.79421 (-0.05402005,5,0.7) (-0.05402005,1.55577,0.7)
red 244.2812 253.6133 15.34858 (0.7815626,5,0.7) (0.7815626,0.08060229,0.7)
red 245.28 253.8244 14.24296 (-0.3634545,5,0.7) (-0.3634545,0.08052544,0.7)
red 248.2847 253.8911 13.28674 (0.1066438,5,0.7) (0.1066438,1.50914,0.7)
red 250.2813 255.6245 13.15768 (0.442281,5,0.7) (0.442281,1.639215,0.7)
red 246.2882 255.9356 15.79149 (-0.7216938,5,0.7) (-0.7216938,0.08097509,0.7)
red 249.7813 256.5133 16.04481 (-0.08924639,5,0.7) (-0.08924639,1.642836,0.7)
red 247.7856 256.5911 14.61747 (-0.7882409,5,0.7) (-0.7882409,0.07939333,0.7)
red 248.7838 256.68 13.31987 (0.654994,5,0.7) (0.654994,0.08294094,0.7)
red 247.2869 257.28 16.26573 (-0.9625452,5,0.7) (-0.9625452,0.08379519,0.7)
red 251.2805 257.3022 14.91887 (0.1253096,5,0.7) (0.1253096,1.727127,0.7)
red 250.7815 258.5133 13.07231 (0.7797115,5,0.7) (0.7797115,0.08146843,0.7)
red 252.7878 258.7356 14.35598 (0.5613141,5,0.7) (0.5613141,1.613133,0.7)
red 253.2869 259.0022 14.01965 (0.5245874,5,0.7) (0.5245874,1.655282,0.7)
red 249.2833 259.2689 16.24312 (0.6049528,5,0.7) (0.6049528,0.08103037,0.7)
red 251.7896 259.7467 13.41208 (0.7584703,5,0.7) (0.7584703,0.08080664,0.7)
red 254.284 260.3911 14.64355 (0.0167011,5,0.7) (0.0167011,1.604223,0.7)
red 253.784 260.6245 15.54018 (0.1221901,5,0.7) (0.1221901,1.453193,0.7)
red 256.2816 261.9467 14.4247 (0.04012406,5,0.7) (0.04012406,1.797145,0.7)
red 255.2834 262.0356 16.65812 (0.06964648,5,0.7) (0.06964648,1.781449,0.7)
red 252.2887 262.4022 16.41822 (-0.3930603,5,0.7) (-0.3930603,0.0795632,0.7)
red 255.7815 263.0911 16.99074 (-0.6296682,5,0.7) (-0.6296682,1.597999,0.7)
red 257.288 263.8689 14.35191 (0.1243418,5,0.7) (0.1243418,1.248115,0.7)
red 254.7843 264.1356 15.38067 (0.8392165,5,0.7) (0.8392165,0.08113158,0.7)
red 256.7895 264.4911 16.43818 (0.6497579,5,0.7) (0.6497579,1.262939,0.7)
red 259.2861 265.8245 14.83253 (0.6292398,5,0.7) (0.6292398,1.416076,0.7)
red 260.2831 266.0911 13.65063 (0.5427988,5,0.7) (0.5427988,1.495125,0.7)
red 258.2867 266.1245 13.23455 (0.9332478,5,0.7) (0.9332478,0.08114951,0.7)
red 257.7891 267.08 15.29868 (0.8828483,5,0.7) (0.8828483,0.07909189,0.7)
red 261.2821 267.3578 14.01508 (-0.4338495,5,0.7) (-0.4338495,1.443867,0.7)
red 259.7841 267.5578 13.12674 (-0.2198585,5,0.7) (-0.2198585,0.07677297,0.7)
red 258.787 267.8467 14.98206 (-0.1913091,5,0.7) (-0.1913091,0.08193526,0.7)
red 260.7838 268.0133 16.52058 (0.1452826,5,0.7) (0.1452826,1.517149,0.7)
red 262.28 268.2022 13.84486 (0.2535948,5,0.7) (0.2535948,1.485859,0.7)
red 261.7813 268.7133 14.97046 (0.5846214,5,0.7) (0.5846214,1.24283,0.7)
red 262.7805 269.1245 15.00665 (0.4408965,5,0.7) (0.4408965,1.574368,0.7)
red 263.2905 270.4133 16.83172 (0.6132197,5,0.7) (0.6132197,1.64291,0.7)
0
