yellow 391.8851 397.4422 13.14915 (-0.4682993,5,0.7) (-0.4682993,1.495104,0.7)
yellow 390.8766 397.92 16.01185 (-0.6133196,5,0.7) (-0.6133196,1.477774,0.7)
purple 392.3844 398.92 11.27609 (-0.07416284,5,0.7) (-0.07416284,0.0788424,0.7)
blue 390.8766 399.4644 14.30661 (-0.8813615,5,0.7) (-0.8813615,0.08071912,0.7)
yellow 393.3806 399.8311 15.36466 (-0.08371675,5,0.7) (-0.08371675,1.610525,0.7)
purple 390.8766 400.2756 15.44647 (0.06794155,5,0.7) (0.06794155,0.08289105,0.7)
yellow 392.8824 400.3533 16.48322 (-0.556396,5,0.7) (-0.556396,1.388789,0.7)
yellow 391.3863 400.5422 15.11449 (0.9605384,5,0.7) (0.9605384,0.07930285,0.7)
yellow 392.3844 400.7978 14.07335 (0.3840749,5,0.7) (0.3840749,0.08243755,0.7)
yellow 394.8799 400.8867 13.70325 (0.09026754,5,0.7) (0.09026754,1.389462,0.7)
purple 393.3806 401.4422 13.56082 (-0.292931,5,0.7) (-0.292931,0.08227845,0.7)
blue 393.3806 401.5645 13.73549 (0.698246,5,0.7) (0.698246,0.08134252,0.7)
purple 391.8851 401.8422 16.20849 (0.06599391,5,0.7) (0.06599391,0.0792959,0.7)
yellow 396.3757 402.3311 14.03732 (-0.3015891,5,0.7) (-0.3015891,1.522564,0.7)
blue 391.3863 402.4089 17.63291 (0.5405486,5,0.7) (0.5405486,0.08465233,0.7)
blue 392.3844 402.6534 16.62663 (0.7781646,5,0.7) (0.7781646,0.07977479,0.7)
purple 394.3808 402.7756 14.03899 (0.7956779,5,0.7) (0.7956779,0.08140591,0.7)
yellow 395.3792 403.1867 16.59407 (-0.7686169,5,0.7) (-0.7686169,1.257405,0.7)
purple 391.3863 403.2311 18.67133 (-0.8634117,5,0.7) (-0.8634117,0.08094232,0.7)
purple 392.8824 403.3422 16.88156 (-0.2863189,5,0.7) (-0.2863189,0.08129691,0.7)
purple 396.3757 403.6311 12.35748 (-0.3008555,5,0.7) (-0.3008555,0.07885754,0.7)
yellow 393.8816 403.7978 16.15741 (-0.8319237,5,0.7) (-0.8319237,0.08247651,0.7)
blue 391.8851 403.9978 19.0111 (-0.6181831,5,0.7) (-0.6181831,0.08301717,0.7)
purple 395.3792 404.2533 14.71709 (0.3753671,5,0.7) (0.3753671,0.08169574,0.7)
blue 393.8816 404.6867 17.33206 (-0.1485268,5,0.7) (-0.1485268,0.08055553,0.7)
blue 392.8824 404.7422 18.69659 (0.5828412,5,0.7) (0.5828412,0.08470243,0.7)
yellow 397.3756 404.7533 14.36719 (0.3984458,5,0.7) (0.3984458,0.8001508,0.7)
yellow 394.3808 404.8867 16.93926 (-0.2506958,5,0.7) (-0.2506958,0.0809093,0.7)
purple 395.8772 405.02 15.08265 (0.06075203,5,0.7) (0.06075203,0.07890548,0.7)
purple 397.3756 405.1867 13.17943 (0.8447857,5,0.7) (0.8447857,0.07841922,0.7)
blue 396.3757 405.3089 17.38022 (0.2677424,5,0.7) (0.2677424,0.9525937,0.7)
purple 398.8766 405.3089 13.14099 (0.2971649,5,0.7) (0.2971649,0.9400384,0.7)
purple 399.3863 405.5422 10.68597 (0.8869488,5,0.7) (0.8869488,0.07773899,0.7)
purple 393.8816 405.5533 18.45214 (-0.09032476,5,0.7) (-0.09032476,0.08265792,0.7)
yellow 395.8772 405.5533 15.82463 (0.445394,5,0.7) (0.445394,0.082028,0.7)
yellow 397.8857 405.5645 16.47803 (0.05692804,5,0.7) (0.05692804,1.284744,0.7)
blue 397.3756 405.7645 17.17788 (-0.1029938,5,0.7) (-0.1029938,1.145395,0.7)
blue 399.3863 405.8311 11.13362 (-0.3960265,5,0.7) (-0.3960265,0.07634638,0.7)
yellow 396.8865 405.8422 14.84162 (-0.9487522,5,0.7) (-0.9487522,0.08166018,0.7)
yellow 398.8766 405.92 14.19742 (-0.07468259,5,0.7) (-0.07468259,0.934838,0.7)
purple 394.8799 405.9533 17.67768 (0.008696914,5,0.7) (0.008696914,0.08030945,0.7)
blue 396.8865 405.9533 14.98944 (-0.9034927,5,0.7) (-0.9034927,0.07878391,0.7)
blue 394.8799 405.9978 17.73738 (-0.1578945,5,0.7) (-0.1578945,0.08105573,0.7)
purple 396.8865 406.12 15.23309 (-0.1950318,5,0.7) (-0.1950318,0.08351281,0.7)
blue 399.8813 406.4867 11.37592 (-0.04999602,5,0.7) (-0.04999602,0.07736894,0.7)
blue 395.3792 406.52 17.77239 (-0.0529269,5,0.7) (-0.0529269,0.08328233,0.7)
blue 395.8772 406.6534 17.29723 (-0.0791074,5,0.7) (-0.0791074,0.08367062,0.7)
blue 394.3808 406.8089 19.39197 (0.7587924,5,0.7) (0.7587924,0.08150183,0.7)
purple 398.3857 407.1089 14.51535 (-0.8985496,5,0.7) (-0.8985496,0.08242934,0.7)
yellow 399.8813 407.4756 16.56742 (-0.5530045,5,0.7) (-0.5530045,1.352035,0.7)
yellow 399.3863 407.5533 13.71777 (-0.9552248,5,0.7) (-0.9552248,0.08063084,0.7)
purple 400.3803 407.62 15.38228 (-0.4467994,5,0.7) (-0.4467994,1.198033,0.7)
blue 398.3857 408.3644 16.24918 (0.9566791,5,0.7) (0.9566791,0.08317655,0.7)
yellow 400.3803 408.6756 13.89344 (-0.8301044,5,0.7) (-0.8301044,0.0805335,0.7)
yellow 398.3857 408.7422 16.74543 (0.8011661,5,0.7) (0.8011661,0.0800137,0.7)
purple 397.8857 409.3089 18.14318 (0.05834448,5,0.7) (0.05834448,0.08322999,0.7)
purple 399.8813 409.6422 15.93787 (-0.9523382,5,0.7) (-0.9523382,0.07918872,0.7)
blue 397.8857 409.8311 18.80166 (0.3559,5,0.7) (0.3559,0.08259022,0.7)
blue 398.8766 410.5645 18.46375 (-0.3159257,5,0.7) (-0.3159257,0.0818134,0.7)
blue 400.3803 412.7311 19.30434 (-0.9093111,5,0.7) (-0.9093111,0.08423409,0.7)
0
