compute 15.068121885802(0.102198146283627,0.856434345245361,0.274218827486038) (-0.0433493,0.895263,0.2705987) (312.1203,320.9037,69.99792) (0.06536541,1.233466,-0.01638018) (346.0506,350.3912,359.0998)
compute 0.187212739025983(0.101581990718842,0.854880452156067,0.275061815977097) (0.1021981,0.8564343,0.2742188) (312.1262,319.91,70.14769) (0.06349672,1.233893,-0.01775746) (346.0131,348.2179,359.6908)
compute 0.279417001087757(0.100419834256172,0.852567791938782,0.276114612817764) (0.101582,0.8548805,0.2750618) (312.0316,319.1138,70.22734) (0.05961996,1.23439,-0.0207203) (346.0535,345.875,0.1302759)
compute 0.644464643440973(0.0942040234804153,0.850873053073883,0.27595642209053) (0.1004198,0.8525678,0.2761146) (312.0023,318.1387,70.46897) (0.05511242,1.234753,-0.0236878) (345.8711,343.3384,0.761767)
compute 0.577319009176402(0.092071108520031,0.845725417137146,0.277467131614685) (0.09420402,0.8508731,0.2759564) (312.1154,317.3776,70.52916) (0.05191482,1.234969,-0.02633034) (345.5456,341.2255,1.312918)
compute 0.704278134705062(0.0860960781574249,0.849094390869141,0.275870323181152) (0.09207111,0.8457254,0.2774671) (312.3327,316.4608,70.65338) (0.05011562,1.235225,-0.02730387) (345.2597,340.0498,1.27617)
compute 0.958084689564883(0.0795512050390244,0.855128109455109,0.27232751250267) (0.08609608,0.8490944,0.2758703) (312.257,315.8203,70.62507) (0.04812492,1.235696,-0.02910129) (345.2106,339.5391,1.095664)
compute 0.796910379277075(0.0716261565685272,0.855078101158142,0.271492213010788) (0.07955121,0.8551281,0.2723275) (312.1349,314.3931,71.07367) (0.04675719,1.236083,-0.03054307) (345.404,338.5281,1.054581)
compute 0.695534538156484(0.0647332221269608,0.855072498321533,0.270562559366226) (0.07162616,0.8550781,0.2714922) (312.1212,312.9531,71.45444) (0.04379252,1.236507,-0.03217762) (345.7023,336.1949,1.221562)
compute 0.433784938890804(0.0604154169559479,0.854734182357788,0.270319581031799) (0.06473322,0.8550725,0.2705626) (312.0234,312.2759,71.27174) (0.03864231,1.236921,-0.0313264) (346.0392,334.0499,1.380621)
compute 0.700939479337436(0.0534355007112026,0.855280101299286,0.269981414079666) (0.06041542,0.8547342,0.2703196) (312.192,311.1742,71.29327) (0.03495882,1.23647,-0.03172595) (346.5885,332.1949,1.741472)
compute 0.628506674705657(0.047785684466362,0.857913553714752,0.269177317619324) (0.0534355,0.8552801,0.2699814) (312.3924,310.1725,71.42332) (0.02931365,1.234705,-0.03303003) (347.2651,329.8519,2.007981)
compute 0.473152970053046(0.043256014585495,0.856636703014374,0.268688321113586) (0.04778568,0.8579136,0.2691773) (312.6417,309.4937,71.07586) (0.02445439,1.234897,-0.03508557) (348.0591,327.6313,2.378922)
compute 0.635133023422317(0.0379556193947792,0.854027152061462,0.266356915235519) (0.04325601,0.8566367,0.2686883) (313.0707,308.6154,70.40131) (0.02194024,1.234258,-0.03588353) (348.8578,325.5348,2.575229)
compute 0.438553512780034(0.0352233350276947,0.85130763053894,0.264266043901443) (0.03795562,0.8540272,0.2663569) (313.3851,308.3303,69.63464) (0.01831351,1.233153,-0.03706744) (349.5382,324.1816,2.641165)
compute 0.585182043158114(0.0349274650216103,0.845539271831512,0.263326734304428) (0.03522334,0.8513076,0.264266) (313.6375,308.5058,69.12091) (0.01961498,1.232846,-0.03782374) (349.5563,323.6196,2.326723)
compute 0.693743434360606(0.0349208265542984,0.838663756847382,0.262401938438416) (0.03492747,0.8455393,0.2633267) (314.0374,308.5305,69.15495) (0.02298925,1.232943,-0.03966633) (348.9988,323.8656,1.639426)
compute 0.428869740673688(0.035043753683567,0.84014493227005,0.258379012346268) (0.03492083,0.8386638,0.2624019) (314.1421,308.5586,69.12996) (0.02966911,1.234144,-0.0440174) (348.4147,323.8623,1.698532)
compute 0.285408095458284(0.0377573557198048,0.839457750320435,0.257822304964066) (0.03504375,0.8401449,0.258379) (313.4331,308.7991,68.70504) (0.03307036,1.236597,-0.04954666) (345.3995,323.8532,1.562748)
compute 0.2548538580985(0.0383159592747688,0.841855764389038,0.257164627313614) (0.03775736,0.8394578,0.2578223) (312.627,308.9879,68.02027) (0.04722279,1.25724,-0.0663649) (332.6552,324.5955,2.380532)
compute 0.659476668177024(0.0340711921453476,0.84305614233017,0.262066870927811) (0.03831596,0.8418558,0.2571646) (312.7802,308.998,67.82075) (0.06018374,1.26681,-0.08358831) (324.3629,325.6795,3.415241)
compute 1.4202977346784(0.0341508835554123,0.856335997581482,0.267103105783463) (0.03407119,0.8430561,0.2620669) (310.4037,308.8023,68.08987) (0.06020657,1.264471,-0.08528052) (325.9602,327.735,2.297386)
compute 1.64255696915946(0.0356211774051189,0.872555434703827,0.269240260124207) (0.03415088,0.856336,0.2671031) (307.8361,308.588,69.16871) (0.05757413,1.259304,-0.08065161) (325.6764,331.0805,0.9822624)
compute 0.586481038400289(0.0390948317945004,0.874443829059601,0.273571968078613) (0.03562118,0.8725554,0.2692403) (307.5145,308.9976,70.15278) (0.05414812,1.261082,-0.08093265) (320.4767,331.5638,1.874481)
compute 1.47830315730576(0.0393203683197498,0.869800209999084,0.287604928016663) (0.03909483,0.8744438,0.273572) (308.7145,311.5895,69.05727) (0.04948821,1.263052,-0.08842655) (317.0435,330.1713,4.074406)
compute 1.16077625646262(0.0394856221973896,0.867908716201782,0.299056351184845) (0.03932037,0.8698002,0.2876049) (309.0081,312.3322,69.10336) (0.04541316,1.262245,-0.09160808) (316.7222,330.144,4.087229)
compute 0.77366470247121(0.0425129793584347,0.868039190769196,0.306174904108047) (0.03948562,0.8679087,0.2990564) (307.868,312.4479,69.71953) (0.03969557,1.259535,-0.09379458) (316.5738,329.465,4.754935)
compute 0.198074858069102(0.041820015758276,0.869623720645905,0.307140529155731) (0.04251298,0.8680392,0.3061749) (307.476,312.5148,69.66161) (0.03284306,1.257839,-0.09474526) (317.1587,329.0685,4.885235)
compute 1.41086466678647(0.0280537139624357,0.869298875331879,0.304068505764008) (0.04182002,0.8696237,0.3071405) (307.5275,311.3134,70.15582) (0.02847748,1.25624,-0.09203278) (317.6611,331.4535,3.52973)
compute 0.841858257633414(0.0259669180959463,0.868988871574402,0.295918554067612) (0.02805371,0.8692989,0.3040685) (307.6407,310.9547,70.42973) (0.03314428,1.255794,-0.08896208) (317.4927,337.835,0.8498132)
compute 2.17246634282646(0.0402224622666836,0.864999651908875,0.280018031597137) (0.02596692,0.8689889,0.2959186) (308.2271,313.0598,69.96466) (0.0387684,1.257659,-0.08822491) (317.0339,347.4237,356.9221)
compute 1.91451485983914(0.0553519316017628,0.864428997039795,0.268300086259842) (0.04022246,0.8649997,0.280018) (308.1804,316.1876,69.39793) (0.04181185,1.257443,-0.089618) (316.8369,352.7439,355.1983)
compute 2.47626531912898(0.079539068043232,0.864322245121002,0.262993484735489) (0.05535193,0.864429,0.2683001) (307.8553,320.5141,68.36906) (0.04354895,1.257232,-0.09381385) (316.2977,355.4175,354.8603)
compute 2.30392995303866(0.102272555232048,0.864302694797516,0.259252160787582) (0.07953907,0.8643222,0.2629935) (307.5086,324.6125,67.36448) (0.04272842,1.257314,-0.100389) (315.9084,357.2581,354.701)
compute 1.25879580499038(0.11434680223465,0.862302899360657,0.256307661533356) (0.1022726,0.8643027,0.2592522) (307.7003,327.6571,65.97439) (0.03941549,1.257477,-0.1014128) (317.1429,357.8389,355.2378)
compute 0.687287761757021(0.118508860468864,0.857627153396606,0.253470212221146) (0.1143468,0.8623029,0.2563077) (308.3625,328.1641,65.98425) (0.03864812,1.255555,-0.09771878) (318.267,357.9144,355.7511)
compute 0.289374045839831(0.119008809328079,0.854996502399445,0.252373188734055) (0.1185089,0.8576272,0.2534702) (308.9659,327.9908,66.41794) (0.03860026,1.255411,-0.09768517) (318.2128,358.8521,355.6447)
compute 0.728595857510482(0.125964298844337,0.854033648967743,0.250429153442383) (0.1190088,0.8549965,0.2523732) (309.1591,329.2468,66.0631) (0.04366606,1.256916,-0.1000963) (317.008,0.7649537,355.4238)
compute 0.902233108520489(0.134294584393501,0.853603422641754,0.246990591287613) (0.1259643,0.8540336,0.2504292) (309.2009,330.7198,65.60778) (0.04640064,1.258431,-0.1072848) (315.5808,1.919074,355.3373)
compute 0.621189181018038(0.137867078185081,0.85343873500824,0.241911441087723) (0.1342946,0.8536034,0.2469906) (309.2642,330.9673,66.09851) (0.04964514,1.258263,-0.109972) (315.5084,3.292546,355.0587)
compute 0.618545977014497(0.143441751599312,0.854306578636169,0.239375740289688) (0.1378671,0.8534387,0.2419114) (308.8909,331.6142,66.36228) (0.05068628,1.257832,-0.1119538) (315.4017,3.952644,355.8379)
compute 0.545375090900968(0.148733466863632,0.855507791042328,0.238829627633095) (0.1434418,0.8543066,0.2393757) (308.7293,332.2796,66.60061) (0.05187657,1.257762,-0.1125633) (315.6776,3.373818,357.2293)
compute 0.0403037328849873(0.149053409695625,0.855735063552856,0.238921403884888) (0.1487335,0.8555078,0.2388296) (309.197,332.504,67.22068) (0.0526098,1.252517,-0.1114929) (316.8671,2.717172,358.2114)
compute 0.356778504205441(0.145526841282845,0.855503559112549,0.23941008746624) (0.1490534,0.8557351,0.2389214) (310.2109,332.1014,68.31442) (0.05379287,1.252076,-0.1061128) (317.9836,1.565589,359.3459)
compute 0.443853667369384(0.141588509082794,0.855458796024323,0.241456583142281) (0.1455268,0.8555036,0.2394101) (310.5707,331.9352,68.67027) (0.05442771,1.251804,-0.1034608) (318.3872,0.9461553,359.52)
compute 0.314748728365785(0.139772281050682,0.855524957180023,0.244026333093643) (0.1415885,0.8554588,0.2414566) (310.6796,331.8749,68.69232) (0.05614355,1.251873,-0.1040055) (316.666,0.5448143,359.8879)
compute 0.41405823369267(0.13768994808197,0.855246722698212,0.247594371438026) (0.1397723,0.855525,0.2440263) (310.732,331.0395,69.05264) (0.05719341,1.253003,-0.1122427) (313.7739,358.973,1.249398)
compute 0.833324381529347(0.130237132310867,0.854568302631378,0.251260191202164) (0.1376899,0.8552467,0.2475944) (310.0589,329.1131,70.31969) (0.05467223,1.251957,-0.1136403) (313.7744,357.6033,2.330238)
compute 0.728903893893178(0.123267464339733,0.852509200572968,0.251820474863052) (0.1302371,0.8545683,0.2512602) (309.4354,326.4686,72.31206) (0.05328761,1.247063,-0.1080836) (314.953,357.1395,2.966966)
compute 0.368953342670718(0.120331697165966,0.850887298583984,0.253357797861099) (0.1232675,0.8525092,0.2518205) (310.1044,323.587,74.0444) (0.05313297,1.24623,-0.1036027) (314.9013,357.2152,2.913836)
compute 0.484797496378896(0.118789970874786,0.849924147129059,0.257852047681808) (0.1203317,0.8508873,0.2533578) (311.0786,321.4649,75.28551) (0.05423545,1.247054,-0.0966299) (315.6122,357.1216,2.8468)
compute 0.433486860749171(0.118142634630203,0.849485218524933,0.262115776538849) (0.11879,0.8499241,0.257852) (311.1255,319.3206,77.14009) (0.06115717,1.248718,-0.08711387) (316.8207,359.4866,1.119986)
compute 2.26864812129434(0.140811040997505,0.849246263504028,0.2612424492836) (0.1181426,0.8494852,0.2621158) (309.3568,315.5345,82.85307) (0.07665741,1.249714,-0.07965462) (318.688,5.443893,357.2423)
compute 3.86928617252234(0.17865426838398,0.849880516529083,0.253203451633453) (0.140811,0.8492463,0.2612424) (305.8446,312.725,89.58583) (0.09174398,1.25006,-0.07501621) (320.3458,10.66918,353.7876)
compute 12.1928932426323(0.162671595811844,0.939582645893097,0.334226578474045) (0.1786543,0.8498805,0.2532035) (302.632,312.4526,93.76882) (0.1052868,1.250289,-0.07222833) (321.2657,14.93724,351.4286)
compute 5.99298581076073(0.162455260753632,0.999405264854431,0.330649495124817) (0.1626716,0.9395826,0.3342266) (300.846,310.2498,99.48444) (0.1147117,1.252116,-0.07301608) (321.2842,18.51961,349.4038)
compute 2.407338353467(0.180377691984177,1.00881886482239,0.343676328659058) (0.1624553,0.9994053,0.3306495) (299.8079,309.1288,103.2776) (0.1173403,1.253574,-0.07254305) (320.8436,17.79223,349.797)
compute 2.48593968461666(0.190515220165253,1.01689648628235,0.364888876676559) (0.1803777,1.008819,0.3436763) (298.9714,305.5413,108.7512) (0.1098873,1.252964,-0.06843293) (320.3036,14.25689,350.8985)
compute 4.61005411155296(0.191137313842773,1.06024539470673,0.380565136671066) (0.1905152,1.016896,0.3648889) (298.7433,292.3061,125.8932) (0.1022127,1.252151,-0.06185462) (320.1421,13.21077,351.1033)
compute 10.4161955744435(0.196773126721382,1.16423976421356,0.382331997156143) (0.1911373,1.060245,0.3805651) (299.1121,277.4188,148.1291) (0.09670725,1.252953,-0.05531344) (320.4364,13.39053,350.9529)
compute 11.8660952210353(0.20931601524353,1.28175389766693,0.39298689365387) (0.1967731,1.16424,0.382332) (300.4991,264.6687,168.8246) (0.08959384,1.253734,-0.04632675) (320.2902,11.67541,351.8307)
compute 10.4434022361219(0.213645115494728,1.38573324680328,0.401705771684647) (0.209316,1.281754,0.3929869) (300.9621,259.1685,179.6493) (0.08591092,1.255461,-0.03782316) (320.2113,9.011539,353.1876)
compute 7.93393223387023(0.213141903281212,1.46461939811707,0.410158604383469) (0.2136451,1.385733,0.4017058) (300.8604,256.7218,185.9155) (0.08706327,1.25752,-0.03056588) (320.0316,6.959194,354.3751)
compute 5.91589146689318(0.209493637084961,1.52300071716309,0.401321798563004) (0.2131419,1.464619,0.4101586) (301.4919,248.2617,194.5852) (0.08620003,1.258925,-0.01785737) (320.4633,3.047865,356.5117)
compute 4.32549779769208(0.21177576482296,1.56617307662964,0.399931669235229) (0.2094936,1.523001,0.4013218) (296.9796,247.4261,197.1376) (0.06980693,1.257156,0.001447395) (321.191,357.0573,357.9297)
compute 3.13159216567269(0.211989358067513,1.59514701366425,0.411812424659729) (0.2117758,1.566173,0.3999317) (293.7758,243.1049,200.4565) (0.04792611,1.251652,0.02358017) (323.2271,353.3146,0.3467611)
compute 3.71092724915753(0.198943212628365,1.60947799682617,0.443459212779999) (0.2119894,1.595147,0.4118124) (292.4869,244.7603,199.8663) (0.02179211,1.245416,0.04811968) (323.0529,352.2082,1.054847)
compute 8.18472074111276(0.214877739548683,1.60917663574219,0.523739755153656) (0.1989432,1.609478,0.4434592) (285.9252,272.4684,177.6128) (-0.01067031,1.249525,0.07153586) (323.4756,350.8528,2.280937)
compute 12.9532296106486(0.232977867126465,1.53538501262665,0.628648281097412) (0.2148777,1.609177,0.5237398) (295.6445,349.728,98.3988) (-0.03791482,1.256818,0.0930656) (325.4983,350.1443,358.7442)
compute 12.3562246343159(0.15244647860527,1.46663177013397,0.564966917037964) (0.2329779,1.535385,0.6286483) (281.1157,282.3924,150.1174) (-0.05195792,1.253826,0.1093161) (325.4431,354.2912,356.3401)
compute 17.4997747941154(0.0456998944282532,1.34720361232758,0.49449497461319) (0.1524465,1.466632,0.5649669) (302.4588,246.8843,180.7086) (-0.05652505,1.25541,0.1205434) (329.3064,355.3789,356.5967)
compute 8.9593355668113(-0.0157421696931124,1.28821563720703,0.52228456735611) (0.04569989,1.347204,0.494495) (310.2113,254.0911,175.3206) (-0.0543488,1.249154,0.1255456) (332.4739,355.2675,355.75)
compute 7.59746021425517(-0.0698399320244789,1.24263608455658,0.549998760223389) (-0.01574217,1.288216,0.5222846) (315.6506,258.3306,167.9789) (-0.04992141,1.245971,0.1275147) (334.4706,352.37,357.5539)
compute 9.20456484374063(-0.115707203745842,1.19959533214569,0.617200613021851) (-0.06983993,1.242636,0.5499988) (323.787,272.8142,155.163) (-0.04333564,1.247344,0.122144) (334.308,346.4847,358.9372)
compute 7.4189019044822(-0.13995835185051,1.15535569190979,0.671594977378845) (-0.1157072,1.199595,0.6172006) (334.0844,280.0325,150.2008) (-0.04840984,1.258841,0.1032474) (325.2047,338.182,2.598231)
compute 8.87465378384942(-0.135967284440994,1.21392667293549,0.605040788650513) (-0.1399584,1.155356,0.671595) (324.3605,270.9221,155.6572) (-0.04486851,1.259625,0.09046255) (320.934,335.1166,4.18702)
compute 11.4726749083325(-0.136938199400902,1.30039739608765,0.529647827148438) (-0.1359673,1.213927,0.6050408) (318.5971,254.9468,170.1997) (-0.04435474,1.259554,0.09055358) (321.1602,335.0039,4.292661)
compute 9.02814607012463(-0.187643766403198,1.37234508991241,0.509567558765411) (-0.1369382,1.300397,0.5296478) (320.7447,248.5526,178.1411) (-0.05756966,1.258083,0.1045259) (320.8562,335.6625,5.226658)
compute 9.46743846671412(-0.268586874008179,1.41186416149139,0.538717091083527) (-0.1876438,1.372345,0.5095676) (326.3798,255.6279,175.5843) (-0.06936756,1.25874,0.1134285) (319.8135,337.5278,4.500141)
compute 5.51497127988347(-0.312157809734344,1.41326606273651,0.572497248649597) (-0.2685869,1.411864,0.5387171) (331.3161,265.4209,169.8699) (-0.07676894,1.261424,0.1218889) (317.0755,345.3318,0.09304576)
compute 1.68536085683293(-0.303474932909012,1.4105429649353,0.586683034896851) (-0.3121578,1.413266,0.5724972) (331.4316,267.0273,168.0534) (-0.06977914,1.263703,0.1281086) (314.8048,2.131483,352.3987)
compute 8.93410934004858(-0.214267194271088,1.41526865959167,0.587898969650269) (-0.3034749,1.410543,0.586683) (324.0479,264.8228,171.3083) (-0.06428476,1.259623,0.133974) (318.2458,11.49036,348.7926)
compute 12.5481763054957(-0.0893832594156265,1.42278158664703,0.578243315219879) (-0.2142672,1.415269,0.587899) (313.6663,265.3847,175.4192) (-0.05839034,1.256201,0.1359759) (319.287,13.56562,349.6591)
compute 8.45039137383402(-0.00685554789379239,1.4402859210968,0.583110213279724) (-0.08938326,1.422782,0.5782433) (308.4294,268.4109,179.2153) (-0.04419705,1.259627,0.1289505) (317.7574,14.67905,349.9799)
compute 4.27997548580673(0.0304176192730665,1.45826923847198,0.594024896621704) (-0.006855548,1.440286,0.5831102) (304.9713,271.6544,178.7812) (-0.02575119,1.260429,0.1177696) (316.9019,16.25678,348.6927)
compute 3.32738769698154(0.0284094177186489,1.45085394382477,0.626399755477905) (0.03041762,1.458269,0.5940249) (310.1742,284.8382,167.1793) (-0.006878309,1.26073,0.1073176) (316.6358,21.06862,346.9153)
compute 3.29160405641581(0.0433806367218494,1.42850387096405,0.645368218421936) (0.02840942,1.450854,0.6263998) (315.3261,294.4091,158.2396) (0.01082238,1.256469,0.1006616) (318.3233,26.37309,344.0295)
compute 10.5252448758252(0.132866814732552,1.43759143352509,0.590708196163177) (0.04338064,1.428504,0.6453682) (302.4265,287.8019,164.5509) (0.02704344,1.255581,0.09768259) (319.7368,28.89574,342.5786)
compute 11.3839838239611(0.239093407988548,1.47688162326813,0.579232096672058) (0.1328668,1.437591,0.5907082) (295.4395,298.2996,163.1931) (0.03922789,1.257298,0.09669341) (317.8475,30.18696,341.429)
compute 7.60448987854081(0.308266639709473,1.50693511962891,0.588962376117706) (0.2390934,1.476882,0.5792321) (290.8808,315.9714,148.9315) (0.04884646,1.265348,0.09866443) (314.8985,23.59051,343.0931)
compute 8.44294143640702(0.369301408529282,1.51147699356079,0.647121250629425) (0.3082666,1.506935,0.5889624) (295.7865,341.4662,127.5043) (0.03798051,1.2726,0.1011706) (310.0763,8.332314,349.3207)
compute 5.46199786595188(0.408356696367264,1.49333167076111,0.68071848154068) (0.3693014,1.511477,0.6471213) (297.6797,351.32,116.8108) (0.01411615,1.275033,0.09980904) (306.1304,350.4561,359.6895)
compute 3.41774253453692(0.40926805138588,1.46267116069794,0.695791602134705) (0.4083567,1.493332,0.6807185) (298.8666,357.0713,109.1045) (-0.000694342,1.268468,0.1008448) (306.2082,342.1952,4.697457)
compute 5.20511574695945(0.357806652784348,1.46925783157349,0.691588819026947) (0.4092681,1.462671,0.6957916) (295.355,354.012,109.377) (-0.01160532,1.264269,0.1065368) (307.0312,342.2998,3.97497)
compute 7.27012195861209(0.301996409893036,1.51530575752258,0.684498488903046) (0.3578067,1.469258,0.6915888) (291.7325,342.0196,119.4591) (-0.02592051,1.263323,0.1126102) (306.409,339.4074,4.7171)
compute 9.18976490825274(0.230111867189407,1.56855344772339,0.663463413715363) (0.3019964,1.515306,0.6844985) (287.7525,316.8628,139.8829) (-0.04283772,1.263383,0.1202289) (306.8886,336.3194,6.661227)
compute 10.9890928449987(0.136013820767403,1.61179625988007,0.626698851585388) (0.2301119,1.568553,0.6634634) (290.0755,286.0934,165.7331) (-0.05255518,1.263176,0.1284475) (308.0736,337.6209,5.08741)
compute 9.25056091332774(0.0542700961232185,1.64422869682312,0.598004102706909) (0.1360138,1.611796,0.6266989) (295.5355,274.381,175.2243) (-0.05860967,1.264202,0.1326304) (307.9579,341.5109,1.839826)
compute 5.04868867673671(0.0120859537273645,1.67196035385132,0.598619759082794) (0.0542701,1.644229,0.5980041) (298.1271,271.2963,176.995) (-0.06368825,1.264681,0.1349843) (308.574,344.2555,358.9227)
compute 3.39500336375948(-0.0168840438127518,1.68627047538757,0.609039187431335) (0.01208595,1.67196,0.5986198) (300.5611,272.2101,175.7806) (-0.07338999,1.268881,0.1368765) (309.4702,341.6776,0.1609524)
compute 6.05524536044604(-0.0488936416804791,1.66329550743103,0.563059449195862) (-0.01688404,1.68627,0.6090392) (303.0267,272.8661,175.0595) (-0.08362569,1.274093,0.1354293) (310.0863,336.4519,2.820934)
compute 2.78127865218416(-0.0738136246800423,1.65096724033356,0.563807368278503) (-0.04889364,1.663296,0.5630594) (305.3498,277.9913,169.7504) (-0.0983589,1.277093,0.128261) (312.6533,324.8399,8.950732)
compute 3.474700456357(-0.0938754677772522,1.64996600151062,0.592160046100616) (-0.07381362,1.650967,0.5638074) (304.3788,276.6871,167.8194) (-0.1075279,1.264802,0.1235139) (316.3152,317.9402,12.2887)
compute 8.12587455292169(-0.163307577371597,1.61877679824829,0.56371009349823) (-0.09387547,1.649966,0.59216) (306.6645,253.8556,176.7691) (-0.1082616,1.254391,0.1164577) (319.424,313.7148,15.25153)
compute 14.6692450279885(-0.255308419466019,1.53258943557739,0.488701701164246) (-0.1633076,1.618777,0.5637101) (315.6777,243.2831,177.962) (-0.1013636,1.255565,0.1062149) (321.7835,314.226,14.51954)
compute 14.5804126927612(-0.355192750692368,1.43719077110291,0.441999882459641) (-0.2553084,1.532589,0.4887017) (326.1389,244.5259,168.8621) (-0.08862902,1.253117,0.09675628) (319.3798,315.2564,14.92545)
compute 11.6383290773112(-0.437257617712021,1.35696089267731,0.461328476667404) (-0.3551928,1.437191,0.4419999) (332.5699,256.1245,158.6727) (-0.08023,1.252888,0.08923623) (318.6914,316.1626,14.25987)
compute 8.55977552983795(-0.493063271045685,1.29864633083344,0.489826142787933) (-0.4372576,1.356961,0.4613285) (343.1703,261.4118,157.2855) (-0.08074256,1.252227,0.08726481) (317.68,315.8631,14.51811)
compute 2.34165591318618(-0.509824752807617,1.2877801656723,0.502045571804047) (-0.4930633,1.298646,0.4898261) (347.5548,262.5643,157.6925) (-0.09214681,1.251767,0.08993486) (318.4115,315.2668,14.15013)
compute 4.0321490246993(-0.519573211669922,1.32617783546448,0.509556174278259) (-0.5098248,1.28778,0.5020456) (341.6929,259.9934,157.8517) (-0.1097448,1.250293,0.1014455) (318.3865,313.9421,14.23429)
compute 4.13677880429833(-0.552401423454285,1.34961569309235,0.518736004829407) (-0.5195732,1.326178,0.5095562) (338.7379,259.3758,159.001) (-0.1256874,1.250697,0.1099333) (318.4762,312.7802,14.23298)
compute 2.69616732265211(-0.578955173492432,1.35424876213074,0.518131971359253) (-0.5524014,1.349616,0.518736) (337.0398,259.0695,159.8374) (-0.1426164,1.252088,0.1196552) (318.9384,312.0887,14.47846)
compute 2.49428544410322(-0.603889226913452,1.35359072685242,0.518054723739624) (-0.5789552,1.354249,0.518132) (336.2727,259.1478,159.3813) (-0.1570182,1.254843,0.129312) (319.6183,311.5485,14.1291)
compute 3.29819876638081(-0.627333998680115,1.34461975097656,0.539448082447052) (-0.6038892,1.353591,0.5180547) (335.2772,262.0991,155.822) (-0.1688263,1.255449,0.1363496) (321.3896,313.0145,12.89199)
compute 5.86627386369438(-0.642456293106079,1.30327677726746,0.578221678733826) (-0.627334,1.34462,0.5394481) (338.9352,267.478,150.7022) (-0.1714392,1.253836,0.1440975) (320.4993,320.5562,10.13296)
compute 4.90675176435481(-0.627900063991547,1.26328766345978,0.602647244930267) (-0.6424563,1.303277,0.5782217) (342.4868,269.1778,143.1381) (-0.1476106,1.255867,0.1563764) (318.9741,336.9216,3.353306)
compute 8.59908310361482(-0.548701047897339,1.29674637317657,0.604213714599609) (-0.6279001,1.263288,0.6026472) (330.7911,263.6088,143.8214) (-0.1321805,1.256521,0.1634408) (321.205,345.7681,0.2684235)
compute 13.0759213151013(-0.429796129465103,1.35112047195435,0.602467179298401) (-0.548701,1.296746,0.6042137) (321.7924,255.5619,156.9273) (-0.1193736,1.2578,0.1641258) (320.8082,352.1836,357.9351)
compute 12.744883621677(-0.312530100345612,1.40072774887085,0.608035266399384) (-0.4297961,1.35112,0.6024672) (315.3718,257.6195,167.673) (-0.1106422,1.257008,0.1622134) (320.2305,355.9741,356.6177)
compute 10.0957608214126(-0.22508679330349,1.42108631134033,0.654204905033112) (-0.3125301,1.400728,0.6080353) (309.6859,275.1682,160.8455) (-0.1014994,1.257689,0.1548114) (320.4951,359.0878,355.9439)
compute 5.8091004695232(-0.174908235669136,1.40760135650635,0.680182456970215) (-0.2250868,1.421086,0.6542049) (310.3587,287.9227,152.9312) (-0.08488208,1.253848,0.150216) (322.2814,4.301686,353.3347)
compute 6.21797573439757(-0.132864862680435,1.37434923648834,0.648670971393585) (-0.1749082,1.407601,0.6801825) (307.9872,282.5977,156.615) (-0.06273985,1.247907,0.1517075) (326.3053,10.17312,351.3647)
compute 9.44302570866667(-0.0674761235713959,1.31527924537659,0.614728033542633) (-0.1328649,1.374349,0.648671) (306.5131,278.8939,162.6596) (-0.04605905,1.241994,0.1522048) (330.8871,12.90111,350.4713)
compute 10.7074399385814(-0.0036747120320797,1.22999489307404,0.625722885131836) (-0.06747612,1.315279,0.614728) (305.2074,288.2289,156.9621) (-0.0357407,1.238071,0.1494913) (334.7932,11.91856,352.3806)
compute 12.2861429210048(0.00471023377031088,1.11213803291321,0.659403502941132) (-0.003674712,1.229995,0.6257229) (314.7029,296.0742,147.6468) (-0.02504843,1.234744,0.1467093) (336.5754,8.929726,352.855)
compute 1.29217776422888(0.0119523638859391,1.10297024250031,0.664923965930939) (0.004710234,1.112138,0.6594035) (312.1283,293.8103,148.2961) (-0.01362711,1.236933,0.146286) (337.7133,6.38055,353.494)
compute 4.61672276228615(0.0200768560171127,1.14784038066864,0.67214035987854) (0.01195236,1.10297,0.664924) (308.7543,288.7446,154.628) (-0.009689521,1.255888,0.1310418) (326.0326,359.3503,355.35)
compute 5.2098095032093(0.0270856991410255,1.19813203811646,0.660485446453094) (0.02007686,1.14784,0.6721404) (307.0605,281.9,161.8627) (-0.01302417,1.267101,0.09768127) (312.9477,349.3669,359.2266)
compute 5.11137996460364(0.0265985857695341,1.24778163433075,0.648348689079285) (0.0270857,1.198132,0.6604854) (307.616,277.7769,165.2315) (-0.01306141,1.262351,0.07877892) (309.933,342.0544,2.354114)
compute 5.63550701947227(0.0198610238730907,1.30029201507568,0.629031360149384) (0.02659859,1.247782,0.6483487) (307.0894,275.1634,166.9481) (-0.01661209,1.254487,0.0741618) (309.8441,340.3115,4.472779)
compute 4.21468450344044(0.00242436653934419,1.33597266674042,0.614917159080505) (0.01986102,1.300292,0.6290314) (307.1633,270.3577,170.8381) (-0.03942709,1.250414,0.07366891) (311.6447,326.415,12.93807)
compute 6.99953193197333(-0.0632287487387657,1.36003601551056,0.618074476718903) (0.002424367,1.335973,0.6149172) (309.9724,261.3485,174.8694) (-0.05758549,1.246859,0.07830019) (315.7678,315.2729,18.91056)
compute 13.4212080696229(-0.195040538907051,1.37506687641144,0.597761750221252) (-0.06322875,1.360036,0.6180745) (316.0315,249.1501,177.108) (-0.07872971,1.240988,0.08748834) (321.1899,310.5722,19.64541)
compute 18.5394633477592(-0.362797409296036,1.37065601348877,0.518962323665619) (-0.1950405,1.375067,0.5977618) (325.4704,240.2807,174.6433) (-0.1075016,1.234126,0.09618591) (324.9148,307.3446,20.01919)
compute 17.3204264312311(-0.515885412693024,1.35905587673187,0.438779920339584) (-0.3627974,1.370656,0.5189623) (331.7828,238.4203,170.8899) (-0.1455421,1.229646,0.1029235) (325.515,302.8676,20.84788)
compute 11.5112003621227(-0.617301225662231,1.35703265666962,0.384360134601593) (-0.5158854,1.359056,0.4387799) (336.0735,238.1547,171.2765) (-0.1883016,1.233624,0.1053736) (324.6935,299.8489,20.73579)
compute 10.1824096483202(-0.717274188995361,1.37390351295471,0.393790304660797) (-0.6173012,1.357033,0.3843601) (337.1333,242.9193,169.757) (-0.231656,1.250044,0.1057063) (322.9706,300.0214,17.82865)
compute 7.35942917313612(-0.773578882217407,1.39484643936157,0.436302602291107) (-0.7172742,1.373904,0.3937903) (333.266,249.2373,162.5265) (-0.2635504,1.259892,0.1044084) (319.245,303.8598,14.52223)
compute 4.66054395773351(-0.790624856948853,1.38869869709015,0.479241013526917) (-0.7735789,1.394846,0.4363026) (333.4803,255.4015,156.7851) (-0.2810248,1.261788,0.1141593) (315.4391,317.1644,9.809583)
compute 3.63526785934497(-0.782410085201263,1.36157023906708,0.502002418041229) (-0.7906249,1.388699,0.479241) (333.2879,257.9578,151.0193) (-0.2828891,1.268498,0.117644) (311.0024,334.4398,5.365799)
compute 4.14141843062548(-0.767833411693573,1.3238742351532,0.51103937625885) (-0.7824101,1.36157,0.5020024) (337.6116,258.2802,148.1901) (-0.2765175,1.269218,0.1209797) (309.6608,349.3805,359.7827)
compute 3.20079565719976(-0.745824635028839,1.30084347724915,0.514155030250549) (-0.7678334,1.323874,0.5110394) (339.6583,257.2798,147.9049) (-0.2734874,1.268718,0.1230565) (309.863,355.7932,356.6951)
compute 1.69874733043312(-0.732278645038605,1.29222249984741,0.51970112323761) (-0.7458246,1.300843,0.514155) (339.6432,257.0011,147.9606) (-0.2733298,1.267061,0.1247972) (308.7535,358.2081,355.4243)
compute 2.45696542110907(-0.743248462677002,1.27134823799133,0.526600122451782) (-0.7322786,1.292222,0.5197011) (340.1326,257.3618,146.8746) (-0.2791154,1.267575,0.1172255) (307.1124,352.7602,358.5542)
compute 4.04485309341269(-0.772899985313416,1.24574875831604,0.536676704883575) (-0.7432485,1.271348,0.5266001) (342.2906,257.4734,146.7063) (-0.2891141,1.262828,0.1145608) (307.9972,346.394,2.253381)
compute 5.30826530415162(-0.811810374259949,1.20966768264771,0.538057208061218) (-0.7729,1.245749,0.5366767) (346.9691,257.459,147.5816) (-0.2982719,1.260976,0.1154793) (309.5407,341.0415,5.404155)
compute 4.5105297256786(-0.831954836845398,1.17406904697418,0.519046008586884) (-0.8118104,1.209668,0.5380572) (352.4781,253.0674,147.9048) (-0.3073349,1.260318,0.1166857) (311.2492,337.2902,5.759795)
compute 7.17300228907956(-0.786230266094208,1.21929001808167,0.487273007631302) (-0.8319548,1.174069,0.519046) (340.0591,246.7304,147.6272) (-0.3103091,1.260733,0.1179183) (312.2802,335.7237,7.379622)
compute 11.3729566447761(-0.702538669109344,1.29341506958008,0.466401785612106) (-0.7862303,1.21929,0.487273) (327.3405,240.0392,152.3172) (-0.3047443,1.264452,0.1168658) (311.1113,336.7928,6.12361)
compute 10.1917273822525(-0.623262107372284,1.35677790641785,0.457047194242477) (-0.7025387,1.293415,0.4664018) (323.3036,233.7315,165.4803) (-0.2938453,1.2659,0.1113849) (310.1573,337.5096,6.355769)
compute 9.14922017299788(-0.549663364887238,1.41101229190826,0.453486323356628) (-0.6232621,1.356778,0.4570472) (321.8992,231.6218,176.4354) (-0.278753,1.264726,0.1088059) (310.4762,338.4075,7.028473)
compute 7.42946620726531(-0.48412823677063,1.44585359096527,0.450180560350418) (-0.5496634,1.411012,0.4534863) (320.8803,234.2513,181.282) (-0.2646516,1.261587,0.1060235) (310.028,338.8875,6.319829)
compute 5.06478806537555(-0.439396500587463,1.46908891201019,0.455120146274567) (-0.4841282,1.445854,0.4501806) (319.902,237.232,184.0265) (-0.2563525,1.26162,0.1091825) (309.3544,340.2163,4.903111)
compute 4.82715685698734(-0.423679113388062,1.50441110134125,0.484024316072464) (-0.4393965,1.469089,0.4551201) (319.0013,244.3382,186.4685) (-0.2546927,1.260339,0.1195877) (310.8981,341.8922,3.241479)
compute 5.55772472556181(-0.418587863445282,1.55531942844391,0.505732655525208) (-0.4236791,1.504411,0.4840243) (316.1668,249.4406,184.7201) (-0.269244,1.26536,0.1261441) (310.3787,339.5496,4.958703)
compute 6.21111037846755(-0.424255877733231,1.59948420524597,0.549035489559174) (-0.4185879,1.555319,0.5057327) (314.0787,262.2075,178.9312) (-0.2892202,1.26555,0.134548) (309.7946,337.2307,5.466555)
compute 4.03819615954849(-0.444354355335236,1.60733366012573,0.583169639110565) (-0.4242559,1.599484,0.5490355) (314.1697,271.323,169.4538) (-0.31093,1.266507,0.1388732) (308.9803,335.2935,5.725434)
compute 4.37034567856862(-0.468116700649261,1.60518360137939,0.619785487651825) (-0.4443544,1.607334,0.5831696) (314.4935,275.9959,164.0639) (-0.3367087,1.269056,0.1457692) (309.2231,330.1483,8.1311)
compute 3.35692816846833(-0.483751535415649,1.58882617950439,0.644582331180573) (-0.4681167,1.605184,0.6197855) (313.4718,278.2229,160.9273) (-0.3546107,1.269508,0.1528502) (310.4736,328.4822,8.433244)
compute 2.68961388556812(-0.505779623985291,1.59177279472351,0.629433631896973) (-0.4837515,1.588826,0.6445823) (309.9226,273.16,163.8889) (-0.3692437,1.271266,0.1546351) (310.8675,327.5919,8.658422)
compute 4.2013727735015(-0.535799205303192,1.61638677120209,0.613367199897766) (-0.5057796,1.591773,0.6294336) (309.6865,264.688,170.331) (-0.3799036,1.271594,0.1534526) (310.8532,326.1899,9.794552)
compute 6.92326578849444(-0.587482154369354,1.63096797466278,0.569670259952545) (-0.5357992,1.616387,0.6133672) (312.0316,255.616,175.3922) (-0.3898606,1.271394,0.1457552) (309.4861,324.0809,11.04081)
compute 8.35588273993766(-0.666756868362427,1.62735819816589,0.543506026268005) (-0.5874822,1.630968,0.5696703) (317.7062,253.2766,173.5551) (-0.3981614,1.270752,0.1378385) (307.088,321.8016,13.12252)
compute 8.94883358453028(-0.750320374965668,1.59534251689911,0.542959094047546) (-0.6667569,1.627358,0.543506) (326.136,257.2234,168.6386) (-0.403524,1.270251,0.1322518) (305.1149,322.0575,13.19964)
compute 7.0389780261823(-0.80378931760788,1.55520701408386,0.564980328083038) (-0.7503204,1.595343,0.5429591) (331.5845,262.9358,163.1704) (-0.4089927,1.269715,0.130541) (304.6476,325.1098,11.72243)
compute 3.80742587451448(-0.821495294570923,1.52510905265808,0.580154657363892) (-0.8037893,1.555207,0.5649803) (335.1555,267.313,162.1429) (-0.417762,1.269732,0.1382467) (304.6369,329.0696,10.48229)
compute 2.89488873559099(-0.821260094642639,1.49619925022125,0.58163994550705) (-0.8214953,1.525109,0.5801547) (336.1198,268.3176,161.161) (-0.4209506,1.271135,0.1474301) (305.1577,334.5562,8.810407)
compute 3.32047285326417(-0.807979464530945,1.46578061580658,0.582580983638763) (-0.8212601,1.496199,0.5816399) (339.3973,269.6966,161.2819) (-0.4176613,1.270472,0.1532413) (305.8142,340.0735,6.645353)
compute 2.82115405300625(-0.785845875740051,1.45293879508972,0.594458818435669) (-0.8079795,1.465781,0.582581) (339.923,269.9485,160.831) (-0.4062034,1.269452,0.1511093) (305.7341,346.5001,3.402994)
compute 3.56187003012959(-0.751719355583191,1.45475733280182,0.604497015476227) (-0.7858459,1.452939,0.5944588) (336.8641,268.2799,159.6045) (-0.391208,1.266675,0.1485784) (305.6842,351.4265,0.4755692)
compute 5.74519803022288(-0.694347083568573,1.45701718330383,0.602485656738281) (-0.7517194,1.454757,0.604497) (332.1811,264.0532,159.752) (-0.3701503,1.258317,0.1442566) (305.9059,359.1898,356.7157)
compute 7.69691636369728(-0.618037760257721,1.45343065261841,0.593090116977692) (-0.6943471,1.457017,0.6024857) (326.0463,260.3411,159.4172) (-0.334155,1.251467,0.142067) (309.3333,15.15178,347.4859)
compute 8.92072592118321(-0.530183374881744,1.43825197219849,0.59006530046463) (-0.6180378,1.453431,0.5930901) (323.7636,257.5063,162.9822) (-0.2923357,1.241439,0.1384591) (312.6693,26.22775,342.6865)
compute 8.79099679044114(-0.444420039653778,1.42019391059875,0.596900463104248) (-0.5301834,1.438252,0.5900653) (322.5071,259.2655,166.5285) (-0.2544466,1.239212,0.128126) (314.1174,30.89209,340.4996)
compute 10.3293268501488(-0.344267666339874,1.3961740732193,0.589023351669312) (-0.44442,1.420194,0.5969005) (320.9066,261.7985,166.7585) (-0.2151861,1.241746,0.1123605) (312.8417,32.07704,340.9189)
compute 8.49122739468745(-0.264130681753159,1.37796890735626,0.567652106285095) (-0.3442677,1.396174,0.5890234) (319.4191,263.9347,167.0699) (-0.1825112,1.247454,0.1038409) (312.5831,27.94548,343.6965)
compute 8.67520078427195(-0.179796859622002,1.37926852703094,0.547353625297546) (-0.2641307,1.377969,0.5676521) (316.4621,266.6662,170.0286) (-0.152423,1.251551,0.1018206) (313.9605,22.28478,347.1249)
compute 11.4557995044852(-0.0818957164883614,1.43839168548584,0.540769338607788) (-0.1797969,1.379269,0.5473536) (307.0789,269.8234,176.5625) (-0.1219617,1.254098,0.1016428) (315.0504,19.53538,348.3688)
compute 12.2840240534194(0.0126739060506225,1.51652872562408,0.547165751457214) (-0.08189572,1.438392,0.5407693) (296.9288,275.7846,179.6947) (-0.09009766,1.259675,0.103378) (314.8473,16.95185,348.997)
compute 9.56431254652857(0.0811576470732689,1.56812405586243,0.589539170265198) (0.01267391,1.516529,0.5471658) (294.0052,288.8932,170.9176) (-0.07035979,1.263203,0.1054883) (314.3224,12.28782,350.0402)
compute 5.71245872102013(0.120553150773048,1.58831977844238,0.625641047954559) (0.08115765,1.568124,0.5895392) (294.2595,306.4705,153.4319) (-0.06183525,1.270628,0.1087135) (313.2477,5.857931,352.8396)
compute 3.82663714088351(0.137568801641464,1.59122669696808,0.65979266166687) (0.1205532,1.58832,0.625641) (297.2526,317.1792,142.1536) (-0.0709381,1.278476,0.1132878) (313.404,352.8864,359.5203)
compute 3.89772671585065(0.142634809017181,1.57051372528076,0.69241988658905) (0.1375688,1.591227,0.6597927) (302.9852,323.0179,133.9291) (-0.09520906,1.287266,0.1255991) (316.3939,330.1748,11.77526)
compute 2.56385285742869(0.145731329917908,1.54528367519379,0.69576507806778) (0.1426348,1.570514,0.6924199) (291.4486,316.6786,137.5423) (-0.1089483,1.280948,0.1299957) (322.666,317.9407,15.19591)
compute 10.9916392790642(0.0642894208431244,1.50733876228333,0.632448315620422) (0.1457313,1.545284,0.6957651) (286.3893,261.7312,184.8827) (-0.1110346,1.265567,0.1312616) (326.0496,315.7614,13.21252)
compute 17.5735104680946(-0.0827515348792076,1.47806084156036,0.540771782398224) (0.06428942,1.507339,0.6324483) (300.8864,239.0376,197.2637) (-0.1165676,1.249882,0.1296457) (327.0315,320.1838,9.270297)
compute 18.4707023076319(-0.259616911411285,1.45571291446686,0.492440670728683) (-0.08275153,1.478061,0.5407718) (313.8425,244.2704,183.2311) (-0.1266929,1.253441,0.12148) (327.2367,321.1086,7.585613)
compute 14.0642924514233(-0.400136947631836,1.44983959197998,0.492676138877869) (-0.2596169,1.455713,0.4924407) (322.8075,253.0504,173.477) (-0.1461982,1.252358,0.1171916) (325.3752,319.7346,6.945274)
compute 9.34444141968492(-0.478474020957947,1.46557319164276,0.54112833738327) (-0.4001369,1.44984,0.4926761) (325.4927,261.9063,167.3491) (-0.1748057,1.258264,0.1197286) (324.2199,318.3546,5.699235)
compute 7.22663005132459(-0.518456757068634,1.46835100650787,0.601262211799622) (-0.478474,1.465573,0.5411283) (328.0811,271.5968,158.9762) (-0.2130888,1.25641,0.1322299) (325.7572,316.9049,3.904083)
compute 5.52144750647855(-0.529822528362274,1.45451951026917,0.653493881225586) (-0.5184568,1.468351,0.6012622) (324.5466,277.8239,149.444) (-0.2565191,1.253323,0.1419935) (332.2096,314.6358,4.169624)
compute 4.57108976318043(-0.515716016292572,1.42095136642456,0.625859260559082) (-0.5298225,1.45452,0.6534939) (317.6982,270.9356,151.8622) (-0.2779016,1.243069,0.1487659) (341.6089,314.6562,2.002461)
compute 13.7446359023236(-0.514601826667786,1.32927536964417,0.523459196090698) (-0.515716,1.420951,0.6258593) (315.5995,249.6447,161.3053) (-0.2903286,1.231469,0.1489858) (347.0274,315.9246,1.634381)
compute 16.1053352328385(-0.586228728294373,1.19135272502899,0.481208592653275) (-0.5146018,1.329275,0.5234592) (327.8542,244.7454,157.2666) (-0.2900158,1.227681,0.1417796) (348.0539,317.0763,2.725127)
compute 13.3437304853355(-0.665960013866425,1.08440017700195,0.48430523276329) (-0.5862287,1.191353,0.4812086) (336.3014,248.9535,148.3986) (-0.2819088,1.233293,0.1307503) (343.8877,317.9137,3.029429)
compute 11.6363583683365(-0.73751425743103,1.00269317626953,0.526071727275848) (-0.66596,1.0844,0.4843052) (344.0379,256.6715,145.1835) (-0.2775088,1.231762,0.1236437) (339.6694,319.3912,2.350839)
compute 7.84811503066098(-0.747968316078186,0.938578963279724,0.570110023021698) (-0.7375143,1.002693,0.5260717) (349.6974,268.1144,137.5834) (-0.2665353,1.246959,0.1197821) (328.1797,324.6182,2.664238)
compute 8.45875745066755(-0.701052188873291,1.00828790664673,0.560383856296539) (-0.7479683,0.938579,0.57011) (342.1061,264.6027,139.9938) (-0.2612069,1.249718,0.1183625) (327.0563,326.7762,2.324233)
compute 16.1276993163883(-0.654469013214111,1.16244518756866,0.551676988601685) (-0.7010522,1.008288,0.5603839) (331.198,257.0157,153.2531) (-0.2715797,1.252655,0.130885) (328.5718,327.1166,3.520838)
compute 13.8296685556042(-0.637487888336182,1.29872190952301,0.567994773387909) (-0.654469,1.162445,0.551677) (322.9445,253.7205,166.1773) (-0.2812973,1.259895,0.1403452) (328.8416,328.646,3.775733)
compute 10.4361017963697(-0.630772769451141,1.38203585147858,0.630484104156494) (-0.6374879,1.298722,0.5679948) (317.5077,267.2175,158.8323) (-0.2865078,1.261933,0.1442675) (328.6787,331.6763,3.249209)
compute 3.06190297102801(-0.61477792263031,1.39526879787445,0.652991414070129) (-0.6307728,1.382036,0.6304841) (322.0704,275.5799,150.9664) (-0.2824134,1.258665,0.1421995) (327.5441,336.6393,2.713683)
compute 3.84797975058577(-0.585301041603088,1.38166785240173,0.632331728935242) (-0.6147779,1.395269,0.6529914) (324.8897,274.4277,148.3187) (-0.2643654,1.259165,0.1327568) (323.5029,344.7399,0.4124056)
compute 5.72413019098864(-0.550491988658905,1.36893010139465,0.588712394237518) (-0.585301,1.381668,0.6323317) (325.7898,264.9318,155.6266) (-0.2424828,1.257061,0.1123668) (318.9642,356.3151,355.8936)
compute 7.88507122163964(-0.478922814130783,1.3707834482193,0.555669188499451) (-0.550492,1.36893,0.5887124) (322.7456,258.6869,160.3298) (-0.2166981,1.255316,0.08987719) (316.8713,10.22501,350.555)
compute 10.3545848720792(-0.380555719137192,1.37822115421295,0.524199545383453) (-0.4789228,1.370783,0.5556692) (319.815,255.7903,167.7982) (-0.1885347,1.252305,0.06801476) (317.0436,25.1883,343.6257)
compute 11.843469284566(-0.263867229223251,1.37432944774628,0.504314184188843) (-0.3805557,1.378221,0.5241995) (317.051,258.7657,173.566) (-0.1590937,1.239216,0.05108268) (317.3171,30.60345,342.0572)
compute 8.67327033411548(-0.18724200129509,1.34271597862244,0.478785276412964) (-0.2638672,1.374329,0.5043142) (317.0024,260.7567,175.2419) (-0.1374979,1.238306,0.04214769) (314.93,31.42775,342.5501)
compute 10.3121256668759(-0.106753684580326,1.29010164737701,0.441538035869598) (-0.187242,1.342716,0.4787853) (316.8923,261.9836,175.7735) (-0.121494,1.247151,0.03638044) (307.6712,21.08094,348.5564)
compute 6.24351863911769(-0.0615951716899872,1.25072860717773,0.459105759859085) (-0.1067537,1.290102,0.441538) (315.1052,262.0192,175.1324) (-0.1046984,1.246349,0.03227759) (306.0898,14.58289,352.1718)
compute 4.67511012868571(-0.0363501682877541,1.21188986301422,0.452788531780243) (-0.06159517,1.250729,0.4591058) (313.4788,261.972,173.0976) (-0.09301966,1.246619,0.03120115) (306.5101,11.20147,354.2773)
compute 3.90092406341048(-0.0267185736447573,1.183021068573,0.428384721279144) (-0.03635017,1.21189,0.4527885) (313.1377,262.1462,171.2989) (-0.07213072,1.246897,0.03743919) (308.3548,9.604856,355.3213)
compute 2.87568706735666(-0.0154136503115296,1.16524624824524,0.408808916807175) (-0.02671857,1.183021,0.4283847) (312.8175,263.5226,168.4326) (-0.04870474,1.2493,0.04830477) (312.692,11.01251,353.7463)
compute 2.86700704539561(0.00471633113920689,1.14582741260529,0.402510851621628) (-0.01541365,1.165246,0.4088089) (311.8282,266.0957,165.5217) (-0.02563603,1.251479,0.05973151) (317.6154,16.47271,350.4352)
compute 3.02339106708479(0.0263916794210672,1.12494349479675,0.399659425020218) (0.004716331,1.145827,0.4025109) (310.938,269.2294,163.0451) (-0.002914067,1.246308,0.07014544) (324.0174,22.96356,347.2857)
compute 3.03348933914667(0.0465924777090549,1.1026074886322,0.396021246910095) (0.02639168,1.124943,0.3996594) (309.9232,275.7938,158.671) (0.0155432,1.241759,0.0744955) (329.9176,28.67689,345.1708)
compute 3.30425857329129(0.0688396245241165,1.07817697525024,0.395856827497482) (0.04659248,1.102607,0.3960212) (307.8665,282.728,153.6754) (0.02354288,1.238756,0.07574108) (332.9328,34.03424,343.6459)
compute 2.79884019652886(0.0842185989022255,1.05489647388458,0.393653184175491) (0.06883962,1.078177,0.3958568) (305.9317,289.2212,149.344) (0.02198865,1.232441,0.07498503) (336.3545,37.5051,343.2756)
compute 2.72340069005287(0.0924068614840508,1.03163969516754,0.382087469100952) (0.0842186,1.054896,0.3936532) (305.0926,294.6483,146.2774) (0.01697885,1.229221,0.06574608) (338.1814,42.65115,342.5251)
compute 2.25436095583322(0.0971176400780678,1.01836585998535,0.364485532045364) (0.09240686,1.03164,0.3820875) (304.4911,298.633,143.4229) (0.01425859,1.232909,0.04630135) (337.5243,47.22705,342.8738)
compute 1.76582148374901(0.0986126512289047,1.00780582427979,0.350412040948868) (0.09711764,1.018366,0.3644855) (305.7965,301.4789,141.8018) (0.002881534,1.237881,0.02861501) (333.1542,43.86437,342.1442)
compute 1.26135459494287(0.100760161876678,1.0011237859726,0.339931577444077) (0.09861265,1.007806,0.350412) (306.3194,302.7547,140.4058) (-0.02032567,1.247212,0.02132727) (324.5684,32.13602,346.293)
compute 0.41543469079192(0.0987884551286697,0.997495353221893,0.340384840965271) (0.1007602,1.001124,0.3399316) (306.9754,301.2175,141.4436) (-0.04451618,1.251328,0.017588) (319.3303,15.6476,353.0165)
compute 1.7717471142264(0.0818802192807198,1.00276076793671,0.340928673744202) (0.09878846,0.9974954,0.3403848) (307.4188,296.4909,142.4056) (-0.05286043,1.252748,0.01928807) (318.6981,2.161455,359.128)
compute 2.33019179517903(0.0619331188499928,1.01445090770721,0.343832671642303) (0.08188022,1.002761,0.3409287) (307.9474,291.1881,142.4973) (-0.05365976,1.254118,0.02139954) (321.7273,351.2935,3.458517)
compute 1.98590711271408(0.0488846302032471,1.00799930095673,0.357341796159744) (0.06193312,1.014451,0.3438327) (308.6689,284.8941,142.9905) (-0.04677663,1.251074,0.02334554) (325.9262,343.3247,5.113499)
compute 1.31226437850486(0.0431212447583675,0.998666107654572,0.364544481039047) (0.04888463,1.007999,0.3573418) (307.8365,279.158,143.7002) (-0.03916008,1.247725,0.02433613) (330.2312,337.896,5.608013)
compute 0.614745024061548(0.0379075333476067,0.996640086174011,0.36199426651001) (0.04312124,0.9986661,0.3645445) (307.7688,275.4234,143.8184) (-0.02508769,1.249379,0.01861122) (332.5105,334.6475,6.682663)
compute 2.39523170056597(0.0353040061891079,1.00587141513824,0.34004619717598) (0.03790753,0.9966401,0.3619943) (309.28,274.137,143.327) (-0.01263294,1.249885,0.01270373) (333.9448,333.9637,6.010936)
compute 2.09020401179993(0.0485986396670341,1.00390434265137,0.324037492275238) (0.03530401,1.005871,0.3400462) (310.3333,274.69,143.5072) (0.003198858,1.246716,0.0005632872) (335.4436,335.9226,4.609405)
compute 2.64458912665594(0.0693265199661255,1.00104176998138,0.307865113019943) (0.04859864,1.003904,0.3240375) (309.743,278.0817,142.4859) (0.02096746,1.246735,-0.01549539) (334.1733,337.6499,4.217453)
compute 2.55268740455381(0.0922069326043129,0.999755799770355,0.296619921922684) (0.06932652,1.001042,0.3078651) (308.8829,280.7298,141.9635) (0.03684711,1.246869,-0.03016804) (334.7683,338.8319,3.35239)
compute 2.60035538781698(0.11449921131134,0.992845296859741,0.285153269767761) (0.09220693,0.9997558,0.2966199) (307.8953,281.0367,143.1741) (0.04985102,1.241778,-0.04162468) (335.8507,339.4538,3.073982)
compute 2.66794337579397(0.131904378533363,0.991240620613098,0.264996945858002) (0.1144992,0.9928453,0.2851533) (306.4762,280.9303,144.2215) (0.06160428,1.235996,-0.04824601) (337.82,339.9437,2.65783)
compute 2.54307755756233(0.150086879730225,0.977182388305664,0.254111766815186) (0.1319044,0.9912406,0.2649969) (304.8566,282.6897,141.9478) (0.0724126,1.231916,-0.05083866) (340.1566,340.7526,1.9561)
compute 1.86083979700289(0.160050541162491,0.965265929698944,0.243865013122559) (0.1500869,0.9771824,0.2541118) (304.1953,286.5116,136.598) (0.08061809,1.23123,-0.04694322) (342.7715,342.2282,0.925157)
compute 1.31935410167569(0.164514869451523,0.96077823638916,0.232289180159569) (0.1600505,0.9652659,0.243865) (304.7194,289.1471,133.0989) (0.08764333,1.230587,-0.04288734) (344.6252,343.3463,0.411631)
compute 1.42928177847247(0.173237308859825,0.950811266899109,0.2269167304039) (0.1645149,0.9607782,0.2322892) (305.005,290.7647,131.0977) (0.09297273,1.23123,-0.04146253) (345.1586,344.4151,0.3434761)
compute 0.927713499315761(0.181122481822968,0.94619232416153,0.225318402051926) (0.1732373,0.9508113,0.2269167) (304.9742,291.5327,130.5316) (0.09816549,1.231617,-0.04039571) (345.5768,346.0291,0.1227907)
compute 0.791995543096384(0.187442734837532,0.949424803256989,0.221806824207306) (0.1811225,0.9461923,0.2253184) (304.353,292.4674,130.9361) (0.1013966,1.231705,-0.03456146) (347.1023,347.4539,0.04003292)
compute 1.45910004064828(0.189674094319344,0.963187634944916,0.2175053358078) (0.1874427,0.9494248,0.2218068) (303.4954,293.1219,131.4973) (0.1022023,1.227634,-0.02806584) (349.801,348.5211,0.121294)
compute 0.082410893804808(0.19028651714325,0.963506519794464,0.217055439949036) (0.1896741,0.9631876,0.2175053) (302.9793,293.3591,131.9009) (0.1020633,1.225088,-0.0198084) (351.7043,349.4571,0.3764895)
compute 0.531053036375726(0.189364090561867,0.958790600299835,0.219316184520721) (0.1902865,0.9635065,0.2170554) (302.9587,293.46,131.8692) (0.09399849,1.22366,-0.01052035) (352.9769,349.711,0.05609251)
compute 1.22232702805195(0.180721685290337,0.952479541301727,0.225222766399384) (0.1893641,0.9587906,0.2193162) (303.9075,294.8476,130.4542) (0.08300715,1.2231,-0.003114185) (353.6097,350.1625,359.3657)
compute 1.57777001776193(0.166191756725311,0.946903944015503,0.227816939353943) (0.1807217,0.9524795,0.2252228) (305.334,295.4688,129.5748) (0.06953845,1.224328,0.0007280344) (354.3591,349.8317,359.9434)
compute 1.75039159487974(0.149438843131065,0.941843032836914,0.227479085326195) (0.1661918,0.9469039,0.2278169) (306.0919,294.5074,128.9836) (0.05247961,1.224695,0.002508485) (354.7726,348.0638,359.9922)
compute 1.96149734834224(0.13099205493927,0.935215830802917,0.226741924881935) (0.1494388,0.941843,0.2274791) (307.1447,292.8251,129.0273) (0.03678108,1.225226,-0.002974606) (355.0944,345.6006,359.7168)
compute 2.18816458594322(0.109620243310928,0.934938251972198,0.222054168581963) (0.1309921,0.9352158,0.2267419) (307.6679,290.6045,128.7651) (0.02269716,1.225613,-0.01251408) (354.5258,342.2719,0.7255763)
compute 2.02776444036153(0.0899521112442017,0.934136152267456,0.217185482382774) (0.1096202,0.9349383,0.2220542) (308.6522,287.1165,129.2024) (0.007577069,1.226331,-0.02156977) (354.4801,336.5165,1.225908)
compute 2.0778308679848(0.0700826719403267,0.936028718948364,0.211409524083138) (0.08995211,0.9341362,0.2171855) (309.5902,283.5369,129.4306) (0.001237653,1.225988,-0.02698107) (353.5918,334.0024,1.906246)
compute 1.07266168727807(0.0594775639474392,0.936798989772797,0.209995776414871) (0.07008267,0.9360287,0.2114095) (309.9181,281.9963,128.885) (0.002652571,1.227289,-0.03013596) (352.9957,334.1209,2.147685)
compute 0.708628728243095(0.0527115985751152,0.934893250465393,0.209098368883133) (0.05947756,0.936799,0.2099958) (309.8817,279.8045,129.3743) (0.005871452,1.227027,-0.03326752) (352.3492,333.996,2.158983)
compute 0.262811615177458(0.0517009496688843,0.932479202747345,0.209339112043381) (0.0527116,0.9348933,0.2090984) (309.6516,278.4541,129.9679) (0.0105439,1.229226,-0.03500333) (351.3965,334.6095,2.281797)
compute 0.342907490389886(0.0519545488059521,0.932384967803955,0.212757498025894) (0.05170095,0.9324792,0.2093391) (309.5923,278.2087,130.118) (0.01738762,1.23141,-0.03411864) (350.2716,337.5315,1.770342)
compute 0.433069916512002(0.0537906587123871,0.93241012096405,0.216679617762566) (0.05195455,0.932385,0.2127575) (309.6443,278.593,130.1392) (0.02613528,1.230809,-0.031536) (349.8417,342.2373,0.85383)
compute 0.406854648128661(0.0576010346412659,0.933665812015533,0.216003343462944) (0.05379066,0.9324101,0.2166796) (309.4522,279.686,130.5979) (0.03815415,1.230405,-0.03137396) (349.7839,347.2001,0.2192782)
compute 1.23632641627128(0.0698719695210457,0.934458434581757,0.214720293879509) (0.05760103,0.9336658,0.2160033) (308.9332,281.6413,131.2925) (0.0485195,1.229785,-0.03220183) (349.4812,351.4793,359.5611)
compute 1.86104662660622(0.0884548723697662,0.933536767959595,0.215139478445053) (0.06987197,0.9344584,0.2147203) (308.5483,285.1371,131.0984) (0.05627545,1.229941,-0.0316241) (349.5187,354.9516,358.7817)
compute 2.0997054020235(0.10914321988821,0.932760834693909,0.211637124419212) (0.08845487,0.9335368,0.2151395) (308.1976,289.144,130.3586) (0.06359791,1.22986,-0.03046377) (351.3192,358.3211,358.1935)
compute 1.90674296320112(0.127380385994911,0.93026077747345,0.206664964556694) (0.1091432,0.9327608,0.2116371) (308.0188,292.7979,129.4067) (0.07351089,1.225663,-0.02731866) (353.401,4.091249,357.2454)
compute 1.77045707219513(0.141744777560234,0.935486853122711,0.197731643915176) (0.1273804,0.9302608,0.206665) (307.7911,296.9938,127.828) (0.08283831,1.22468,-0.02857231) (354.0234,9.684262,356.7402)
compute 1.50438290404824(0.153687655925751,0.935773074626923,0.188588201999664) (0.1417448,0.9354869,0.1977316) (307.7052,301.3754,125.9991) (0.09019672,1.224466,-0.02996015) (354.1001,14.0477,356.5275)
compute 1.86289409271677(0.166728734970093,0.923998832702637,0.182396680116653) (0.1536877,0.9357731,0.1885882) (307.9692,305.2333,124.3358) (0.09924839,1.221905,-0.03130452) (355.0686,19.48149,356.6823)
compute 1.44280688942901(0.176626667380333,0.92591917514801,0.172076195478439) (0.1667287,0.9239988,0.1823967) (308.3967,309.2897,122.0358) (0.1088112,1.220982,-0.03210841) (355.3066,25.1305,357.2091)
compute 1.0770710932394(0.185733616352081,0.924325108528137,0.166550740599632) (0.1766267,0.9259192,0.1720762) (309.3886,312.6962,120.0528) (0.1134545,1.221022,-0.03599162) (355.0914,29.23181,356.9914)
compute 1.21722223950443(0.193221405148506,0.914848804473877,0.165035590529442) (0.1857336,0.9243251,0.1665507) (310.0869,315.0089,119.0271) (0.1169645,1.221167,-0.04199731) (354.7988,33.5168,357.1946)
compute 2.01168504890433(0.199034631252289,0.895591676235199,0.165274530649185) (0.1932214,0.9148488,0.1650356) (310.3047,316.6661,118.4114) (0.1202873,1.221071,-0.0494591) (353.6519,36.53351,357.1918)
compute 0.991209119907903(0.200329571962357,0.903136074542999,0.158977329730988) (0.1990346,0.8955917,0.1652745) (310.5346,317.554,118.3538) (0.1209121,1.225194,-0.05371152) (352.363,35.51777,356.1653)
compute 0.847986468400327(0.199150606989861,0.910979747772217,0.155978173017502) (0.2003296,0.9031361,0.1589773) (310.8184,317.1513,118.7949) (0.1063168,1.2251,-0.05531207) (351.8411,28.529,355.8406)
compute 1.1637467708469(0.188483282923698,0.906529486179352,0.157332435250282) (0.1991506,0.9109797,0.1559782) (310.7863,313.277,120.1405) (0.08984852,1.224693,-0.0514875) (352.1501,17.19519,356.3523)
compute 2.14590196167467(0.169347614049912,0.900181531906128,0.16468220949173) (0.1884833,0.9065295,0.1573324) (309.8862,307.896,120.8295) (0.06942718,1.223261,-0.04483514) (352.9257,3.039957,357.0175)
compute 2.90098009006841(0.143825054168701,0.892408013343811,0.176072552800179) (0.1693476,0.9001815,0.1646822) (308.9443,301.483,121.0943) (0.04862271,1.223869,-0.03814171) (353.6812,347.3644,357.7022)
compute 2.64175380696013(0.119581557810307,0.892928302288055,0.186554372310638) (0.1438251,0.892408,0.1760726) (308.5358,295.2024,121.3451) (0.03684268,1.225353,-0.04101872) (354.7117,335.4815,358.2181)
compute 2.59671715189413(0.097326971590519,0.905267775058746,0.191727846860886) (0.1195816,0.8929283,0.1865544) (308.5768,289.0866,121.601) (0.02857188,1.227622,-0.04476271) (355.4925,325.9668,359.2195)
compute 2.27484887132562(0.0770470574498177,0.915280759334564,0.194168955087662) (0.09732697,0.9052678,0.1917278) (308.7807,283.3434,122.0094) (0.0249126,1.228329,-0.04912914) (355.898,318.0144,359.7971)
Average= 4.99995949525531
Max= 18.5394633477592
Standard Deviation= 4.3828167574579
Right: 16    Wrong: 2
0
