compute 101.023666314643(0.0897316634654999,0.972775161266327,0.257361263036728) (0,0,0) (305.3649,306.9996,100.9141) (0.04871281,1.228793,-0.03974228) (348.5139,358.0081,358.4384)
compute 0.545711368872679(0.0886587277054787,0.978113830089569,0.257004171609879) (0.08973166,0.9727752,0.2573613) (305.1687,306.489,101.4656) (0.04871034,1.229016,-0.04178842) (348.0607,357.964,358.5319)
compute 0.172947717215162(0.088352344930172,0.979789078235626,0.256702899932861) (0.08865873,0.9781138,0.2570042) (304.9316,306.1107,101.9396) (0.04862603,1.229382,-0.04308468) (347.8523,358.0369,358.5331)
compute 0.13614832583084(0.0880701690912247,0.981075823307037,0.256358951330185) (0.08835234,0.9797891,0.2567029) (304.8035,305.8432,102.2518) (0.04823173,1.229615,-0.04340228) (348.0484,358.3271,358.4761)
compute 0.0390780355180676(0.0879912078380585,0.980892181396484,0.256694734096527) (0.08807017,0.9810758,0.256359) (304.6997,305.7493,102.4071) (0.04883136,1.229591,-0.04344184) (348.0176,358.7065,358.4368)
compute 0.0381286951607655(0.0881419628858566,0.980976343154907,0.257034689188004) (0.08799121,0.9808922,0.2566947) (304.582,305.8572,102.4885) (0.04942508,1.229198,-0.04260738) (347.4302,358.8495,358.5147)
compute 0.0757329990803492(0.0886291563510895,0.980908274650574,0.257610499858856) (0.08814196,0.9809763,0.2570347) (304.4754,306.3807,102.4014) (0.04995763,1.230873,-0.04187313) (346.8946,359.0118,358.3658)
compute 0.161367624104942(0.0898988321423531,0.980569660663605,0.258547097444534) (0.08862916,0.9809083,0.2576105) (304.3276,307.1275,102.0211) (0.04994193,1.231277,-0.04097389) (346.9473,359.1242,358.3793)
compute 0.149742240375516(0.0911915674805641,0.980263531208038,0.259238034486771) (0.08989883,0.9805697,0.2585471) (304.2078,307.5376,101.8056) (0.04999707,1.231358,-0.04093648) (347.0401,359.0784,358.34)
compute 0.115717668360825(0.092247299849987,0.980133533477783,0.259693652391434) (0.09119157,0.9802635,0.259238) (304.0875,307.7968,101.6756) (0.05013638,1.231321,-0.04087488) (347.0461,358.9972,358.2673)
compute 0.0753433481263362(0.092907577753067,0.980366408824921,0.259971976280212) (0.0922473,0.9801335,0.2596937) (303.981,307.956,101.596) (0.05020226,1.23134,-0.04085994) (347.091,358.9877,358.1892)
compute 0.0942802102837899(0.093410037457943,0.980427324771881,0.26076740026474) (0.09290758,0.9803664,0.259972) (303.901,307.9781,101.6089) (0.05028459,1.231436,-0.04083641) (347.1389,358.9495,358.2438)
compute 0.176296722630462(0.0938254222273827,0.980352461338043,0.262479096651077) (0.09341004,0.9804273,0.2607674) (303.7673,307.9623,101.6863) (0.05023134,1.231072,-0.04072344) (346.8684,358.9846,358.2537)
compute 0.148426622042042(0.0942363142967224,0.981703817844391,0.262935221195221) (0.09382542,0.9803525,0.2624791) (303.5551,308.0687,101.8388) (0.04952335,1.230596,-0.04083977) (346.3744,359.5056,358.3839)
compute 0.134437632522042(0.0951638966798782,0.98261559009552,0.263275235891342) (0.09423631,0.9817038,0.2629352) (303.3779,308.5325,101.9328) (0.04902219,1.231223,-0.04088622) (346.1743,359.8824,358.3572)
compute 0.162992501214117(0.0963549688458443,0.982181429862976,0.264299690723419) (0.0951639,0.9826156,0.2632752) (303.406,308.8186,102.1065) (0.0491472,1.231554,-0.04058093) (346.3452,359.8284,358.6072)
compute 0.0808830686647759(0.0970325171947479,0.982005834579468,0.264705032110214) (0.09635497,0.9821814,0.2642997) (303.4703,308.8979,102.2676) (0.04861035,1.231798,-0.04020237) (346.5206,359.6661,358.6949)
compute 0.0903910758380572(0.0975408554077148,0.982723236083984,0.264495313167572) (0.09703252,0.9820058,0.264705) (303.5056,308.8948,102.3577) (0.04851303,1.231534,-0.039979) (346.3345,359.5601,358.6916)
compute 0.105830463454056(0.098152220249176,0.983568668365479,0.264317870140076) (0.09754086,0.9827232,0.2644953) (303.5144,308.8606,102.409) (0.04836477,1.231609,-0.03981085) (346.1981,359.4222,358.6342)
compute 0.0684972646455449(0.0987817123532295,0.98378574848175,0.264478504657745) (0.09815222,0.9835687,0.2643179) (303.5145,308.8364,102.4399) (0.04808529,1.233146,-0.03978267) (345.5488,359.5646,358.5001)
compute 0.0775680536530709(0.0991317257285118,0.984424293041229,0.264745771884918) (0.09878171,0.9837857,0.2644785) (303.4788,308.7767,102.5393) (0.04893843,1.234586,-0.04210079) (344.8654,359.8054,358.3336)
compute 0.102573545595655(0.0994498580694199,0.985079050064087,0.265468418598175) (0.09913173,0.9844243,0.2647458) (303.3018,308.725,102.6874) (0.0499317,1.234763,-0.04346225) (344.5981,359.5227,358.286)
compute 0.144078315901903(0.0994353443384171,0.986516356468201,0.265567392110825) (0.09944986,0.9850791,0.2654684) (303.2408,308.7173,102.7334) (0.05072493,1.235123,-0.04505021) (344.2747,358.9541,358.5432)
compute 0.0438343735992784(0.0994633138179779,0.986932337284088,0.26570275425911) (0.09943534,0.9865164,0.2655674) (303.2217,308.5988,102.8658) (0.05122761,1.235013,-0.04749814) (343.4533,358.5139,358.552)
compute 0.0848164021291995(0.0997244045138359,0.987720012664795,0.265527307987213) (0.09946331,0.9869323,0.2657028) (303.0769,308.077,103.3443) (0.05112521,1.236677,-0.04922302) (342.2876,358.1792,358.7984)
compute 0.232736080407061(0.10001827031374,0.990004599094391,0.265194267034531) (0.0997244,0.98772,0.2655273) (302.9095,307.4912,103.8388) (0.05071363,1.237423,-0.05103797) (341.4701,357.8121,359.0062)
compute 0.207887895380695(0.100236587226391,0.992059409618378,0.264966607093811) (0.1000183,0.9900046,0.2651943) (302.8284,307.0945,104.1765) (0.05058692,1.237556,-0.05135813) (341.5941,357.9102,359.0533)
compute 0.0722964340573907(0.10043028742075,0.992755055427551,0.264931470155716) (0.1002366,0.9920594,0.2649666) (302.7976,306.888,104.3587) (0.05025724,1.237761,-0.05149703) (341.7765,358.1625,359.0555)
compute 0.0923744979021969(0.100652441382408,0.992582857608795,0.265811413526535) (0.1004303,0.9927551,0.2649315) (302.801,306.8528,104.3961) (0.04987194,1.237254,-0.0501008) (342.1573,358.4805,359.112)
compute 0.266628668351266(0.100985810160637,0.991173148155212,0.268049865961075) (0.1006524,0.9925829,0.2658114) (302.826,306.8611,104.4) (0.04956561,1.237117,-0.04860291) (342.4146,358.7238,359.0381)
compute 0.00939091309877765(0.101060323417187,0.991225481033325,0.268072843551636) (0.1009858,0.9911731,0.2680499) (303.0482,306.9241,104.4539) (0.04938824,1.237085,-0.04722443) (342.515,358.8433,359.0401)
compute 0.129669899351863(0.101021699607372,0.992236375808716,0.267261654138565) (0.1010603,0.9912255,0.2680728) (303.1428,307.07,104.3758) (0.04931485,1.237123,-0.04619767) (342.6095,358.8478,359.0498)
compute 0.389034807089177(0.10068104416132,0.995232045650482,0.264803051948547) (0.1010217,0.9922364,0.2672617) (303.2433,307.3004,104.1763) (0.04921078,1.236925,-0.04559144) (342.5088,358.6465,359.0144)
compute 0.0263719573172076(0.100466720759869,0.995078980922699,0.264816641807556) (0.100681,0.995232,0.2648031) (303.3394,307.4287,103.9952) (0.04909071,1.236356,-0.04516134) (341.8541,358.3974,358.9651)
compute 0.0588006406788095(0.100581169128418,0.994615137577057,0.265159428119659) (0.1004667,0.995079,0.2648166) (303.3579,307.4336,103.9457) (0.04891969,1.238709,-0.04759879) (340.6051,358.083,359.1255)
compute 0.196793782951896(0.100789181888103,0.993694067001343,0.266886025667191) (0.1005812,0.9946151,0.2651594) (303.3111,307.4116,103.9072) (0.04900686,1.239507,-0.04902972) (339.5717,357.5646,359.2366)
compute 0.519450398374497(0.10100544989109,0.990761041641235,0.271167784929276) (0.1007892,0.9936941,0.266886) (303.2,307.3176,103.8936) (0.04841474,1.240898,-0.0510493) (338.2081,356.5564,359.2517)
compute 0.148332380718322(0.100859440863132,0.99083685874939,0.272641956806183) (0.1010054,0.990761,0.2711678) (302.9971,306.9272,104.0175) (0.04783642,1.242263,-0.0512986) (337.4426,355.9969,359.4739)
compute 0.0790676447910929(0.10082795470953,0.991029560565948,0.273408144712448) (0.1008594,0.9908369,0.272642) (302.8781,306.6147,104.1638) (0.04769417,1.242623,-0.0514679) (337.8008,356.1285,359.4352)
compute 0.16436536481441(0.10094165802002,0.991425096988678,0.274999439716339) (0.100828,0.9910296,0.2734081) (302.7738,306.4705,104.2364) (0.04744524,1.242201,-0.04912987) (338.4711,356.3773,359.3442)
compute 0.162248603707218(0.100887380540371,0.993041455745697,0.274869441986084) (0.1009417,0.9914251,0.2749994) (302.7317,306.45,104.2295) (0.04729953,1.240849,-0.04685598) (338.818,356.7226,359.0139)
compute 0.0761821370705228(0.100873753428459,0.992481350898743,0.275385648012161) (0.1008874,0.9930415,0.2748694) (302.7264,306.4945,104.1864) (0.04748043,1.240789,-0.04609752) (338.7873,356.6599,359.0773)
compute 0.159936973788239(0.100729495286942,0.99124002456665,0.27638378739357) (0.1008738,0.9924814,0.2753856) (302.745,306.7923,103.9298) (0.047761,1.240647,-0.04587759) (339.1103,356.3734,358.9736)
compute 0.0447836436637042(0.10056684166193,0.990843772888184,0.276514500379562) (0.1007295,0.99124,0.2763838) (302.771,306.9237,103.8279) (0.0477694,1.239939,-0.04593462) (339.3061,356.2342,358.8807)
compute 0.0299006647048105(0.100320622324944,0.990857064723969,0.276345372200012) (0.1005668,0.9908438,0.2765145) (302.7745,306.959,103.7987) (0.04779411,1.239544,-0.04583263) (339.0751,356.2021,358.7426)
compute 0.0520629392338776(0.0998977497220039,0.991053879261017,0.276114076375961) (0.1003206,0.9908571,0.2763454) (302.7766,306.96,103.7975) (0.04885498,1.240451,-0.04875726) (337.934,354.6742,358.9781)
compute 0.475823175531629(0.0954861864447594,0.992547810077667,0.277087241411209) (0.09989775,0.9910539,0.2761141) (302.7456,306.3697,103.6507) (0.04638032,1.244418,-0.0551637) (335.4503,350.45,0.02477897)
compute 1.34711256045636(0.0860547944903374,1.00104284286499,0.281598836183548) (0.09548619,0.9925478,0.2770872) (301.6078,302.4901,104.796) (0.04574207,1.247284,-0.06011593) (333.5081,344.8193,1.67311)
compute 3.28904848053706(0.0734734907746315,1.03142666816711,0.282162755727768) (0.08605479,1.001043,0.2815988) (298.3803,294.6045,110.2576) (0.04456414,1.250653,-0.06201818) (331.7098,338.8161,3.969012)
compute 7.41812732083383(0.0602891705930233,1.10435342788696,0.278888195753098) (0.07347349,1.031427,0.2821628) (291.0775,271.5117,131.6432) (0.03715459,1.250326,-0.05964938) (331.0036,333.744,5.3376)
compute 8.83228891122645(0.0465234220027924,1.19151175022125,0.275032788515091) (0.06028917,1.104353,0.2788882) (287.9681,232.2329,170.6578) (0.02288364,1.252277,-0.05541872) (330.175,330.4843,6.558734)
compute 9.42398017592804(0.019745908677578,1.28181707859039,0.278041660785675) (0.04652342,1.191512,0.2750328) (291.6723,202.1906,200.8477) (0.008785993,1.250705,-0.04209734) (330.7094,328.4348,6.659661)
compute 8.00208799807005(-0.0121479434892535,1.3532201051712,0.295004308223724) (0.01974591,1.281817,0.2780417) (296.7137,193.2387,211.435) (-0.01060225,1.245123,-0.02626504) (330.8477,328.1391,5.982977)
compute 7.91417084742298(-0.0458954833447933,1.4245091676712,0.301514565944672) (-0.01214794,1.35322,0.2950043) (299.8561,186.082,219.206) (-0.03740399,1.241699,-0.009931891) (329.99,328.8974,5.567485)
compute 9.37222882824526(-0.0982058942317963,1.50013339519501,0.319638162851334) (-0.04589548,1.424509,0.3015146) (301.2573,181.9155,223.5759) (-0.0679642,1.245794,0.007716005) (329.2695,328.3395,5.973903)
compute 7.52616893963429(-0.151587039232254,1.55170094966888,0.332110643386841) (-0.09820589,1.500133,0.3196382) (301.1648,180.9558,226.6246) (-0.09349491,1.254609,0.02314369) (328.9253,327.9651,5.3192)
compute 8.05864383888721(-0.213340505957603,1.59614980220795,0.358662158250809) (-0.151587,1.551701,0.3321106) (298.5624,177.9413,229.9574) (-0.1199086,1.258886,0.03970905) (328.0023,328.0477,4.304373)
compute 7.6055470280974(-0.280095249414444,1.60744893550873,0.393311381340027) (-0.2133405,1.59615,0.3586622) (295.6241,179.4911,229.5146) (-0.1456306,1.2598,0.05291457) (327.9903,326.5876,4.002799)
compute 14.8985401444417(-0.396751970052719,1.54892218112946,0.465161770582199) (-0.2800952,1.607449,0.3933114) (294.2724,232.1649,178.7055) (-0.1666938,1.259199,0.06015079) (328.223,325.0552,4.676285)
compute 23.2341749085012(-0.502972722053528,1.36952519416809,0.567712068557739) (-0.396752,1.548922,0.4651618) (332.8019,277.8631,132.6364) (-0.1780449,1.258286,0.05477841) (326.8668,324.5765,5.619267)
compute 18.4309474651019(-0.527680993080139,1.19448971748352,0.619885504245758) (-0.5029727,1.369525,0.5677121) (1.76364,275.8405,118.15) (-0.1805905,1.261692,0.0405073) (321.01,324.208,6.729152)
compute 6.85087707034788(-0.499902844429016,1.13277876377106,0.609227895736694) (-0.527681,1.19449,0.6198855) (7.040154,271.859,115.8015) (-0.1705574,1.259823,0.03221896) (317.7627,327.2199,7.015806)
compute 5.05365534606601(-0.464776366949081,1.16908407211304,0.607814252376556) (-0.4999028,1.132779,0.6092279) (355.1777,270.7755,120.4798) (-0.1551399,1.262266,0.03382919) (315.9444,330.1656,6.932333)
compute 10.4797863827687(-0.414133936166763,1.2576756477356,0.583950698375702) (-0.4647764,1.169084,0.6078143) (336.8622,266.6646,129.6096) (-0.14026,1.262499,0.04623494) (315.4359,331.5508,6.73865)
compute 10.5481026270389(-0.345969647169113,1.32959055900574,0.547782719135284) (-0.4141339,1.257676,0.5839507) (321.6525,258.6378,141.1551) (-0.130523,1.264282,0.05511542) (317.9063,332.4965,6.65891)
compute 7.67864705920124(-0.288263767957687,1.37317323684692,0.521961331367493) (-0.3459696,1.329591,0.5477827) (312.6392,249.0408,153.6609) (-0.1253655,1.262121,0.06219877) (319.011,332.7696,6.54263)
compute 5.71476314333074(-0.250679463148117,1.40969085693359,0.499163627624512) (-0.2882638,1.373173,0.5219613) (306.5208,237.9737,168.1121) (-0.1236604,1.263746,0.06484149) (318.0284,331.2327,7.612232)
compute 6.4218265660637(-0.220018967986107,1.45371091365814,0.463862717151642) (-0.2506795,1.409691,0.4991636) (302.2654,216.2672,192.8022) (-0.1239171,1.265507,0.06981073) (318.8947,330.3843,7.530467)
compute 6.70318228816591(-0.198604300618172,1.50802874565125,0.430934756994247) (-0.220019,1.453711,0.4638627) (301.2693,191.1284,216.4035) (-0.1247097,1.265092,0.07804108) (319.8889,328.4486,8.48669)
compute 6.03586789399696(-0.190846487879753,1.55866754055023,0.399017691612244) (-0.1986043,1.508029,0.4309348) (305.1316,179.3424,229.5328) (-0.1361215,1.262043,0.08357085) (320.0632,328.8085,7.11188)
compute 5.4403240281323(-0.194350481033325,1.60476398468018,0.370337516069412) (-0.1908465,1.558668,0.3990177) (307.6763,177.405,234.8825) (-0.1486967,1.257418,0.08654927) (319.4363,329.6093,7.01424)
compute 5.65613891036208(-0.211466535925865,1.65369141101837,0.347702622413635) (-0.1943505,1.604764,0.3703375) (308.7622,175.79,238.6684) (-0.1597479,1.269871,0.09204118) (318.8164,330.2573,5.575847)
compute 5.46694040532552(-0.251698136329651,1.69069111347198,0.3487908244133) (-0.2114665,1.653691,0.3477026) (306.4518,176.8485,238.7865) (-0.1747175,1.295191,0.09664201) (319.2413,331.5013,3.499595)
compute 8.15173542163804(-0.325371026992798,1.70324802398682,0.381343990564346) (-0.2516981,1.690691,0.3487908) (302.7599,189.3656,228.6568) (-0.1860993,1.307732,0.1021499) (320.9614,333.6421,1.335636)
compute 16.2750370469484(-0.452744364738464,1.64988565444946,0.467461198568344) (-0.325371,1.703248,0.381344) (305.8696,244.5691,171.8247) (-0.1893274,1.289581,0.1116954) (323.867,338.2557,357.89)
compute 19.4191775676798(-0.542855799198151,1.49253332614899,0.536963880062103) (-0.4527444,1.649886,0.4674612) (335.6205,265.5986,150.0097) (-0.18506,1.261467,0.1212736) (327.5705,348.4793,353.8334)
compute 18.6781616889065(-0.568043529987335,1.30972707271576,0.565857231616974) (-0.5428558,1.492533,0.5369639) (1.000242,268.1732,140.1771) (-0.1670458,1.249413,0.1280829) (334.0847,3.845879,350.3925)
compute 12.7151779427673(-0.539978563785553,1.18716239929199,0.546940743923187) (-0.5680435,1.309727,0.5658572) (7.549952,259.2914,125.9992) (-0.1563562,1.252151,0.1078069) (331.2223,5.60048,352.4163)
compute 8.31129069588578(-0.473922818899155,1.16254866123199,0.502911686897278) (-0.5399786,1.187162,0.5469407) (4.690053,257.282,127.4787) (-0.1531247,1.264158,0.07961644) (323.1682,358.8806,354.552)
compute 7.37433285012994(-0.41412940621376,1.18473172187805,0.465888202190399) (-0.4739228,1.162549,0.5029117) (346.1467,257.9341,136.9371) (-0.1468296,1.25548,0.06618508) (326.4456,355.2043,355.6154)
compute 5.04597003632204(-0.372670292854309,1.21314871311188,0.461438715457916) (-0.4141294,1.184732,0.4658882) (341.0049,256.7486,152.8553) (-0.1427699,1.254524,0.05955736) (328.3723,348.1923,359.7936)
compute 6.88642174047772(-0.328919261693954,1.26404643058777,0.446026057004929) (-0.3726703,1.213149,0.4614387) (332.961,252.8124,160.3334) (-0.1396423,1.260211,0.04759684) (322.2999,340.4341,2.76368)
compute 7.9890253469883(-0.285589814186096,1.32873666286469,0.428132325410843) (-0.3289193,1.264046,0.4460261) (323.7729,244.3477,171.7323) (-0.1411007,1.262816,0.04385852) (319.7243,333.8857,6.438067)
compute 7.49630488089001(-0.261041253805161,1.39903354644775,0.419461965560913) (-0.2855898,1.328737,0.4281323) (316.2901,232.0997,185.4117) (-0.1461379,1.263334,0.05073583) (319.5261,329.8944,8.08116)
compute 6.84890528643423(-0.268803179264069,1.467080950737,0.419230431318283) (-0.2610413,1.399034,0.419462) (313.1832,223.9918,194.0312) (-0.1569798,1.261913,0.06883021) (319.1019,327.5287,8.040797)
compute 7.22472472469434(-0.307300239801407,1.52809524536133,0.423090130090714) (-0.2688032,1.467081,0.4192304) (311.9306,220.6724,199.4815) (-0.1759315,1.261765,0.0847203) (318.8553,326.2898,9.068727)
compute 6.63214265153638(-0.351920634508133,1.57512176036835,0.409088015556335) (-0.3073002,1.528095,0.4230901) (310.9048,222.0693,201.3451) (-0.1940034,1.265564,0.1036416) (320.1277,326.5137,8.973922)
compute 6.2876745830057(-0.391755074262619,1.61995577812195,0.390203803777695) (-0.3519206,1.575122,0.409088) (311.7294,214.1142,213.9596) (-0.2124855,1.288143,0.1127779) (320.5694,325.6901,8.959063)
compute 9.18134194046778(-0.457171738147736,1.67748081684113,0.419207841157913) (-0.3917551,1.619956,0.3902038) (310.8821,210.8169,218.9237) (-0.2280753,1.313388,0.1177407) (320.4671,323.4505,9.167101)
compute 13.8722952261507(-0.558701455593109,1.65700972080231,0.511493861675262) (-0.4571717,1.677481,0.4192078) (309.0161,244.7593,184.2869) (-0.2327024,1.300979,0.1184124) (321.578,323.9251,7.028038)
compute 23.9898784824945(-0.643415629863739,1.45617294311523,0.611691296100616) (-0.5587015,1.65701,0.5114939) (347.6526,275.226,149.9024) (-0.2271317,1.273842,0.106874) (321.721,329.4779,7.652817)
compute 17.6493924576177(-0.627847909927368,1.28125560283661,0.629345655441284) (-0.6434156,1.456173,0.6116913) (4.897759,275.086,135.7339) (-0.2011985,1.256747,0.08487013) (314.5028,342.3827,1.852985)
compute 12.9189315821215(-0.555667638778687,1.17944419384003,0.595964133739471) (-0.6278479,1.281256,0.6293457) (11.75711,270.8202,135.8321) (-0.1809627,1.253961,0.05333851) (310.4542,352.5693,0.4445007)
compute 4.93464677805179(-0.506661772727966,1.17378389835358,0.597172498703003) (-0.5556676,1.179444,0.5959641) (2.619752,268.2427,141.6254) (-0.1616791,1.25588,0.04210293) (308.1946,6.858237,350.2057)
compute 9.1980404358692(-0.430365055799484,1.21697402000427,0.569354891777039) (-0.5066618,1.173784,0.5971725) (354.2809,269.1339,152.4403) (-0.1507756,1.255238,0.0440386) (313.4056,15.44461,349.2733)
compute 9.27866209827208(-0.359143733978271,1.27119040489197,0.544911801815033) (-0.4303651,1.216974,0.5693549) (347.4541,270.1149,159.5966) (-0.1436866,1.252277,0.04493823) (312.2227,11.1902,351.4825)
compute 7.49301465911994(-0.305995523929596,1.32338905334473,0.536843597888947) (-0.3591437,1.27119,0.5449118) (338.078,269.8372,168.4882) (-0.1440595,1.253185,0.05010226) (315.8971,9.112511,352.5465)
compute 7.0232805428105(-0.263205289840698,1.37762236595154,0.524179041385651) (-0.3059955,1.323389,0.5368436) (331.6599,269.2387,179.2111) (-0.1390087,1.250225,0.05698423) (317.1323,8.067266,353.5805)
compute 9.6045207272937(-0.239665195345879,1.46602702140808,0.494935870170593) (-0.2632053,1.377622,0.524179) (324.0259,264.5184,193.3328) (-0.1355381,1.255941,0.06544466) (314.9432,6.03435,353.9964)
compute 11.9693289350764(-0.223974049091339,1.57967162132263,0.460801184177399) (-0.2396652,1.466027,0.4949359) (317.8955,257.7523,209.9345) (-0.1304297,1.26459,0.07373787) (314.0932,0.786022,355.7226)
compute 11.8920633371944(-0.184854179620743,1.68143725395203,0.508293390274048) (-0.223974,1.579672,0.4608012) (303.2724,264.3021,204.551) (-0.1260591,1.287354,0.07891829) (312.1226,358.0056,355.9862)
compute 12.7014803515877(-0.149105682969093,1.65719783306122,0.627739012241364) (-0.1848542,1.681437,0.5082934) (315.7328,309.5746,163.1606) (-0.1270911,1.28501,0.07039678) (311.5392,350.6982,359.2638)
compute 11.9613072426345(-0.138895899057388,1.54697716236115,0.673065066337585) (-0.1491057,1.657198,0.627739) (326.8072,311.3413,144.746) (-0.1272676,1.24619,0.05415495) (312.5341,345.0136,1.370791)
compute 13.7787069335216(-0.145980060100555,1.41160678863525,0.697762310504913) (-0.1388959,1.546977,0.6730651) (340.0112,310.6984,132.5834) (-0.1382146,1.260788,0.02373879) (313.5068,336.5569,9.177659)
compute 7.07310915000343(-0.164771929383278,1.34525942802429,0.682021260261536) (-0.1459801,1.411607,0.6977623) (341.8051,309.42,132.0611) (-0.1360677,1.258161,0.01212869) (310.1044,335.9027,8.041493)
compute 5.68773088477733(-0.200260818004608,1.32540202140808,0.642256319522858) (-0.1647719,1.345259,0.6820213) (334.6132,300.7716,131.9363) (-0.1381573,1.256328,0.008460575) (311.2364,334.0403,8.807984)
compute 4.44903214561894(-0.220169514417648,1.33148777484894,0.602937161922455) (-0.2002608,1.325402,0.6422563) (330.6652,293.6049,140.6552) (-0.1380006,1.257223,0.009184615) (309.5334,333.4418,9.340412)
compute 6.14634772615787(-0.222287371754646,1.38108623027802,0.566698133945465) (-0.2201695,1.331488,0.6029372) (319.684,283.0529,147.66) (-0.1376397,1.260669,0.01306773) (309.1628,333.3299,10.00843)
compute 8.05384373086111(-0.21825635433197,1.44852912425995,0.522861540317535) (-0.2222874,1.381086,0.5666981) (310.8218,266.6775,163.8327) (-0.1423354,1.261915,0.02441771) (310.6282,333.9172,9.732786)
compute 9.06371388913144(-0.208977609872818,1.50893020629883,0.455923467874527) (-0.2182564,1.448529,0.5228615) (305.5543,245.6039,183.3287) (-0.1537706,1.262993,0.03583691) (312.5963,332.0223,11.23839)
compute 7.1853852107289(-0.224101021885872,1.55220091342926,0.400588989257813) (-0.2089776,1.50893,0.4559235) (307.1575,229.8831,199.9059) (-0.1675927,1.262075,0.05147989) (313.2204,328.9636,12.07209)
compute 7.25371847209288(-0.278092354536057,1.59475553035736,0.37744414806366) (-0.224101,1.552201,0.400589) (309.7708,223.4096,206.9988) (-0.1837374,1.259694,0.06743321) (314.4214,325.3479,13.3538)
compute 7.03356449239958(-0.322017550468445,1.64933919906616,0.383633136749268) (-0.2780924,1.594756,0.3774441) (309.4158,222.5042,209.5869) (-0.1968871,1.258832,0.08335505) (314.2661,322.8763,14.24865)
compute 7.64065350460987(-0.366796225309372,1.69939017295837,0.42007115483284) (-0.3220176,1.649339,0.3836331) (302.9167,228.7445,206.9779) (-0.2156271,1.282581,0.1042664) (314.6386,320.7935,14.17941)
compute 6.59019758887755(-0.416792899370193,1.72735738754272,0.452647805213928) (-0.3667962,1.69939,0.4200712) (300.0639,235.3622,198.4008) (-0.2259846,1.311373,0.1215693) (316.5795,319.2711,12.19008)
compute 6.6023807755676(-0.466710805892944,1.72494411468506,0.495793163776398) (-0.4167929,1.727357,0.4526478) (303.2231,247.1447,187.9789) (-0.23641,1.305273,0.1368214) (321.5119,318.738,9.609773)
compute 19.4594242217622(-0.509619057178497,1.59873259067535,0.637555122375488) (-0.4667108,1.724944,0.4957932) (315.1101,287.7787,144.3359) (-0.2456813,1.254742,0.1339515) (327.9299,315.5653,10.59723)
compute 22.2284346101457(-0.537481665611267,1.39764726161957,0.728101789951324) (-0.5096191,1.598733,0.6375551) (342.3484,299.2823,132.7316) (-0.2489548,1.221747,0.1310834) (329.7888,314.6328,9.737003)
compute 14.4356548986179(-0.583347976207733,1.26079618930817,0.730724573135376) (-0.5374817,1.397647,0.7281018) (349.4917,287.6156,124.8916) (-0.2557247,1.243716,0.1236266) (329.1825,309.5653,12.36655)
compute 5.12310920850112(-0.592172920703888,1.23929250240326,0.685070037841797) (-0.583348,1.260796,0.7307246) (343.7291,279.6589,129.7461) (-0.2544888,1.239191,0.135332) (330.3874,311.3352,11.03403)
compute 9.50074147517457(-0.572530210018158,1.27944302558899,0.601233839988709) (-0.5921729,1.239293,0.68507) (326.948,270.1403,129.2533) (-0.2509613,1.243965,0.1391086) (334.0849,311.5735,10.80052)
compute 9.94022529301509(-0.535948753356934,1.33777797222137,0.529542565345764) (-0.5725302,1.279443,0.6012338) (315.0795,260.4095,138.2623) (-0.2354665,1.243208,0.1389219) (335.8131,311.3924,9.324573)
compute 5.96029425690116(-0.510614216327667,1.37801647186279,0.493604630231857) (-0.5359488,1.337778,0.5295426) (308.2534,246.891,150.8856) (-0.2216443,1.240648,0.1310326) (337.6609,309.7982,9.337499)
compute 5.1914844300344(-0.494062811136246,1.4199150800705,0.467803299427032) (-0.5106142,1.378016,0.4936046) (301.579,228.3622,168.3227) (-0.2121521,1.236284,0.1268) (337.6351,308.7431,9.01265)
compute 3.71308071070504(-0.516286611557007,1.44835579395294,0.459089785814285) (-0.4940628,1.419915,0.4678033) (297.5406,215.7037,180.8759) (-0.2090867,1.233573,0.1256256) (338.3805,307.5519,7.829128)
compute 8.13477789123524(-0.597105443477631,1.43915963172913,0.460188955068588) (-0.5162866,1.448356,0.4590898) (296.8561,216.8653,180.2989) (-0.21793,1.233412,0.1263583) (338.224,307.5992,6.76278)
compute 27.5528848688652(-0.768889188766479,1.24319422245026,0.549654304981232) (-0.5971054,1.43916,0.460189) (334.7247,271.9666,125.9854) (-0.2242723,1.232838,0.1317252) (338.9385,311.0385,4.73168)
compute 25.8397677052426(-0.800622463226318,0.986965179443359,0.560096561908722) (-0.7688892,1.243194,0.5496543) (9.184717,272.1426,113.9559) (-0.2287309,1.237034,0.1455691) (337.2017,318.4046,1.112669)
compute 19.1275325171553(-0.744598686695099,0.80984228849411,0.514543652534485) (-0.8006225,0.9869652,0.5600966) (29.32566,261.1124,99.8009) (-0.2273124,1.235651,0.16491) (340.5174,324.8828,359.8188)
compute 6.02365770559763(-0.701281249523163,0.7726069688797,0.49542361497879) (-0.7445987,0.8098423,0.5145437) (24.06703,255.9413,100.12) (-0.22626,1.232987,0.174499) (344.0071,326.812,0.7504095)
compute 11.9416634546553(-0.669075012207031,0.887404561042786,0.502102255821228) (-0.7012812,0.772607,0.4954236) (0.4138482,259.2269,119.2431) (-0.227343,1.233725,0.1809413) (348.0569,326.8096,0.1939403)
compute 17.7830457884776(-0.600879311561584,1.05162918567657,0.50391674041748) (-0.669075,0.8874046,0.5021023) (337.5054,258.654,135.437) (-0.2291213,1.235406,0.1853929) (350.3575,328.0668,0.2202018)
compute 11.8149333040962(-0.541112840175629,1.15350484848022,0.506846487522125) (-0.6008793,1.051629,0.5039167) (324.3826,254.0306,152.3161) (-0.2302409,1.234828,0.1866644) (353.0669,329.7545,359.8289)
compute 7.63422260167183(-0.509673476219177,1.180832862854,0.57082211971283) (-0.5411128,1.153505,0.5068465) (314.4452,263.5143,147.2851) (-0.2299522,1.235171,0.1817521) (353.1921,330.8294,0.1017705)
compute 19.7509064812673(-0.50001335144043,1.0202864408493,0.68545788526535) (-0.5096735,1.180833,0.5708221) (347.1425,295.4381,123.0073) (-0.2246921,1.236599,0.1583587) (347.3142,332.2731,359.5336)
compute 13.8512517763442(-0.469135969877243,0.886678695678711,0.665931582450867) (-0.5000134,1.020286,0.6854579) (0.8681896,293.8739,113.3313) (-0.217632,1.274649,0.1281264) (327.4214,330.0267,3.474775)
compute 6.79462987186941(-0.455753296613693,0.829577744007111,0.631622910499573) (-0.469136,0.8866787,0.6659316) (7.731351,289.6883,109.4543) (-0.1960819,1.275002,0.08759963) (316.6638,332.0048,3.529081)
compute 3.81693715170077(-0.442090153694153,0.865130603313446,0.629130184650421) (-0.4557533,0.8295777,0.6316229) (2.395304,289.5237,112.0156) (-0.1884809,1.266546,0.06604023) (316.2143,331.354,6.226828)
compute 7.18775706937772(-0.424822151660919,0.934902846813202,0.62894195318222) (-0.4420902,0.8651306,0.6291302) (354.7196,288.5346,118.8269) (-0.1820318,1.261301,0.05981236) (316.171,332.5013,6.938244)
compute 9.40288960843586(-0.403055220842361,1.02405142784119,0.608444035053253) (-0.4248222,0.9349028,0.628942) (344.2154,283.721,126.1993) (-0.178941,1.260184,0.0579102) (315.8958,334.0415,6.868621)
compute 8.01681924679484(-0.386855840682983,1.10008537769318,0.588864505290985) (-0.4030552,1.024051,0.608444) (335.6352,278.67,132.2732) (-0.1765842,1.257963,0.07021799) (316.1844,342.7101,2.610213)
compute 8.99741984931731(-0.346133530139923,1.1791934967041,0.575487077236176) (-0.3868558,1.100085,0.5888645) (326.7415,274.1237,143.0686) (-0.1590209,1.257627,0.09378272) (319.9365,6.036276,351.1392)
compute 6.68437051650132(-0.301121056079865,1.22858512401581,0.577044367790222) (-0.3461335,1.179193,0.5754871) (320.4815,273.571,150.2719) (-0.1438033,1.252136,0.1048879) (326.1317,18.42132,347.1026)
compute 4.91101125916642(-0.264626562595367,1.26071381568909,0.570137679576874) (-0.3011211,1.228585,0.5770444) (316.4966,275.5705,152.7977) (-0.1344965,1.247089,0.1113227) (328.1029,18.0453,348.0384)
compute 5.37958636118185(-0.28471714258194,1.30097579956055,0.540653169155121) (-0.2646266,1.260714,0.5701377) (310.3855,270.0417,154.1463) (-0.1598726,1.248021,0.1188358) (324.8148,356.2634,356.3761)
compute 11.5137053367829(-0.373776823282242,1.35208666324615,0.488570600748062) (-0.2847171,1.300976,0.5406532) (309.7646,251.1506,165.5611) (-0.1915459,1.251891,0.108868) (324.0157,334.4186,4.192945)
compute 11.2895966407376(-0.472157955169678,1.39432871341705,0.452761918306351) (-0.3737768,1.352087,0.4885706) (312.6194,240.1968,172.6277) (-0.2109778,1.251062,0.1075008) (324.8984,324.2058,7.768088)
compute 10.8709193270485(-0.574427485466003,1.42848169803619,0.438898086547852) (-0.472158,1.394329,0.4527619) (318.7694,240.4712,175.1174) (-0.2302842,1.251019,0.112105) (324.0311,318.4911,9.065442)
compute 6.59741929121451(-0.632373988628387,1.45670485496521,0.452978223562241) (-0.5744275,1.428482,0.4388981) (320.7302,245.1173,174.3162) (-0.2370724,1.261999,0.11476) (320.4365,318.4549,8.757556)
compute 6.39094620332495(-0.670066833496094,1.46664917469025,0.503621876239777) (-0.632374,1.456705,0.4529782) (321.5822,256.9221,165.2168) (-0.2400022,1.264246,0.1136642) (319.5562,319.1961,7.431834)
compute 9.60475586963909(-0.689517557621002,1.40957987308502,0.578387498855591) (-0.6700668,1.466649,0.5036219) (330.7671,272.3293,151.2525) (-0.2362612,1.263383,0.1122644) (319.1964,320.2918,7.094853)
compute 17.994656485077(-0.681800723075867,1.23882174491882,0.634626984596252) (-0.6895176,1.40958,0.5783875) (2.524467,284.7689,136.075) (-0.2241804,1.262652,0.1033195) (318.185,320.6356,7.257962)
compute 11.8405255748468(-0.667503416538239,1.12133574485779,0.638152897357941) (-0.6818007,1.238822,0.634627) (13.2315,278.3573,123.9426) (-0.2084448,1.259393,0.09764044) (318.2134,323.7592,6.72913)
compute 5.80747177758749(-0.655957639217377,1.06447803974152,0.635589838027954) (-0.6675034,1.121336,0.6381529) (12.7293,272.0261,121.6373) (-0.19689,1.259281,0.09466084) (318.6324,325.9112,6.602316)
compute 2.62547637677451(-0.643026232719421,1.07028579711914,0.61349093914032) (-0.6559576,1.064478,0.6355898) (5.058152,266.1194,125.6929) (-0.1880202,1.257412,0.09266794) (319.5073,326.0052,7.795868)
compute 7.72095619728137(-0.61984258890152,1.13535237312317,0.578992009162903) (-0.6430262,1.070286,0.6134909) (348.5918,260.2587,134.4202) (-0.1820775,1.257656,0.09005643) (319.6665,325.5193,9.2612)
compute 10.3654402502443(-0.582494735717773,1.2213968038559,0.534881591796875) (-0.6198426,1.135352,0.578992) (338.093,254.2833,144.6345) (-0.1818414,1.256296,0.09253372) (319.7269,323.8684,10.24486)
compute 9.11903775479345(-0.566108465194702,1.30959820747375,0.518520414829254) (-0.5824947,1.221397,0.5348816) (329.3777,250.0535,152.2173) (-0.1963846,1.256551,0.09841542) (321.3578,322.0016,11.2895)
compute 6.96183875172346(-0.570404529571533,1.3790031671524,0.515171468257904) (-0.5661085,1.309598,0.5185204) (326.2604,245.938,161.3641) (-0.2100945,1.255714,0.1049086) (320.9421,320.1265,12.02641)
compute 7.46555357934312(-0.585411071777344,1.45212972164154,0.514299690723419) (-0.5704045,1.379003,0.5151715) (323.452,245.3103,167.0742) (-0.2328541,1.253764,0.1146029) (320.392,319.6062,11.7714)
compute 5.79933049011387(-0.607001960277557,1.50475859642029,0.525580585002899) (-0.5854111,1.45213,0.5142997) (318.4429,245.9892,170.1606) (-0.2571419,1.257524,0.1248802) (319.658,318.7204,12.34386)
compute 3.76973666674647(-0.629546344280243,1.52509677410126,0.547923386096954) (-0.607002,1.504759,0.5255806) (317.4233,250.7605,166.0173) (-0.2724702,1.269505,0.1322164) (315.2167,318.7908,11.74894)
compute 5.13421581088813(-0.659550368785858,1.51036083698273,0.58689296245575) (-0.6295463,1.525097,0.5479234) (322.8349,261.8511,155.8251) (-0.2825971,1.271774,0.1301925) (312.5272,317.0311,12.14906)
compute 5.69259236495519(-0.676419138908386,1.46904456615448,0.622233748435974) (-0.6595504,1.510361,0.586893) (325.8248,271.4247,142.078) (-0.2887684,1.271045,0.1298973) (312.3392,316.1339,13.41188)
compute 7.47724092496892(-0.696728765964508,1.40399765968323,0.65301251411438) (-0.6764191,1.469045,0.6222337) (334.4861,274.0478,136.4644) (-0.2902176,1.270449,0.1287216) (311.8742,319.9072,11.85153)
compute 5.53757298248767(-0.700747191905975,1.35099482536316,0.668537437915802) (-0.6967288,1.403998,0.6530125) (341.5506,273.4042,134.0993) (-0.2846503,1.269219,0.13233) (311.0976,327.0764,8.497385)
compute 2.20210843088451(-0.684382379055023,1.33626186847687,0.668290376663208) (-0.7007472,1.350995,0.6685374) (341.2414,270.5397,135.0628) (-0.2785571,1.267646,0.1343606) (310.853,336.6136,4.45496)
compute 4.47029702883728(-0.642124712467194,1.34384429454803,0.655834376811981) (-0.6843824,1.336262,0.6682904) (339.3643,268.7271,138.5487) (-0.2760094,1.268099,0.1319519) (309.8587,343.8376,1.476983)
compute 5.48054084292301(-0.592155635356903,1.36437773704529,0.646609306335449) (-0.6421247,1.343844,0.6558344) (334.8541,268.3072,141.3532) (-0.2695827,1.267516,0.135591) (311.0391,358.8444,353.7185)
compute 4.85527563570763(-0.546987354755402,1.37631905078888,0.633395612239838) (-0.5921556,1.364378,0.6466093) (331.4817,268.1523,143.246) (-0.2685894,1.26804,0.1380031) (312.1547,0.6848686,353.3572)
compute 2.70115959159164(-0.520565211772919,1.38095486164093,0.636558830738068) (-0.5469874,1.376319,0.6333956) (329.2981,267.4805,145.868) (-0.2822294,1.268235,0.1382776) (311.0803,354.6354,356.8737)
compute 1.60414744237289(-0.507386922836304,1.38983523845673,0.634367823600769) (-0.5205652,1.380955,0.6365588) (324.5573,265.9781,146.3903) (-0.2967129,1.268126,0.1400716) (312.658,346.2391,1.809385)
compute 1.12784147043312(-0.506721973419189,1.40031754970551,0.630259096622467) (-0.5073869,1.389835,0.6343678) (321.8081,262.5846,148.7838) (-0.3037516,1.26341,0.1445752) (314.753,341.9401,3.476095)
compute 2.77086434144599(-0.495367020368576,1.41060352325439,0.607171595096588) (-0.506722,1.400318,0.6302591) (318.1392,257.4651,151.4792) (-0.3034003,1.260736,0.1500793) (316.6444,340.9521,4.346334)
compute 4.23402617444902(-0.480154156684875,1.43238258361816,0.574202835559845) (-0.495367,1.410604,0.6071716) (316.9359,254.757,158.4693) (-0.3045952,1.263657,0.1493451) (318.021,335.9925,8.022414)
compute 5.9591568112337(-0.475413233041763,1.48239970207214,0.542156517505646) (-0.4801542,1.432383,0.5742028) (315.0754,251.0824,165.8421) (-0.3087956,1.258623,0.1476416) (320.6191,328.3265,14.05417)
compute 5.31646947447582(-0.484559655189514,1.5228488445282,0.508889496326447) (-0.4754132,1.4824,0.5421565) (312.6356,246.3736,171.7398) (-0.3096395,1.255262,0.1497428) (324.2147,320.2697,17.37655)
compute 4.48869427938258(-0.51643306016922,1.55425643920898,0.505355834960938) (-0.4845597,1.522849,0.5088895) (311.5547,247.8714,174.5069) (-0.3179557,1.257029,0.1504018) (325.471,316.7693,16.28174)
compute 5.61942164075958(-0.554350674152374,1.56454312801361,0.545533299446106) (-0.5164331,1.554256,0.5053558) (309.1727,259.5827,166.0469) (-0.3394459,1.254596,0.1517111) (324.748,314.7374,16.90164)
compute 7.6874638308529(-0.600401043891907,1.5414342880249,0.602586388587952) (-0.5543507,1.564543,0.5455333) (313.8461,270.3077,154.1807) (-0.3644556,1.253149,0.1551386) (325.1376,315.2947,15.17479)
compute 6.4191035152566(-0.639561712741852,1.50268280506134,0.635529577732086) (-0.600401,1.541434,0.6025864) (324.7572,278.5853,149.2014) (-0.3855605,1.26144,0.1604002) (325.1364,315.702,12.73846)
compute 4.61274675515125(-0.663029909133911,1.52631998062134,0.60361921787262) (-0.6395617,1.502683,0.6355296) (314.1639,266.028,152.4266) (-0.4062926,1.266055,0.1682105) (328.1994,315.5146,10.99182)
compute 5.18397044521783(-0.697403907775879,1.55753862857819,0.580571889877319) (-0.6630299,1.52632,0.6036192) (309.588,258.9591,154.1864) (-0.4241969,1.25976,0.1730124) (333.4976,313.9584,10.37345)
compute 8.17826414224226(-0.756383299827576,1.53715097904205,0.633431851863861) (-0.6974039,1.557539,0.5805719) (317.6187,277.5291,135.8374) (-0.4432729,1.251626,0.1691456) (339.396,310.5918,10.61751)
compute 5.44751519663673(-0.78853851556778,1.49323832988739,0.635726094245911) (-0.7563833,1.537151,0.6334319) (318.1755,269.1705,138.449) (-0.4526789,1.241229,0.1614437) (345.0528,310.4204,11.06284)
compute 9.97476304629112(-0.779568493366241,1.42314970493317,0.565322160720825) (-0.7885385,1.493238,0.6357261) (315.0934,251.1841,143.7759) (-0.4543874,1.231395,0.1569296) (350.1484,311.1814,10.74551)
compute 10.954661451337(-0.778670012950897,1.3242347240448,0.518253266811371) (-0.7795685,1.42315,0.5653222) (318.1556,244.9178,143.2443) (-0.4455058,1.229658,0.1557281) (351.5728,311.8129,9.949245)
compute 10.9362625449268(-0.831502914428711,1.22876596450806,0.510865092277527) (-0.77867,1.324235,0.5182533) (326.3411,249.8593,136.7804) (-0.4323126,1.233593,0.156495) (350.5306,313.4156,8.50514)
compute 11.4969727848221(-0.895649552345276,1.13440108299255,0.524954676628113) (-0.8315029,1.228766,0.5108651) (337.2263,254.9611,130.9247) (-0.4216584,1.234838,0.1591916) (350.1858,315.3255,8.521788)
compute 7.3078607543239(-0.91036331653595,1.06617069244385,0.546601891517639) (-0.8956496,1.134401,0.5249547) (345.4449,260.7816,125.6266) (-0.4118831,1.234504,0.164028) (350.8409,318.9528,7.445582)
compute 3.3618865685669(-0.89486175775528,1.03785169124603,0.555980801582336) (-0.9103633,1.066171,0.5466019) (348.1331,262.8944,123.3186) (-0.404316,1.232933,0.169301) (350.3713,323.8968,6.863188)
compute 3.53610867635474(-0.859720230102539,1.03425455093384,0.557574570178986) (-0.8948618,1.037852,0.5559808) (348.7905,263.1415,123.2146) (-0.3886076,1.237426,0.1762174) (345.7293,335.2153,5.195166)
compute 6.40434471497432(-0.801234781742096,1.05342757701874,0.539871156215668) (-0.8597202,1.034255,0.5575746) (344.5135,260.2435,124.8854) (-0.3589886,1.250191,0.1754325) (335.2695,358.4316,0.9518338)
compute 8.92600959940889(-0.72797155380249,1.09034943580627,0.504705250263214) (-0.8012348,1.053428,0.5398712) (340.512,255.3111,130.7755) (-0.3209793,1.254568,0.1526279) (329.7895,17.24841,355.6018)
compute 8.39385516139724(-0.654321551322937,1.12185764312744,0.479633539915085) (-0.7279716,1.090349,0.5047053) (338.4976,254.2547,136.669) (-0.2973844,1.252755,0.1299251) (326.8692,22.74503,352.354)
compute 8.03693951564243(-0.581602513790131,1.14664852619171,0.456041306257248) (-0.6543216,1.121858,0.4796335) (338.6147,254.529,141.9432) (-0.2754517,1.253794,0.1104387) (322.8135,22.18128,351.555)
compute 8.03682218603457(-0.521369457244873,1.19013583660126,0.486698836088181) (-0.5816025,1.146649,0.4560413) (333.3608,257.2635,151.5342) (-0.2539037,1.247683,0.1042464) (325.7548,17.38154,352.5014)
compute 17.3986055208344(-0.37557989358902,1.23650348186493,0.569563746452332) (-0.5213695,1.190136,0.4866988) (313.0353,263.3831,163.8843) (-0.2376537,1.235927,0.1115233) (330.6283,9.233922,356.2278)
compute 19.6901076060572(-0.200137957930565,1.19931244850159,0.650847136974335) (-0.3755799,1.236503,0.5695637) (304.0645,296.6137,148.0933) (-0.2239371,1.234351,0.1199549) (334.6759,359.1025,359.6163)
compute 6.00227573500399(-0.147352710366249,1.17160642147064,0.657834649085999) (-0.200138,1.199312,0.6508471) (307.0165,301.6599,146.5454) (-0.2151966,1.240169,0.1271085) (338.0609,350.7105,1.884906)
compute 1.49717010080913(-0.1446273624897,1.16340601444244,0.64560854434967) (-0.1473527,1.171606,0.6578346) (307.1373,304.9907,141.4519) (-0.2137242,1.241463,0.1283129) (340.7126,342.9838,2.708716)
compute 10.8402744516788(-0.236931085586548,1.16658329963684,0.58885395526886) (-0.1446274,1.163406,0.6456085) (307.5064,288.7458,148.7359) (-0.2219577,1.237705,0.1196689) (342.4496,336.817,3.305272)
compute 13.9553602658579(-0.366506606340408,1.16620349884033,0.537034571170807) (-0.2369311,1.166583,0.588854) (310.8142,265.1448,159.8262) (-0.2265994,1.230634,0.1147569) (343.8525,334.3047,2.541236)
compute 13.1853439595107(-0.48610445857048,1.11806237697601,0.564677238464355) (-0.3665066,1.166203,0.5370346) (324.4629,268.7397,151.63) (-0.2338243,1.230042,0.1104054) (343.0051,333.1507,2.563283)
compute 5.47462867274356(-0.517474055290222,1.07929575443268,0.587266027927399) (-0.4861045,1.118062,0.5646772) (332.623,277.7418,142.8202) (-0.2377721,1.238856,0.1030979) (337.9004,332.197,2.763395)
compute 1.80949276477055(-0.526899814605713,1.09351551532745,0.581234455108643) (-0.5174741,1.079296,0.587266) (332.2988,274.9083,143.8536) (-0.2394477,1.248726,0.09838973) (332.5304,330.8336,4.653116)
compute 7.71593847202758(-0.529363930225372,1.17020654678345,0.573111355304718) (-0.5268998,1.093516,0.5812345) (327.2054,269.2121,150.9303) (-0.2383892,1.247933,0.09750627) (331.0273,332.929,4.814497)
compute 10.4201963957607(-0.518061518669128,1.26976776123047,0.544512927532196) (-0.5293639,1.170207,0.5731114) (323.2092,263.9182,159.669) (-0.2366186,1.249565,0.1020296) (329.9765,335.0034,4.59448)
compute 5.55389164611148(-0.517874419689178,1.32370615005493,0.557748734951019) (-0.5180615,1.269768,0.5445129) (321.4857,267.5124,158.091) (-0.2372417,1.251238,0.1071067) (328.4575,336.6476,4.549295)
compute 3.77533966621828(-0.528482139110565,1.32780790328979,0.593748331069946) (-0.5178744,1.323706,0.5577487) (326.6022,273.6619,155.1961) (-0.2269022,1.25482,0.1117313) (326.2862,341.4244,2.732554)
compute 2.17447210512855(-0.507764101028442,1.33369171619415,0.596744418144226) (-0.5284821,1.327808,0.5937483) (325.9852,272.537,155.7774) (-0.2178645,1.255893,0.1161688) (325.2614,348.1915,0.1676931)
compute 8.16819883955726(-0.43146350979805,1.36197340488434,0.589651226997375) (-0.5077641,1.333692,0.5967444) (317.2421,268.6415,159.9479) (-0.2125629,1.256081,0.1183456) (327.097,351.6042,359.0251)
compute 11.6727029862262(-0.317393720149994,1.38662004470825,0.587237477302551) (-0.4314635,1.361973,0.5896512) (308.0868,267.5237,170.3378) (-0.2103416,1.254718,0.117966) (326.981,354.6861,358.6446)
compute 10.7369824852053(-0.221000447869301,1.38126659393311,0.634226381778717) (-0.3173937,1.38662,0.5872375) (302.7163,287.4286,158.7988) (-0.209685,1.255491,0.1107195) (326.8061,354.3323,359.3923)
compute 5.15707040611981(-0.186897099018097,1.35027611255646,0.657379984855652) (-0.2210004,1.381267,0.6342264) (305.645,300.455,149.0525) (-0.2087772,1.255517,0.1049116) (326.7065,351.6085,0.5697626)
compute 3.10362255152919(-0.202905789017677,1.33374440670013,0.636555194854736) (-0.1868971,1.350276,0.65738) (305.3626,295.2195,151.3357) (-0.2073867,1.253651,0.09856175) (326.7874,347.6177,1.497354)
compute 8.67493615119308(-0.28103169798851,1.33408093452454,0.598850011825562) (-0.2029058,1.333744,0.6365552) (310.6746,283.2212,159.6672) (-0.2087534,1.257998,0.08272474) (321.2037,338.1357,4.304795)
compute 8.69256223974363(-0.35660856962204,1.35247230529785,0.560043334960938) (-0.2810317,1.334081,0.59885) (314.869,272.6334,165.4524) (-0.2100551,1.262007,0.06139727) (314.8048,328.6512,8.782685)
compute 5.74125693082798(-0.411464333534241,1.36242818832397,0.546334624290466) (-0.3566086,1.352472,0.5600433) (318.623,268.1962,166.2454) (-0.209719,1.261305,0.05024102) (311.9774,324.1318,11.31047)
compute 3.24850422344206(-0.442388385534287,1.37201225757599,0.543665051460266) (-0.4114643,1.362428,0.5463346) (317.5899,264.6983,165.4541) (-0.2117161,1.258629,0.04876763) (311.6867,321.724,11.85457)
compute 1.78021084075565(-0.459258228540421,1.37769281864166,0.543431162834167) (-0.4423884,1.372012,0.5436651) (317.3429,261.9512,166.0134) (-0.2165304,1.257187,0.05722263) (312.7689,321.8036,10.89454)
compute 2.5741380036983(-0.470446646213531,1.39587879180908,0.557808518409729) (-0.4592582,1.377693,0.5434312) (316.0712,257.7192,168.2796) (-0.2207898,1.256947,0.06834511) (313.0087,322.7622,9.832591)
compute 1.59439202458298(-0.469593733549118,1.40977239608765,0.550033628940582) (-0.4704466,1.395879,0.5578085) (314.6423,251.5434,173.1577) (-0.2256279,1.259646,0.07967923) (314.2106,322.8949,9.250785)
compute 1.95912665454176(-0.459496408700943,1.40546858310699,0.533805906772614) (-0.4695937,1.409772,0.5500336) (314.5487,241.9743,179.237) (-0.2291839,1.261057,0.0887834) (316.7865,321.9962,9.524301)
compute 6.14362934288714(-0.444364845752716,1.35784876346588,0.49805948138237) (-0.4594964,1.405469,0.5338059) (317.8219,237.7562,179.8536) (-0.2268076,1.261482,0.09787698) (319.312,322.4311,8.789309)
compute 3.77968962213744(-0.443350553512573,1.32084095478058,0.490443795919418) (-0.4443648,1.357849,0.4980595) (322.8633,238.4751,180.089) (-0.219133,1.259064,0.1032755) (321.9737,323.4309,7.933489)
compute 1.24030308533972(-0.442580878734589,1.33239781856537,0.494880199432373) (-0.4433506,1.320841,0.4904438) (322.6463,241.0845,179.9557) (-0.2137408,1.255682,0.1055624) (323.1073,324.9352,7.546865)
compute 5.08943857920276(-0.438253402709961,1.3820880651474,0.504999041557312) (-0.4425809,1.332398,0.4948802) (319.0195,242.1963,181.5517) (-0.2126488,1.255279,0.1063834) (322.6267,324.4568,7.552083)
compute 6.88721792240623(-0.439686983823776,1.44876611232758,0.522185087203979) (-0.4382534,1.382088,0.504999) (316.1154,244.3475,181.8445) (-0.2185526,1.256247,0.1066661) (322.8732,324.0332,8.200893)
compute 5.58715279412662(-0.442603081464767,1.50307905673981,0.53496116399765) (-0.439687,1.448766,0.5221851) (314.8723,247.6911,182.6972) (-0.2321027,1.253019,0.1122011) (323.648,323.5541,8.393681)
compute 3.91441796711105(-0.448648601770401,1.539586186409,0.547726273536682) (-0.4426031,1.503079,0.5349612) (314.5703,255.1927,179.5556) (-0.2553645,1.254527,0.1174896) (324.4866,320.6079,10.17639)
compute 4.46640857440312(-0.456167310476303,1.56671249866486,0.582403540611267) (-0.4486486,1.539586,0.5477263) (310.3915,264.894,171.601) (-0.2828726,1.25909,0.1258505) (327.4515,316.6407,11.66478)
compute 4.23809652928331(-0.481374680995941,1.55395185947418,0.613993108272552) (-0.4561673,1.566712,0.5824035) (310.2257,273.2662,162.6324) (-0.3061621,1.254124,0.1314217) (331.5846,314.1194,11.67959)
compute 6.78207420140296(-0.524969935417175,1.50357854366302,0.601279497146606) (-0.4813747,1.553952,0.6139931) (309.8345,268.2026,159.5568) (-0.3230611,1.248525,0.1345515) (335.7418,313.4055,10.64229)
compute 11.9737861767572(-0.578334331512451,1.41397428512573,0.542453706264496) (-0.5249699,1.503579,0.6012795) (312.8236,253.1985,162.8347) (-0.3318679,1.24371,0.1351563) (338.515,312.5527,10.30654)
compute 11.8673607405696(-0.644149541854858,1.3171991109848,0.52279794216156) (-0.5783343,1.413974,0.5424537) (317.0551,245.2815,160.7621) (-0.3355298,1.240433,0.1344262) (340.2688,311.4742,9.753537)
compute 11.9410239248768(-0.717913627624512,1.22798681259155,0.552103757858276) (-0.6441495,1.317199,0.5227979) (324.2875,253.5042,150.2618) (-0.3354183,1.239951,0.1328) (340.8238,311.0588,9.235981)
compute 9.56167624870226(-0.759864211082459,1.15785908699036,0.601750671863556) (-0.7179136,1.227987,0.5521038) (332.6069,267.5085,141.3382) (-0.3389354,1.238995,0.1300713) (341.2479,310.3189,7.946369)
compute 2.87039618327737(-0.761897325515747,1.15660631656647,0.573146224021912) (-0.7598642,1.157859,0.6017507) (329.4868,263.2584,140.9547) (-0.3491287,1.240482,0.1312689) (341.8748,307.8207,9.001491)
compute 5.63059294370701(-0.773100972175598,1.18592119216919,0.526397168636322) (-0.7618973,1.156606,0.5731462) (326.1967,256.0847,144.834) (-0.3529392,1.244105,0.1384417) (342.2905,307.933,8.081514)
compute 3.92855217349106(-0.805392980575562,1.19671833515167,0.506801247596741) (-0.773101,1.185921,0.5263972) (325.9789,253.4907,145.4929) (-0.3535851,1.246964,0.1417655) (341.905,308.1892,7.359866)
compute 6.01465765823099(-0.850769340991974,1.16078746318817,0.52315878868103) (-0.805393,1.196718,0.5068012) (331.7805,261.7068,136.9016) (-0.3493478,1.246019,0.1422894) (339.4117,308.6487,6.24566)
compute 4.96042197400657(-0.853525996208191,1.11154437065125,0.51785808801651) (-0.8507693,1.160787,0.5231588) (340.337,262.4531,135.6708) (-0.3415971,1.250315,0.1402263) (335.2802,310.3328,5.975916)
compute 4.25592349088468(-0.82600212097168,1.13825035095215,0.499405026435852) (-0.853526,1.111544,0.5178581) (335.4033,258.5561,136.7025) (-0.3394102,1.252313,0.1394264) (334.954,310.8482,5.670218)
compute 8.6138388949326(-0.790307104587555,1.21634006500244,0.492499619722366) (-0.8260021,1.13825,0.499405) (326.4639,252.6946,144.3332) (-0.3392516,1.251932,0.1433818) (333.9703,313.0023,6.087407)
compute 7.45184570499427(-0.769306421279907,1.28582763671875,0.509335577487946) (-0.7903071,1.21634,0.4924996) (321.7509,250.3428,152.7201) (-0.3354958,1.25576,0.1448179) (331.4822,314.1117,5.746432)
compute 5.6320115177452(-0.768946051597595,1.33497989177704,0.536828875541687) (-0.7693064,1.285828,0.5093356) (320.1293,250.3124,158.4637) (-0.3337277,1.260595,0.1442472) (328.6444,313.3608,5.97438)
compute 4.56984141886209(-0.79202276468277,1.351518034935,0.572638094425201) (-0.7689461,1.33498,0.5368289) (323.4531,256.439,154.362) (-0.3269795,1.266266,0.1411188) (323.8165,314.4068,5.946357)
compute 1.53353261778266(-0.797210276126862,1.35020661354065,0.58700966835022) (-0.7920228,1.351518,0.5726381) (324.5581,263.9226,149.1236) (-0.3193503,1.265833,0.1341206) (320.9953,315.9086,4.489775)
compute 1.09055791818526(-0.794531524181366,1.34120440483093,0.58146744966507) (-0.7972103,1.350207,0.5870097) (324.2601,265.8719,146.6892) (-0.3144375,1.257978,0.1258664) (320.5872,316.9313,4.349804)
compute 1.29850421485677(-0.792675912380219,1.33206808567047,0.57242888212204) (-0.7945315,1.341204,0.5814674) (325.3217,266.0779,146.8466) (-0.3137505,1.256557,0.1190719) (319.6456,317.3067,4.998547)
compute 0.604952196611749(-0.792590260505676,1.32628095149994,0.570668637752533) (-0.7926759,1.332068,0.5724289) (326.5468,266.0333,146.9128) (-0.3109578,1.256064,0.1175099) (319.2352,318.3631,4.522054)
compute 1.4024396937794(-0.779571235179901,1.3283234834671,0.565871059894562) (-0.7925903,1.326281,0.5706686) (325.138,263.2626,147.5059) (-0.3115449,1.255884,0.1214189) (319.9753,319.8796,3.404958)
compute 5.71362755214942(-0.729880452156067,1.35547733306885,0.558252096176147) (-0.7795712,1.328323,0.5658711) (318.1839,255.767,153.5532) (-0.3117,1.254899,0.1314646) (321.2459,324.3967,0.9213272)
compute 9.79726039550309(-0.653286457061768,1.41052091121674,0.584751069545746) (-0.7298805,1.355477,0.5582521) (309.2713,250.5287,166.0334) (-0.3045303,1.257199,0.142402) (321.5272,330.8619,358.2799)
compute 9.38863196201398(-0.598341464996338,1.46802794933319,0.634637236595154) (-0.6532865,1.410521,0.5847511) (306.6379,257.791,169.5447) (-0.301382,1.261914,0.1504334) (321.0082,334.4764,357.3372)
compute 3.01729923315459(-0.582073330879211,1.47574317455292,0.658849477767944) (-0.5983415,1.468028,0.6346372) (314.528,269.3351,163.1393) (-0.3028286,1.263401,0.1535798) (321.5239,333.1184,358.7683)
compute 0.920811608460725(-0.580398738384247,1.46690046787262,0.660796701908112) (-0.5820733,1.475743,0.6588495) (314.8923,268.7216,160.9473) (-0.3050637,1.262137,0.1523008) (322.3217,329.8788,0.5692984)
compute 1.79005510956254(-0.591978669166565,1.45526242256165,0.653662919998169) (-0.5803987,1.4669,0.6607967) (317.1164,268.7774,161.7767) (-0.3114974,1.262209,0.1449507) (322.3212,324.9528,2.757298)
compute 4.73372833267712(-0.61926007270813,1.45953130722046,0.615213990211487) (-0.5919787,1.455262,0.6536629) (317.3928,263.4761,164.4424) (-0.3162028,1.263076,0.1401855) (322.4869,322.3984,3.475165)
compute 7.13789180047383(-0.670077562332153,1.47738885879517,0.568377673625946) (-0.6192601,1.459531,0.615214) (318.8893,258.8447,166.6179) (-0.3221578,1.264551,0.1333851) (322.9874,320.2565,4.134544)
compute 6.69065788777462(-0.728784620761871,1.48410582542419,0.5369952917099) (-0.6700776,1.477389,0.5683777) (321.7047,260.0945,164.0194) (-0.3272599,1.263037,0.1256869) (323.4849,318.0714,4.217294)
compute 3.71809611607635(-0.760014057159424,1.4742990732193,0.519360840320587) (-0.7287846,1.484106,0.5369953) (324.9242,261.0325,162.6539) (-0.3305902,1.252911,0.1183879) (324.6522,317.1608,4.49699)
compute 1.97022688891112(-0.756452977657318,1.45547962188721,0.514742791652679) (-0.7600141,1.474299,0.5193608) (323.9583,261.4574,159.8326) (-0.3302673,1.2516,0.1109632) (325.2305,318.4349,5.34063)
compute 3.76973110806304(-0.719147384166718,1.45017862319946,0.515873908996582) (-0.756453,1.45548,0.5147428) (323.7634,261.3206,159.8386) (-0.3150171,1.256537,0.1107919) (322.0978,327.8535,2.077725)
compute 6.21052013093567(-0.657221019268036,1.45149123668671,0.520397007465363) (-0.7191474,1.450179,0.5158739) (318.5581,256.6062,160.8353) (-0.2963616,1.259079,0.1130375) (320.5818,342.6541,358.7855)
compute 6.87106802305753(-0.591038703918457,1.45294237136841,0.538807690143585) (-0.657221,1.451491,0.520397) (315.3142,253.8267,163.1447) (-0.2719897,1.260509,0.1109264) (319.22,355.7804,354.4669)
compute 8.29567487379608(-0.508494198322296,1.4472736120224,0.544815361499786) (-0.5910387,1.452942,0.5388077) (310.3241,251.6794,164.1549) (-0.2525571,1.259024,0.1020854) (317.7265,3.096673,351.7)
compute 8.02603851033914(-0.434581726789474,1.41739594936371,0.535541653633118) (-0.5084942,1.447274,0.5448154) (309.1764,250.6457,165.2871) (-0.2353558,1.260555,0.09420688) (316.3962,8.044565,349.9561)
compute 7.43905064133892(-0.374662816524506,1.37603497505188,0.520279228687286) (-0.4345817,1.417396,0.5355417) (308.5713,251.5956,164.1528) (-0.2183005,1.261584,0.08532444) (314.6459,11.87113,348.0916)
compute 6.23359884487595(-0.335743725299835,1.32894217967987,0.507895827293396) (-0.3746628,1.376035,0.5202792) (308.9699,254.5927,159.7329) (-0.203238,1.26052,0.07383507) (312.136,16.70915,346.1591)
compute 5.22131028050406(-0.31630003452301,1.28048539161682,0.507594406604767) (-0.3357437,1.328942,0.5078958) (309.2764,257.9883,153.3009) (-0.1868882,1.25992,0.07105438) (314.8323,20.99768,344.9474)
compute 5.07795138015145(-0.291623741388321,1.23611116409302,0.506841003894806) (-0.3163,1.280485,0.5075944) (308.5156,261.4525,147.7946) (-0.1669496,1.253608,0.08602057) (320.9551,26.52713,344.6782)
compute 5.03030847266853(-0.262451499700546,1.19529211521149,0.510472238063812) (-0.2916237,1.236111,0.506841) (306.7966,265.2969,142.3761) (-0.1414175,1.246678,0.09946166) (328.012,31.91354,344.1367)
compute 5.47233502707597(-0.223787844181061,1.15861558914185,0.498038440942764) (-0.2624515,1.195292,0.5104722) (306.9324,270.4184,138.0486) (-0.1127482,1.240879,0.106089) (334.0279,36.46905,344.3353)
compute 5.49628838874538(-0.182643234729767,1.12849831581116,0.477520406246185) (-0.2237878,1.158616,0.4980384) (306.9777,276.4854,133.2637) (-0.09057231,1.234008,0.1067336) (338.7025,38.90195,345.2617)
compute 4.51484742487465(-0.152168586850166,1.09956002235413,0.461020231246948) (-0.1826432,1.128498,0.4775204) (307.7307,280.9165,130.8744) (-0.07212881,1.231162,0.1057033) (340.8651,40.79661,346.104)
compute 4.08266482006503(-0.123054601252079,1.08066129684448,0.439525365829468) (-0.1521686,1.09956,0.4610202) (308.3435,285.2175,128.4479) (-0.0597837,1.229225,0.1020044) (342.6367,42.36386,347.0641)
compute 2.59333194309843(-0.106337524950504,1.06170117855072,0.433729648590088) (-0.1230546,1.080661,0.4395254) (308.9162,288.5566,125.788) (-0.05281467,1.226895,0.09938662) (343.7534,43.93223,347.9339)
compute 1.39075306719111(-0.0984713807702065,1.05024647712708,0.434306710958481) (-0.1063375,1.061701,0.4337296) (309.0809,290.9417,123.7214) (-0.04803624,1.226571,0.09700064) (343.599,42.90474,348.4164)
compute 0.552492290782155(-0.0982978120446205,1.04517948627472,0.43650221824646) (-0.09847138,1.050246,0.4343067) (309.1953,291.825,122.5245) (-0.04751524,1.226247,0.102305) (342.8053,36.94122,349.6813)
compute 0.463020747839932(-0.102731585502625,1.04460537433624,0.435297697782516) (-0.09829781,1.045179,0.4365022) (308.9787,289.153,122.6703) (-0.05951793,1.231701,0.1183565) (341.5492,21.09742,352.0556)
compute 2.60825206586282(-0.127298414707184,1.03681910037994,0.431279897689819) (-0.1027316,1.044605,0.4352977) (308.2373,283.587,122.0228) (-0.08633223,1.234972,0.1331672) (341.2925,357.1877,355.7484)
compute 3.23440147777743(-0.158459022641182,1.03075861930847,0.425081312656403) (-0.1272984,1.036819,0.4312799) (308.1342,276.4393,122.1423) (-0.09799093,1.239085,0.1283863) (340.4117,337.8185,359.3719)
compute 2.50019701817817(-0.179649457335472,1.03095090389252,0.411813795566559) (-0.158459,1.030759,0.4250813) (308.3106,270.0283,122.0053) (-0.1082126,1.242567,0.1219552) (340.2693,323.522,2.755823)
compute 2.6529192640335(-0.202238246798515,1.03148984909058,0.397912204265594) (-0.1796495,1.030951,0.4118138) (308.378,263.7128,121.7446) (-0.1174236,1.24343,0.1128906) (341.3712,309.9418,4.919105)
compute 2.95587779395925(-0.230425208806992,1.02616953849792,0.3907770216465) (-0.2022382,1.03149,0.3979122) (308.7168,257.3248,121.9188) (-0.1213015,1.238352,0.1115557) (344.5096,302.1452,5.717044)
compute 2.24102237408708(-0.248335942625999,1.01273155212402,0.389858186244965) (-0.2304252,1.02617,0.390777) (308.9027,253.2714,122.3747) (-0.1264342,1.234683,0.1140223) (346.796,297.9086,5.903355)
compute 2.3248747797427(-0.269871681928635,1.00406062602997,0.388620734214783) (-0.2483359,1.012732,0.3898582) (309.1372,249.712,120.9764) (-0.1304322,1.23249,0.1108193) (348.0733,292.1138,6.051271)
compute 1.53016168945427(-0.281883984804153,1.00323855876923,0.379177838563919) (-0.2698717,1.004061,0.3886207) (309.2856,247.9975,120.4042) (-0.1335394,1.23179,0.1044855) (348.1455,288.6259,6.024633)
compute 0.936890216932379(-0.288719356060028,0.9988973736763,0.37446528673172) (-0.281884,1.003239,0.3791778) (308.8828,248.7787,118.4123) (-0.1378458,1.23331,0.09107447) (349.1925,286.3496,6.037591)
compute 0.79627767861576(-0.287705034017563,0.993103086948395,0.369098424911499) (-0.2887194,0.9988974,0.3744653) (308.8148,249.3639,117.9783) (-0.1417542,1.230973,0.08112767) (350.0273,288.6056,5.073257)
compute 1.82704372253279(-0.27351114153862,0.981657445430756,0.36794102191925) (-0.287705,0.9931031,0.3690984) (308.0685,254.3914,115.6039) (-0.1426814,1.226375,0.07473168) (351.6071,297.4211,2.757765)
compute 3.5696212119987(-0.242861732840538,0.963657259941101,0.364650636911392) (-0.2735111,0.9816574,0.367941) (308.0468,264.3719,108.9256) (-0.1352895,1.221138,0.07170676) (353.7976,310.6815,359.822)
compute 4.53884260839595(-0.201860874891281,0.948900938034058,0.351950645446777) (-0.2428617,0.9636573,0.3646506) (308.2112,276.2911,101.6525) (-0.1222338,1.218923,0.0679336) (356.1724,324.8658,357.6358)
compute 4.86044905091599(-0.159825205802917,0.93131810426712,0.335031926631927) (-0.2018609,0.9489009,0.3519506) (309.2536,289.1008,93.82784) (-0.1026126,1.219564,0.06035233) (357.409,335.5296,357.069)
compute 4.71313483371488(-0.119715973734856,0.919744729995728,0.313153386116028) (-0.1598252,0.9313181,0.3350319) (310.9746,300.1267,86.52807) (-0.08583406,1.21965,0.05030581) (359.0627,341.91,356.442)
compute 3.66815459948397(-0.0867517292499542,0.913480639457703,0.29833260178566) (-0.119716,0.9197447,0.3131534) (312.0567,307.9045,80.90907) (-0.07572745,1.220789,0.03521165) (0.3442059,342.8,356.5284)
compute 2.18342265044458(-0.0675513669848442,0.910008609294891,0.288533389568329) (-0.08675173,0.9134806,0.2983326) (312.1252,310.2645,79.51803) (-0.06983484,1.21504,0.02257472) (2.688565,338.0896,357.5577)
compute 1.80436242538891(-0.0545702092349529,0.899292767047882,0.28203472495079) (-0.06755137,0.9100086,0.2885334) (312.0866,310.0789,79.29202) (-0.06073783,1.213605,0.01108659) (2.896389,331.5356,357.9111)
Average= 6.52867947401514
Max= 27.5528848688652
Standard Deviation= 7.45645522206693
Right: 21    Miss: 19
0
