red 392.8208 394.6534 16.33234 (-0.1899334,0.15,0.9192018) (-0.1899334,0.15,0.9192018)
1
red 394.826 394.8311 16.33234 (-0.1992533,0.15,0.9167185) (-0.1992533,0.15,0.9167185)
2
red 395.3272 396.2645 16.33234 (-0.1174292,0.15,0.9351296) (-0.1174292,0.15,0.9351296)
3
red 396.3244 396.3311 16.33234 (-0.08494268,0.15,0.9403672) (-0.08494268,0.15,0.9403672)
4
red 396.8242 397.6311 16.33234 (-0.4562523,0.15,0.803871) (-0.4562523,0.15,0.803871)
5
red 397.8227 399.0867 16.33234 (0.1868224,0.15,0.9400955) (0.1868224,0.15,0.9400955)
6
red 399.3201 402.8644 16.33234 (0.7439668,0.15,0.6487758) (0.7439668,0.15,0.6487758)
7
red 403.3303 404.12 16.33234 (0.2231023,0.15,0.9340962) (0.2231023,0.15,0.9340962)
8
red 404.3214 404.3311 16.33234 (0.1238601,0.15,0.9471244) (0.1238601,0.15,0.9471244)
9
red 404.8207 414.7867 16.33234 (0.9604062,0.15,0.2714048) (0.9604062,0.15,0.2714048)
10
red 414.8231 416.5645 16.33234 (-0.1420445,0.15,0.9303864) (-0.1420445,0.15,0.9303864)
11
red 416.8247 418.4644 16.33234 (0.7126798,0.15,0.6807022) (0.7126798,0.15,0.6807022)
12
red 418.821 421.6311 16.33234 (0.9089941,0.15,0.4057451) (0.9089941,0.15,0.4057451)
13
