compute 104.541578519723(0.152104005217552,0.949573338031769,0.409962236881256) (0,0,0) (327.5923,2.631258,354.9831) (-0.03260259,1.251217,0.03762709) (345.9902,6.465638,0.4790128)
compute 0.0596850368671377(0.152636811137199,0.949506819248199,0.409701615571976) (0.152104,0.9495733,0.4099622) (327.7227,2.660816,354.8433) (-0.03169278,1.251732,0.03726885) (347.0785,6.046219,0.8860893)
compute 0.285015437651357(0.155111566185951,0.949396789073944,0.408292055130005) (0.1526368,0.9495068,0.4097016) (327.9281,3.211897,354.4369) (-0.03134476,1.248051,0.03808734) (348.0007,5.304308,1.689469)
compute 0.695462170716683(0.161346897482872,0.949245870113373,0.405215591192245) (0.1551116,0.9493968,0.4082921) (328.1674,4.563584,353.3663) (-0.03252301,1.249177,0.03763223) (347.6667,7.299162,0.3486241)
compute 0.184582725005073(0.162113413214684,0.94943767786026,0.403547435998917) (0.1613469,0.9492459,0.4052156) (328.4754,5.040381,353.0268) (-0.02922056,1.251948,0.03245378) (346.7641,9.222193,359.0875)
compute 0.424349144796606(0.161050200462341,0.952034294605255,0.400363981723785) (0.1621134,0.9494377,0.4035474) (328.0712,5.404351,352.7843) (-0.02110754,1.252346,0.0297498) (344.9846,11.61129,357.8077)
compute 0.756603312193414(0.168199837207794,0.953514397144318,0.402348130941391) (0.1610502,0.9520343,0.400364) (326.6737,6.140086,352.4316) (-0.01662257,1.253815,0.02813245) (343.551,13.88137,357.183)
compute 0.432376661188746(0.17231822013855,0.952982544898987,0.403552711009979) (0.1681998,0.9535144,0.4023481) (326.0845,6.8536,351.9547) (-0.01290577,1.255487,0.02531488) (342.2649,16.80209,356.8998)
compute 0.474400658934638(0.173371121287346,0.95674067735672,0.400855779647827) (0.1723182,0.9529825,0.4035527) (325.4072,8.078819,351.1472) (0.006373987,1.260562,0.01678409) (338.2647,28.54604,355.9738)
compute 1.19994543241996(0.183512657880783,0.960541248321533,0.395689368247986) (0.1733711,0.9567407,0.4008558) (324.7275,10.47152,350.2305) (0.02268583,1.260428,0.003602439) (338.739,39.42229,354.9294)
compute 1.41783812760358(0.196094617247581,0.963683843612671,0.389958322048187) (0.1835127,0.9605412,0.3956894) (324.3121,12.96064,349.674) (0.02679065,1.253262,0.00224086) (340.5621,40.94492,353.9189)
compute 1.2443856869104(0.204317525029182,0.967031955718994,0.381239175796509) (0.1960946,0.9636838,0.3899583) (323.8022,15.25425,348.7227) (0.02528763,1.250612,0.002468483) (339.3797,41.93615,353.8475)
compute 0.652436129144034(0.207261174917221,0.969006299972534,0.375761568546295) (0.2043175,0.967032,0.3812392) (323.6301,17.33088,347.7292) (0.01532884,1.252229,0.0007388452) (338.4044,40.92299,353.8843)
compute 0.27462045510949(0.20616652071476,0.971242845058441,0.374603450298309) (0.2072612,0.9690063,0.3757616) (323.4125,17.82624,347.7201) (0.005210143,1.256628,0.001939655) (335.3451,37.57653,353.8966)
compute 0.426540616168373(0.202334761619568,0.972566485404968,0.375929832458496) (0.2061665,0.9712428,0.3746035) (322.8929,17.60113,347.5985) (-0.01483173,1.266703,-0.0001916578) (328.671,26.11365,354.2125)
compute 1.0202538370769(0.201378002762794,0.972808539867401,0.386084526777267) (0.2023348,0.9725665,0.3759298) (322.3003,15.93129,348.3973) (-0.03457704,1.268638,-0.00129824) (326.5022,14.02459,357.0904)
compute 0.734533295402838(0.201305463910103,0.973667085170746,0.393379151821136) (0.201378,0.9728085,0.3860845) (321.3774,14.84333,348.5043) (-0.04558805,1.271071,-0.0007960862) (325.0605,5.899198,359.243)
compute 1.29946875134743(0.194252088665962,0.983167946338654,0.398749947547913) (0.2013055,0.9736671,0.3933792) (320.4407,12.90434,348.8843) (-0.05478375,1.272688,-0.00101076) (323.2027,357.5937,2.714272)
compute 1.50426716200001(0.182609066367149,0.991185903549194,0.403891384601593) (0.1942521,0.9831679,0.3987499) (320.3354,10.01995,349.6024) (-0.05625683,1.274865,-0.004720985) (321.5392,356.7961,2.186929)
compute 1.11058015639801(0.175579771399498,0.996951341629028,0.410270065069199) (0.1826091,0.9911859,0.4038914) (319.8842,7.908586,350.937) (-0.05515113,1.277809,-0.008545368) (319.7417,356.2585,2.283965)
compute 0.847917394370443(0.171260967850685,1.00247001647949,0.41504380106926) (0.1755798,0.9969513,0.4102701) (318.8874,6.50138,351.4631) (-0.05455065,1.28066,-0.01496627) (318.0331,354.5197,2.229269)
compute 0.723318698959439(0.167791977524757,1.00552809238434,0.420605570077896) (0.171261,1.00247,0.4150438) (318.4225,6.383557,350.8994) (-0.05458031,1.279739,-0.01249408) (319.6332,354.6959,2.469381)
compute 1.08064793812879(0.157480672001839,1.00830209255219,0.422267466783524) (0.167792,1.005528,0.4206056) (317.8277,5.603224,350.9034) (-0.05456747,1.278208,-0.009208723) (320.3823,354.7979,2.202852)
compute 1.21567726833758(0.145460531115532,1.00869357585907,0.424042314291) (0.1574807,1.008302,0.4222675) (317.7038,4.00519,351.5658) (-0.05595282,1.27787,-0.007776975) (320.4213,354.4752,2.17281)
compute 0.829555180123948(0.137970730662346,1.00744926929474,0.427384585142136) (0.1454605,1.008694,0.4240423) (318.1623,2.932195,352.1175) (-0.05717017,1.277369,-0.003829359) (320.8523,354.6503,2.43924)
compute 0.502125885361155(0.134529441595078,1.00408828258514,0.428824841976166) (0.1379707,1.007449,0.4273846) (318.5077,2.243125,352.5864) (-0.05854475,1.277828,-0.00131107) (319.6596,354.5628,2.47344)
compute 0.389600709838799(0.133749291300774,1.00343024730682,0.432584792375565) (0.1345294,1.004088,0.4288248) (318.7314,2.125314,352.7886) (-0.05861849,1.279475,-0.003974433) (319.9231,354.9322,2.360676)
compute 0.318271406720851(0.131153434514999,1.0051246881485,0.433305948972702) (0.1337493,1.00343,0.4325848) (318.467,1.973842,352.867) (-0.05697152,1.277335,-0.006218805) (318.0338,353.9351,2.684123)
compute 0.639976199105817(0.126632064580917,1.00958275794983,0.434105813503265) (0.1311534,1.005125,0.4333059) (317.6101,1.099634,353.3286) (-0.05637598,1.277908,-0.01128575) (316.5151,353.1272,2.96829)
compute 0.977471182505034(0.118742749094963,1.0153261423111,0.43466904759407) (0.1266321,1.009583,0.4341058) (316.3571,359.3364,354.0787) (-0.05661609,1.280768,-0.01829775) (313.695,351.0742,3.505774)
compute 1.47771163182078(0.107361756265163,1.02458238601685,0.436446160078049) (0.1187427,1.015326,0.434669) (315.1609,356.8133,355.3612) (-0.0574384,1.281644,-0.02179821) (313.2501,350.9586,3.435748)
compute 1.34872038758226(0.0966509133577347,1.03212261199951,0.439659804105759) (0.1073618,1.024582,0.4364462) (314.2554,355.3911,355.3997) (-0.05746279,1.280902,-0.01786904) (314.4849,351.8911,3.096956)
compute 1.042090623189(0.0866437703371048,1.03494477272034,0.440358221530914) (0.09665091,1.032123,0.4396598) (313.8131,354.146,355.9287) (-0.05213888,1.281388,-0.0154188) (312.1638,353.8131,1.556196)
compute 0.768299384674501(0.0806038975715637,1.03475558757782,0.445102959871292) (0.08664377,1.034945,0.4403582) (313.9,352.9442,357.4162) (-0.04769212,1.283881,-0.01620176) (310.6516,355.224,0.9507861)
compute 0.656119713824423(0.0755721181631088,1.03617310523987,0.449067950248718) (0.0806039,1.034756,0.445103) (314.0459,352.9016,357.3726) (-0.05155019,1.283904,-0.01749063) (310.3286,353.6988,2.358407)
compute 0.67181044532487(0.0714008510112762,1.04086554050446,0.45145845413208) (0.07557212,1.036173,0.449068) (312.8221,350.756,358.9813) (-0.05388189,1.28342,-0.02082312) (309.7064,354.7199,2.20784)
compute 1.13631192350256(0.0670337975025177,1.05131721496582,0.450557440519333) (0.07140085,1.040866,0.4514585) (311.6252,349.0671,0.6820045) (-0.05515026,1.283016,-0.02054212) (309.5481,356.7665,1.829033)
compute 0.471628130528009(0.0649977177381516,1.05525028705597,0.448936134576797) (0.0670338,1.051317,0.4505574) (310.7477,347.797,2.209618) (-0.05808928,1.282915,-0.01975029) (308.6557,354.4256,3.254445)
compute 0.609863852173936(0.0597602091729641,1.057173371315,0.446473687887192) (0.06499772,1.05525,0.4489361) (311.4906,345.2403,4.869242) (-0.06724165,1.282972,-0.01913447) (309.0218,348.9189,6.620111)
compute 1.08641568580199(0.0502560436725616,1.06051123142242,0.442404359579086) (0.05976021,1.057173,0.4464737) (311.1011,341.7322,7.754123) (-0.07517684,1.283475,-0.01947162) (309.8491,341.6027,10.47454)
compute 2.31088664387766(0.0290168672800064,1.06941521167755,0.44049745798111) (0.05025604,1.060511,0.4424044) (311.1768,335.9366,11.3046) (-0.08326777,1.282369,-0.02022368) (311.4402,335.0561,13.81724)
compute 4.16457299322638(-0.00295060034841299,1.09265339374542,0.427366018295288) (0.02901687,1.069415,0.4404975) (310.0676,325.9622,19.20755) (-0.08440477,1.282827,-0.01946974) (312.4415,332.7341,15.33852)
compute 6.61839864943948(-0.0452910251915455,1.1370222568512,0.402486056089401) (-0.0029506,1.092653,0.427366) (309.1678,312.1594,29.12397) (-0.07493758,1.281493,-0.01589197) (314.2929,332.3249,15.13376)
compute 7.34585353174666(-0.0847297459840775,1.19639158248901,0.384708911180496) (-0.04529103,1.137022,0.4024861) (307.2573,298.9663,38.53155) (-0.06271103,1.282438,-0.01358644) (316.1809,326.6001,18.30433)
compute 6.46344716231094(-0.125291481614113,1.24310219287872,0.365987807512283) (-0.08472975,1.196392,0.3847089) (309.6902,285.5663,52.75871) (-0.05040788,1.2736,-0.008594441) (318.5986,324.734,16.88723)
compute 4.72614351350799(-0.160792350769043,1.27002358436584,0.350221693515778) (-0.1252915,1.243102,0.3659878) (311.6807,281.262,58.33219) (-0.05980442,1.27407,-0.0116592) (319.2325,324.1849,17.20813)
compute 4.02706351829749(-0.199840739369392,1.27984881401062,0.34957954287529) (-0.1607924,1.270024,0.3502217) (313.7084,280.6832,59.22161) (-0.08796246,1.264989,-0.0125379) (320.0564,322.3959,17.60328)
compute 4.99142434800301(-0.249691352248192,1.27748680114746,0.350456446409225) (-0.1998407,1.279849,0.3495795) (317.1163,277.7382,63.11891) (-0.1118296,1.263996,-0.004458259) (322.8097,323.1336,18.17335)
compute 4.67470173304111(-0.296108812093735,1.28296065330505,0.349596172571182) (-0.2496914,1.277487,0.3504564) (320.4205,273.7997,75.41396) (-0.1267399,1.265673,0.005513337) (324.7094,322.0553,18.40113)
compute 6.46189764145294(-0.355635732412338,1.30799949169159,0.34731262922287) (-0.2961088,1.282961,0.3495962) (324.6338,265.8664,86.51496) (-0.1431944,1.265186,0.01749197) (326.3011,320.4918,18.46682)
compute 6.72877190460028(-0.417494803667068,1.33446848392487,0.346616178750992) (-0.3556357,1.307999,0.3473126) (329.0952,259.9652,91.55276) (-0.1666969,1.267062,0.03024444) (328.6466,319.3298,18.9337)
compute 5.96357098876135(-0.474977493286133,1.35009860992432,0.343813061714172) (-0.4174948,1.334468,0.3466162) (339.0424,255.7893,108.2944) (-0.1922982,1.262794,0.03501661) (329.5938,320.8086,18.86551)
compute 5.23904087347023(-0.524107933044434,1.36769831180573,0.348417997360229) (-0.4749775,1.350099,0.3438131) (341.5714,255.6653,111.7908) (-0.2194595,1.255185,0.03203939) (330.2323,321.9144,19.19089)
compute 5.03974118830138(-0.552261471748352,1.39350950717926,0.381297469139099) (-0.5241079,1.367698,0.348418) (338.3715,258.1046,104.9809) (-0.2502967,1.25448,0.02171344) (331.2693,319.6814,20.44007)
compute 3.05782920771646(-0.576054453849792,1.39550137519836,0.40040135383606) (-0.5522615,1.39351,0.3812975) (340.8712,256.7397,102.7372) (-0.2738317,1.253246,0.02090132) (331.7011,319.7258,20.45008)
compute 5.0103865992143(-0.611553728580475,1.37793779373169,0.431088805198669) (-0.5760545,1.395501,0.4004014) (343.527,259.2029,96.64773) (-0.2978686,1.246582,0.02901448) (333.0079,320.1775,20.03799)
compute 5.78485800217183(-0.648659765720367,1.34309029579163,0.458570659160614) (-0.6115537,1.377938,0.4310888) (346.9785,258.8645,92.56971) (-0.3196303,1.236839,0.04088589) (335.7099,317.728,21.06859)
compute 6.97663497155956(-0.675167441368103,1.29983794689178,0.506465554237366) (-0.6486598,1.34309,0.4585707) (349.0667,266.9476,89.15615) (-0.334308,1.227782,0.05632073) (337.7429,315.9951,20.04492)
compute 4.44313293637482(-0.686107277870178,1.27281177043915,0.539992392063141) (-0.6751674,1.299838,0.5064656) (349.8504,271.1297,87.25583) (-0.3407814,1.223093,0.06846175) (340.6887,315.6716,20.3248)
compute 2.17524150046533(-0.677779495716095,1.25727653503418,0.552738845348358) (-0.6861073,1.272812,0.5399924) (348.3217,272.4354,81.05774) (-0.3238761,1.234426,0.06952493) (337.3729,317.8678,21.08129)
compute 3.57936712297507(-0.647389352321625,1.26104843616486,0.534207820892334) (-0.6777795,1.257277,0.5527388) (343.6653,268.5732,78.31923) (-0.2818051,1.254892,0.06278805) (331.3914,321.1371,21.32964)
compute 4.27710519571818(-0.608870983123779,1.27455770969391,0.521432936191559) (-0.6473894,1.261048,0.5342078) (343.8893,271.5215,79.72196) (-0.2422967,1.26858,0.05472305) (328.2879,322.0896,19.80313)
compute 4.0111170925282(-0.579880237579346,1.29671657085419,0.504776775836945) (-0.608871,1.274558,0.5214329) (342.6668,272.1103,80.75763) (-0.2197228,1.271244,0.05034772) (326.6755,320.0012,17.61968)
compute 3.2238276718605(-0.573133528232574,1.32315981388092,0.487614512443542) (-0.5798802,1.296717,0.5047768) (341.3223,269.0567,86.27981) (-0.2134098,1.272772,0.0536605) (328.2319,317.3232,17.30689)
compute 5.45861518874904(-0.574218809604645,1.37708950042725,0.479244381189346) (-0.5731335,1.32316,0.4876145) (328.9554,272.2513,82.66856) (-0.2138705,1.269466,0.0604068) (327.9301,318.1567,16.89698)
compute 4.29289068578388(-0.579560816287994,1.41908550262451,0.472124695777893) (-0.5742188,1.37709,0.4792444) (323.7478,274.6428,82.21439) (-0.2325727,1.267473,0.06617923) (328.2999,318.6194,17.65688)
compute 2.80263360996205(-0.587787091732025,1.44577932357788,0.469834744930267) (-0.5795608,1.419086,0.4721247) (318.6919,277.231,78.78215) (-0.259353,1.267588,0.0671886) (328.951,318.6836,18.32688)
compute 2.85129965832178(-0.614446222782135,1.44872808456421,0.460160732269287) (-0.5877871,1.445779,0.4698347) (321.045,273.837,83.85673) (-0.2751385,1.265916,0.05751231) (328.1199,319.8866,18.96461)
compute 3.15379675891067(-0.644481778144836,1.44117903709412,0.466120660305023) (-0.6144462,1.448728,0.4601607) (323.254,272.8908,83.11319) (-0.2988182,1.264492,0.05669499) (328.7765,318.9756,20.26178)
compute 4.85111574894653(-0.670727252960205,1.40777456760406,0.489543914794922) (-0.6444818,1.441179,0.4661207) (328.4236,270.8269,84.56953) (-0.3134941,1.259184,0.06466059) (331.3464,320.0648,19.34426)
compute 3.48316975345832(-0.662964284420013,1.3824942111969,0.512212991714478) (-0.6707273,1.407775,0.4895439) (327.8864,273.0535,80.29888) (-0.3183213,1.254966,0.06733471) (332.1495,322.9507,19.93658)
compute 7.42028798139109(-0.588933408260345,1.37777018547058,0.510429620742798) (-0.6629643,1.382494,0.512213) (320.5276,273.0585,84.13275) (-0.3134026,1.254382,0.06479353) (331.7766,324.5897,20.33924)
compute 5.66745639704202(-0.532681584358215,1.37114012241364,0.508485198020935) (-0.5889334,1.37777,0.5104296) (318.9521,270.5038,87.8597) (-0.3003885,1.264053,0.06197597) (330.5647,324.4469,20.06836)
compute 3.07735593607607(-0.523675680160522,1.36570382118225,0.537404954433441) (-0.5326816,1.37114,0.5084852) (321.1337,272.697,87.24776) (-0.2789221,1.265984,0.06975392) (329.5876,327.5942,17.87373)
compute 3.16882523082483(-0.527302145957947,1.33512890338898,0.544899523258209) (-0.5236757,1.365704,0.537405) (328.0453,267.4554,87.27146) (-0.2720658,1.266861,0.06993449) (329.682,327.49,17.11713)
compute 5.90635076628618(-0.552591621875763,1.29046702384949,0.574127197265625) (-0.5273021,1.335129,0.5448995) (338.187,272.9748,84.07564) (-0.2703463,1.261042,0.07077247) (329.4746,327.1841,16.4926)
compute 4.6741605538494(-0.578450441360474,1.26302635669708,0.601751625537872) (-0.5525916,1.290467,0.5741272) (341.5079,273.1891,82.97362) (-0.2906425,1.258754,0.08310796) (331.033,326.4275,17.72891)
compute 2.58796874606374(-0.596032500267029,1.26472985744476,0.620665311813354) (-0.5784504,1.263026,0.6017516) (342.8636,274.7682,84.56967) (-0.3114526,1.258375,0.09102295) (331.5165,325.4869,18.41299)
compute 9.33351862529925(-0.581864416599274,1.35603094100952,0.607442796230316) (-0.5960325,1.26473,0.6206653) (325.6115,271.9455,90.06371) (-0.3235614,1.255139,0.0915297) (331.8707,325.4924,19.56547)
compute 7.66964074196192(-0.560206770896912,1.42847454547882,0.594589412212372) (-0.5818644,1.356031,0.6074428) (309.8077,268.5974,88.71307) (-0.332187,1.258796,0.09720982) (331.7018,324.6167,20.29743)
compute 2.01415058947108(-0.571294128894806,1.42279088497162,0.610414922237396) (-0.5602068,1.428475,0.5945894) (322.743,276.5019,90.9591) (-0.3309914,1.259286,0.1048783) (332.1996,325.3189,19.06084)
compute 2.05137490929178(-0.570661187171936,1.40252840518951,0.60727721452713) (-0.5712941,1.422791,0.6104149) (323.6552,270.2957,90.3111) (-0.321638,1.258857,0.109036) (332.2618,326.712,18.53303)
compute 2.37607246369561(-0.563763976097107,1.38002824783325,0.610554933547974) (-0.5706612,1.402528,0.6072772) (324.7035,272.938,87.52231) (-0.3086591,1.26268,0.1081316) (330.157,329.552,18.89594)
compute 3.131291037886(-0.552188992500305,1.35093331336975,0.610500872135162) (-0.563764,1.380028,0.6105549) (328.0786,273.2087,85.94458) (-0.2888725,1.271436,0.1028254) (327.3053,334.4297,18.45211)
compute 4.96638651245791(-0.519490897655487,1.33338987827301,0.577492356300354) (-0.552189,1.350933,0.6105009) (326.2664,270.2309,82.82658) (-0.2624708,1.280314,0.08745199) (323.5512,339.0928,17.72565)
compute 3.02087083472978(-0.49394503235817,1.32643973827362,0.562943458557129) (-0.5194909,1.33339,0.5774924) (326.2626,271.0409,83.79663) (-0.240206,1.285614,0.0764896) (320.7387,341.2523,15.54993)
compute 4.35782393921052(-0.456101298332214,1.34177649021149,0.547721803188324) (-0.493945,1.32644,0.5629435) (321.8841,272.5433,82.6808) (-0.2267649,1.287747,0.06311348) (319.7096,338.039,16.26695)
compute 2.92847921974952(-0.432969182729721,1.32927656173706,0.534827768802643) (-0.4561013,1.341776,0.5477218) (324.8272,278.3914,80.28616) (-0.2139185,1.283215,0.05135487) (315.8777,345.4555,15.02272)
compute 8.20752904633534(-0.410342544317245,1.253258228302,0.513718485832214) (-0.4329692,1.329277,0.5348278) (333.9959,284.8998,61.16941) (-0.2038873,1.287611,0.0405554) (312.4913,350.9514,13.72107)
compute 8.42944551770111(-0.361834168434143,1.18432879447937,0.512611329555511) (-0.4103425,1.253258,0.5137185) (333.3105,290.534,55.82545) (-0.1904664,1.285424,0.03894777) (311.599,357.4033,10.09346)
compute 8.93003561897329(-0.278821140527725,1.15665650367737,0.530433654785156) (-0.3618342,1.184329,0.5126113) (325.1856,303.4573,45.58354) (-0.1726188,1.284364,0.04090519) (312.1246,6.87288,5.239023)
compute 7.90011587023673(-0.203173384070396,1.16828346252441,0.550014615058899) (-0.2788211,1.156657,0.5304337) (319.3542,315.1255,39.28593) (-0.1624865,1.2832,0.03946721) (312.1701,10.97628,2.74341)
compute 9.17143030873265(-0.136341392993927,1.23022472858429,0.539608955383301) (-0.2031734,1.168283,0.5500146) (309.9097,324.1794,34.72747) (-0.1524147,1.282985,0.03673327) (313.4522,12.93948,0.9991661)
compute 14.4146230296273(-0.0470506101846695,1.33465218544006,0.496017694473267) (-0.1363414,1.230225,0.539609) (293.9289,333.4887,32.4266) (-0.1418306,1.276207,0.04242527) (315.9569,16.0485,359.0743)
compute 10.1577581926427(-0.00444121425971389,1.42503011226654,0.477734506130219) (-0.04705061,1.334652,0.4960177) (287.4481,316.9972,56.53576) (-0.1328976,1.275409,0.04641464) (317.0225,16.6779,359.1836)
compute 6.86194265609807(-0.0063710636459291,1.49316620826721,0.485632210969925) (-0.004441214,1.42503,0.4777345) (296.1624,290.5353,94.85905) (-0.1246529,1.276114,0.05113857) (316.3611,18.35837,357.6487)
compute 3.38675890651186(-0.0277955960482359,1.51793813705444,0.477009296417236) (-0.006371064,1.493166,0.4856322) (298.7621,282.9521,100.4231) (-0.127574,1.278057,0.05894472) (317.6752,16.03728,359.3716)
compute 2.60896911544255(-0.0339357107877731,1.54152297973633,0.486321985721588) (-0.0277956,1.517938,0.4770093) (292.1295,285.8925,94.41793) (-0.1235038,1.277946,0.06149091) (318.0639,16.60466,358.775)
compute 3.55899858457671(-0.0169943124055862,1.56360161304474,0.508506894111633) (-0.03393571,1.541523,0.486322) (287.4259,292.7291,94.2746) (-0.1218613,1.274822,0.07156458) (318.8462,16.81831,359.3183)
compute 7.07507538138902(0.046456191688776,1.57839202880859,0.536092162132263) (-0.01699431,1.563602,0.5085069) (282.8628,353.667,26.70895) (-0.1209269,1.275857,0.09558268) (321.0712,15.23062,0.8251306)
compute 3.63849971202727(0.0669799521565437,1.5791152715683,0.566127479076386) (0.04645619,1.578392,0.5360922) (284.8869,332.6042,52.35081) (-0.1164238,1.277531,0.1184399) (322.7899,13.81057,1.8136)
compute 3.7182922709654(0.0670868158340454,1.56087422370911,0.598528444766998) (0.06697995,1.579115,0.5661275) (290.9622,318.9463,66.04571) (-0.1067059,1.276264,0.1313437) (324.2052,15.33119,0.7024422)
compute 3.1419478392655(0.0732002854347229,1.53335225582123,0.612397491931915) (0.06708682,1.560874,0.5985284) (292.485,318.4998,63.29512) (-0.1076902,1.278866,0.13991) (325.1941,16.53135,0.8699144)
compute 3.29852400883687(0.0727448239922524,1.50049161911011,0.609569549560547) (0.07320029,1.533352,0.6123975) (290.8734,304.3989,71.73873) (-0.09934792,1.279498,0.1484672) (326.4031,18.70542,359.7026)
compute 2.91271694359788(0.0722348541021347,1.47205626964569,0.603279650211334) (0.07274482,1.500492,0.6095695) (290.6862,298.235,79.22475) (-0.09690225,1.277653,0.1553059) (325.9936,18.41312,1.254422)
compute 2.79608999336606(0.0812826901674271,1.47191727161407,0.576823472976685) (0.07223485,1.472056,0.6032797) (285.2868,303.3824,73.0611) (-0.102631,1.270203,0.1454269) (323.9775,15.9918,2.157146)
compute 4.33579592306397(0.0733335539698601,1.50012874603271,0.544872939586639) (0.08128269,1.471917,0.5768235) (285.2654,296.0644,82.83232) (-0.1060446,1.279923,0.1407238) (321.8632,14.8264,2.417963)
compute 3.32740064214691(0.0534541495144367,1.52480530738831,0.53472226858139) (0.07333355,1.500129,0.5448729) (284.4898,305.5081,74.66175) (-0.1106993,1.284254,0.1435062) (321.6018,14.37095,2.934536)
compute 1.30731604611583(0.0420317575335503,1.53114378452301,0.534212172031403) (0.05345415,1.524805,0.5347223) (285.1703,310.5748,68.63863) (-0.1182999,1.285593,0.1506782) (321.7095,12.87347,3.565891)
compute 0.680480343242309(0.0453616045415401,1.5369256734848,0.53554904460907) (0.04203176,1.531144,0.5342122) (282.4397,313.571,65.57363) (-0.1245863,1.283179,0.1533718) (321.6403,12.48956,2.868835)
compute 1.70875809235844(0.0531467981636524,1.55004382133484,0.527849018573761) (0.0453616,1.536926,0.535549) (279.5909,319.7376,56.08651) (-0.1256816,1.283693,0.1618402) (321.2163,13.73169,2.136521)
compute 1.67683233200034(0.0554102398455143,1.56069493293762,0.515097260475159) (0.0531468,1.550044,0.527849) (277.9887,305.1043,68.91196) (-0.1164519,1.267944,0.1837479) (325.1898,12.50195,7.150027)
compute 2.14628683136404(0.056348480284214,1.57896614074707,0.503875076770782) (0.05541024,1.560695,0.5150973) (277.1715,289.2159,84.22759) (-0.1015806,1.280882,0.1746383) (320.5935,10.68544,5.933546)
compute 4.06142139354266(0.0422746501863003,1.61509430408478,0.515966296195984) (0.05634848,1.578966,0.5038751) (282.0626,292.9194,84.03229) (-0.09517344,1.286619,0.1825547) (320.88,5.293126,8.782048)
compute 2.61445421060191(0.0296768601983786,1.63594400882721,0.525459587574005) (0.04227465,1.615094,0.5159663) (281.6216,289.9193,82.39066) (-0.09105711,1.280916,0.1914753) (322.0075,6.316586,7.537384)
compute 1.2795065947656(0.0178844965994358,1.63671839237213,0.530364096164703) (0.02967686,1.635944,0.5254596) (284.0408,288.3527,89.17213) (-0.1033463,1.276807,0.1878963) (321.638,4.706135,9.590407)
compute 1.71748547761996(0.00907016918063164,1.62577998638153,0.540245115756989) (0.0178845,1.636718,0.5303641) (285.83,293.7832,77.38015) (-0.1085884,1.275678,0.1840004) (323.69,5.062832,8.235639)
compute 2.05298746229946(0.0127706220373511,1.6136292219162,0.55637401342392) (0.009070169,1.62578,0.5402451) (284.9526,297.5665,73.47251) (-0.1118873,1.276978,0.1814442) (325.1129,3.798946,7.146528)
compute 1.56315064944238(0.0275780744850636,1.61259281635284,0.56127393245697) (0.01277062,1.613629,0.556374) (280.3157,287.2809,80.76509) (-0.1167584,1.266031,0.1656061) (325.1403,4.107293,6.112561)
compute 2.53561313679892(0.0327683985233307,1.58803129196167,0.564841210842133) (0.02757807,1.612593,0.5612739) (278.27,313.9755,52.27299) (-0.1353569,1.276381,0.1527568) (324.1943,0.2958544,8.434738)
compute 6.3924732220304(0.00304634612984955,1.53184008598328,0.558094382286072) (0.0327684,1.588031,0.5648412) (281.8488,317.4179,47.20266) (-0.1493996,1.277698,0.1425175) (323.3652,353.9568,8.903312)
compute 8.95733222716306(-0.0721583738923073,1.48755097389221,0.578246414661407) (0.003046346,1.53184,0.5580944) (292.8718,314.5579,45.16521) (-0.1533152,1.272969,0.1406176) (324.6736,350.1558,10.58374)
compute 11.9923390850263(-0.190009012818336,1.48243319988251,0.556644201278687) (-0.07215837,1.487551,0.5782464) (304.6357,281.7519,77.80423) (-0.1609482,1.277562,0.1318501) (321.8297,348.2219,12.15557)
compute 6.58816793022929(-0.247043564915657,1.51146721839905,0.541008293628693) (-0.190009,1.482433,0.5566442) (300.7202,289.5923,64.22163) (-0.1778842,1.279655,0.1130043) (320.922,343.7874,14.40994)
compute 6.0562653813045(-0.29817858338356,1.51426529884338,0.508678495883942) (-0.2470436,1.511467,0.5410083) (304.0018,290.5497,59.87762) (-0.1959164,1.283759,0.0929805) (320.1256,335.8864,18.10926)
compute 8.53679148483953(-0.361747056245804,1.47879445552826,0.464085340499878) (-0.2981786,1.514265,0.5086785) (314.4093,280.4042,65.81637) (-0.2080879,1.272897,0.09004597) (324.1432,329.4954,19.53351)
compute 8.08355966270485(-0.426339775323868,1.43161261081696,0.452421367168427) (-0.3617471,1.478794,0.4640853) (321.4954,276.7014,66.12226) (-0.2070071,1.264609,0.08973499) (326.2884,326.9465,19.34684)
compute 10.8896711004455(-0.52285373210907,1.38186097145081,0.460687249898911) (-0.4263398,1.431613,0.4524214) (327.0842,277.4558,62.5461) (-0.2248833,1.25466,0.09175631) (329.3217,321.9409,21.4357)
compute 12.1527493081011(-0.625899076461792,1.31935846805573,0.476308584213257) (-0.5228537,1.381861,0.4606872) (335.1036,277.4682,68.08751) (-0.2624133,1.240471,0.09301664) (333.1093,317.0798,20.36971)
compute 7.38269498367395(-0.690503895282745,1.29431164264679,0.501789808273315) (-0.6258991,1.319358,0.4763086) (333.5,281.3914,63.05261) (-0.2952379,1.220891,0.08720651) (337.9356,310.7967,20.14035)
compute 3.2380631170439(-0.713688850402832,1.29381513595581,0.52438884973526) (-0.6905039,1.294312,0.5017898) (331.4754,285.4403,69.60568) (-0.3172509,1.212189,0.07697874) (340.3237,306.775,21.05122)
compute 2.80677498714577(-0.731876194477081,1.28590846061707,0.544250965118408) (-0.7136889,1.293815,0.5243888) (334.0815,286.8763,63.93991) (-0.3219999,1.212594,0.07293546) (341.4101,307.7488,21.29714)
compute 0.617264275764607(-0.733212232589722,1.28712451457977,0.550153315067291) (-0.7318762,1.285908,0.544251) (331.8374,284.9028,61.79321) (-0.3121065,1.223861,0.07225437) (340.5752,308.4127,20.22129)
compute 0.683573569730347(-0.73320609331131,1.28071773052216,0.55253666639328) (-0.7332122,1.287125,0.5501533) (335.9509,286.3518,65.52148) (-0.2981185,1.228974,0.07695657) (339.6925,309.9393,20.44566)
compute 1.24780331744868(-0.721522271633148,1.27634048461914,0.552365362644196) (-0.7332061,1.280718,0.5525367) (335.4232,286.5765,60.42865) (-0.2849427,1.236184,0.08359034) (339.3719,312.564,20.52854)
compute 2.51058436155172(-0.702053427696228,1.2659717798233,0.540375471115112) (-0.7215223,1.27634,0.5523654) (335.5623,283.8421,57.99129) (-0.2652244,1.245971,0.08525914) (336.6346,315.6934,19.70324)
compute 3.43326190477684(-0.681859970092773,1.24030137062073,0.529793262481689) (-0.7020534,1.265972,0.5403755) (338.8611,282.2972,56.48897) (-0.244045,1.256667,0.08660163) (333.3644,318.0759,18.88208)
compute 2.51020444814297(-0.667953073978424,1.22260296344757,0.518681228160858) (-0.68186,1.240301,0.5297933) (340.1087,279.794,54.01686) (-0.2346489,1.263912,0.08109507) (332.4113,317.6795,18.24219)
compute 2.75002143540553(-0.642889976501465,1.21321606636047,0.512357532978058) (-0.6679531,1.222603,0.5186812) (339.9608,281.4785,48.70598) (-0.2224964,1.268573,0.06547505) (328.2828,320.5419,19.8425)
compute 7.5953790759069(-0.589751005172729,1.19385051727295,0.461660355329514) (-0.64289,1.213216,0.5123575) (340.6584,274.7177,39.04593) (-0.2033641,1.277277,0.04526176) (322.4356,328.9509,18.05872)
compute 9.44598893814756(-0.512747883796692,1.18276512622833,0.408085137605667) (-0.589751,1.193851,0.4616604) (335.7253,269.1943,37.41677) (-0.1884277,1.287855,0.02438108) (314.1911,336.004,17.6412)
compute 6.48383841066148(-0.449990332126617,1.19099104404449,0.394019573926926) (-0.5127479,1.182765,0.4080851) (327.3221,268.8965,38.29804) (-0.1824627,1.288142,0.02483546) (314.0017,334.0282,18.98613)
compute 7.36308424311202(-0.41292330622673,1.2544823884964,0.398067504167557) (-0.4499903,1.190991,0.3940196) (319.2046,269.5755,45.78638) (-0.1820073,1.27908,0.02437004) (315.069,330.9135,18.59743)
compute 8.57938289694595(-0.402022987604141,1.33902716636658,0.40776002407074) (-0.4129233,1.254482,0.3980675) (312.8112,273.1974,50.1726) (-0.1915603,1.27575,0.02865068) (316.5926,327.0835,20.75547)
compute 5.9754467182404(-0.407860219478607,1.39826834201813,0.412956774234772) (-0.402023,1.339027,0.40776) (314.2364,271.6642,63.98036) (-0.1844624,1.27845,0.05554232) (319.4422,326.4719,19.61991)
compute 4.79029984942483(-0.439588040113449,1.42949235439301,0.430651515722275) (-0.4078602,1.398268,0.4129568) (317.959,273.0844,66.42791) (-0.1758554,1.268572,0.06828575) (319.8767,321.2274,22.56347)
compute 2.66260924602366(-0.454724729061127,1.45139706134796,0.430536210536957) (-0.439588,1.429492,0.4306515) (316.9732,272.8951,70.30386) (-0.1854632,1.264289,0.07885076) (322.6262,321.4392,21.71693)
compute 2.63051473661418(-0.468798011541367,1.46855401992798,0.416410267353058) (-0.4547247,1.451397,0.4305362) (319.3179,269.8291,77.61742) (-0.2067723,1.262007,0.07756133) (323.8391,322.8015,20.66837)
compute 2.56114441101257(-0.490477412939072,1.47895467281342,0.407591193914413) (-0.468798,1.468554,0.4164103) (319.0426,268.4221,76.5659) (-0.241001,1.258618,0.05126905) (322.8089,323.3329,20.40089)
compute 5.50204081420447(-0.544764697551727,1.48665821552277,0.403031408786774) (-0.4904774,1.478955,0.4075912) (325.4843,255.956,89.82956) (-0.2830819,1.26188,0.04354798) (323.2738,319.2484,23.47675)
compute 7.95631908034466(-0.602942764759064,1.49957060813904,0.455746531486511) (-0.5447647,1.486658,0.4030314) (323.7295,264.8781,82.88334) (-0.3143159,1.250041,0.05295578) (326.3543,321.2096,23.04756)
compute 6.3432904938237(-0.62583988904953,1.48968982696533,0.514071702957153) (-0.6029428,1.499571,0.4557465) (323.2648,273.6364,75.47042) (-0.3391573,1.249174,0.06199667) (328.3324,318.5611,23.79737)
compute 3.53977756179466(-0.621584951877594,1.46985077857971,0.543077051639557) (-0.6258399,1.48969,0.5140717) (327.0715,268.1493,81.14429) (-0.3466016,1.247505,0.06809256) (330.2274,319.2511,23.63291)
compute 2.88404722489386(-0.622494876384735,1.44137740135193,0.547572791576386) (-0.621585,1.469851,0.5430771) (330.0333,266.1899,74.96556) (-0.3400729,1.253769,0.06728768) (328.8264,320.1837,23.5194)
compute 2.68154416374409(-0.611128628253937,1.4212281703949,0.534012377262115) (-0.6224949,1.441377,0.5475728) (331.3878,265.343,75.21849) (-0.3012232,1.256795,0.06673072) (327.5966,326.0276,20.51768)
compute 6.89063251589926(-0.555763304233551,1.41633343696594,0.493283957242966) (-0.6111286,1.421228,0.5340124) (326.1878,264.6594,68.15643) (-0.2476884,1.269894,0.04745999) (321.4149,333.691,19.58644)
compute 8.24516868600924(-0.482222378253937,1.40227675437927,0.458752483129501) (-0.5557633,1.416333,0.493284) (328.6789,263.2672,73.69917) (-0.205298,1.275394,0.03045826) (317.6153,332.3354,20.18082)
compute 7.64091221266928(-0.408675074577332,1.42008423805237,0.469337463378906) (-0.4822224,1.402277,0.4587525) (321.2463,270.0321,75.32831) (-0.1725163,1.28214,0.03938209) (315.4802,334.7545,16.62994)
compute 7.75490530214976(-0.33893746137619,1.45337653160095,0.47582933306694) (-0.4086751,1.420084,0.4693375) (310.7918,268.5366,79.58116) (-0.1520599,1.279143,0.05810484) (316.4037,336.0605,15.37202)
compute 5.76584586830486(-0.28323757648468,1.46545124053955,0.46709880232811) (-0.3389375,1.453377,0.4758293) (303.0946,256.955,86.02575) (-0.1461359,1.283924,0.07042038) (316.0216,338.1007,13.74106)
compute 6.95362444572682(-0.25142028927803,1.41735196113586,0.428247690200806) (-0.2832376,1.465451,0.4670988) (307.3434,242.1864,92.51185) (-0.1418902,1.291076,0.07830742) (315.3365,344.034,9.951675)
compute 7.48641930337965(-0.232587158679962,1.34672832489014,0.412053167819977) (-0.2514203,1.417352,0.4282477) (307.187,242.6857,84.14348) (-0.1317313,1.276481,0.08326536) (315.2029,354.0186,4.224432)
compute 3.88282286706376(-0.236632481217384,1.30815005302429,0.410325825214386) (-0.2325872,1.346728,0.4120532) (305.0341,256.6602,64.02567) (-0.1353951,1.287366,0.08556443) (314.9311,351.531,6.040686)
compute 5.72422455687598(-0.29310342669487,1.31751441955566,0.410200029611588) (-0.2366325,1.30815,0.4103258) (313.3873,264.3083,60.56978) (-0.1641113,1.280298,0.08709446) (316.8714,334.7837,11.75321)
compute 9.37782320517103(-0.376366764307022,1.36014485359192,0.416849792003632) (-0.2931034,1.317514,0.4102) (318.6884,271.1273,59.22621) (-0.2000323,1.273467,0.08947788) (321.4014,328.3852,16.33978)
compute 11.651772213942(-0.474223762750626,1.41780495643616,0.442844033241272) (-0.3763668,1.360145,0.4168498) (313.9192,271.4472,63.09859) (-0.2336411,1.269773,0.09878793) (323.9323,327.2903,16.57869)
compute 10.1617975258443(-0.564383685588837,1.43068647384644,0.487915843725204) (-0.4742238,1.417805,0.442844) (317.7907,280.1941,61.07036) (-0.2724317,1.261091,0.1055024) (326.2626,326.3862,17.94056)
compute 6.55376508835212(-0.617153346538544,1.41422832012177,0.523124873638153) (-0.5643837,1.430686,0.4879158) (323.6221,276.3077,71.31053) (-0.304809,1.255723,0.1138168) (329.507,321.4467,19.13982)
compute 5.11732643262934(-0.641511917114258,1.38108837604523,0.553573310375214) (-0.6171533,1.414228,0.5231249) (329.8465,273.3169,72.96668) (-0.3233609,1.253004,0.124111) (331.5308,321.7796,19.52015)
compute 3.33417909042753(-0.645212888717651,1.35054862499237,0.566430270671844) (-0.6415119,1.381088,0.5535733) (331.1104,273.4305,68.82101) (-0.3290896,1.248856,0.1244323) (333.0709,322.8398,18.95555)
compute 3.81882446209473(-0.626815795898438,1.31855535507202,0.576244533061981) (-0.6452129,1.350549,0.5664303) (330.8326,277.8803,66.12847) (-0.3164528,1.252726,0.118886) (331.0905,325.1521,19.33965)
compute 6.52877803416192(-0.584022045135498,1.2742166519165,0.554674446582794) (-0.6268158,1.318555,0.5762445) (328.7962,276.2831,56.15139) (-0.2785561,1.263533,0.1221056) (328.2846,333.0235,17.93578)
compute 8.34907551053507(-0.512635111808777,1.24005270004272,0.528076767921448) (-0.584022,1.274217,0.5546744) (330.8838,276.4781,57.46688) (-0.2333644,1.278734,0.1300276) (324.6239,345.007,14.81139)
compute 13.3989502171635(-0.384618997573853,1.2723331451416,0.505206823348999) (-0.5126351,1.240053,0.5280768) (318.4792,278.1811,60.58525) (-0.2016108,1.279748,0.120635) (321.3558,356.1814,12.02874)
compute 14.867796147195(-0.2528136074543,1.34098637104034,0.50082391500473) (-0.384619,1.272333,0.5052068) (305.0544,288.4352,56.9915) (-0.1808521,1.285915,0.09891985) (318.3518,358.7624,11.22944)
compute 13.2710464763235(-0.136124581098557,1.40410101413727,0.497319489717484) (-0.2528136,1.340986,0.5008239) (294.9022,308.2589,44.87611) (-0.1600572,1.287342,0.08505569) (316.5338,4.503761,7.143659)
compute 6.67560065978069(-0.0797826126217842,1.43145096302032,0.474212616682053) (-0.1361246,1.404101,0.4973195) (288.3886,306.7524,46.94023) (-0.1471324,1.287948,0.0711017) (314.1857,9.058304,4.697664)
compute 4.08043965166418(-0.0438862629234791,1.43703591823578,0.455631464719772) (-0.07978261,1.431451,0.4742126) (284.8822,311.9666,43.54383) (-0.1403692,1.282612,0.06169888) (314.3442,12.12408,3.254398)
compute 1.52561478824388(-0.0302547700703144,1.43020212650299,0.455150067806244) (-0.04388626,1.437036,0.4556315) (286.6944,318.3756,39.18135) (-0.1361127,1.280947,0.0541457) (312.322,13.01863,2.291726)
compute 1.56176256777083(-0.0377965532243252,1.41669237613678,0.453024417161942) (-0.03025477,1.430202,0.4551501) (289.5879,313.3828,44.45444) (-0.1463888,1.282012,0.0500212) (311.8041,3.156137,6.107418)
compute 6.99691558218132(-0.106914736330509,1.40754890441895,0.458919852972031) (-0.03779655,1.416692,0.4530244) (298.0233,304.1819,50.77394) (-0.1843394,1.27667,0.05220443) (315.4582,339.1169,15.36089)
compute 15.9452687484354(-0.262695789337158,1.37814474105835,0.476031720638275) (-0.1069147,1.407549,0.4589199) (312.9385,293.8057,53.38895) (-0.2132222,1.267892,0.05383262) (321.3269,326.0905,20.99239)
compute 19.1479247699302(-0.452629864215851,1.35386824607849,0.476070612668991) (-0.2626958,1.378145,0.4760317) (323.5238,282.4905,65.65734) (-0.2527867,1.265372,0.07776294) (323.6773,323.8316,20.78003)
compute 13.9459286406838(-0.591562032699585,1.35356366634369,0.488180637359619) (-0.4526299,1.353868,0.4760706) (327.7116,273.9957,73.14594) (-0.2918639,1.257892,0.1006026) (326.7838,324.0655,20.27204)
compute 7.81263369486426(-0.668661415576935,1.35291934013367,0.500789940357208) (-0.591562,1.353564,0.4881806) (330.1851,272.7815,74.49126) (-0.3250796,1.250381,0.1096718) (327.8452,322.1591,21.54046)
compute 2.88858484800516(-0.689998328685761,1.36338412761688,0.517209947109222) (-0.6686614,1.352919,0.5007899) (326.9299,278.7092,69.14511) (-0.3429809,1.25113,0.1119445) (329.9464,318.7044,21.90168)
compute 3.29467887251467(-0.685998618602753,1.3787145614624,0.546097159385681) (-0.6899983,1.363384,0.5172099) (320.2193,293.9714,52.72257) (-0.3511027,1.248541,0.1119011) (331.1523,319.0195,21.70776)
compute 1.74476685822958(-0.682438373565674,1.37796187400818,0.563161134719849) (-0.6859986,1.378715,0.5460972) (320.5309,301.9417,46.23618) (-0.3543394,1.245887,0.1056866) (332.3473,317.3966,22.33698)
compute 1.92842033309448(-0.689326345920563,1.35996854305267,0.563983559608459) (-0.6824384,1.377962,0.5631611) (323.4875,297.405,54.48164) (-0.3523405,1.240654,0.1043357) (333.2985,317.2951,22.33265)
compute 2.99743381446408(-0.703130125999451,1.33336353302002,0.563683450222015) (-0.6893263,1.359969,0.5639836) (327.978,291.905,59.9633) (-0.3442214,1.240769,0.1073715) (332.7724,317.1754,22.46203)
compute 1.75901624100575(-0.707347929477692,1.31634616851807,0.565109372138977) (-0.7031301,1.333364,0.5636835) (329.3924,290.7186,57.71375) (-0.3331845,1.246123,0.1064473) (330.8326,316.0301,22.7062)
compute 2.42699478736817(-0.709879219532013,1.29226124286652,0.563515841960907) (-0.7073479,1.316346,0.5651094) (336.9977,286.7079,62.60424) (-0.3214653,1.253603,0.10608) (329.7664,315.1073,22.71338)
compute 2.51734224439925(-0.708822309970856,1.30030000209808,0.539683878421783) (-0.7098792,1.292261,0.5635158) (332.7516,282.2266,57.72901) (-0.3107474,1.258748,0.1086777) (329.509,312.6494,21.68437)
compute 9.84060054027153(-0.710797727108002,1.24909400939941,0.45567324757576) (-0.7088223,1.3003,0.5396839) (348.6989,268.4116,41.63802) (-0.3047609,1.262015,0.1071705) (328.4207,311.4239,22.32751)
compute 14.4524797513349(-0.672721862792969,1.20060837268829,0.324956804513931) (-0.7107977,1.249094,0.4556732) (358.5019,241.9966,43.76623) (-0.288788,1.267656,0.1035466) (325.5069,315.9413,21.2677)
compute 12.200241307597(-0.597381055355072,1.17055356502533,0.233824700117111) (-0.6727219,1.200608,0.3249568) (353.9136,227.4535,31.31866) (-0.2611369,1.281676,0.09629653) (319.1446,327.4972,18.73448)
compute 6.16825059074734(-0.548561573028564,1.13888943195343,0.213360771536827) (-0.5973811,1.170554,0.2338247) (355.4295,225.7786,36.64545) (-0.2348928,1.282068,0.09127673) (317.8788,335.194,15.95096)
compute 7.75272828125601(-0.507252335548401,1.17208743095398,0.269946277141571) (-0.5485616,1.138889,0.2133608) (344.4677,243.2819,35.2432) (-0.2149904,1.281359,0.07305547) (316.1943,339.4574,14.91932)
compute 17.0840986856898(-0.455622673034668,1.28729379177094,0.385048478841782) (-0.5072523,1.172087,0.2699463) (324.4395,272.4553,39.58781) (-0.205693,1.275489,0.06442887) (319.2355,332.5237,16.2821)
compute 11.2775737688998(-0.44740092754364,1.38766384124756,0.435808926820755) (-0.4556227,1.287294,0.3850485) (310.7421,282.7422,44.39206) (-0.2096664,1.271369,0.06289977) (321.3288,331.6259,16.83201)
compute 9.31736081619119(-0.499382674694061,1.42525029182434,0.503384649753571) (-0.4474009,1.387664,0.4358089) (318.7758,293.9637,41.31225) (-0.2319675,1.267751,0.07070126) (323.0616,331.0262,16.01194)
compute 6.75597552730233(-0.54055517911911,1.4402107000351,0.55481743812561) (-0.4993827,1.42525,0.5033846) (315.7142,297.3998,46.83152) (-0.2746176,1.25902,0.08283448) (325.8863,328.6833,16.91809)
compute 3.80657622945886(-0.557676672935486,1.44720244407654,0.588088631629944) (-0.5405552,1.440211,0.5548174) (314.7314,296.4839,54.09573) (-0.3002927,1.259973,0.08932289) (327.2604,326.5954,18.4706)
compute 3.09577906351736(-0.556724011898041,1.44712650775909,0.619031667709351) (-0.5576767,1.447202,0.5880886) (316.0463,306.4702,47.72637) (-0.3064803,1.262704,0.09147041) (326.5696,327.7008,18.41396)
compute 1.77147309689266(-0.550414681434631,1.43152892589569,0.624574184417725) (-0.556724,1.447127,0.6190317) (315.47,304.2824,45.68995) (-0.2949591,1.265821,0.09276755) (324.6287,336.0825,16.33894)
compute 2.23066127654612(-0.532286286354065,1.41930115222931,0.620166480541229) (-0.5504147,1.431529,0.6245742) (314.4372,301.8772,40.66668) (-0.2534315,1.274854,0.08392072) (320.3441,348.5651,14.46741)
compute 6.57030016817701(-0.479653388261795,1.39590525627136,0.588554859161377) (-0.5322863,1.419301,0.6201665) (317.5147,300.1995,40.96358) (-0.2179966,1.281766,0.06369027) (316.6597,0.6492218,10.30315)
compute 11.0896044218847(-0.386404812335968,1.38497543334961,0.529536426067352) (-0.4796534,1.395905,0.5885549) (317.03,293.2443,47.79194) (-0.1928707,1.283265,0.04310986) (313.8128,9.757017,5.754888)
compute 13.8340659861423(-0.257847338914871,1.40415251255035,0.48217236995697) (-0.3864048,1.384975,0.5295364) (304.5976,299.5588,40.31471) (-0.175079,1.28012,0.03292558) (312.7734,14.52107,2.118983)
compute 10.468591418999(-0.155645310878754,1.42008113861084,0.466042727231979) (-0.2578473,1.404153,0.4821724) (296.8865,315.398,30.61026) (-0.1664667,1.278309,0.02924028) (311.4763,15.76207,1.458872)
compute 5.15138812768869(-0.104237176477909,1.42278432846069,0.464151531457901) (-0.1556453,1.420081,0.4660427) (294.6584,320.7339,31.56668) (-0.1594048,1.278232,0.0313083) (312.7997,19.64586,357.8134)
compute 5.40388773267384(-0.0532693192362785,1.40499985218048,0.461663484573364) (-0.1042372,1.422784,0.4641515) (292.5579,333.1973,25.53001) (-0.1535824,1.268094,0.05033258) (321.6367,22.73339,355.3339)
compute 11.3744927827976(0.0502927675843239,1.36016631126404,0.475902765989304) (-0.05326932,1.405,0.4616635) (293.8401,18.30176,345.5849) (-0.1473498,1.251818,0.06908294) (331.7368,25.54163,354.6633)
compute 9.64661788684722(0.125348493456841,1.32480657100677,0.525117099285126) (0.05029277,1.360166,0.4759028) (302.5386,28.81549,340.0425) (-0.1413446,1.253009,0.07909399) (331.8845,27.27449,353.454)
compute 4.83328681810856(0.166250646114349,1.31128334999084,0.547030627727509) (0.1253485,1.324807,0.5251171) (302.9854,34.36006,335.1442) (-0.1418165,1.263209,0.0912584) (331.2986,27.91692,354.7176)
compute 4.56454598276433(0.205797448754311,1.30801570415497,0.569589018821716) (0.1662506,1.311283,0.5470306) (306.6119,41.11363,329.9047) (-0.1389792,1.260041,0.09817718) (333.8163,28.87266,354.9876)
compute 4.80510187117905(0.250543415546417,1.29053056240082,0.568604826927185) (0.2057974,1.308016,0.569589) (316.8102,52.12277,314.4835) (-0.1393089,1.259503,0.09856039) (333.7629,28.98659,355.5542)
compute 2.9705663182761(0.249091863632202,1.26159918308258,0.57518470287323) (0.2505434,1.290531,0.5686048) (320.7673,41.55085,331.6582) (-0.1379263,1.25513,0.08956294) (335.0221,30.4797,354.7192)
compute 2.43999412886659(0.250151932239532,1.2376275062561,0.570758402347565) (0.2490919,1.261599,0.5751847) (324.4795,42.1721,327.9856) (-0.135182,1.255248,0.08486766) (333.2378,30.68136,354.0338)
compute 1.84544185298388(0.236683949828148,1.23710918426514,0.558152437210083) (0.2501519,1.237628,0.5707584) (319.221,41.86153,330.6888) (-0.1394589,1.271796,0.08241539) (325.1471,27.4773,355.3553)
compute 7.92078687224294(0.164741933345795,1.26698040962219,0.543801724910736) (0.2366839,1.237109,0.5581524) (307.1713,29.3695,336.1278) (-0.1444152,1.276895,0.07227687) (319.3261,23.52657,356.9127)
compute 8.28716776280932(0.0928223878145218,1.29863524436951,0.517471790313721) (0.1647419,1.26698,0.5438017) (298.9355,13.29926,348.7851) (-0.1441257,1.277797,0.05820087) (316.8793,24.51019,355.7617)
compute 3.46867344195408(0.0621837042272091,1.31062614917755,0.506487309932709) (0.09282239,1.298635,0.5174718) (298.2759,10.24776,346.2829) (-0.1478349,1.27672,0.04995853) (314.252,17.35295,357.5294)
compute 4.70474040921282(0.0155087746679783,1.30820333957672,0.50109851360321) (0.0621837,1.310626,0.5064873) (299.1728,355.8206,354.8481) (-0.1851649,1.274572,0.05180849) (315.9006,349.4279,9.38793)
compute 6.24473571746434(-0.0449048653244972,1.29584455490112,0.510953724384308) (0.01550877,1.308203,0.5010985) (301.9534,336.7799,10.33429) (-0.1928,1.271979,0.04817528) (316.7365,340.3259,13.98869)
compute 4.00672246425487(-0.083414301276207,1.28507995605469,0.513508975505829) (-0.04490487,1.295845,0.5109537) (302.9707,330.0586,10.1037) (-0.1873734,1.271604,0.05604384) (317.1043,342.2673,12.30368)
compute 1.20904226800898(-0.0937690809369087,1.27987563610077,0.51695454120636) (-0.0834143,1.28508,0.513509) (301.777,329.0302,7.080469) (-0.1783946,1.275148,0.07040024) (317.6813,347.0988,9.400465)
compute 1.49919755156755(-0.0871148407459259,1.2804126739502,0.530378103256226) (-0.09376908,1.279876,0.5169545) (301.8434,334.6755,4.715485) (-0.1683412,1.276322,0.08135366) (318.2683,357.5794,5.602155)
compute 2.44207286015001(-0.0631510987877846,1.27612411975861,0.532306671142578) (-0.08711484,1.280413,0.5303781) (301.17,340.0824,358.2573) (-0.1601892,1.280652,0.08508042) (317.716,6.58346,2.27709)
compute 2.44611354177814(-0.0436485148966312,1.26417374610901,0.523635745048523) (-0.0631511,1.276124,0.5323067) (300.8978,345.198,354.3817) (-0.1444008,1.276239,0.08386625) (319.5155,22.62742,357.3371)
compute 3.30085500394079(-0.0263073462992907,1.24892258644104,0.500050783157349) (-0.04364851,1.264174,0.5236357) (299.4612,348.8841,351.2306) (-0.1282669,1.273372,0.07619585) (321.7476,39.74654,353.8109)
compute 3.83178555143208(-0.00308306119404733,1.22846817970276,0.477456361055374) (-0.02630735,1.248923,0.5000508) (298.7569,353.2976,348.2669) (-0.1247738,1.268692,0.07378799) (323.3895,44.58636,352.4459)
compute 3.93640880329677(0.0250077098608017,1.20596706867218,0.461514592170715) (-0.003083061,1.228468,0.4774564) (299.745,0.5423154,344.8421) (-0.1243651,1.268081,0.07791871) (325.4269,44.42248,353.6093)
compute 3.86782216168174(0.0527124330401421,1.18192398548126,0.449251502752304) (0.02500771,1.205967,0.4615146) (302.7505,4.230208,344.7722) (-0.1222429,1.264925,0.07865124) (326.9143,47.60075,353.557)
compute 3.92985892559436(0.0828644633293152,1.15932238101959,0.438097953796387) (0.05271243,1.181924,0.4492515) (305.3897,12.31128,339.2896) (-0.1228076,1.264643,0.0786016) (327.8083,48.0103,353.7784)
compute 2.35116732604207(0.0999183431267738,1.14461624622345,0.431338250637054) (0.08286446,1.159322,0.438098) (306.8627,16.70865,333.8356) (-0.121683,1.263964,0.0797418) (328.2574,46.98969,353.9867)
compute 1.13834834431801(0.10473158210516,1.13430976867676,0.431777507066727) (0.09991834,1.144616,0.4313383) (308.1534,18.2364,332.4154) (-0.119761,1.262292,0.08230215) (328.8795,44.76726,354.8088)
compute 0.642359727571246(0.102067552506924,1.12846481800079,0.431823343038559) (0.1047316,1.13431,0.4317775) (308.7743,17.23956,333.1859) (-0.121869,1.26247,0.08742638) (329.828,39.25998,356.5144)
compute 1.87220092558969(0.0873551294207573,1.11730492115021,0.428738713264465) (0.1020676,1.128465,0.4318233) (309.013,13.98669,335.1188) (-0.1336938,1.259642,0.09914774) (331.008,24.34864,358.7412)
compute 3.46656947873753(0.0616233609616756,1.0942177772522,0.431301981210709) (0.08735513,1.117305,0.4287387) (311.0164,6.30562,342.1496) (-0.1457554,1.259978,0.1007302) (331.1165,13.51565,359.5721)
compute 3.73703891105982(0.0378538109362125,1.0654433965683,0.433196574449539) (0.06162336,1.094218,0.431302) (313.5593,1.33147,347.3574) (-0.1557374,1.260792,0.1015147) (332.2075,3.2007,0.8901343)
compute 4.07877943316738(0.0155989453196526,1.03155887126923,0.437691479921341) (0.03785381,1.065443,0.4331966) (317.287,357.5885,347.5943) (-0.1599735,1.261198,0.09738377) (333.6925,356.5168,2.328539)
compute 3.6106590902574(-0.00528808124363422,1.00215494632721,0.439372926950455) (0.01559895,1.031559,0.4376915) (321.3902,353.6354,347.9251) (-0.1604913,1.261161,0.09519308) (334.9738,352.1433,3.355172)
compute 2.99343283541146(-0.0147305736318231,0.973777949810028,0.44065722823143) (-0.005288081,1.002155,0.4393729) (324.8998,351.455,350.7708) (-0.1612596,1.260794,0.09674014) (337.2326,349.8596,3.1105)
compute 2.44658572734805(-0.016649916768074,0.949387609958649,0.440732479095459) (-0.01473057,0.9737779,0.4406572) (328.4531,350.3126,350.1594) (-0.1606276,1.259369,0.1017805) (339.3565,349.6607,3.061676)
compute 1.12945357574424(-0.0129669168964028,0.939686298370361,0.436273038387299) (-0.01664992,0.9493876,0.4407325) (329.6685,352.3768,348.5798) (-0.1578637,1.253831,0.1061266) (342.8834,349.0826,2.468638)
compute 1.32853751613864(-0.00761262699961662,0.92872542142868,0.431010723114014) (-0.01296692,0.9396863,0.436273) (330.807,353.5009,346.9001) (-0.1554188,1.246047,0.1123755) (347.6089,347.5565,2.025882)
compute 1.3818128667796(-0.00121774093713611,0.918147146701813,0.424834460020065) (-0.007612627,0.9287254,0.4310107) (331.8928,353.644,348.0044) (-0.1566703,1.24048,0.1144432) (350.4647,346.2548,1.771765)
compute 1.0417472229521(0.00217844406142831,0.909551739692688,0.420027315616608) (-0.001217741,0.9181471,0.4248345) (333.0392,352.8692,348.4715) (-0.1561008,1.241773,0.1151745) (351.5118,346.5717,1.859238)
compute 0.711948750147058(0.00527484342455864,0.903751492500305,0.417296648025513) (0.002178444,0.9095517,0.4200273) (334.4043,352.8973,349.4045) (-0.1536581,1.240833,0.1189697) (352.8015,346.9266,1.47976)
compute 0.569592034588504(0.00907016173005104,0.899975001811981,0.415353149175644) (0.005274843,0.9037515,0.4172966) (335.2243,353.6484,349.0917) (-0.1525702,1.238462,0.1251949) (355.1384,346.5723,1.324492)
compute 0.445972692433936(0.0114757241681218,0.896271586418152,0.415975362062454) (0.009070162,0.899975,0.4153531) (336.3321,353.7868,350.0013) (-0.1530972,1.234876,0.1306777) (357.0019,346.5286,0.7911586)
compute 0.349073273387405(0.00914091523736715,0.896740734577179,0.418527573347092) (0.01147572,0.8962716,0.4159754) (336.5208,351.6544,352.8883) (-0.1523538,1.228347,0.1367931) (0.1054553,346.1277,0.4356295)
compute 1.64082663263374(-0.00523798307403922,0.90444153547287,0.420309752225876) (0.009140915,0.8967407,0.4185276) (334.7912,348.1121,353.3836) (-0.1473826,1.227635,0.1392144) (0.3775937,345.3381,359.5463)
compute 0.96288572124507(-0.0140094552189112,0.906832873821259,0.42348113656044) (-0.005237983,0.9044415,0.4203098) (333.7997,345.8025,353.3698) (-0.1361812,1.229412,0.1405005) (359.0396,344.8102,0.1800822)
compute 0.606210719865904(-0.0174931604415178,0.905088424682617,0.428125470876694) (-0.01400946,0.9068329,0.4234811) (335.9227,343.2776,353.1974) (-0.1214463,1.228983,0.1424664) (0.01575263,341.9779,0.09765617)
compute 0.322379452301243(-0.0194243248552084,0.906065702438354,0.430514693260193) (-0.01749316,0.9050884,0.4281255) (336.1054,339.6083,353.4351) (-0.1023875,1.228684,0.1405504) (0.228208,337.8943,359.8696)
compute 0.554987677243521(-0.0222366191446781,0.905314028263092,0.435239851474762) (-0.01942432,0.9060657,0.4305147) (336.4876,336.0026,351.6437) (-0.08425888,1.230143,0.1466136) (0.6803723,335.2165,0.07068162)
compute 1.22888769852425(-0.0262989960610867,0.894206881523132,0.438578248023987) (-0.02223662,0.905314,0.4352399) (338.2224,332.7534,352.369) (-0.07300065,1.226807,0.1508141) (1.769755,334.1071,359.1527)
compute 1.26825373076399(-0.0262044817209244,0.88156670331955,0.437546879053116) (-0.026299,0.8942069,0.4385782) (338.9685,333.1498,350.7032) (-0.07246618,1.226932,0.1452292) (1.499295,333.5322,358.9279)
compute 0.860228176676335(-0.0256100222468376,0.880751967430115,0.429003924131393) (-0.02620448,0.8815667,0.4375469) (339.458,334.8791,349.2431) (-0.08357611,1.227823,0.1349616) (0.2810224,334.3834,359.1843)
compute 0.271220813438887(-0.0245728250592947,0.880747377872467,0.426497876644135) (-0.02561002,0.880752,0.4290039) (339.7615,337.6914,348.4075) (-0.09691636,1.232321,0.1321592) (359.2306,336.1069,359.4747)
compute 0.614947056398976(-0.0242317747324705,0.874768078327179,0.425102293491364) (-0.02457283,0.8807474,0.4264979) (339.6618,340.7239,346.8796) (-0.1149777,1.233821,0.1278103) (358.4547,337.0946,0.232806)
compute 0.944503044314983(-0.0285597685724497,0.867060840129852,0.421774297952652) (-0.02423177,0.8747681,0.4251023) (341.1179,342.8642,346.7437) (-0.1283505,1.23278,0.1178097) (358.8655,337.9565,0.7428235)
compute 1.11819804859912(-0.0352690108120441,0.866197049617767,0.412870556116104) (-0.02855977,0.8670608,0.4217743) (340.2682,343.4413,344.8975) (-0.1432444,1.233325,0.1076148) (358.1273,337.2042,0.9460969)
compute 1.25848728359439(-0.0434098392724991,0.866625487804413,0.403282940387726) (-0.03526901,0.866197,0.4128706) (340.4708,343.4795,345.7727) (-0.1563441,1.233928,0.1003082) (358.4885,337.6172,0.5031688)
compute 1.44458825967372(-0.0477941744029522,0.865859568119049,0.389539778232574) (-0.04340984,0.8666255,0.4032829) (340.6998,344.5095,345.5742) (-0.1698084,1.232888,0.0984698) (358.6699,338.8571,0.4397935)
compute 1.40052081793195(-0.047492977231741,0.862583220005035,0.375926524400711) (-0.04779417,0.8658596,0.3895398) (341.7939,346.4375,345.7971) (-0.1807196,1.224556,0.09367627) (359.5948,340.2151,0.5726655)
compute 1.46675648381461(-0.0414227731525898,0.850827872753143,0.369593918323517) (-0.04749298,0.8625832,0.3759265) (342.1629,346.6294,347.5902) (-0.1822456,1.226867,0.08555319) (359.1543,340.7023,2.35676)
compute 0.801144858322985(-0.0338773019611835,0.850032985210419,0.367021501064301) (-0.04142277,0.8508279,0.3695939) (343.0603,346.8777,347.5896) (-0.169283,1.233474,0.0752992) (357.4944,339.2614,2.019775)
compute 0.674072378459788(-0.0279285982251167,0.85318911075592,0.367320090532303) (-0.0338773,0.850033,0.3670215) (341.4699,345.9733,345.8364) (-0.1555337,1.234114,0.06634954) (356.5353,337.7226,3.706)
compute 0.728942074246457(-0.0231764335185289,0.853758335113525,0.372818142175674) (-0.0279286,0.8531891,0.3673201) (341.3697,345.0094,345.0766) (-0.1379914,1.234078,0.06191995) (355.8259,334.7447,3.837979)
compute 0.520336689985895(-0.0196760315448046,0.857043504714966,0.374825596809387) (-0.02317643,0.8537583,0.3728181) (340.034,341.9696,345.8351) (-0.1200415,1.232978,0.06216797) (355.1676,333.2793,3.058128)
compute 1.25556550104673(-0.010337732732296,0.85925155878067,0.382922828197479) (-0.01967603,0.8570435,0.3748256) (338.6944,341.0276,347.1116) (-0.1061959,1.232894,0.0687241) (355.2202,332.6106,3.485164)
compute 1.39893923951877(-0.00173377327155322,0.85771644115448,0.393846124410629) (-0.01033773,0.8592516,0.3829228) (339.7847,341.4651,346.0174) (-0.09466797,1.232025,0.07794803) (355.2701,332.2285,2.918403)
Average= 4.61681600276726
Max= 19.1479247699302
Standard Deviation= 7.03367603116408
Right: 11    Wrong: 0
0
