red 205.8335 211.3111 13.94485 (0.1140348,5,0.7) (0.1140348,1.779554,0.7)
red 206.8414 212.1556 13.22371 (-0.1596216,5,0.7) (-0.1596216,1.672671,0.7)
red 204.8349 213.2222 14.02539 (-0.7721124,5,0.7) (-0.7721124,0.08234715,0.7)
red 207.8445 213.4667 13.59845 (-0.06548774,4.998972,0.7) (-0.06548774,1.588363,0.7)
red 205.3343 213.5556 13.77416 (0.9587901,5,0.7) (0.9587901,0.07742056,0.7)
red 206.3433 213.9667 16.48111 (-0.3766676,5,0.7) (-0.3766676,1.312537,0.7)
red 208.3436 214.3 13.90167 (0.1200646,5,0.7) (0.1200646,1.476162,0.7)
red 207.3402 214.7 16.7638 (-0.4264554,5,0.7) (-0.4264554,1.51519,0.7)
red 208.8422 215.4222 15.67474 (0.4008763,5,0.7) (0.4008763,1.621786,0.7)
red 209.8408 215.6778 13.55759 (-0.2429086,5,0.7) (-0.2429086,1.446649,0.7)
red 209.3408 215.9667 15.61129 (-0.2024838,5,0.7) (-0.2024838,1.582217,0.7)
red 210.3401 217.3556 16.62886 (0.3311405,5,0.7) (0.3311405,1.646329,0.7)
red 210.838 218.7 13.26178 (0.7512224,5,0.7) (0.7512224,0.07886238,0.7)
red 212.8342 218.7778 13.5464 (-0.7029672,5,0.7) (-0.7029672,1.381696,0.7)
red 211.8383 219.8778 13.52614 (0.6348238,5,0.7) (0.6348238,0.08121262,0.7)
red 211.3376 220.9667 15.75916 (-0.9105814,5,0.7) (-0.9105814,0.08019906,0.7)
red 213.8344 221.0222 16.86393 (-0.3507541,5,0.7) (-0.3507541,1.624499,0.7)
red 214.8424 221.3778 13.86219 (-0.6092753,5,0.7) (-0.6092753,1.118482,0.7)
red 212.3383 222.3445 16.27719 (-0.6812446,5,0.7) (-0.6812446,0.08252241,0.7)
red 213.3343 222.3667 14.92869 (0.8960505,5,0.7) (0.8960505,0.07927822,0.7)
red 214.3445 223.2556 14.77087 (0.6300142,4.998988,0.7) (0.6300142,0.07825348,0.7)
red 218.3374 223.9778 13.70511 (0.2757497,5,0.7) (0.2757497,1.612507,0.7)
red 215.843 224.4111 14.28992 (-0.6824462,5,0.7) (-0.6824462,0.08035635,0.7)
red 216.8389 224.4778 16.77709 (0.7851574,5,0.7) (0.7851574,1.38646,0.7)
red 216.3413 224.6556 13.91878 (0.7662358,5,0.7) (0.7662358,0.07781859,0.7)
red 215.3415 225 15.80636 (-0.9523911,5,0.7) (-0.9523911,0.08086067,0.7)
red 217.3371 226.6445 15.31303 (-0.06259525,5,0.7) (-0.06259525,0.07870518,0.7)
red 220.8432 226.9 14.17253 (0.4956062,5,0.7) (0.4956062,1.496714,0.7)
red 221.3411 227.4 13.96501 (-0.540673,5,0.7) (-0.540673,1.435493,0.7)
red 217.8384 227.6556 16.01733 (0.8282328,5,0.7) (0.8282328,0.08070493,0.7)
red 221.8445 228.0333 14.32437 (-0.4944764,4.998981,0.7) (-0.4944764,1.46359,0.7)
red 219.3347 228.0778 14.52397 (0.8526204,5,0.7) (0.8526204,0.07951623,0.7)
red 218.8355 228.2 15.39881 (0.8656213,5,0.7) (0.8656213,0.08226502,0.7)
red 219.8348 229.1 15.26474 (-0.2136198,5,0.7) (-0.2136198,0.08383924,0.7)
red 220.3438 229.5667 15.20566 (-0.8098559,5,0.7) (-0.8098559,0.07880017,0.7)
red 224.3376 230.0778 13.49201 (-0.6119385,5,0.7) (-0.6119385,1.488336,0.7)
red 223.8385 231.1111 15.9301 (-0.5490477,5,0.7) (-0.5490477,1.337696,0.7)
red 222.3411 232.5556 16.55324 (-0.1442136,5,0.7) (-0.1442136,0.08005857,0.7)
red 223.3363 232.8556 15.60785 (0.7559171,5,0.7) (0.7559171,0.08041298,0.7)
red 222.8384 233.1111 16.62597 (-0.931505,5,0.7) (-0.931505,0.07958081,0.7)
0
