compute 49.3527126001036(0.162410765886307,0.448489159345627,0.326252281665802) (-0.07169098,0.8829346,0.3310046) (18.52581,350.6327,67.24915) (-0.06026757,1.289003,0.09484219) (329.0887,353.2865,356.3185)
compute 1.2512981971919(0.156611278653145,0.448556691408157,0.33733993768692) (0.1624108,0.4484892,0.3262523) (18.61094,350.2754,66.90305) (-0.06191349,1.289907,0.09694815) (328.5602,350.1589,357.3704)
compute 2.36494687807949(0.141096651554108,0.448419868946075,0.355188608169556) (0.1566113,0.4485567,0.3373399) (19.05975,349.6639,66.57729) (-0.06836768,1.29088,0.09646367) (328.1541,344.753,0.03835334)
compute 2.89951016984883(0.119633547961712,0.448258846998215,0.37468284368515) (0.1410967,0.4484199,0.3551886) (19.53267,349.0467,66.38519) (-0.07303406,1.292143,0.09780858) (328.4484,340.8215,2.089375)
compute 2.07011734471536(0.10404708981514,0.448317497968674,0.388306260108948) (0.1196335,0.4482588,0.3746828) (19.84232,348.381,66.17607) (-0.07587463,1.291497,0.09928042) (328.6114,338.5594,2.910465)
compute 1.23112270937998(0.0937079414725304,0.448623985052109,0.394982665777206) (0.1040471,0.4483175,0.3883063) (19.75679,347.8488,65.97768) (-0.07687764,1.291875,0.09849139) (326.8966,338.2749,2.533036)
compute 0.206400964418214(0.0919052213430405,0.448908001184464,0.395946860313416) (0.09370794,0.448624,0.3949827) (19.46741,347.4,65.79688) (-0.07780167,1.294768,0.098519) (325.0393,339.0664,1.980553)
compute 0.0603265570616338(0.0917207524180412,0.449423432350159,0.396200299263) (0.09190522,0.448908,0.3959469) (18.89274,347.4018,65.63251) (-0.07720501,1.298367,0.09555387) (323.3604,339.6332,2.024467)
compute 0.132329650799753(0.0915542840957642,0.450723767280579,0.396380662918091) (0.09172075,0.4494234,0.3962003) (17.57595,346.5674,65.20267) (-0.0780314,1.299183,0.09417544) (324.5186,340.4572,1.688006)
compute 0.542319350444415(0.0937627479434013,0.452037900686264,0.391605019569397) (0.09155428,0.4507238,0.3963807) (17.25422,345.6133,65.1807) (-0.07912683,1.296034,0.09380819) (325.1606,341.5211,1.250388)
compute 0.753785881785162(0.0976331979036331,0.452260196208954,0.385140538215637) (0.09376275,0.4520379,0.391605) (17.16875,346.2694,64.90279) (-0.07985754,1.293695,0.09311216) (325.8682,342.5747,0.6718247)
compute 0.691105178023693(0.102365121245384,0.452251762151718,0.380103528499603) (0.0976332,0.4522602,0.3851405) (17.14109,346.5253,64.80033) (-0.07992322,1.293438,0.09293472) (325.7353,343.1075,0.9683779)
compute 0.31927541510129(0.105392932891846,0.452177107334137,0.37909334897995) (0.1023651,0.4522518,0.3801035) (17.2716,347.1718,64.80444) (-0.07990459,1.293363,0.09339103) (325.5978,343.1257,1.041111)
compute 0.103013656054784(0.106372520327568,0.451923906803131,0.378899753093719) (0.1053929,0.4521771,0.3790933) (17.62355,347.4815,65.00742) (-0.08174035,1.293841,0.09316392) (325.8094,342.7474,1.516003)
compute 0.0339272502226561(0.106581673026085,0.451684564352036,0.378781110048294) (0.1063725,0.4519239,0.3788998) (18.01867,347.6879,65.21211) (-0.08406872,1.293846,0.0926543) (326.188,342.58,1.946797)
compute 0.115361059313217(0.105448879301548,0.451539278030396,0.378618359565735) (0.1065817,0.4516846,0.3787811) (18.17108,347.7274,65.3261) (-0.08525154,1.293313,0.09263101) (326.2292,342.5542,1.901311)
compute 0.272046573017804(0.102734856307507,0.451426416635513,0.378469109535217) (0.1054489,0.4515393,0.3786184) (18.21573,347.5244,65.39699) (-0.0866745,1.292797,0.0916127) (325.6938,342.4777,1.944575)
compute 0.221965045863072(0.100643076002598,0.450688064098358,0.37839075922966) (0.1027349,0.4514264,0.3784691) (18.18095,347.2863,65.48663) (-0.08689877,1.293042,0.08787438) (324.0914,342.0423,1.954197)
compute 0.437396582103144(0.0963920131325722,0.449686735868454,0.378630310297012) (0.1006431,0.4506881,0.3783908) (17.81185,346.8466,65.47546) (-0.08659016,1.29627,0.07910924) (322.0144,340.8429,2.502507)
compute 0.651729240122323(0.0901892632246017,0.44967046380043,0.380630493164063) (0.09639201,0.4496867,0.3786303) (17.70184,345.9888,65.28641) (-0.08630621,1.296359,0.07196429) (321.1087,340.0106,2.576955)
compute 0.416522380112865(0.0864041298627853,0.449592769145966,0.382367104291916) (0.09018926,0.4496705,0.3806305) (17.86514,345.161,64.7854) (-0.086244,1.296278,0.0671958) (320.7821,339.784,2.147054)
compute 0.219728794388596(0.0843643397092819,0.449642926454544,0.383182466030121) (0.08640413,0.4495928,0.3823671) (17.65877,344.3383,64.34818) (-0.08549985,1.295926,0.06276055) (320.3557,339.5952,1.900862)
compute 0.153331825782114(0.0828600600361824,0.449697643518448,0.383474379777908) (0.08436434,0.4496429,0.3831825) (17.5153,343.5478,64.14109) (-0.08446994,1.295648,0.0579109) (319.861,339.4372,2.050059)
compute 0.0824368211071006(0.0821868032217026,0.449679613113403,0.382999002933502) (0.08286006,0.4496976,0.3834744) (17.35044,342.807,64.05282) (-0.08280776,1.294086,0.05660921) (320.3489,339.6873,1.837425)
compute 0.345210167134094(0.0826069489121437,0.44909855723381,0.37962219119072) (0.0821868,0.4496796,0.382999) (17.36177,341.7389,64.13139) (-0.07994667,1.291824,0.05541058) (321.0618,340.3463,1.410214)
compute 0.679347209945951(0.0879979878664017,0.448650568723679,0.375512778759003) (0.08260695,0.4490986,0.3796222) (17.37155,340.7679,64.26717) (-0.07637513,1.292054,0.05659378) (321.4054,340.4324,1.450016)
compute 0.261299292886933(0.0899316743016243,0.448496907949448,0.37376207113266) (0.08799799,0.4486506,0.3755128) (17.46481,340.1709,64.39452) (-0.07578582,1.292165,0.05701832) (321.3946,340.2527,1.872078)
compute 0.07088652171172(0.0902777686715126,0.448327034711838,0.373167216777802) (0.08993167,0.4484969,0.3737621) (17.60279,339.1934,64.47489) (-0.07419462,1.291861,0.05760244) (321.0923,340.1136,1.712393)
compute 0.301083359874443(0.093256488442421,0.448149532079697,0.37276616692543) (0.09027777,0.448327,0.3731672) (17.65982,338.0977,64.48486) (-0.069327,1.292714,0.05768947) (321.017,340.1245,1.682095)
compute 0.317654322603661(0.0964273512363434,0.448293179273605,0.372641980648041) (0.09325649,0.4481495,0.3727662) (17.21028,337.3431,63.89766) (-0.0662803,1.29259,0.0566019) (320.6243,339.8445,1.931067)
compute 0.213845785073324(0.0985231325030327,0.448656171560287,0.372420758008957) (0.09642735,0.4482932,0.372642) (16.42941,335.7143,63.37179) (-0.06115873,1.294524,0.05161066) (319.4564,339.4018,1.83836)
compute 0.0452773337351345(0.0988690629601479,0.448922663927078,0.372540414333344) (0.09852313,0.4486562,0.3724208) (16.05067,334.7542,62.96646) (-0.06035915,1.295343,0.0473625) (318.5521,338.7014,1.93303)
compute 0.151528433266004(0.0976564288139343,0.449453681707382,0.373277723789215) (0.09886906,0.4489227,0.3725404) (15.14919,333.8325,61.91578) (-0.05699469,1.295508,0.04439247) (317.8202,338.6865,1.809193)
compute 0.143616296917037(0.096484512090683,0.450276792049408,0.373385727405548) (0.09765643,0.4494537,0.3732777) (13.84821,332.2029,61.10506) (-0.05327544,1.295596,0.04390342) (317.9005,338.8642,1.502288)
compute 0.115809854231597(0.0957159101963043,0.45094558596611,0.372835129499435) (0.09648451,0.4502768,0.3733857) (12.83732,329.9188,59.98109) (-0.05253077,1.295349,0.04432671) (317.6784,338.4389,1.574496)
compute 0.142060999505437(0.0948389768600464,0.451911866664886,0.372273504734039) (0.09571591,0.4509456,0.3728351) (10.473,327.5212,59.71803) (-0.05119708,1.29469,0.04421971) (317.3877,338.5586,1.322274)
compute 0.109700410270722(0.0943365693092346,0.452885776758194,0.37222346663475) (0.09483898,0.4519119,0.3722735) (8.763807,325.707,58.76423) (-0.04979703,1.294285,0.04460349) (316.9198,338.5021,1.36599)
compute 0.103078759470423(0.0948129296302795,0.453038930892944,0.373124659061432) (0.09433657,0.4528858,0.3722235) (8.26209,323.6055,57.64434) (-0.04833233,1.294864,0.04539865) (316.4402,338.0989,1.532886)
compute 0.328254057554463(0.0943507328629494,0.453664064407349,0.376313805580139) (0.09481293,0.4530389,0.3731247) (6.354592,321.6731,56.66728) (-0.04955061,1.294887,0.04647344) (315.8121,337.0185,2.104329)
compute 0.682486778265153(0.0889401063323021,0.454597532749176,0.380367517471313) (0.09435073,0.4536641,0.3763138) (4.376811,320.6085,56.78732) (-0.05311342,1.295135,0.04675257) (315.6107,336.5803,2.461647)
compute 0.498862661085849(0.0842751860618591,0.454905927181244,0.382108151912689) (0.08894011,0.4545975,0.3803675) (3.730077,320.491,56.90494) (-0.05481482,1.295726,0.04568338) (315.2468,336.5442,2.718069)
compute 0.415154239454811(0.0802469924092293,0.455463320016861,0.382943779230118) (0.08427519,0.4549059,0.3821082) (2.656428,320.1255,56.78797) (-0.05907625,1.297452,0.04536669) (314.7065,336.2484,3.129919)
compute 0.367279784704163(0.0769588202238083,0.4562608897686,0.384372502565384) (0.08024699,0.4554633,0.3829438) (1.545987,319.6092,56.53883) (-0.06085476,1.298319,0.04516311) (315.1617,335.7129,3.899481)
compute 0.467696034900701(0.0724062547087669,0.457231670618057,0.38482603430748) (0.07695882,0.4562609,0.3843725) (0.2849259,318.2043,56.48923) (-0.06377936,1.298391,0.04554824) (315.2036,335.3289,4.200754)
compute 0.507524318210896(0.0675245299935341,0.458460479974747,0.385471701622009) (0.07240625,0.4572317,0.384826) (358.2158,316.5124,56.78159) (-0.06690807,1.298929,0.04631322) (315.7137,334.8961,4.654462)
compute 0.484692840125929(0.063388854265213,0.460845053195953,0.38630998134613) (0.06752453,0.4584605,0.3854717) (353.4084,315.0252,57.37022) (-0.06932513,1.299095,0.04963935) (316.1708,334.3234,4.877878)
compute 0.454404639538363(0.0600785240530968,0.463945031166077,0.38602676987648) (0.06338885,0.4608451,0.38631) (346.7522,310.6775,60.54291) (-0.06971759,1.299268,0.0519893) (316.7499,334.3026,4.905156)
compute 0.369189469821865(0.0595753788948059,0.46683007478714,0.383778780698776) (0.06007852,0.463945,0.3860268) (341.2982,306.6088,63.76702) (-0.06981733,1.299573,0.05264987) (317.3221,334.8386,4.918587)
compute 0.235290121061435(0.0596410855650902,0.46867448091507,0.382319331169128) (0.05957538,0.4668301,0.3837788) (339.4564,304.507,64.4761) (-0.06912276,1.298942,0.05265005) (318.2362,334.6342,5.168784)
compute 0.167031711665024(0.0602106973528862,0.468395233154297,0.380774170160294) (0.05964109,0.4686745,0.3823193) (341.5201,302.363,64.03293) (-0.06815775,1.296653,0.05280671) (318.8224,333.7492,5.763857)
compute 0.228496661118683(0.0587759837508202,0.4667087495327,0.380209863185883) (0.0602107,0.4683952,0.3807742) (345.6899,300.4962,62.10368) (-0.06903417,1.295325,0.05385272) (319.3492,332.4298,6.415524)
compute 0.655517422952759(0.054117601364851,0.466007322072983,0.384768128395081) (0.05877598,0.4667087,0.3802099) (346.5532,298.2875,62.15303) (-0.06927458,1.295939,0.06031273) (320.5512,331.76,6.623985)
compute 0.295313312911281(0.0523740537464619,0.467752635478973,0.386391371488571) (0.0541176,0.4660073,0.3847681) (341.7402,298.4503,62.28531) (-0.06992515,1.296478,0.06236862) (321.2694,331.5499,6.703557)
compute 0.466852043907038(0.0531338080763817,0.47216323018074,0.387719720602036) (0.05237405,0.4677526,0.3863914) (332.7296,299.8265,63.03207) (-0.07049531,1.2964,0.06433834) (321.9539,331.2212,6.782455)
compute 0.485737320683176(0.0532725006341934,0.476807177066803,0.386302471160889) (0.05313381,0.4721632,0.3877197) (320.3818,297.9495,71.19537) (-0.07154568,1.295755,0.06688985) (323.2516,330.5778,6.70411)
compute 0.549514183647763(0.0546319074928761,0.481005609035492,0.38302806019783) (0.0532725,0.4768072,0.3863025) (305.0817,286.1133,87.36536) (-0.07190615,1.294715,0.06952351) (324.252,329.483,7.428269)
compute 0.427219434761444(0.0543134771287441,0.482950150966644,0.379237413406372) (0.05463191,0.4810056,0.3830281) (294.4377,254.4282,121.8788) (-0.07391454,1.293361,0.07433902) (325.4797,327.6092,8.64994)
compute 68.7111951550508(-0.192850232124329,1.1240553855896,0.375112295150757) (0.05431348,0.4829502,0.3792374) (296.6183,210.7238,169.2512) (-0.08422928,1.290499,0.08154321) (327.7843,326.8279,7.5984)
compute 11.0159925354157(-0.207249626517296,1.23146724700928,0.355349719524384) (-0.1928502,1.124055,0.3751123) (300.7124,188.3096,194.5982) (-0.1020659,1.290656,0.08808944) (328.6628,326.7361,7.760943)
compute 8.60335250462977(-0.239662528038025,1.31113076210022,0.353137105703354) (-0.2072496,1.231467,0.3553497) (307.9042,184.2909,205.3138) (-0.1259326,1.288435,0.09520398) (328.9309,326.1559,6.421235)
compute 8.82896438895338(-0.291548699140549,1.37259924411774,0.389530956745148) (-0.2396625,1.311131,0.3531371) (309.7744,186.2459,211.2254) (-0.1564545,1.291233,0.1014044) (328.2882,326.8446,4.598592)
compute 23.5988456030384(-0.427438020706177,1.40078330039978,0.580398201942444) (-0.2915487,1.372599,0.389531) (297.4968,252.22,150.5902) (-0.1802318,1.293126,0.10621) (328.0563,326.6084,4.118928)
compute 4.30706013545522(-0.434834212064743,1.35875833034515,0.574543714523315) (-0.427438,1.400783,0.5803982) (298.9471,259.0893,142.2388) (-0.2033178,1.294398,0.1039409) (326.0083,324.4154,5.739046)
compute 10.859984349315(-0.393866688013077,1.35078930854797,0.474283635616302) (-0.4348342,1.358758,0.5745437) (302.3093,223.1728,172.9597) (-0.2141126,1.290759,0.1030646) (324.102,318.6247,8.848166)
compute 13.5715445658256(-0.3149593770504,1.39855873584747,0.37473264336586) (-0.3938667,1.350789,0.4742836) (314.7124,183.0019,212.0424) (-0.2211249,1.293595,0.1088537) (324.11,315.8853,9.701034)
compute 8.17536543908897(-0.277212232351303,1.43432998657227,0.3116514980793) (-0.3149594,1.398559,0.3747326) (329.6584,165.0765,228.7615) (-0.2389233,1.287906,0.1191939) (325.9173,312.9301,9.652778)
compute 4.7622516170288(-0.3061683177948,1.4636824131012,0.287821173667908) (-0.2772122,1.43433,0.3116515) (334.2247,161.1337,231.5165) (-0.2699516,1.27967,0.1252315) (328.6408,308.8734,10.60028)
compute 7.53236877327617(-0.379279881715775,1.48022353649139,0.295220404863358) (-0.3061683,1.463682,0.2878212) (334.0398,157.6686,230.8329) (-0.3020256,1.280243,0.1310211) (331.7145,306.1709,11.17274)
compute 6.96602700200918(-0.442925453186035,1.48333394527435,0.323365032672882) (-0.3792799,1.480224,0.2952204) (330.7453,158.3548,230.3526) (-0.3354689,1.283502,0.1357605) (334.9905,305.1914,11.67214)
compute 4.24908298399959(-0.476755768060684,1.47098898887634,0.34591680765152) (-0.4429255,1.483334,0.323365) (330.1219,157.1261,231.0735) (-0.3541566,1.2778,0.1363462) (336.3202,304.1961,12.34751)
compute 7.04502362074989(-0.526643514633179,1.46711325645447,0.395509421825409) (-0.4767558,1.470989,0.3459168) (326.5922,153.998,234.5821) (-0.3729264,1.264287,0.1438868) (336.5386,303.7687,10.99864)
compute 26.6799053156341(-0.72397243976593,1.47312676906586,0.574972152709961) (-0.5266435,1.467113,0.3955094) (292.1698,235.0237,154.0634) (-0.385564,1.255919,0.15672) (339.4437,302.1626,11.00657)
compute 13.6815654611692(-0.77399754524231,1.37350285053253,0.654288530349731) (-0.7239724,1.473127,0.5749722) (301.1756,285.2148,99.2587) (-0.3904555,1.246006,0.1620448) (341.6383,304.8421,10.5708)
compute 5.03337835130507(-0.761831164360046,1.356196641922,0.608616173267365) (-0.7739975,1.373503,0.6542885) (301.5176,254.0577,134.2272) (-0.3942897,1.233059,0.1521307) (342.4595,305.5489,10.91175)
compute 9.95502468601091(-0.731595695018768,1.34064507484436,0.515052199363709) (-0.7618312,1.356197,0.6086162) (301.7065,203.3705,175.9198) (-0.4042781,1.232094,0.1535282) (344.0148,303.8113,13.6394)
compute 11.9818379900324(-0.811064004898071,1.25146126747131,0.524405300617218) (-0.7315957,1.340645,0.5150522) (320.3198,253.4251,127.8736) (-0.3747258,1.254094,0.1604537) (335.974,313.0848,13.60434)
compute 11.8586952141189(-0.732052803039551,1.2295389175415,0.438734382390976) (-0.811064,1.251461,0.5244053) (316.9951,234.4844,136.2953) (-0.319231,1.29258,0.1428253) (323.5026,327.1367,15.08526)
compute 15.7611403202778(-0.591308832168579,1.22968208789825,0.36779448390007) (-0.7320528,1.229539,0.4387344) (322.6668,216.1877,155.7448) (-0.2704722,1.300035,0.1252185) (319.288,338.7431,11.62375)
compute 12.6327489727615(-0.468288064002991,1.22908735275269,0.339086085557938) (-0.5913088,1.229682,0.3677945) (330.4001,210.1902,169.1471) (-0.2340215,1.301943,0.1149599) (317.6342,344.7716,7.91333)
compute 13.1725482038778(-0.343064427375793,1.26516342163086,0.358299642801285) (-0.4682881,1.229087,0.3390861) (326.1036,212.9415,180.9922) (-0.2174136,1.302603,0.123452) (318.6949,348.813,5.060236)
compute 12.6514651412916(-0.23439759016037,1.32038104534149,0.392189025878906) (-0.3430644,1.265163,0.3582996) (318.9532,212.2559,198.8778) (-0.1956181,1.2946,0.129647) (322.1549,353.8613,2.015648)
compute 10.0556969760305(-0.142449602484703,1.36021542549133,0.40058508515358) (-0.2343976,1.320381,0.392189) (315.8497,206.9592,214.388) (-0.1667167,1.294466,0.1337636) (322.3497,358.6389,359.8858)
compute 5.93462457744786(-0.0960772782564163,1.39689612388611,0.405694961547852) (-0.1424496,1.360215,0.4005851) (313.4826,204.2701,221.7883) (-0.1425703,1.296852,0.138649) (324.4929,358.7491,0.01332685)
compute 3.74395023446055(-0.0961402729153633,1.42975080013275,0.423647195100784) (-0.09607728,1.396896,0.405695) (315.231,205.2494,224.0642) (-0.1234904,1.297324,0.143246) (325.8199,357.6955,0.1888993)
compute 19.663805033783(-0.103637792170048,1.48763823509216,0.611421942710876) (-0.09614027,1.429751,0.4236472) (296.1194,229.3085,194.7898) (-0.1137051,1.293175,0.1416139) (328.5865,355.7539,1.328439)
compute 7.72072489979862(-0.127418920397758,1.43373513221741,0.661320567131042) (-0.1036378,1.487638,0.6114219) (295.8868,300.7923,119.8458) (-0.123813,1.291663,0.1395925) (331.3791,355.2274,359.1926)
compute 9.7809207785194(-0.199505746364594,1.391437292099,0.610516786575317) (-0.1274189,1.433735,0.6613206) (309.0606,285.181,134.1207) (-0.1426148,1.289159,0.1335116) (331.5748,350.7128,1.793082)
compute 8.10202202989441(-0.246570259332657,1.39457952976227,0.54464316368103) (-0.1995057,1.391437,0.6105168) (308.1802,268.4301,152.1106) (-0.1575881,1.286517,0.1333006) (331.544,347.0239,2.911056)
compute 15.318299859527(-0.309154391288757,1.35490572452545,0.678711235523224) (-0.2465703,1.39458,0.5446432) (323.6905,298.3278,129.0087) (-0.1731485,1.279062,0.1274466) (335.0178,343.4927,5.601352)
compute 15.202910153077(-0.392064183950424,1.32452619075775,0.554953813552856) (-0.3091544,1.354906,0.6787112) (323.7903,275.5959,142.0945) (-0.2003434,1.278346,0.1277985) (333.3107,334.6384,10.00592)
compute 11.4906148994586(-0.487529784440994,1.33902132511139,0.492667108774185) (-0.3920642,1.324526,0.5549538) (323.4846,250.1374,161.9655) (-0.2134401,1.275705,0.1379786) (333.958,336.8956,7.255113)
compute 17.4650377285162(-0.56108021736145,1.27384197711945,0.637044191360474) (-0.4875298,1.339021,0.4926671) (347.1537,286.957,143.4138) (-0.215096,1.273491,0.1524862) (338.3435,343.3186,3.229599)
compute 14.9965059662493(-0.466170281171799,1.28938698768616,0.521979093551636) (-0.5610802,1.273842,0.6370442) (328.6198,260.6259,150.5451) (-0.1869303,1.274144,0.16863) (338.9155,354.3596,2.194641)
compute 23.9230045670404(-0.235574573278427,1.2799756526947,0.458986520767212) (-0.4661703,1.289387,0.5219791) (312.3197,251.4556,162.721) (-0.139145,1.270736,0.1810622) (342.5091,7.867074,358.2567)
compute 27.8618591684337(0.0365397334098816,1.24095988273621,0.413600444793701) (-0.2355746,1.279976,0.4589865) (290.5463,242.5546,193.8155) (-0.1050642,1.266075,0.1862869) (344.6994,14.04175,356.4539)
compute 25.6630597674396(0.11078230291605,1.13799381256104,0.636636972427368) (0.03653973,1.24096,0.4136004) (312.7721,325.9474,117.5857) (-0.0757579,1.251946,0.1829561) (351.1673,16.62025,358.6101)
compute 8.67503491985841(0.0557620674371719,1.1133953332901,0.574240565299988) (0.1107823,1.137994,0.636637) (311.2633,305.846,130.9877) (-0.06940024,1.273971,0.1816161) (340.6771,13.34194,356.4052)
compute 7.08260973654779(-0.00185204774606973,1.11152386665344,0.5330890417099) (0.05576207,1.113395,0.5742406) (307.0796,282.7579,147.3624) (-0.07254512,1.291315,0.1571657) (332.3436,8.909186,356.3986)
compute 5.95492762531851(-0.0038970906753093,1.15475642681122,0.492188185453415) (-0.001852048,1.111524,0.533089) (296.6587,272.3778,153.7865) (-0.08654147,1.296227,0.1442032) (327.556,3.467443,358.5971)
compute 9.57891053988368(-0.0232396479696035,1.23288190364838,0.440247565507889) (-0.003897091,1.154756,0.4921882) (296.9766,244.9202,181.2525) (-0.1132065,1.289865,0.138995) (329.0475,355.8579,1.691381)
compute 10.7025893250712(-0.0839869678020477,1.30771231651306,0.393721073865891) (-0.02323965,1.232882,0.4402476) (306.5785,223.5756,202.5686) (-0.1329106,1.280328,0.1343161) (331.5491,351.3948,4.075381)
compute 12.0512090415617(-0.182037979364395,1.36272752285004,0.437108755111694) (-0.08398697,1.307712,0.3937211) (317.273,225.0273,201.8712) (-0.1480092,1.273993,0.1328929) (333.0809,347.0189,7.069975)
compute 20.6134696180408(-0.243331506848335,1.35006642341614,0.633512198925018) (-0.182038,1.362728,0.4371088) (330.8722,292.3748,157.4168) (-0.1473927,1.274106,0.1267627) (332.7616,348.2805,4.407012)
compute 10.2077460869759(-0.247027680277824,1.33741569519043,0.532289147377014) (-0.2433315,1.350066,0.6335122) (320.3145,265.9904,161.3755) (-0.1402342,1.273302,0.1258041) (333.4497,349.0786,6.011106)
compute 4.90400808799174(-0.273419797420502,1.31971526145935,0.494938373565674) (-0.2470277,1.337416,0.5322891) (319.9799,257.8606,164.3114) (-0.1281112,1.281077,0.1252531) (326.9106,356.0324,3.154271)
compute 6.58071353455307(-0.308892846107483,1.28014743328094,0.456123054027557) (-0.2734198,1.319715,0.4949384) (325.0196,246.165,169.0012) (-0.1088706,1.289845,0.1181544) (322.9667,5.296179,358.8091)
compute 5.2955656879692(-0.284137785434723,1.2675952911377,0.411023914813995) (-0.3088928,1.280147,0.4561231) (325.1528,238.224,173.3674) (-0.09411947,1.28955,0.116038) (323.385,11.98419,354.2991)
compute 9.1992224802618(-0.202697813510895,1.2762416601181,0.369127124547958) (-0.2841378,1.267595,0.4110239) (323.8802,232.4949,184.3319) (-0.08319037,1.287043,0.115784) (324.3226,15.93526,352.3941)
compute 10.6997795661536(-0.102615840733051,1.30844306945801,0.349247574806213) (-0.2026978,1.276242,0.3691271) (319.4011,230.5853,195.6908) (-0.07460564,1.284459,0.1162448) (325.7943,18.28784,350.9066)
compute 10.447210337568(-0.00352464523166418,1.3415390253067,0.349364638328552) (-0.1026158,1.308443,0.3492476) (313.8987,234.1021,205.0923) (-0.05356719,1.280472,0.115091) (327.71,23.02831,348.1838)
compute 7.06872446716466(0.0602509081363678,1.36525559425354,0.368519008159637) (-0.003524645,1.341539,0.3493646) (307.2414,239.2627,206.9548) (-0.03570543,1.277203,0.111682) (330.2478,26.4285,346.9195)
compute 7.63595958593362(0.103087931871414,1.40869414806366,0.41444143652916) (0.06025091,1.365256,0.368519) (299.3993,245.629,207.2585) (-0.01025021,1.278803,0.1049348) (331.0981,29.06821,345.5274)
compute 15.4341984558064(0.143444120883942,1.46166908740997,0.553676784038544) (0.1030879,1.408694,0.4144414) (297.2684,258.0281,195.5489) (0.02147701,1.286031,0.1044334) (332.4546,29.91457,346.339)
compute 15.5000468393246(0.158828943967819,1.35173141956329,0.661853313446045) (0.1434441,1.461669,0.5536768) (327.1589,315.5691,146.3627) (0.03824356,1.277328,0.1042564) (334.621,32.27259,343.098)
compute 13.1692714760476(0.221558168530464,1.33954203128815,0.546703696250916) (0.1588289,1.351731,0.6618533) (309.9408,303.9858,153.05) (0.05896455,1.271829,0.1130775) (336.1896,31.45801,342.5867)
compute 16.3437627286127(0.379295021295547,1.34976589679718,0.50515353679657) (0.2215582,1.339542,0.5467037) (284.089,307.9086,154.9123) (0.07218786,1.270908,0.1145733) (336.0577,31.2546,342.1353)
compute 19.6805754947519(0.479038268327713,1.26272892951965,0.650784432888031) (0.379295,1.349766,0.5051535) (307.8788,7.373735,86.77049) (0.07773889,1.273806,0.111236) (334.5623,33.18219,341.6523)
compute 7.18568590763464(0.455715775489807,1.26528823375702,0.582865953445435) (0.4790383,1.262729,0.6507844) (291.2302,0.09037206,96.72784) (0.06348555,1.279314,0.1117163) (332.6381,31.98166,343.1603)
compute 5.05416602537328(0.427730202674866,1.28101420402527,0.543828010559082) (0.4557158,1.265288,0.582866) (286.5449,337.653,123.9388) (0.05446653,1.279989,0.1117042) (334.6377,34.64867,342.6738)
compute 7.1715190702917(0.399798005819321,1.31010258197784,0.484526008367538) (0.4277302,1.281014,0.543828) (283.6761,297.7729,165.2555) (0.04476841,1.275979,0.1110685) (336.0479,35.29626,344.0419)
compute 6.77755070585233(0.411593794822693,1.34376275539398,0.426894664764404) (0.399798,1.310103,0.484526) (278.2639,260.4809,202.1181) (0.0516569,1.272983,0.1095389) (337.6742,37.15832,343.7959)
compute 6.05200095162609(0.467032372951508,1.36642956733704,0.418208390474319) (0.4115938,1.343763,0.4268947) (271.2716,62.41391,38.5509) (0.07423743,1.273339,0.1078341) (337.1007,37.50249,342.9048)
compute 4.46137865559498(0.510095477104187,1.36397659778595,0.40680918097496) (0.4670324,1.36643,0.4182084) (277.4351,98.75907,359.6366) (0.09572111,1.270823,0.1114745) (338.1337,38.49048,340.3458)
compute 5.63662365168565(0.541811287403107,1.32045841217041,0.390153020620346) (0.5100955,1.363977,0.4068092) (282.6425,83.07304,14.16966) (0.1027291,1.230424,0.1215345) (338.1293,41.82879,336.0929)
compute 4.07070898814568(0.55415940284729,1.2837165594101,0.402587950229645) (0.5418113,1.320458,0.390153) (280.0381,59.80902,42.84597) (0.1353284,1.211918,0.140573) (338.5759,44.16018,341.1379)
compute 3.87997936959457(0.567029118537903,1.29164612293243,0.43832191824913) (0.5541594,1.283717,0.402588) (283.5033,43.5649,60.40469) (0.1772124,1.220694,0.157814) (345.5971,43.49656,338.0673)
compute 3.25430689807524(0.560745775699615,1.3235729932785,0.438817828893662) (0.5670291,1.291646,0.4383219) (279.5672,48.0364,56.51017) (0.1674518,1.241398,0.1596272) (344.9527,40.84602,341.4174)
compute 3.74945903642827(0.572183430194855,1.35601794719696,0.453729212284088) (0.5607458,1.323573,0.4388178) (277.1078,122.3811,344.2951) (0.1474087,1.267387,0.160791) (341.9829,36.78172,344.3242)
compute 18.0454655913213(0.650221049785614,1.26971042156219,0.591660439968109) (0.5721834,1.356018,0.4537292) (322.028,33.65697,64.61783) (0.1323324,1.271178,0.1777593) (343.7488,27.31145,348.6929)
compute 3.36050480161222(0.620427429676056,1.26852083206177,0.57616126537323) (0.650221,1.26971,0.5916604) (304.1231,48.48986,49.17194) (0.105621,1.263297,0.183434) (346.2822,23.61681,349.1458)
compute 25.6444883338123(0.38093289732933,1.25566637516022,0.485380709171295) (0.6204274,1.268521,0.5761613) (277.4001,313.2304,130.3734) (0.08406349,1.252027,0.1842107) (345.7839,20.16438,351.5172)
compute 14.297011896526(0.241149619221687,1.23523163795471,0.463391810655594) (0.3809329,1.255666,0.4853807) (291.7676,254.9707,192.9593) (0.0663349,1.247544,0.18347) (349.1795,19.38366,352.2909)
compute 19.1599200817625(0.2268086373806,1.15550422668457,0.637023985385895) (0.2411496,1.235232,0.4633918) (320.9282,331.5888,120.2441) (0.04382448,1.248985,0.1962268) (352.9734,17.31791,351.4038)
compute 13.2043813927531(0.203244984149933,1.19478690624237,0.513180553913116) (0.2268086,1.155504,0.637024) (293.127,310.999,132.8305) (0.01195766,1.266884,0.2236718) (349.9326,6.305653,356.2989)
compute 7.40656643232311(0.163131579756737,1.17570519447327,0.453913986682892) (0.203245,1.194787,0.5131806) (282.831,256.6704,179.6329) (-0.03370041,1.26675,0.2434237) (350.0496,350.0225,358.7335)
compute 10.9862012278416(0.0704875215888023,1.11836564540863,0.439810216426849) (0.1631316,1.175705,0.453914) (285.1826,245.27,175.6487) (-0.075706,1.26661,0.2411631) (350.8035,332.8487,2.439478)
compute 10.9982576718071(-0.0260093361139297,1.07686495780945,0.407218545675278) (0.07048752,1.118366,0.4398102) (291.7084,241.9992,164.0136) (-0.09915638,1.260463,0.228212) (351.8943,323.8217,3.751949)
compute 7.21501499615855(-0.0914574041962624,1.08001661300659,0.377014875411987) (-0.02600934,1.076865,0.4072185) (294.7499,234.3033,160.4973) (-0.1069246,1.263502,0.2120316) (350.7254,320.9379,5.653934)
compute 6.54780462733494(-0.136222317814827,1.12031054496765,0.351326823234558) (-0.0914574,1.080017,0.3770149) (298.5129,221.0297,167.4718) (-0.1113615,1.268515,0.1983332) (349.526,318.1249,7.210507)
compute 7.46551927320814(-0.203565120697021,1.15251541137695,0.352418422698975) (-0.1362223,1.120311,0.3513268) (300.1788,222.2545,164.6772) (-0.132442,1.269405,0.1940767) (350.5945,315.6383,8.1947)
compute 9.55031198201628(-0.298310875892639,1.16390192508698,0.348619073629379) (-0.2035651,1.152515,0.3524184) (305.6809,221.1081,162.458) (-0.1711849,1.260379,0.1862742) (351.4448,313.1168,8.700889)
compute 9.6090562622832(-0.3935267329216,1.17505955696106,0.342073500156403) (-0.2983109,1.163902,0.3486191) (310.6019,216.8853,164.4701) (-0.2166974,1.251234,0.1689977) (349.352,312.7776,7.999131)
compute 13.1261816829146(-0.512854635715485,1.22570466995239,0.362703293561935) (-0.3935267,1.17506,0.3420735) (318.1519,217.9388,170.871) (-0.2482432,1.249225,0.1532688) (340.5596,317.1541,7.478825)
compute 29.2500880906582(-0.716766595840454,1.19147717952728,0.569597363471985) (-0.5128546,1.225705,0.3627033) (327.8633,268.5352,133.1501) (-0.2540877,1.258366,0.1501159) (338.1592,323.5347,11.63449)
compute 5.36058842748897(-0.704701781272888,1.14690458774567,0.54237025976181) (-0.7167666,1.191477,0.5695974) (332.1292,269.1502,127.8357) (-0.2391493,1.27328,0.1401412) (335.3305,329.5675,12.1934)
compute 12.369166517092(-0.644637525081635,1.1282901763916,0.435855388641357) (-0.7047018,1.146905,0.5423703) (339.3936,250.3369,139.9089) (-0.2045247,1.284714,0.1284022) (331.6293,335.5338,10.82463)
compute 13.7811913706153(-0.538377821445465,1.17769551277161,0.363328754901886) (-0.6446375,1.12829,0.4358554) (333.3362,233.1157,153.646) (-0.1718661,1.285138,0.1163965) (327.9378,338.8772,8.307976)
compute 12.3952903771846(-0.440015524625778,1.25046741962433,0.343493670225143) (-0.5383778,1.177696,0.3633288) (327.6736,226.3999,167.887) (-0.1562278,1.28758,0.09989806) (325.5267,340.9543,6.0358)
compute 10.7959479831747(-0.368985772132874,1.33154225349426,0.337419539690018) (-0.4400155,1.250467,0.3434937) (324.0144,220.5623,182.7035) (-0.1531833,1.283185,0.08858091) (325.5245,341.0743,5.613245)
compute 6.45805592213943(-0.355376422405243,1.39461696147919,0.340068250894547) (-0.3689858,1.331542,0.3374195) (322.8129,223.2479,188.696) (-0.1611413,1.275135,0.08263969) (325.9475,342.3927,4.316047)
compute 5.87926321703527(-0.365990817546844,1.44810724258423,0.362038642168045) (-0.3553764,1.394617,0.3400683) (321.0756,226.429,193.7409) (-0.1786382,1.274157,0.08405981) (325.8756,345.5555,3.933467)
compute 6.98622776146593(-0.401620209217072,1.50242054462433,0.387755364179611) (-0.3659908,1.448107,0.3620386) (323.1924,218.8276,207.1623) (-0.1676549,1.285302,0.1117964) (326.8076,1.170797,359.018)
compute 20.7092839714681(-0.474325627088547,1.52347981929779,0.580519139766693) (-0.4016202,1.502421,0.3877554) (310.0254,275.0959,144.4509) (-0.1497703,1.293003,0.1390906) (329.8239,9.061632,357.2303)
compute 7.01369660315633(-0.482880294322968,1.46917724609375,0.536961793899536) (-0.4743256,1.52348,0.5805191) (311.916,261.0395,150.8081) (-0.1185102,1.275595,0.1456688) (337.1927,21.51335,355.494)
compute 14.8647446272054(-0.429653406143188,1.38642251491547,0.425540894269943) (-0.4828803,1.469177,0.5369618) (318.2188,236.0451,169.1625) (-0.08147483,1.269639,0.143947) (339.8274,31.52255,353.0622)
compute 15.9202208970454(-0.312467247247696,1.30774664878845,0.351900845766068) (-0.4296534,1.386423,0.4255409) (319.1192,225.3977,178.9425) (-0.0508818,1.262918,0.1269387) (342.1391,39.78271,350.4649)
compute 14.1433660210711(-0.185176193714142,1.25056672096252,0.328859061002731) (-0.3124672,1.307747,0.3519008) (309.4967,220.4438,185.0177) (-0.03575991,1.257802,0.1099343) (343.0162,43.33341,350.2758)
compute 12.38543247653(-0.0728151649236679,1.19929838180542,0.319561183452606) (-0.1851762,1.250567,0.3288591) (304.9174,223.5901,196.3848) (-0.02722778,1.24619,0.0989406) (348.3582,43.71715,348.3597)
compute 13.657721756018(0.0554326884448528,1.15233612060547,0.320169061422348) (-0.07281516,1.199298,0.3195612) (296.1748,222.717,212.8265) (-0.008288104,1.230541,0.1047255) (354.4972,41.94389,348.9033)
compute 17.0223574085549(0.214518308639526,1.11434435844421,0.367333233356476) (0.05543269,1.152336,0.3201691) (285.5135,226.9535,230.2487) (0.02745197,1.230464,0.1130223) (352.5518,38.08848,348.3294)
compute 23.7154874490116(0.408449023962021,1.10126721858978,0.503209292888641) (0.2145183,1.114344,0.3673332) (282.9033,176.9339,286.8627) (0.05806658,1.256802,0.1235178) (337.3843,24.21862,349.2792)
compute 18.9268501159221(0.496329605579376,1.00099349021912,0.63754004240036) (0.408449,1.101267,0.5032093) (319.0689,35.63537,65.74044) (0.04370821,1.282722,0.1169241) (326.6605,14.17927,347.3682)
compute 8.92756410117766(0.414417237043381,1.02102673053741,0.608228385448456) (0.4963296,1.000993,0.63754) (294.0431,34.06072,53.346) (0.02469772,1.292023,0.09944636) (322.4185,9.948861,349.3645)
compute 8.11935481384935(0.349638909101486,1.06372117996216,0.584283769130707) (0.4144172,1.021027,0.6082284) (281.3244,37.08559,47.01905) (0.0222678,1.289272,0.09477851) (322.2479,10.42813,351.9621)
compute 13.7894045323779(0.261755228042603,1.15880119800568,0.536838889122009) (0.3496389,1.063721,0.5842838) (277.4998,246.6153,194.3051) (0.009565764,1.291655,0.102734) (323.0301,6.623565,353.3362)
compute 14.4844004592776(0.173046872019768,1.24128913879395,0.457426339387894) (0.2617552,1.158801,0.5368389) (294.6387,217.783,219.268) (-0.02381111,1.297242,0.1131524) (326.1781,357.8593,358.9299)
compute 12.9967824675841(0.0649151876568794,1.2807719707489,0.397091597318649) (0.1730469,1.241289,0.4574263) (308.4016,221.449,210.7086) (-0.05778667,1.285453,0.1146056) (329.8286,351.4006,1.96002)
compute 9.56194702131096(-0.0178192779421806,1.29403734207153,0.351025104522705) (0.06491519,1.280772,0.3970916) (316.8463,216.1056,205.9506) (-0.08688359,1.279364,0.1055354) (330.9095,347.4486,4.293766)
compute 6.93231748615933(-0.0837626755237579,1.29934871196747,0.330313742160797) (-0.01781928,1.294037,0.3510251) (320.4346,217.9512,200.1133) (-0.1068313,1.27707,0.09742375) (333.9627,346.5763,4.150388)
compute 5.05565354260583(-0.131563231348991,1.30774128437042,0.316149175167084) (-0.08376268,1.299349,0.3303137) (322.5058,217.494,200.0031) (-0.121171,1.27256,0.09145378) (335.2101,347.5263,2.699569)
compute 5.81086654100184(-0.185066282749176,1.31840622425079,0.336156666278839) (-0.1315632,1.307741,0.3161492) (320.8569,221.3427,196.1342) (-0.1362235,1.272496,0.08950298) (335.9653,347.456,2.947675)
compute 8.86748861039846(-0.25270813703537,1.31451189517975,0.393363744020462) (-0.1850663,1.318406,0.3361567) (324.6246,231.9569,190.2145) (-0.152141,1.271451,0.09378196) (335.9037,347.388,3.281668)
compute 8.16729776178703(-0.303983718156815,1.26964092254639,0.438395798206329) (-0.2527081,1.314512,0.3933637) (335.0211,240.2055,187.1373) (-0.1679787,1.271948,0.1038661) (338.1563,346.5208,5.601478)
compute 8.31016250455046(-0.28387650847435,1.20143055915833,0.395396649837494) (-0.3039837,1.269641,0.4383958) (337.254,225.3344,186.7272) (-0.1716724,1.268226,0.1050709) (338.3321,346.3514,6.252575)
compute 14.2812794908819(-0.20141789317131,1.12814652919769,0.30470198392868) (-0.2838765,1.201431,0.3953966) (339.2777,199.2271,198.0734) (-0.1545324,1.27608,0.09546476) (330.9054,351.5399,6.505594)
compute 9.10408650894007(-0.139367282390594,1.09368073940277,0.247690841555595) (-0.2014179,1.128147,0.304702) (336.1522,191.3027,202.7981) (-0.1207637,1.282147,0.08560598) (326.1232,0.4309065,3.253508)
compute 5.094567754464(-0.100536651909351,1.0771222114563,0.21916963160038) (-0.1393673,1.093681,0.2476908) (337.9285,193.4125,201.7039) (-0.09838657,1.28175,0.08349992) (324.7285,5.346272,0.875779)
compute 3.35831903327364(-0.066974364221096,1.07712876796722,0.220354318618774) (-0.1005367,1.077122,0.2191696) (339.1565,199.2746,202.4287) (-0.08408192,1.282595,0.08667519) (323.9908,7.929659,0.1316086)
compute 3.63789654840822(-0.0353431142866611,1.08798456192017,0.234673708677292) (-0.06697436,1.077129,0.2203543) (335.2969,203.654,206.6079) (-0.07358029,1.285196,0.09519169) (323.5317,10.54101,358.8441)
compute 3.72546243348774(-0.00582795776426792,1.09839987754822,0.254879742860794) (-0.03534311,1.087985,0.2346737) (331.0897,207.4302,210.795) (-0.06688376,1.286308,0.1011716) (323.2796,11.63178,358.4244)
compute 3.71639400269624(0.0240719430148602,1.10315656661987,0.276432663202286) (-0.005827958,1.0984,0.2548797) (327.7166,211.0567,213.5696) (-0.06365138,1.285779,0.1043005) (323.1226,12.36898,358.0958)
compute 1.97131283514467(0.0403121300041676,1.10561335086823,0.287333488464355) (0.02407194,1.103157,0.2764327) (326.4968,213.407,214.5062) (-0.06043477,1.286313,0.1095159) (324.2579,12.65561,358.171)
compute 0.924214066955746(0.0476528778672218,1.11122441291809,0.287117689847946) (0.04031213,1.105613,0.2873335) (326.1422,211.8242,216.519) (-0.05750573,1.2821,0.1154891) (327.1376,11.82037,358.5456)
compute 0.674282586400427(0.0532637089490891,1.11416506767273,0.289427846670151) (0.04765288,1.111224,0.2871177) (325.1815,209.1135,218.1687) (-0.06530371,1.268053,0.1338555) (337.406,3.716345,3.148689)
compute 4.43504303197668(0.026464344933629,1.11169409751892,0.3246790766716) (0.05326371,1.114165,0.2894278) (320.7707,204.1404,216.334) (-0.09260322,1.235843,0.1559984) (354.6378,349.4155,5.743063)
compute 5.27871619232905(-0.0206047743558884,1.11369800567627,0.34849014878273) (0.02646434,1.111694,0.3246791) (313.5477,200.7778,210.0261) (-0.1072806,1.213094,0.1664698) (5.244722,341.7503,5.836448)
compute 4.87242086325619(-0.0587264224886894,1.11940681934357,0.378292798995972) (-0.02060477,1.113698,0.3484901) (302.8828,200.0394,201.5739) (-0.1165128,1.198988,0.1758536) (12.76324,335.8666,5.834131)
compute 4.55908710459345(-0.0932434275746346,1.12285828590393,0.407876431941986) (-0.05872642,1.119407,0.3782928) (294.5075,205.4728,187.3227) (-0.1208699,1.196974,0.1838243) (15.42003,332.5999,5.234853)
compute 22.4326566013712(-0.0223562251776457,0.977072775363922,0.252815157175064) (-0.09324343,1.122858,0.4078764) (290.2987,216.4358,172.766) (-0.1203896,1.206852,0.1936255) (14.10278,333.2339,5.250731)
compute 0.882132336490419(-0.0203105788677931,0.977630913257599,0.261377841234207) (-0.02235623,0.9770728,0.2528152) (289.713,220.3268,169.0747) (-0.1104074,1.213473,0.200645) (14.33969,335.8325,5.160504)
compute 1.24795917069366(-0.0129454778507352,0.9869544506073,0.265194535255432) (-0.02031058,0.9776309,0.2613778) (289.4375,218.1767,172.5721) (-0.1015615,1.210511,0.2072388) (14.80174,340.4499,5.831074)
compute 0.602188076004942(-0.0104303183034062,0.992414653301239,0.26484352350235) (-0.01294548,0.9869545,0.2651945) (289.9625,218.4048,175.2969) (-0.08959842,1.22884,0.2101349) (7.883135,347.8449,7.128744)
compute 0.31490872762277(-0.00898605864495039,0.995111048221588,0.265592068433762) (-0.01043032,0.9924147,0.2648435) (289.4818,223.9019,172.8725) (-0.07756059,1.248997,0.2056796) (359.1648,354.9652,7.301257)
compute 0.272523432676377(-0.00781208602711558,0.996419727802277,0.263509750366211) (-0.008986059,0.995111,0.2655921) (289.485,228.0103,171.1623) (-0.06562974,1.275666,0.1928628) (345.1399,3.255506,5.028294)
compute 0.0940016688471191(-0.00789053644984961,0.995600581169128,0.263964146375656) (-0.007812086,0.9964197,0.2635098) (288.8492,233.3833,168.0123) (-0.0563884,1.288859,0.170234) (336.954,10.11485,2.130446)
compute 0.0898033782023015(-0.00861566420644522,0.995516359806061,0.263441115617752) (-0.007890536,0.9956006,0.2639641) (289.2034,235.3063,167.8447) (-0.05728607,1.289279,0.157476) (334.3251,12.91477,359.9717)
compute 0.435951718363503(-0.00894713215529919,0.995026350021362,0.259121924638748) (-0.008615664,0.9955164,0.2634411) (289.3245,234.5005,169.7391) (-0.05897026,1.286808,0.1536021) (333.1647,13.53739,359.2332)
compute 0.2569718188643(-0.00745449448004365,0.995486855506897,0.257081478834152) (-0.008947132,0.9950264,0.2591219) (289.6332,234.5227,171.1687) (-0.06487004,1.282477,0.1505983) (332.3434,13.69256,358.8089)
compute 0.380073047202345(-0.00834688916802406,0.995493233203888,0.253387004137039) (-0.007454494,0.9954869,0.2570815) (290.0287,234.0192,172.1869) (-0.06619307,1.280423,0.145432) (330.5809,14.85224,357.7489)
compute 0.872556056669327(-0.0129617089405656,0.99525511264801,0.245985507965088) (-0.008346889,0.9954932,0.253387) (290.4966,233.0753,173.2033) (-0.06255197,1.281622,0.1382078) (328.8359,16.33807,356.5878)
compute 0.622583185511671(-0.0147445481270552,0.995984077453613,0.240065112709999) (-0.01296171,0.9952551,0.2459855) (290.7508,232.2861,173.9028) (-0.0620189,1.285833,0.1297348) (327.0825,18.15597,355.2599)
compute 0.788690100912586(-0.018042653799057,0.998301982879639,0.233286246657372) (-0.01474455,0.9959841,0.2400651) (291.4504,230.7814,175.3056) (-0.06070144,1.285936,0.123399) (326.0048,19.33187,354.483)
compute 0.666864855343727(-0.0183889865875244,1.00291442871094,0.228482469916344) (-0.01804265,0.998302,0.2332862) (293.3243,229.0597,177.8981) (-0.06000307,1.2871,0.1199451) (324.8092,18.03772,354.6584)
compute 0.695159856493126(-0.0132205234840512,1.00754284858704,0.228917717933655) (-0.01838899,1.002914,0.2284825) (293.4628,227.2932,180.3478) (-0.06447429,1.28829,0.1189158) (323.9201,13.56166,355.8267)
compute 1.55612590270628(-0.0109657505527139,1.00474119186401,0.244057714939117) (-0.01322052,1.007543,0.2289177) (292.741,228.6916,177.4858) (-0.07017008,1.289489,0.1200685) (323.5589,7.145058,357.5607)
compute 2.66621334745679(-0.0220676306635141,0.99095493555069,0.263996541500092) (-0.01096575,1.004741,0.2440577) (290.9547,231.5488,167.9437) (-0.07751505,1.291421,0.1229623) (323.8715,358.3581,0.8599678)
compute 2.63463337923351(-0.0445972345769405,0.986035943031311,0.276738196611404) (-0.02206763,0.9909549,0.2639965) (293.3956,234.2615,158.5699) (-0.07913262,1.292737,0.1253939) (325.393,350.8526,3.222077)
compute 1.69931004065111(-0.0594217590987682,0.978592813014984,0.280425846576691) (-0.04459723,0.9860359,0.2767382) (292.5953,235.9569,150.1603) (-0.07482518,1.291915,0.1246161) (328.6335,346.5093,4.369134)
compute 1.69771375347218(-0.068644143640995,0.964365541934967,0.279556602239609) (-0.05942176,0.9785928,0.2804258) (292.7208,239.9113,140.9704) (-0.0659669,1.284681,0.1309197) (334.2749,345.0012,3.81149)
compute 2.52498885717879(-0.0732437968254089,0.942446708679199,0.267896205186844) (-0.06864414,0.9643655,0.2795566) (293.7582,246.2778,129.4753) (-0.05253038,1.273082,0.1419438) (341.1094,344.941,2.973672)
compute 1.39043714323452(-0.0728580951690674,0.930844128131866,0.260243564844131) (-0.0732438,0.9424467,0.2678962) (295.7245,252.4114,117.6183) (-0.04028091,1.256956,0.1556662) (349.343,344.7632,3.223928)
compute 4.37634672859961(-0.0365043133497238,0.948821902275085,0.243798404932022) (-0.0728581,0.9308441,0.2602436) (300.068,252.8742,114.8308) (-0.03201719,1.242606,0.1644104) (356.432,342.5129,3.745833)
compute 0.757138263265424(-0.0299304146319628,0.952377259731293,0.242586329579353) (-0.03650431,0.9488219,0.2437984) (301.8377,258.1547,107.5898) (-0.03158443,1.237422,0.1689521) (1.716635,335.2296,4.912286)
compute 0.7527032704514(-0.0313073620200157,0.959068715572357,0.239426478743553) (-0.02993041,0.9523773,0.2425863) (303.7887,260.5628,103.1402) (-0.03305621,1.235428,0.1581965) (5.737411,324.3231,5.495066)
compute 1.17979543994533(-0.0375714004039764,0.965965509414673,0.232188537716866) (-0.03130736,0.9590687,0.2394265) (303.9186,262.1432,98.24694) (-0.03206614,1.237628,0.1497035) (6.939272,316.8165,4.845194)
compute 0.888169570331351(-0.0414607226848602,0.970869839191437,0.225887328386307) (-0.0375714,0.9659655,0.2321885) (303.208,262.9217,94.38992) (-0.03132863,1.238451,0.1451348) (7.022109,314.117,3.529779)
compute 0.558386264082878(-0.0433284975588322,0.971910059452057,0.220728948712349) (-0.04146072,0.9708698,0.2258873) (301.9885,260.3225,94.86694) (-0.03110985,1.241536,0.1423365) (5.193479,315.216,2.486258)
compute 0.247527327141327(-0.0448177009820938,0.972190499305725,0.218771755695343) (-0.0433285,0.9719101,0.2207289) (300.3519,260.1959,94.81671) (-0.03454573,1.246838,0.1465845) (2.706506,321.2777,2.840839)
compute 0.677698459495144(-0.0407278351485729,0.973014950752258,0.224112242460251) (-0.0448177,0.9721905,0.2187718) (297.1777,264.9875,91.73334) (-0.03074627,1.256563,0.154884) (358.3789,333.4949,3.946028)
compute 1.65949264036142(-0.0258125718683004,0.970878005027771,0.23106637597084) (-0.04072784,0.973015,0.2241122) (296.7109,265.0267,93.35303) (-0.02506584,1.255919,0.1560151) (356.2149,345.3044,3.300609)
compute 1.38975110354841(-0.0133498795330524,0.96473354101181,0.231326520442963) (-0.02581257,0.970878,0.2310664) (298.9087,266.9525,93.74956) (-0.02429618,1.253876,0.1489586) (354.7806,353.0481,1.536438)
compute 1.0336643433302(-0.0114532532170415,0.957118034362793,0.224599480628967) (-0.01334988,0.9647335,0.2313265) (299.5407,271.3514,92.85262) (-0.03182253,1.252366,0.1344046) (351.6662,356.4929,0.04177942)
compute 0.820413937122036(-0.0136571917682886,0.952077507972717,0.218513131141663) (-0.01145325,0.957118,0.2245995) (299.4718,281.4317,85.99167) (-0.04355314,1.252609,0.1237512) (350.081,357.1348,359.8134)
compute 1.21445425507717(-0.0244764592498541,0.949786722660065,0.213494598865509) (-0.01365719,0.9520775,0.2185131) (299.8987,287.9879,84.21102) (-0.05335908,1.256181,0.1140552) (347.6881,357.0608,359.3761)
compute 0.921984024300635(-0.0336078815162182,0.948615610599518,0.212993517518044) (-0.02447646,0.9497867,0.2134946) (300.3728,293.7591,81.56858) (-0.06085174,1.256703,0.1128337) (347.0819,358.0319,359.1906)
compute 0.530750860491577(-0.0386233404278755,0.947547078132629,0.211624920368195) (-0.03360788,0.9486156,0.2129935) (299.8625,296.9471,80.35548) (-0.06600163,1.255838,0.1110022) (347.9084,1.122578,359.2863)
compute 0.551541321127592(-0.0398178696632385,0.947529375553131,0.206240445375443) (-0.03862334,0.9475471,0.2116249) (299.1812,295.3877,81.96895) (-0.06672523,1.253479,0.111727) (348.1816,3.447698,358.8891)
compute 0.330859373459957(-0.0403804518282413,0.947169542312622,0.202999949455261) (-0.03981787,0.9475294,0.2062404) (299.5107,291.3903,85.17678) (-0.06900033,1.252518,0.1123467) (347.6585,5.055284,358.6465)
compute 0.06485155958629(-0.0402688458561897,0.946617007255554,0.202679291367531) (-0.04038045,0.9471695,0.2029999) (297.4291,295.1171,83.51399) (-0.07002842,1.253844,0.1128221) (346.6039,5.940052,358.9504)
compute 0.136584219253921(-0.0398045480251312,0.945786654949188,0.203659325838089) (-0.04026885,0.946617,0.2026793) (296.1502,300.72,80.81287) (-0.07191581,1.255156,0.112503) (345.9794,6.04542,359.4527)
compute 0.282792315756156(-0.0419137068092823,0.944270431995392,0.204777210950851) (-0.03980455,0.9457867,0.2036593) (296.8094,299.7973,86.44812) (-0.07309815,1.255017,0.1122531) (345.8519,5.637745,359.4581)
compute 0.137917362615605(-0.0428432077169418,0.945246338844299,0.20448437333107) (-0.04191371,0.9442704,0.2047772) (292.3513,304.0056,81.76746) (-0.07634896,1.254543,0.1099358) (346.2043,5.307149,359.842)
compute 0.17070267191768(-0.0443706177175045,0.946006596088409,0.204429894685745) (-0.04284321,0.9452463,0.2044844) (290.6394,310.9558,76.75159) (-0.07888807,1.251028,0.1076981) (347.9929,5.498417,359.8846)
compute 0.901015895554838(-0.0446878112852573,0.947311997413635,0.19552044570446) (-0.04437062,0.9460066,0.2044299) (288.8674,323.6552,63.4981) (-0.0801816,1.240626,0.1061603) (354.2591,5.861707,359.7914)
compute 13.6539619137008(-0.0214476902037859,0.966032922267914,0.328758925199509) (-0.04468781,0.947312,0.1955204) (289.8417,340.7492,44.33568) (-0.08246524,1.219043,0.1097823) (4.969676,6.726923,359.7239)
compute 1.14431957732195(-0.0274473279714584,0.970719218254089,0.337302327156067) (-0.02144769,0.9660329,0.3287589) (292.0822,351.182,32.68497) (-0.081813,1.20198,0.1127851) (12.79657,7.754443,359.6219)
compute 1.5767886524817(-0.0280603859573603,0.985030114650726,0.343893885612488) (-0.02744733,0.9707192,0.3373023) (293.5771,357.0909,25.9435) (-0.07914167,1.189573,0.1143606) (18.51202,9.190366,0.2191785)
compute 1.74793547129634(-0.0279582217335701,1.00250220298767,0.344387382268906) (-0.02806039,0.9850301,0.3438939) (294.6239,0.158317,22.56922) (-0.07525371,1.182595,0.1179188) (22.17304,10.31664,0.2870182)
compute 1.25250829636977(-0.0247743744403124,1.01451766490936,0.345926702022552) (-0.02795822,1.002502,0.3443874) (296.04,3.110593,19.53095) (-0.06747133,1.180176,0.1208379) (24.63515,11.77049,0.6447198)
compute 0.936246732160469(-0.0189394671469927,1.02010047435761,0.350663989782333) (-0.02477437,1.014518,0.3459267) (297.1785,4.603017,18.15556) (-0.05966821,1.180052,0.1219809) (25.64552,12.57701,1.088428)
compute 1.05025098804241(-0.00953534245491028,1.02123272418976,0.355200856924057) (-0.01893947,1.0201,0.350664) (298.5319,6.494143,16.00635) (-0.06073604,1.187747,0.123522) (24.39695,11.67702,0.9272859)
compute 1.02357873072888(6.99599186191335E-05,1.01932787895203,0.358180969953537) (-0.009535342,1.021233,0.3552009) (299.2324,8.596907,13.8015) (-0.06072827,1.207622,0.1233785) (18.64213,9.982222,0.4730966)
compute 1.74500612561882(0.00569556234404445,1.00285267829895,0.359374701976776) (6.995992E-05,1.019328,0.358181) (297.5878,2.85263,21.67436) (-0.06136695,1.222478,0.1227278) (12.80962,9.206816,0.2844123)
compute 0.779561258647032(0.00734978867694736,0.995240151882172,0.359665483236313) (0.005695562,1.002853,0.3593747) (296.1988,357.9437,26.39447) (-0.05970801,1.228507,0.1219044) (9.265042,9.375926,0.3412986)
compute 0.426562322003329(0.007768873590976,0.992593050003052,0.362984031438828) (0.007349789,0.9952402,0.3596655) (292.5975,352.8346,30.24404) (-0.05300167,1.226908,0.1206946) (10.16686,10.8612,359.8528)
compute 0.568633786784626(0.00807712506502867,0.994859635829926,0.368189990520477) (0.007768874,0.9925931,0.362984) (288.3302,340.2063,44.76809) (-0.04696514,1.204849,0.1174803) (15.81279,12.48353,359.8547)
compute 1.8040147968074(0.00806389003992081,0.999606788158417,0.385594338178635) (0.008077125,0.9948596,0.36819) (286.2823,318.3215,69.59793) (-0.03805452,1.187421,0.1116852) (21.38993,12.2736,0.344578)
compute 2.29075372014324(0.0118126282468438,1.0050163269043,0.407536059617996) (0.00806389,0.9996068,0.3855943) (285.4733,308.0067,83.71911) (-0.02942901,1.181953,0.110963) (23.69116,9.597968,0.0386577)
compute 3.26252763240636(0.0239833369851112,1.01065111160278,0.437277138233185) (0.01181263,1.005016,0.4075361) (287.159,324.9977,65.70487) (-0.02469942,1.189006,0.1121933) (23.10336,7.230932,359.6437)
compute 2.62502927414273(0.0385589897632599,1.02175176143646,0.456076174974442) (0.02398334,1.010651,0.4372771) (290.3635,341.6396,50.12287) (-0.01800936,1.196252,0.1157322) (22.30561,6.710044,0.3391306)
Average= 6.45420640902322
Max= 68.7111951550508
Standard Deviation= 8.15660907888147
Right: 16    Wrong: 2
0
