red 425.3034 428.6 14.89444 (-0.5149198,0.15,0.7637838) (-0.5149198,0.15,0.7637838)
1
red 428.8072 432.5889 14.89444 (0.342841,0.15,0.903739) (0.342841,0.15,0.903739)
2
red 432.8003 433.4445 14.89444 (0.6140906,0.15,0.7643964) (0.6140906,0.15,0.7643964)
3
red 433.8087 433.8111 14.89444 (0.7508868,0.15,0.6412938) (0.7508868,0.15,0.6412938)
4
red 434.3069 437.0667 14.89444 (-0.7082158,0.15,0.5723711) (-0.7082158,0.15,0.5723711)
5
red 437.3022 440.1 14.89444 (-0.2523192,0.15,0.9006126) (-0.2523192,0.15,0.9006126)
6
red 440.3069 441.0556 14.89444 (-0.06779815,0.15,0.9426683) (-0.06779815,0.15,0.9426683)
7
red 441.3062 445.3333 14.89444 (0.9084071,0.15,0.4069856) (0.9084071,0.15,0.4069856)
8
red 445.8077 447.7889 14.89444 (0.3986422,0.15,0.883713) (0.3986422,0.15,0.883713)
9
red 447.805 449.8889 14.89444 (-0.6670793,0.15,0.623135) (-0.6670793,0.15,0.623135)
10
red 450.3015 452.9889 14.89444 (-0.004103404,0.15,0.9484581) (-0.004103404,0.15,0.9484581)
11
