compute 41.7387132556712(0.230959728360176,1.27393138408661,0.254344373941422) (0.1862493,0.9394493,0.4999757) (292.012,215.7527,210.309) (0.1871106,1.226947,0.03293025) (328.8386,349.9191,359.0508)
compute 1.03909225520941(0.230529233813286,1.26551508903503,0.260423183441162) (0.2309597,1.273931,0.2543444) (291.6025,217.9491,208.5465) (0.1849469,1.228242,0.03190069) (327.0275,346.3151,359.8509)
compute 1.01528859562642(0.229908257722855,1.25634217262268,0.264730513095856) (0.2305292,1.265515,0.2604232) (291.7359,220.3499,206.604) (0.1817402,1.229966,0.02761982) (324.7188,342.0719,1.442596)
compute 0.662890384406136(0.230825006961823,1.25247085094452,0.270032852888107) (0.2299083,1.256342,0.2647305) (291.414,220.9917,205.9686) (0.1821685,1.23166,0.02215844) (322.9277,339.8266,2.074376)
compute 0.654169688161885(0.232029110193253,1.25013160705566,0.276022166013718) (0.230825,1.252471,0.2700329) (290.5505,221.6298,204.888) (0.1837962,1.232282,0.0210473) (322.0945,338.7706,2.315265)
compute 0.682160768508193(0.234012112021446,1.24954855442047,0.282523095607758) (0.2320291,1.250132,0.2760222) (289.9015,222.4855,203.3318) (0.1902102,1.232814,0.022107) (322.1084,338.6937,1.988655)
compute 0.598665683875055(0.236729338765144,1.25020384788513,0.287817180156708) (0.2340121,1.249549,0.2825231) (289.4122,221.5132,203.7276) (0.1997961,1.233721,0.02504646) (323.0087,338.0693,1.668217)
compute 0.405712461933553(0.240489155054092,1.25166177749634,0.287371665239334) (0.2367293,1.250204,0.2878172) (289.3792,217.3312,206.9184) (0.209653,1.233775,0.02786455) (322.9164,336.6722,1.869937)
compute 0.382480682694818(0.244199380278587,1.2510142326355,0.286705285310745) (0.2404892,1.251662,0.2873717) (289.2805,212.5406,210.2785) (0.217133,1.233443,0.02828484) (322.9525,336.6706,1.491125)
compute 0.63435816726928(0.247196570038795,1.24542415142059,0.286611080169678) (0.2441994,1.251014,0.2867053) (287.8852,211.1161,211.2608) (0.2176775,1.229612,0.02563249) (323.2803,339.4218,359.1468)
compute 0.636593619670776(0.247070834040642,1.23906230926514,0.286801606416702) (0.2471966,1.245424,0.2866111) (286.8145,216.7135,208.2509) (0.2116979,1.229061,0.02043334) (322.9692,343.227,358.2064)
compute 0.42548706700356(0.24665878713131,1.23748755455017,0.282870411872864) (0.2470708,1.239062,0.2868016) (287.1707,219.4521,208.0357) (0.2040872,1.232984,0.01543789) (322.1208,345.7845,357.0078)
compute 0.197481540519032(0.246150299906731,1.23658919334412,0.281186878681183) (0.2466588,1.237488,0.2828704) (287.2603,221.4185,208.3178) (0.1946205,1.23214,0.01421515) (322.2421,347.3847,356.0078)
compute 0.335038269751038(0.245505124330521,1.233558177948,0.282460361719131) (0.2461503,1.236589,0.2811869) (286.2209,220.9545,209.3931) (0.1856427,1.232154,0.01387587) (322.7382,346.8701,356.8498)
compute 1.01312285909028(0.238542810082436,1.22682750225067,0.285437941551209) (0.2455051,1.233558,0.2824604) (285.9995,225.719,205.2548) (0.1808244,1.230573,0.01356767) (322.6475,347.3589,356.4998)
compute 0.610346785014916(0.233769297599792,1.22427523136139,0.288257837295532) (0.2385428,1.226828,0.2854379) (286.45,228.6002,203.0626) (0.1768171,1.230275,0.01390544) (322.4594,347.1525,356.5374)
compute 0.408970123356886(0.23079414665699,1.22374260425568,0.291012912988663) (0.2337693,1.224275,0.2882578) (286.4686,229.0593,202.7946) (0.1725079,1.230189,0.01428707) (322.975,346.6787,356.7553)
compute 0.615804326678495(0.224661365151405,1.2235654592514,0.291541218757629) (0.2307941,1.223743,0.2910129) (286.4925,229.2372,202.6577) (0.1673876,1.230008,0.01503237) (322.9387,345.9866,357.3093)
compute 0.694988156947385(0.21773524582386,1.2237251996994,0.2909896671772) (0.2246614,1.223565,0.2915412) (287.1134,229.6249,202.2764) (0.1621384,1.230132,0.01546153) (323.0367,345.2011,357.8151)
compute 0.799025643238799(0.209777325391769,1.22392630577087,0.290300279855728) (0.2177352,1.223725,0.2909897) (287.7842,230.0872,201.8983) (0.1593778,1.230103,0.01547647) (322.9447,345.185,358.1183)
compute 0.742465940385202(0.202694267034531,1.22525596618652,0.288514822721481) (0.2097773,1.223926,0.2903003) (289.0676,229.9088,202.6174) (0.1581801,1.22963,0.01538323) (322.586,345.7409,357.9381)
compute 0.383788553648565(0.199288830161095,1.22631108760834,0.287093877792358) (0.2026943,1.225256,0.2885148) (289.2443,229.3028,203.1106) (0.1570994,1.229959,0.01533715) (322.6245,345.5299,358.5461)
compute 0.250688569154636(0.197120755910873,1.2259269952774,0.285895377397537) (0.1992888,1.226311,0.2870939) (289.9996,229.5569,203.0465) (0.1564056,1.229871,0.01552889) (322.3518,345.5314,358.7402)
compute 0.113308763520777(0.196722224354744,1.2250669002533,0.285274654626846) (0.1971208,1.225927,0.2858954) (290.502,230.331,202.4521) (0.1562582,1.230588,0.01555872) (322.5495,345.1902,359.1503)
compute 0.253138943993385(0.196875333786011,1.22254061698914,0.285225838422775) (0.1967222,1.225067,0.2852747) (290.6557,230.804,202.0824) (0.1566952,1.230673,0.01630372) (322.5193,344.2311,359.4417)
compute 0.25015331419345(0.196419894695282,1.2200882434845,0.285415858030319) (0.1968753,1.222541,0.2852258) (290.6633,230.8659,202.0155) (0.1548695,1.230337,0.01744204) (322.2593,343.0847,359.3742)
compute 0.381191277491067(0.194542959332466,1.2187294960022,0.288442671298981) (0.1964199,1.220088,0.2854159) (290.8787,231.5786,200.9826) (0.154318,1.230888,0.01781065) (322.405,342.4896,359.2724)
compute 0.375154403726248(0.190951868891716,1.21823084354401,0.289406776428223) (0.194543,1.218729,0.2884427) (290.9833,230.7643,201.3022) (0.1538982,1.230839,0.01864074) (322.4173,341.7955,359.2633)
compute 0.442148214499119(0.187270432710648,1.21578335762024,0.289486438035965) (0.1909519,1.218231,0.2894068) (291.0762,229.698,201.8585) (0.1524447,1.231083,0.01996312) (322.6143,341.0299,359.6181)
compute 0.463735227725041(0.18365404009819,1.2128918170929,0.289742827415466) (0.1872704,1.215783,0.2894864) (291.3329,230.1155,201.2645) (0.151098,1.231251,0.02034802) (322.6114,340.6239,0.1122945)
compute 0.293588490655078(0.180866360664368,1.2127970457077,0.288826704025269) (0.183654,1.212892,0.2897428) (291.6898,230.6561,200.5833) (0.1510851,1.231289,0.02077857) (322.5771,340.0863,0.3550494)
compute 0.356155423479793(0.179277241230011,1.21368670463562,0.285766005516052) (0.1808664,1.212797,0.2888267) (292.5065,230.2552,200.9867) (0.1513435,1.230916,0.01876074) (321.9832,340.3456,0.5626597)
compute 0.52834568534979(0.178452342748642,1.21704089641571,0.281768023967743) (0.1792772,1.213687,0.285766) (293.4247,229.1255,202.3685) (0.1524843,1.23076,0.01577938) (321.5255,340.2154,0.5921994)
compute 0.437861420295598(0.177173987030983,1.21722364425659,0.277584165334702) (0.1784523,1.217041,0.281768) (293.9597,227.8647,203.6899) (0.1527926,1.231026,0.01454379) (321.6915,340.2659,0.5498583)
compute 0.509290436784807(0.173680663108826,1.21646571159363,0.273956507444382) (0.177174,1.217224,0.2775842) (294.2765,227.526,204.0132) (0.1533689,1.231144,0.01227325) (321.6329,340.0654,0.7072589)
compute 0.370357312551416(0.171049937605858,1.21418452262878,0.272694796323776) (0.1736807,1.216466,0.2739565) (294.8651,228.0573,203.6058) (0.1535459,1.230884,0.01058504) (321.3126,340.1659,0.5765469)
compute 0.103423290470549(0.170708537101746,1.21323835849762,0.272454261779785) (0.1710499,1.214185,0.2726948) (294.9143,228.0574,203.6024) (0.1538398,1.231028,0.009223924) (321.447,340.1273,0.3804559)
compute 0.217407622784068(0.170058846473694,1.21119153499603,0.272115111351013) (0.1707085,1.213238,0.2724543) (294.8133,227.8248,203.6842) (0.1540603,1.230497,0.008750801) (321.6576,340.0616,0.1722)
compute 0.500775928911338(0.166406780481339,1.20776522159576,0.272094041109085) (0.1700588,1.211192,0.2721151) (294.796,227.614,203.7643) (0.1549812,1.23005,0.006593117) (321.1175,339.9392,359.8414)
compute 0.385828136312876(0.162805676460266,1.20640218257904,0.272340029478073) (0.1664068,1.207765,0.272094) (295.1179,227.0367,204.4612) (0.1555497,1.229652,0.003308904) (319.7407,339.1645,359.9727)
compute 0.579143939413248(0.157219782471657,1.20499610900879,0.271738767623901) (0.1628057,1.206402,0.27234) (294.5402,225.1985,204.9306) (0.154112,1.231656,-0.001705519) (317.9594,336.1813,0.4479342)
compute 0.997858402253356(0.147487118840218,1.20291900634766,0.271008670330048) (0.1572198,1.204996,0.2717388) (294.8819,223.9382,204.1864) (0.1459158,1.233685,-0.007152657) (316.1679,330.4159,3.042041)
compute 1.94684394127718(0.128066658973694,1.20237970352173,0.269753664731979) (0.1474871,1.202919,0.2710087) (296.0389,221.7973,203.2701) (0.1383915,1.235781,-0.01072144) (315.013,324.9464,5.04175)
compute 2.98062874390001(0.0983908623456955,1.20469677448273,0.268206715583801) (0.1280667,1.20238,0.2697537) (297.2328,219.2224,201.8773) (0.1319657,1.240142,-0.01400292) (313.318,322.5139,4.836542)
compute 3.47700340753184(0.0638203993439674,1.20749688148499,0.26575767993927) (0.09839086,1.204697,0.2682067) (298.7849,216.7229,200.7186) (0.1218912,1.243548,-0.01801852) (311.4245,321.8689,4.279933)
compute 2.90411813671377(0.0348045937716961,1.2073165178299,0.264557361602783) (0.0638204,1.207497,0.2657577) (298.7516,214.9965,198.9073) (0.1146379,1.244223,-0.0194201) (309.5094,321.9196,3.211489)
compute 2.13640127402593(0.013865552842617,1.20312142372131,0.265172839164734) (0.03480459,1.207317,0.2645574) (298.6677,213.853,197.9815) (0.1082505,1.245474,-0.01753904) (307.9917,321.3357,2.987964)
compute 1.44326052948104(0.00406561931595206,1.19671308994293,0.273610532283783) (0.01386555,1.203121,0.2651728) (297.9384,213.7764,196.1615) (0.1080747,1.246585,-0.01266966) (307.5108,321.3377,2.66649)
compute 0.78031428703156(1.16543315016315E-05,1.19191408157349,0.278239130973816) (0.004065619,1.196713,0.2736105) (297.6997,215.0169,193.7324) (0.1179306,1.247099,-0.007657752) (307.7315,319.3251,4.743827)
compute 0.206799209341468(-0.000872034695930779,1.19005036354065,0.278090000152588) (1.165433E-05,1.191914,0.2782391) (298.6053,215.6744,191.1835) (0.1301788,1.246271,-0.005369634) (307.8014,316.1718,6.766403)
compute 0.158820840753672(-0.00142345251515508,1.18962371349335,0.27666300535202) (-0.0008720347,1.19005,0.27809) (300.4932,215.4285,189.5868) (0.1421972,1.243617,-0.002484624) (308.2225,314.4675,7.623027)
compute 0.353622559850888(-0.00412200670689344,1.19168376922607,0.275673627853394) (-0.001423453,1.189624,0.276663) (300.968,212.8717,189.1742) (0.1446726,1.243831,-0.00027321) (308.2512,313.3035,8.278289)
compute 2.42894481615114(-0.0252561382949352,1.20002937316895,0.267090111970901) (-0.004122007,1.191684,0.2756736) (303.6299,210.8431,188.7852) (0.137522,1.244383,0.003214586) (308.4906,312.3773,8.813573)
compute 3.77020989682543(-0.057243462651968,1.21740019321442,0.257265955209732) (-0.02525614,1.200029,0.2670901) (305.3528,208.3148,187.5224) (0.1217765,1.242374,0.01366657) (309.5109,311.5283,8.618832)
compute 4.91234329718951(-0.0959015414118767,1.24714684486389,0.251452058553696) (-0.05724346,1.2174,0.257266) (307.4581,204.4124,190.3732) (0.09904666,1.240124,0.01994733) (309.9301,311.5973,7.457462)
compute 6.17727034624276(-0.140163153409958,1.28983569145203,0.245583578944206) (-0.09590154,1.247147,0.2514521) (308.5154,202.5377,192.419) (0.06530827,1.240495,0.01764465) (311.0473,312.4379,6.718701)
compute 6.41934943144658(-0.179099157452583,1.34074711799622,0.242003217339516) (-0.1401632,1.289836,0.2455836) (308.7575,201.3696,195.9693) (0.03783532,1.2406,0.01174847) (311.6314,313.6317,5.781845)
compute 5.63197203735054(-0.212672561407089,1.38590264320374,0.244394049048424) (-0.1790992,1.340747,0.2420032) (306.5806,203.3545,196.2376) (0.01596011,1.242045,0.01168275) (310.8589,314.8564,5.278258)
compute 5.12957384775604(-0.243117228150368,1.42304050922394,0.26242607831955) (-0.2126726,1.385903,0.244394) (303.8821,205.4656,194.5592) (0.004423237,1.249448,0.01983881) (309.1556,313.5399,6.050502)
compute 4.08248317839042(-0.269933611154556,1.44293928146362,0.285911977291107) (-0.2431172,1.423041,0.2624261) (305.455,211.0158,192.3667) (-0.0006198874,1.248742,0.03677641) (310.1307,311.2464,8.538561)
compute 1.80141222972482(-0.274358302354813,1.44863867759705,0.30241796374321) (-0.2699336,1.442939,0.285912) (306.5022,213.983,192.1343) (-0.0008817008,1.244663,0.05683316) (310.79,308.2817,10.75716)
compute 3.48353487224012(-0.291596800088882,1.46024775505066,0.330374449491501) (-0.2743583,1.448639,0.302418) (305.6802,216.024,189.9206) (-0.01220342,1.236728,0.07626412) (312.0463,306.8814,9.826228)
compute 2.97121512929371(-0.31445899605751,1.463414311409,0.349085539579391) (-0.2915968,1.460248,0.3303744) (304.5388,216.7194,186.3927) (-0.0308862,1.232119,0.08512116) (312.8243,305.2538,11.62465)
compute 2.64121767219074(-0.339419335126877,1.46010315418243,0.357061803340912) (-0.314459,1.463414,0.3490855) (305.5119,219.8653,183.6886) (-0.0559165,1.223393,0.08919707) (314.0327,304.3146,13.06494)
compute 3.32185813002712(-0.371498852968216,1.45236265659332,0.360864877700806) (-0.3394193,1.460103,0.3570618) (306.9549,222.7169,181.5493) (-0.08746004,1.216392,0.09073079) (315.6394,305.4832,12.10156)
compute 4.85818677898711(-0.419904172420502,1.45289242267609,0.364968806505203) (-0.3714989,1.452363,0.3608649) (310.7614,225.3599,179.2934) (-0.1229901,1.218257,0.08942835) (315.2884,304.7197,13.55731)
compute 5.35031822663907(-0.470597207546234,1.46870112419128,0.371517986059189) (-0.4199042,1.452892,0.3649688) (312.429,225.0352,179.8424) (-0.155013,1.225959,0.08983652) (315.5957,306.095,12.33469)
compute 5.42953678448886(-0.522198677062988,1.48491311073303,0.376255810260773) (-0.4705972,1.468701,0.371518) (314.8645,225.7139,181.0461) (-0.1866429,1.229916,0.09273741) (314.6409,308.0251,11.19806)
compute 5.08025419770043(-0.567959487438202,1.49937677383423,0.392918616533279) (-0.5221987,1.484913,0.3762558) (313.0759,226.2336,179.4544) (-0.2195126,1.238345,0.09430151) (315.0994,309.1182,11.13143)
compute 4.32368652754194(-0.605050683021545,1.50027406215668,0.415119171142578) (-0.5679595,1.499377,0.3929186) (313.1226,228.72,177.6127) (-0.2471662,1.242806,0.09644216) (315.8593,309.2476,10.74253)
compute 4.72597921386952(-0.641310930252075,1.4981963634491,0.445357650518417) (-0.6050507,1.500274,0.4151192) (313.2167,233.6753,175.1225) (-0.272977,1.245197,0.1059406) (315.8945,309.4734,10.59728)
compute 4.0108516668906(-0.664509475231171,1.49509751796722,0.477929383516312) (-0.6413109,1.498196,0.4453577) (312.4511,237.9042,173.0051) (-0.2846611,1.243635,0.1170252) (315.9533,309.0461,11.46976)
compute 4.03052668173936(-0.681989908218384,1.49379777908325,0.514223456382751) (-0.6645095,1.495098,0.4779294) (310.6419,240.7651,170.0836) (-0.2933798,1.239754,0.134837) (315.5569,307.1899,13.2366)
compute 2.34140322329339(-0.689243376255035,1.48494803905487,0.534651041030884) (-0.6819899,1.493798,0.5142235) (312.1336,243.0174,168.1432) (-0.2918988,1.235077,0.1520163) (314.871,306.2468,14.56438)
compute 1.66538574680056(-0.692822575569153,1.47205865383148,0.544570922851563) (-0.6892434,1.484948,0.534651) (313.3151,243.0492,167.3996) (-0.2861576,1.232413,0.158925) (313.0866,301.6757,19.64661)
compute 2.80181799983753(-0.701539039611816,1.44865143299103,0.557265162467957) (-0.6928226,1.472059,0.5445709) (317.3589,247.5652,163.7095) (-0.279256,1.237464,0.1597627) (311.3321,300.6064,20.34782)
compute 1.78128404345963(-0.702545881271362,1.43139350414276,0.561560213565826) (-0.701539,1.448651,0.5572652) (317.7329,248.3186,160.9204) (-0.2716967,1.237408,0.1619411) (309.0987,303.2224,20.39283)
compute 2.26082245258641(-0.708254098892212,1.40980565547943,0.565097570419312) (-0.7025459,1.431394,0.5615602) (320.6578,249.1358,159.6752) (-0.2688285,1.242633,0.1655978) (307.5072,307.9128,17.52635)
compute 2.38684638026579(-0.72241073846817,1.39152586460114,0.571025669574738) (-0.7082541,1.409806,0.5650976) (322.864,249.7718,159.4069) (-0.2699012,1.24223,0.1687783) (306.9348,310.0433,15.45079)
compute 2.41609779594384(-0.736967146396637,1.37224209308624,0.571024358272552) (-0.7224107,1.391526,0.5710257) (324.7014,250.1093,157.8602) (-0.269145,1.244606,0.1674991) (305.7248,311.5038,14.49139)
compute 1.46605017572428(-0.737422287464142,1.36708521842957,0.557308316230774) (-0.7369671,1.372242,0.5710244) (328.1011,247.682,160.8872) (-0.2711294,1.245455,0.1717903) (305.5107,317.1652,10.01053)
compute 8.85283000424168(-0.679410874843597,1.43215751647949,0.541896224021912) (-0.7374223,1.367085,0.5573083) (318.858,239.007,176.7932) (-0.2725518,1.24599,0.1853435) (304.567,324.9236,4.479101)
compute 16.7597346496041(-0.562639713287354,1.54880177974701,0.571007788181305) (-0.6794109,1.432158,0.5418962) (293.6989,224.1002,199.0143) (-0.271662,1.2464,0.2034703) (305.6781,328.2004,4.604103)
compute 13.2015972277385(-0.45699143409729,1.60799527168274,0.623570024967194) (-0.5626397,1.548802,0.5710078) (282.1453,212.6492,217.2623) (-0.2661302,1.247757,0.2162744) (305.887,329.0748,5.030452)
compute 6.11866720601146(-0.400552570819855,1.58980071544647,0.63865053653717) (-0.4569914,1.607995,0.62357) (282.0328,226.1657,209.8233) (-0.2594709,1.251487,0.2225138) (307.0665,328.5598,8.666346)
compute 5.07985774832698(-0.381307661533356,1.54951763153076,0.662886917591095) (-0.4005526,1.589801,0.6386505) (285.6846,260.0893,175.8344) (-0.2435673,1.249661,0.2186107) (304.9785,332.6658,7.058352)
compute 3.29812393666552(-0.375498294830322,1.51823437213898,0.67156857252121) (-0.3813077,1.549518,0.6628869) (291.106,267.0612,170.0581) (-0.2247594,1.251231,0.1980853) (300.1194,338.7691,2.267636)
compute 2.57208283894805(-0.379947245121002,1.49307560920715,0.668601334095001) (-0.3754983,1.518234,0.6715686) (297.4558,269.3758,166.3131) (-0.2168501,1.246538,0.182179) (298.5509,341.0464,1.502036)
compute 1.47203471303757(-0.391009300947189,1.48508775234222,0.663077414035797) (-0.3799472,1.493076,0.6686013) (301.3554,269.1536,166.4451) (-0.2150252,1.247285,0.1718577) (297.97,341.2467,1.621782)
compute 2.31926337236476(-0.404317289590836,1.50305283069611,0.669246017932892) (-0.3910093,1.485088,0.6630774) (305.1398,261.4699,175.2824) (-0.2144288,1.246717,0.1700967) (298.334,344.6209,358.0269)
compute 4.84877685529408(-0.381947159767151,1.54414236545563,0.656506657600403) (-0.4043173,1.503053,0.669246) (302.7617,257.9839,183.3812) (-0.2145881,1.250664,0.1786684) (298.6602,344.1606,358.8503)
compute 8.05278355863574(-0.33263835310936,1.58460116386414,0.607349157333374) (-0.3819472,1.544142,0.6565067) (297.7198,244.3216,199.3752) (-0.2076757,1.24599,0.2088519) (300.9617,345.3987,358.3146)
compute 4.75928815255285(-0.306519746780396,1.62028443813324,0.589753568172455) (-0.3326384,1.584601,0.6073492) (297.9937,237.2574,208.963) (-0.2005864,1.251126,0.2195332) (299.7882,344.0513,359.372)
compute 2.95420190872858(-0.296735256910324,1.64803445339203,0.587120831012726) (-0.3065197,1.620284,0.5897536) (298.3722,236.8658,209.952) (-0.1991959,1.250537,0.2324001) (301.0443,342.9284,0.8216754)
compute 2.18548880442337(-0.297142505645752,1.66538631916046,0.600401759147644) (-0.2967353,1.648034,0.5871208) (297.0979,239.1788,206.5379) (-0.2020956,1.251153,0.2329444) (302.3774,341.1315,1.854665)
compute 1.69112837247781(-0.296928882598877,1.67802655696869,0.611634314060211) (-0.2971425,1.665386,0.6004018) (297.3063,240.3871,208.6312) (-0.2038013,1.249821,0.2211847) (301.869,341.6663,1.413901)
compute 3.2371749772345(-0.294450998306274,1.65974962711334,0.638237774372101) (-0.2969289,1.678027,0.6116343) (295.4091,256.5508,189.7746) (-0.2003934,1.247273,0.2129015) (302.7657,346.1371,358.5688)
compute 5.00491390669182(-0.28676438331604,1.61312508583069,0.654729723930359) (-0.294451,1.65975,0.6382378) (299.1545,265.7975,179.9164) (-0.1944835,1.245751,0.2082158) (304.6623,352.7874,354.2359)
compute 5.8860642945948(-0.249577894806862,1.56774246692657,0.659437000751495) (-0.2867644,1.613125,0.6547297) (296.3697,270.7462,176.8853) (-0.1953596,1.24304,0.2075067) (305.294,355.2294,350.4993)
compute 7.49561936886811(-0.189319863915443,1.53020167350769,0.683480501174927) (-0.2495779,1.567742,0.659437) (285.1291,297.4572,148.5239) (-0.20221,1.2441,0.2060922) (307.0781,350.7083,353.1881)
compute 3.5813958826989(-0.188488095998764,1.49913024902344,0.70127135515213) (-0.1893199,1.530202,0.6834805) (291.1443,312.7759,133.9119) (-0.2166706,1.245328,0.1876213) (302.7617,334.6877,4.746064)
compute 13.6604293198084(-0.310119390487671,1.50747883319855,0.639652669429779) (-0.1884881,1.49913,0.7012714) (306.2941,271.1146,171.9327) (-0.2213373,1.245522,0.1807942) (303.6023,334.4305,4.594599)
compute 12.1022590107203(-0.389817357063293,1.54872095584869,0.558450520038605) (-0.3101194,1.507479,0.6396527) (306.1615,259.7678,178.4095) (-0.2371425,1.245623,0.1770501) (303.8604,331.4962,7.306872)
compute 7.61790016355399(-0.448187291622162,1.58172023296356,0.522294759750366) (-0.3898174,1.548721,0.5584505) (306.8672,255.1343,181.1781) (-0.2512843,1.243913,0.1744343) (304.6183,329.2818,8.403475)
compute 5.52926210718535(-0.489542961120605,1.61309480667114,0.541337311267853) (-0.4481873,1.58172,0.5222948) (308.1553,258.196,179.4947) (-0.2644621,1.244102,0.1643555) (302.907,322.1619,14.6669)
compute 4.18317198230534(-0.498952239751816,1.62056803703308,0.581406116485596) (-0.489543,1.613095,0.5413373) (307.6127,267.4302,173.7502) (-0.265016,1.245027,0.150335) (299.8973,318.5308,16.72928)
compute 2.58693707385836(-0.496848791837692,1.61345016956329,0.606187880039215) (-0.4989522,1.620568,0.5814061) (308.7306,270.2961,168.489) (-0.257252,1.243947,0.1441012) (298.5835,320.4597,17.04176)
compute 2.51501282997822(-0.481018722057343,1.59752798080444,0.617520213127136) (-0.4968488,1.61345,0.6061879) (310.0055,272.5718,166.4633) (-0.2427607,1.243705,0.1429964) (296.9987,325.9533,13.66113)
compute 2.44374564791562(-0.465590924024582,1.58059847354889,0.626038670539856) (-0.4810187,1.597528,0.6175202) (310.7681,273.3587,166.172) (-0.2355406,1.245336,0.1434604) (296.1565,327.311,12.0972)
compute 3.47204108767989(-0.448906630277634,1.5517350435257,0.616341054439545) (-0.4655909,1.580598,0.6260387) (312.2458,274.4379,165.6518) (-0.2335459,1.246729,0.1431828) (295.9698,328.9966,11.21251)
compute 3.55961413605492(-0.433550387620926,1.52839207649231,0.594287097454071) (-0.4489066,1.551735,0.6163411) (312.5125,274.7366,165.5034) (-0.2341776,1.246869,0.1446213) (296.0114,327.7402,11.94632)
compute 1.2683488464709(-0.43962088227272,1.5181497335434,0.598659098148346) (-0.4335504,1.528392,0.5942871) (313.178,274.399,165.492) (-0.2425336,1.246897,0.1466179) (295.929,323.7196,14.90159)
compute 1.9549490642873(-0.453334510326386,1.51456952095032,0.612123906612396) (-0.4396209,1.51815,0.5986591) (313.5075,274.3203,165.6276) (-0.2467851,1.246268,0.1460636) (295.4501,323.1245,15.30723)
compute 1.04616354844624(-0.459123253822327,1.51457583904266,0.620838046073914) (-0.4533345,1.51457,0.6121239) (313.6783,274.4313,165.7005) (-0.2485197,1.24579,0.1449271) (294.7926,324.8405,14.43762)
compute 0.630772583711498(-0.458514988422394,1.51499843597412,0.627102136611938) (-0.4591233,1.514576,0.620838) (314.109,275.2789,165.2683) (-0.245466,1.245975,0.1459602) (293.4767,334.6119,8.236965)
compute 0.527244511079853(-0.457465618848801,1.51379072666168,0.632125973701477) (-0.458515,1.514998,0.6271021) (313.9291,275.3103,165.2854) (-0.2322994,1.248203,0.1491712) (294.0892,349.7455,357.6036)
compute 1.45793430481987(-0.455030769109726,1.50196146965027,0.640292823314667) (-0.4574656,1.513791,0.632126) (315.6031,277.0346,164.7264) (-0.2255776,1.24822,0.1483259) (294.1122,357.8545,352.088)
compute 0.994709270354197(-0.447633504867554,1.49806487560272,0.645681858062744) (-0.4550308,1.501961,0.6402928) (316.3745,278.1225,164.6246) (-0.2272201,1.249336,0.1476768) (294.5212,358.9423,350.8645)
compute 1.30499648547857(-0.434841811656952,1.4956841468811,0.646685004234314) (-0.4476335,1.498065,0.6456819) (315.986,278.2274,165.9587) (-0.240298,1.252091,0.1473131) (294.1931,352.7368,356.3766)
compute 1.07784912615588(-0.425834566354752,1.48980689048767,0.647394418716431) (-0.4348418,1.495684,0.646685) (316.71,277.4733,167.3997) (-0.2496635,1.251262,0.1563279) (295.7285,338.3217,7.239824)
compute 1.03646449875099(-0.416695088148117,1.48544120788574,0.645195186138153) (-0.4258346,1.489807,0.6473944) (315.6041,276.2303,168.1187) (-0.2469674,1.247734,0.1674853) (298.1152,331.9911,12.09509)
compute 0.670480567249891(-0.417807817459106,1.48229539394379,0.651010692119598) (-0.4166951,1.485441,0.6451952) (317.6161,275.6822,168.985) (-0.2468276,1.246351,0.1755531) (299.1938,328.8863,15.14985)
compute 1.57093093877388(-0.430626899003983,1.49098610877991,0.653642237186432) (-0.4178078,1.482295,0.6510107) (317.968,272.9108,171.663) (-0.2476251,1.244835,0.183089) (299.5742,326.4134,16.36124)
compute 2.18194284628603(-0.446703106164932,1.50442707538605,0.647560834884644) (-0.4306269,1.490986,0.6536422) (317.6745,269.216,174.1069) (-0.2458765,1.245186,0.1882922) (300.2283,323.5265,17.91993)
compute 2.90923255210404(-0.462604105472565,1.51941156387329,0.628351807594299) (-0.4467031,1.504427,0.6475608) (316.7931,265.164,177.0387) (-0.2500859,1.242209,0.1887737) (301.0178,321.3705,19.31562)
compute 3.45156973918203(-0.477420955896378,1.53264701366425,0.600127398967743) (-0.4626041,1.519412,0.6283518) (315.7166,262.3524,178.7226) (-0.261492,1.242267,0.1796381) (301.3852,320.1815,20.29755)
compute 4.03339161899027(-0.497341394424438,1.54693818092346,0.568099856376648) (-0.477421,1.532647,0.6001274) (314.5988,259.4001,180.784) (-0.2754036,1.239746,0.1689104) (300.4233,321.473,19.20188)
compute 3.27795224232301(-0.516421675682068,1.55898284912109,0.544322431087494) (-0.4973414,1.546938,0.5680999) (313.5202,257.4501,182.482) (-0.2880525,1.242916,0.1566569) (301.063,322.9725,18.79577)
compute 2.35421972953889(-0.525948524475098,1.56750404834747,0.524552166461945) (-0.5164217,1.558983,0.5443224) (312.8293,256.1885,183.8232) (-0.301995,1.243355,0.1452483) (300.292,322.7009,19.50044)
compute 1.54315233799711(-0.537407755851746,1.57409465312958,0.516590893268585) (-0.5259485,1.567504,0.5245522) (312.6922,255.8599,184.6426) (-0.3152553,1.244017,0.1380139) (300.9062,320.6063,21.39896)
compute 1.68833154697234(-0.548210263252258,1.58590090274811,0.511209011077881) (-0.5374078,1.574095,0.5165909) (312.0211,254.5164,186.1555) (-0.3296891,1.24297,0.136852) (302.0209,319.0461,22.08086)
compute 1.45756190908234(-0.560710728168488,1.59315454959869,0.509319126605988) (-0.5482103,1.585901,0.511209) (311.4997,253.9969,186.7836) (-0.3412895,1.242506,0.1372042) (303.0029,318.3613,23.17003)
compute 0.937527982720507(-0.569593846797943,1.59602677822113,0.508460998535156) (-0.5607107,1.593155,0.5093191) (311.4493,253.3199,187.4092) (-0.3489053,1.241634,0.1373924) (303.9106,317.7705,23.57203)
compute 1.05369177262449(-0.580100536346436,1.59678244590759,0.508205890655518) (-0.5695938,1.596027,0.508461) (311.2065,253.343,187.2787) (-0.3519189,1.241222,0.1405544) (304.7993,318.2414,23.39304)
compute 1.19627414342013(-0.59183931350708,1.59468865394592,0.509167313575745) (-0.5801005,1.596782,0.5082059) (311.8315,253.9164,186.8417) (-0.3538471,1.240312,0.1429615) (305.128,318.6443,22.70093)
compute 2.17067788712067(-0.608978927135468,1.58571422100067,0.519009947776794) (-0.5918393,1.594689,0.5091673) (312.6248,255.0179,185.0193) (-0.3636191,1.237183,0.1473227) (306.74,315.7198,24.60505)
compute 3.89825458801242(-0.63310718536377,1.56398701667786,0.540582954883575) (-0.6089789,1.585714,0.5190099) (315.1789,258.5559,180.5338) (-0.3729905,1.234413,0.1536677) (307.9161,314.0601,25.69788)
compute 4.89915466039557(-0.657496452331543,1.53573989868164,0.572323083877563) (-0.6331072,1.563987,0.540583) (318.1524,266.6089,173.0192) (-0.3827397,1.23253,0.1604772) (309.4588,312.5493,26.93502)
compute 2.52045644394334(-0.671975076198578,1.52121472358704,0.586974322795868) (-0.6574965,1.53574,0.5723231) (319.2298,268.175,170.6445) (-0.3886595,1.232145,0.1659296) (309.6758,313.037,27.05925)
compute 1.33758722653665(-0.678409099578857,1.51838672161102,0.598354995250702) (-0.6719751,1.521215,0.5869743) (319.6569,270.4566,168.0267) (-0.3897494,1.233284,0.1687425) (309.0579,314.5407,25.34052)
compute 0.701467403903276(-0.677537083625793,1.51883256435394,0.605300962924957) (-0.6784091,1.518387,0.598355) (319.2625,271.4954,166.55) (-0.3859865,1.23661,0.1691027) (308.4711,316.8002,23.65258)
compute 1.36997148151014(-0.664411306381226,1.52022528648376,0.608969271183014) (-0.6775371,1.518833,0.605301) (318.5482,272.0225,166.4655) (-0.3844788,1.237313,0.1703308) (308.388,317.7304,23.09221)
compute 4.08793034163363(-0.628714263439178,1.53915917873383,0.615161716938019) (-0.6644113,1.520225,0.6089693) (311.3257,272.3278,172.918) (-0.380764,1.238355,0.1762624) (307.7829,321.5689,20.08875)
compute 6.96466251153202(-0.566137254238129,1.56294572353363,0.63437032699585) (-0.6287143,1.539159,0.6151617) (295.8993,281.4904,168.8617) (-0.379351,1.239596,0.1791712) (307.3958,321.3878,20.07755)
compute 4.52166756180015(-0.532548606395721,1.5510276556015,0.662196755409241) (-0.5661373,1.562946,0.6343703) (296.456,299.415,151.2211) (-0.3817222,1.239927,0.1740571) (306.3539,318.196,23.21859)
compute 2.39462177743834(-0.518289387226105,1.53698885440826,0.67535001039505) (-0.5325486,1.551028,0.6621968) (298.9404,295.5384,157.3711) (-0.3812403,1.240572,0.1664151) (305.9496,316.8715,24.19634)
compute 1.40886859514371(-0.513165414333344,1.5250586271286,0.669881403446198) (-0.5182894,1.536989,0.67535) (300.9832,296.3314,155.7634) (-0.3802321,1.239783,0.1641037) (306.3915,316.5273,24.31108)
compute 1.5070861137198(-0.519073843955994,1.51870393753052,0.657559096813202) (-0.5131654,1.525059,0.6698814) (302.761,293.3247,157.3197) (-0.3783254,1.238554,0.1634262) (307.3344,314.7044,25.58584)
compute 2.54904746834183(-0.541333615779877,1.51616501808167,0.645400941371918) (-0.5190738,1.518704,0.6575591) (305.1194,284.6301,163.9592) (-0.3751507,1.236314,0.1800775) (310.315,312.4962,26.33916)
compute 4.70185855242874(-0.585650265216827,1.52049291133881,0.63029956817627) (-0.5413336,1.516165,0.6454009) (311.4424,273.4697,173.6124) (-0.3668395,1.233564,0.1939038) (312.065,308.5058,27.94475)
compute 6.04300478049017(-0.632567644119263,1.53074359893799,0.593618869781494) (-0.5856503,1.520493,0.6302996) (313.5341,262.7982,176.7939) (-0.3666351,1.227096,0.2024828) (313.0696,308.3759,23.27048)
compute 7.10482110803622(-0.697605848312378,1.54545760154724,0.569095849990845) (-0.6325676,1.530744,0.5936189) (314.8076,256.4113,178.5305) (-0.3925702,1.228938,0.1965014) (312.5245,308.5924,23.08086)
compute 5.46921140928006(-0.744345307350159,1.55820369720459,0.543715000152588) (-0.6976058,1.545458,0.5690958) (312.8741,248.7689,180.8578) (-0.4280268,1.22905,0.1896624) (312.6079,308.332,23.62377)
compute 5.70943385119548(-0.796436011791229,1.58131551742554,0.547202944755554) (-0.7443453,1.558204,0.543715) (314.6353,251.7567,180.3872) (-0.456089,1.23331,0.1867971) (312.8966,309.9341,23.08695)
compute 6.27612181548827(-0.84087073802948,1.62229633331299,0.564087808132172) (-0.796436,1.581316,0.5472029) (312.4703,250.3312,181.353) (-0.4753062,1.236136,0.1841417) (313.5085,310.9612,21.62791)
compute 5.91570786450945(-0.878755509853363,1.66034758090973,0.588915348052979) (-0.8408707,1.622296,0.5640878) (312.7255,253.6002,180.2261) (-0.4870293,1.239196,0.1788062) (313.5598,310.4733,22.37302)
compute 5.24731755760408(-0.911374926567078,1.67809891700745,0.625986874103546) (-0.8787555,1.660348,0.5889153) (313.5402,259.3108,173.7449) (-0.491206,1.235778,0.1753227) (313.4384,311.3025,22.45736)
compute 4.28113105765994(-0.927222907543182,1.66224050521851,0.66245824098587) (-0.9113749,1.678099,0.6259869) (316.9878,264.9731,167.5141) (-0.4868134,1.234137,0.1729521) (313.2697,313.4984,21.49663)
compute 5.07848368576355(-0.937829971313477,1.61436462402344,0.675667703151703) (-0.9272229,1.662241,0.6624582) (319.1333,267.2432,164.437) (-0.4659914,1.235667,0.1744939) (310.8097,322.3844,18.03816)
compute 3.21569951434626(-0.928629159927368,1.59720480442047,0.650075554847717) (-0.93783,1.614365,0.6756677) (322.5182,266.3329,164.6492) (-0.4488602,1.237624,0.1741876) (308.7803,326.5065,17.09694)
compute 5.13086230405137(-0.8945392370224,1.56864714622498,0.624484300613403) (-0.9286292,1.597205,0.6500756) (324.7444,262.2985,164.3685) (-0.426464,1.240366,0.1750687) (306.1199,335.4398,13.11645)
compute 21.0657734649317(-0.764275908470154,1.44051873683929,0.519645094871521) (-0.8945392,1.568647,0.6244843) (333.9991,258.5093,166.9553) (-0.4040986,1.239597,0.1751447) (303.8549,346.462,6.173723)
compute 4.18726980775603(-0.744454562664032,1.40446305274963,0.527418434619904) (-0.7642759,1.440519,0.5196451) (339.969,254.3767,167.6652) (-0.3871548,1.24811,0.1771579) (301.4528,352.9277,2.020672)
compute 8.10448042452131(-0.666480541229248,1.38275301456451,0.531539916992188) (-0.7444546,1.404463,0.5274184) (341.6368,255.7485,169.0205) (-0.3671702,1.24204,0.1868901) (302.6305,358.1579,0.7710509)
compute 4.61427717040006(-0.621299684047699,1.37768507003784,0.539424180984497) (-0.6664805,1.382753,0.5315399) (340.6224,257.5268,171.9603) (-0.3460896,1.241231,0.1888226) (300.6347,0.9195006,0.474728)
compute 2.81258491826005(-0.600521862506866,1.37620580196381,0.558322787284851) (-0.6212997,1.377685,0.5394242) (340.3719,259.4452,173.0104) (-0.3288941,1.244506,0.1946642) (301.2849,5.147506,359.0336)
compute 3.50542487594381(-0.573602676391602,1.36587941646576,0.578260779380798) (-0.6005219,1.376206,0.5583228) (339.8704,262.2121,173.0216) (-0.3105611,1.242832,0.2006871) (303.1543,11.848,354.192)
compute 3.97691388581215(-0.552179515361786,1.34674656391144,0.605766534805298) (-0.5736027,1.365879,0.5782608) (340.0545,264.2553,172.9983) (-0.3058527,1.240438,0.2022816) (306.0754,13.57943,352.9129)
compute 3.89331308716875(-0.536991715431213,1.31642615795136,0.624892234802246) (-0.5521795,1.346747,0.6057665) (340.2223,266.6934,170.5936) (-0.3060951,1.238595,0.2052232) (306.5997,14.37494,353.1084)
compute 3.95427251189049(-0.505285263061523,1.29294419288635,0.622260630130768) (-0.5369917,1.316426,0.6248922) (342.4749,268.9764,169.6593) (-0.3086765,1.238008,0.2099122) (309.6696,16.14828,352.9769)
compute 3.88795586362835(-0.469382971525192,1.30446302890778,0.631745457649231) (-0.5052853,1.292944,0.6222606) (339.5587,271.4588,173.026) (-0.3149544,1.238158,0.2160691) (310.8126,15.46023,354.1681)
compute 3.10848513058875(-0.441730409860611,1.31856453418732,0.633404195308685) (-0.469383,1.304463,0.6317455) (333.9293,271.9581,175.4909) (-0.3164547,1.238908,0.2198022) (311.7358,13.19561,355.8063)
compute 3.28991412421315(-0.420778721570969,1.29707205295563,0.619933724403381) (-0.4417304,1.318565,0.6334042) (337.5304,272.3452,175.5002) (-0.3196793,1.239629,0.220809) (313.7928,7.860051,358.2842)
compute 3.96647791312009(-0.400552839040756,1.26296365261078,0.620842278003693) (-0.4207787,1.297072,0.6199337) (340.9387,273.9958,171.7971) (-0.3438269,1.23414,0.2264189) (319.0413,349.563,7.140203)
compute 3.16661266577215(-0.383051872253418,1.23659706115723,0.619718611240387) (-0.4005528,1.262964,0.6208423) (342.1125,276.6664,168.8791) (-0.3607311,1.229181,0.2285848) (322.9479,339.8653,11.49681)
compute 2.34899910559345(-0.371976852416992,1.21590030193329,0.618842363357544) (-0.3830519,1.236597,0.6197186) (343.6378,277.3218,168.2469) (-0.3612507,1.226746,0.2245389) (321.615,342.2311,9.848545)
compute 1.52025777784146(-0.36192387342453,1.20584511756897,0.624222815036774) (-0.3719769,1.2159,0.6188424) (343.0995,278.4467,166.921) (-0.3359239,1.234143,0.2211697) (317.5921,355.7121,4.126158)
compute 1.43663836733695(-0.347793638706207,1.20740568637848,0.626295030117035) (-0.3619239,1.205845,0.6242228) (341.3331,279.5355,167.2493) (-0.2991376,1.238728,0.2125477) (314.5156,16.06981,352.4043)
compute 2.13550811087209(-0.328146129846573,1.21570217609406,0.625207304954529) (-0.3477936,1.207406,0.626295) (338.9025,280.4807,167.9485) (-0.2835678,1.2384,0.202919) (314.1371,25.98834,347.1638)
compute 1.90796297687(-0.309752315282822,1.22036671638489,0.623221874237061) (-0.3281461,1.215702,0.6252073) (336.7263,281.319,168.1861) (-0.2793285,1.237295,0.1973072) (313.5779,27.63824,346.1868)
compute 1.65165799271799(-0.293597757816315,1.22289717197418,0.620892822742462) (-0.3097523,1.220367,0.6232219) (335.5067,282.5174,168.6542) (-0.2775896,1.236115,0.1950799) (312.8756,28.89713,345.1121)
compute 1.86908461864234(-0.275230050086975,1.22569453716278,0.618855714797974) (-0.2935978,1.222897,0.6208928) (334.1691,284.1833,169.1314) (-0.2778443,1.234169,0.1932209) (312.6991,30.95323,343.9819)
compute 1.84811328226661(-0.256749033927917,1.22574615478516,0.618896543979645) (-0.2752301,1.225695,0.6188557) (331.9076,286.1163,168.421) (-0.2773543,1.230783,0.1967629) (313.9564,30.68694,345.1788)
compute 2.11183456617826(-0.240858197212219,1.21183919906616,0.618646681308746) (-0.256749,1.225746,0.6188965) (331.4272,287.5743,167.6254) (-0.2743896,1.22936,0.202802) (315.9589,31.03061,345.4908)
compute 2.98049536022765(-0.222735151648521,1.18834900856018,0.615800380706787) (-0.2408582,1.211839,0.6186467) (330.8636,289.7131,164.297) (-0.2671594,1.227979,0.2101298) (318.1908,32.09618,346.1515)
compute 3.42503527321252(-0.204380676150322,1.15943288803101,0.616040945053101) (-0.2227352,1.188349,0.6158004) (330.8,291.8888,161.1055) (-0.2568768,1.227022,0.2167523) (321.189,33.36567,346.7683)
compute 3.50943900047999(-0.191169410943985,1.12693929672241,0.614925026893616) (-0.2043807,1.159433,0.6160409) (330.8839,292.3262,157.9307) (-0.2425668,1.22487,0.2241827) (324.1977,34.44962,346.6688)
compute 3.55595655049806(-0.17993888258934,1.09532535076141,0.603138744831085) (-0.1911694,1.126939,0.614925) (330.776,292.7299,153.4307) (-0.2294376,1.220982,0.2307768) (326.8459,34.55471,346.7433)
compute 3.75221358465401(-0.170508220791817,1.06092989444733,0.591480016708374) (-0.1799389,1.095325,0.6031387) (331.8865,292.0864,150.5651) (-0.2164216,1.220231,0.2391745) (328.7743,34.1095,347.4659)
compute 4.08873219822217(-0.161290213465691,1.02279996871948,0.579951345920563) (-0.1705082,1.06093,0.59148) (331.1978,292.4807,145.6802) (-0.209078,1.221256,0.2471135) (330.8376,32.69423,348.5811)
compute 4.84178489287216(-0.159329548478127,0.980088770389557,0.557231366634369) (-0.1612902,1.0228,0.5799513) (328.8538,291.0377,144.7492) (-0.2078951,1.221127,0.2487923) (333.3665,32.50506,350.0442)
compute 4.87766249277798(-0.161867529153824,0.942910373210907,0.525759398937225) (-0.1593295,0.9800888,0.5572314) (325.6954,290.674,147.5504) (-0.2129335,1.216601,0.2441181) (336.5804,35.51754,348.5587)
compute 5.31613947478224(-0.169070437550545,0.907556116580963,0.486716747283936) (-0.1618675,0.9429104,0.5257594) (320.5622,294.9671,144.6009) (-0.2219439,1.212584,0.2383492) (339.5435,41.58355,348.2385)
compute 4.86492018703936(-0.170463889837265,0.874246001243591,0.451287388801575) (-0.1690704,0.9075561,0.4867167) (315.5469,304.4374,138.0959) (-0.2260588,1.208712,0.2348315) (342.3902,45.91348,348.6222)
compute 4.29421059514846(-0.169155836105347,0.840330600738525,0.424980372190475) (-0.1704639,0.874246,0.4512874) (313.473,316.1472,130.4446) (-0.2274019,1.204837,0.2282582) (345.4983,50.51329,347.6698)
compute 3.48533233628707(-0.164760559797287,0.810904741287231,0.406826734542847) (-0.1691558,0.8403306,0.4249804) (312.3057,329.4495,118.1627) (-0.2231295,1.20341,0.2251404) (347.2617,51.6209,348.5257)
compute 3.05399245676657(-0.155624270439148,0.784825623035431,0.393823087215424) (-0.1647606,0.8109047,0.4068267) (313.0181,337.3596,111.45) (-0.2145975,1.1968,0.2209306) (350.2485,51.9549,348.916)
compute 2.94910241944248(-0.149331659078598,0.758317053318024,0.382535070180893) (-0.1556243,0.7848256,0.3938231) (313.718,337.7994,112.4297) (-0.1988057,1.192292,0.2214968) (352.3027,53.09189,349.6428)
compute 2.84819098941214(-0.130101144313812,0.775111854076386,0.369912028312683) (-0.1493317,0.7583171,0.3825351) (313.5033,339.4626,111.6373) (-0.1747616,1.190372,0.2211422) (352.8474,54.25697,349.8939)
compute 3.00084556765368(-0.101540744304657,0.779999434947968,0.362106740474701) (-0.1301011,0.7751119,0.369912) (313.5578,341.3935,110.4236) (-0.1409164,1.188124,0.2176223) (353.897,54.22205,350.7802)
compute 4.14384796900437(-0.0640715360641479,0.794185698032379,0.351525813341141) (-0.1015407,0.7799994,0.3621067) (313.0435,342.6493,110.0055) (-0.1018459,1.19012,0.2139495) (355.4294,53.99994,351.5598)
compute 3.60844273124895(-0.0297484174370766,0.793401956558228,0.340417474508286) (-0.06407154,0.7941857,0.3515258) (312.3996,345.2853,106.753) (-0.0669779,1.187677,0.2116386) (356.8079,54.58944,352.5673)
compute 2.98626875032936(-0.00358062726445496,0.780031442642212,0.335101813077927) (-0.02974842,0.793402,0.3404175) (314.2092,344.4845,107.623) (-0.03838751,1.189543,0.2112433) (358.7416,55.29017,353.2042)
compute 2.22909924364795(0.0156110106036067,0.768950402736664,0.332697659730911) (-0.003580627,0.7800314,0.3351018) (314.7269,346.1491,105.214) (-0.01590911,1.188885,0.2175509) (359.5041,55.53297,354.1641)
compute 1.26417453969109(0.0275478567928076,0.764825344085693,0.332141488790512) (0.01561101,0.7689504,0.3326977) (314.6638,346.7508,104.5726) (0.0007080277,1.18489,0.2280823) (1.995924,56.19117,355.0615)
compute 0.882110767321688(0.0332379341125488,0.771564245223999,0.332290410995483) (0.02754786,0.7648253,0.3321415) (314.4593,347.2682,104.123) (0.007433026,1.179692,0.2399309) (4.045699,57.87622,354.48)
compute 1.14727226253558(0.0375625155866146,0.760954797267914,0.332891225814819) (0.03323793,0.7715642,0.3322904) (314.9046,350.1622,105.1744) (0.007541162,1.175544,0.2547727) (5.75166,60.00026,354.114)
compute 1.70303849059873(0.0484710969030857,0.773991703987122,0.331853955984116) (0.03756252,0.7609548,0.3328912) (313.3642,356.5447,102.8188) (0.01477025,1.176619,0.263034) (6.046446,60.48563,356.1408)
compute 1.2360503722609(0.0595271103084087,0.768969178199768,0.329547256231308) (0.0484711,0.7739917,0.331854) (312.8749,356.6805,104.9192) (0.03389549,1.177192,0.2635739) (7.153023,59.09736,356.2117)
compute 2.03870174545834(0.0752013847231865,0.756083726882935,0.327569186687469) (0.05952711,0.7689692,0.3295473) (313.1158,356.7147,104.6586) (0.06009808,1.176146,0.2613944) (6.494452,57.04504,355.3541)
compute 2.78446798308734(0.0982375144958496,0.740442037582397,0.327591001987457) (0.07520138,0.7560837,0.3275692) (311.9868,353.7854,104.8107) (0.08885748,1.17591,0.2564934) (6.355323,53.38271,355.7327)
compute 2.55124200079949(0.12287051230669,0.742440462112427,0.333923876285553) (0.09823751,0.740442,0.327591) (311.6759,349.961,103.6419) (0.1206618,1.181351,0.2562641) (6.216423,48.57281,356.7657)
compute 3.96981534186443(0.150668278336525,0.770638227462769,0.336772322654724) (0.1228705,0.7424405,0.3339239) (310.6234,343.8295,105.0692) (0.1409202,1.1854,0.2628435) (6.278339,44.67987,357.4063)
compute 2.45375320782026(0.172348737716675,0.778652429580688,0.345007658004761) (0.1506683,0.7706382,0.3367723) (310.5608,339.6887,106.1509) (0.1485085,1.186449,0.2736903) (6.769688,40.67316,357.2659)
compute 1.60054585068124(0.184508562088013,0.779111862182617,0.355404883623123) (0.1723487,0.7786524,0.3450077) (310.9169,342.7309,101.0895) (0.1458518,1.190218,0.2819286) (6.350379,37.63156,356.4698)
compute 1.32492468516493(0.189450457692146,0.78999000787735,0.361130803823471) (0.1845086,0.7791119,0.3554049) (312.008,343.6105,101.5039) (0.1373498,1.18815,0.2921192) (5.833967,36.50386,355.3253)
compute 0.305388193332025(0.19238655269146,0.789164245128632,0.361284613609314) (0.1894505,0.78999,0.3611308) (311.4768,345.0893,101.1962) (0.1304979,1.188273,0.2969157) (5.353744,32.85399,356.7449)
compute 0.415457327126686(0.195189252495766,0.788952648639679,0.364344120025635) (0.1923866,0.7891642,0.3612846) (310.5704,343.355,101.6959) (0.1370647,1.190519,0.2966243) (4.800921,28.44947,356.5303)
compute 0.90157485469753(0.199951231479645,0.788820505142212,0.371998518705368) (0.1951893,0.7889526,0.3643441) (310.3494,339.3739,99.79971) (0.157557,1.191244,0.2932727) (3.194412,23.61892,356.158)
compute 1.74369897040426(0.209865808486938,0.777602076530457,0.38093701004982) (0.1999512,0.7888205,0.3719985) (308.8589,331.6184,102.0948) (0.1801963,1.188649,0.2912822) (2.831464,16.30262,356.9432)
compute 2.00170463014893(0.225781038403511,0.769450008869171,0.389933198690414) (0.2098658,0.7776021,0.380937) (308.8786,326.6966,100.7964) (0.2090203,1.188663,0.2883406) (3.34252,10.0857,357.5409)
compute 2.10072365485875(0.242655888199806,0.781783878803253,0.387831032276154) (0.225781,0.76945,0.3899332) (306.6664,318.8524,102.9078) (0.2289295,1.186902,0.2872843) (2.110565,5.106806,357.4544)
compute 1.53810209289899(0.25595435500145,0.774575233459473,0.390617072582245) (0.2426559,0.7817839,0.387831) (307.5812,315.7417,102.9838) (0.2312028,1.187373,0.2829118) (2.532199,358.9151,356.9663)
compute 1.71505732006766(0.262886166572571,0.790222942829132,0.391731232404709) (0.2559544,0.7745752,0.3906171) (308.2463,316.5478,100.6553) (0.2156787,1.190945,0.2752244) (0.6291516,351.311,356.9402)
compute 0.448036755559296(0.262350171804428,0.785872519016266,0.390803754329681) (0.2628862,0.7902229,0.3917312) (308.6993,316.4885,100.5142) (0.1973077,1.189901,0.2711185) (359.7169,345.2382,356.597)
compute 1.42880954370281(0.258591055870056,0.772886276245117,0.386180311441422) (0.2623502,0.7858725,0.3908038) (309.4545,318.4695,97.82318) (0.1764037,1.189073,0.2623547) (358.3304,338.0704,357.7171)
compute 1.82704587300934(0.247325852513313,0.758676409721375,0.38394770026207) (0.2585911,0.7728863,0.3861803) (310.9834,317.9352,96.00288) (0.1603215,1.188063,0.2529294) (358.018,331.3206,357.85)
compute 1.31556933412136(0.236147433519363,0.752874314785004,0.380146265029907) (0.2473259,0.7586764,0.3839477) (310.8759,315.4028,95.62633) (0.1548181,1.187013,0.2463451) (356.2704,326.7942,358.6937)
compute 1.04290734584033(0.226744964718819,0.749840617179871,0.376806229352951) (0.2361474,0.7528743,0.3801463) (309.7402,312.5597,95.66366) (0.1497076,1.187584,0.2417149) (355.3148,322.6137,359.3143)
compute 1.28315056825406(0.215887472033501,0.756538689136505,0.375428467988968) (0.226745,0.7498406,0.3768062) (309.1534,311.4939,94.50199) (0.1435358,1.188697,0.2369516) (354.8558,318.1319,359.8776)
compute 1.59332363251013(0.204494833946228,0.767458558082581,0.373230218887329) (0.2158875,0.7565387,0.3754285) (308.9943,309.0043,94.78706) (0.1414311,1.189724,0.2326935) (354.8211,314.5072,359.5654)
compute 0.556579846715176(0.1991967856884,0.769043564796448,0.372600495815277) (0.2044948,0.7674586,0.3732302) (309.1429,308.181,94.41154) (0.1408585,1.190854,0.2317257) (354.923,314.2383,359.6394)
compute 0.286813594515649(0.196433588862419,0.769812285900116,0.372596561908722) (0.1991968,0.7690436,0.3726005) (309.0514,307.9131,94.47431) (0.142218,1.19038,0.2331709) (353.989,314.733,0.3135093)
compute 0.0504940936816249(0.196922361850739,0.769739627838135,0.372700423002243) (0.1964336,0.7698123,0.3725966) (308.9824,307.8404,94.5791) (0.1425802,1.190575,0.2365985) (353.6345,315.3117,0.4900367)
compute 0.252920142608134(0.198666572570801,0.769667446613312,0.370870292186737) (0.1969224,0.7697396,0.3727004) (309.2738,308.8484,94.40397) (0.148543,1.192772,0.244725) (353.7119,319.1098,0.239877)
compute 0.597220636287917(0.200823828577995,0.769489109516144,0.365304172039032) (0.1986666,0.7696674,0.3708703) (309.536,310.1487,93.54057) (0.1597162,1.196062,0.2529666) (354.0164,322.9929,0.1957465)
compute 1.48721845260733(0.19472248852253,0.769348502159119,0.351741880178452) (0.2008238,0.7694891,0.3653042) (309.7212,309.3157,93.89239) (0.179901,1.192097,0.2616109) (354.7345,327.6666,359.7923)
compute 1.42442750148424(0.188180327415466,0.76952999830246,0.339090138673782) (0.1947225,0.7693485,0.3517419) (309.5302,308.4884,93.52319) (0.197843,1.186888,0.2691176) (354.5436,331.2215,0.1660958)
compute 0.242292260093103(0.189879536628723,0.769669532775879,0.337368577718735) (0.1881803,0.76953,0.3390901) (309.4269,306.576,94.89819) (0.2073057,1.185464,0.2689926) (355.4963,333.4754,0.01010766)
compute 1.06523659042548(0.198929607868195,0.769139647483826,0.331774979829788) (0.1898795,0.7696695,0.3373686) (310.1319,308.0632,95.29664) (0.2115554,1.184081,0.2608711) (356.3644,337.0047,359.4708)
compute 1.08632948924955(0.209518805146217,0.76937210559845,0.33418869972229) (0.1989296,0.7691396,0.331775) (309.5664,312.9608,95.3474) (0.2111005,1.183518,0.2490091) (355.8658,342.1972,358.6978)
compute 0.949973847531862(0.213854417204857,0.768430769443512,0.325788617134094) (0.2095188,0.7693721,0.3341887) (310.4538,322.1465,92.59939) (0.1991147,1.18406,0.2355465) (355.2101,345.7915,358.2376)
compute 1.61815948411145(0.217739343643188,0.756463527679443,0.315613329410553) (0.2138544,0.7684308,0.3257886) (313.5279,332.8358,86.00922) (0.1919251,1.183272,0.2263926) (354.8555,349.5034,356.7887)
compute 1.63157663300179(0.212582647800446,0.744537353515625,0.305745244026184) (0.2177393,0.7564635,0.3156133) (314.8624,334.0054,87.01137) (0.1854147,1.179608,0.223585) (352.376,351.5539,356.3021)
compute 0.974108272368021(0.204194203019142,0.74097353219986,0.302306950092316) (0.2125826,0.7445374,0.3057452) (314.545,333.4662,88.25247) (0.1832071,1.177949,0.2168356) (350.2978,352.3407,356.5146)
compute 1.29463382481956(0.191318511962891,0.740240037441254,0.301172822713852) (0.2041942,0.7409735,0.302307) (313.4025,332.1931,88.16333) (0.1840632,1.176876,0.2183171) (346.2782,351.5923,356.8257)
compute 1.10680867536882(0.186473026871681,0.732949137687683,0.307945311069489) (0.1913185,0.74024,0.3011728) (313.1469,329.9023,87.41622) (0.1923004,1.177444,0.220183) (342.7507,350.0211,357.825)
compute 1.24073353647349(0.187863275408745,0.724150538444519,0.316582083702087) (0.186473,0.7329491,0.3079453) (312.6546,327.5648,86.78316) (0.1987472,1.174734,0.2227072) (338.2922,348.6993,358.5467)
compute 1.64727380140485(0.191187486052513,0.713560342788696,0.328753709793091) (0.1878633,0.7241505,0.3165821) (312.2987,324.3658,88.09129) (0.2038084,1.17242,0.2255472) (334.1484,347.1983,359.3161)
compute 1.73245942617904(0.191229641437531,0.70414936542511,0.343299269676209) (0.1911875,0.7135603,0.3287537) (313.8793,323.15,88.46683) (0.2014746,1.170721,0.2305376) (327.0855,347.2073,359.2476)
Average= 2.89513631351365
Max= 21.0657734649317
Standard Deviation= 3.60117754913809
Right: 8    Wrong: 3
0
