compute 56.3125175061395(-0.0300727281719446,0.589626789093018,0.248316213488579) (0.05377794,1.146203,0.2656839) (333.1361,261.9324,88.40584) (-0.02406605,0.9457101,0.1883996) (11.19947,11.1968,4.905907)
compute 3.2297242447488(-0.0618780292570591,0.589021563529968,0.253899097442627) (-0.03007273,0.5896268,0.2483162) (332.8553,262.103,88.34276) (-0.03806131,0.9471326,0.192005) (9.521679,1.868877,2.565101)
compute 2.34803770154564(-0.0849136859178543,0.586402893066406,0.257617861032486) (-0.06187803,0.5890216,0.2538991) (332.1912,262.2329,88.14941) (-0.0460209,0.9480298,0.1903817) (8.209143,354.2725,1.495336)
compute 1.77800733008966(-0.102486334741116,0.583696722984314,0.257519572973251) (-0.08491369,0.5864029,0.2576179) (331.9272,262.012,88.09489) (-0.05143273,0.9477547,0.1860467) (7.007508,347.1777,0.8345856)
compute 1.59914036168961(-0.117315717041492,0.580598592758179,0.252399414777756) (-0.1024863,0.5836967,0.2575196) (331.6366,261.8,87.97655) (-0.05492649,0.9476469,0.1824436) (6.737259,343.468,1.190328)
compute 0.789972814077016(-0.124414585530758,0.579362452030182,0.249161556363106) (-0.1173157,0.5805986,0.2523994) (331.5572,261.6705,87.95856) (-0.05561231,0.945091,0.1814715) (6.852187,342.0515,2.023062)
compute 0.45276536956942(-0.126972451806068,0.579150140285492,0.245431691408157) (-0.1244146,0.5793625,0.2491616) (331.6208,261.3639,88.05743) (-0.05845945,0.939548,0.1794254) (9.322582,340.6778,3.156497)
compute 0.638271433295594(-0.130568951368332,0.579031109809875,0.240160062909126) (-0.1269725,0.5791501,0.2454317) (331.8849,260.6214,88.25764) (-0.06355157,0.9295419,0.1763618) (14.20445,339.2402,4.193955)
compute 0.524871406444615(-0.132286712527275,0.579153656959534,0.23520191013813) (-0.130569,0.5790311,0.2401601) (332.1717,259.9373,88.31189) (-0.06616883,0.9175478,0.175343) (20.23909,339.925,5.206775)
compute 0.195062976086506(-0.132181659340858,0.579664826393127,0.233322381973267) (-0.1322867,0.5791537,0.2352019) (332.3394,259.3303,87.80784) (-0.06814399,0.9137911,0.1754357) (22.03317,341.6372,5.877135)
compute 0.46318404753904(-0.127551406621933,0.579778671264648,0.233364164829254) (-0.1321817,0.5796648,0.2333224) (332.8358,259.0926,87.26128) (-0.06945402,0.9136137,0.1772839) (22.89083,342.6847,6.795971)
compute 0.244525922115803(-0.126114726066589,0.581406831741333,0.234488591551781) (-0.1275514,0.5797787,0.2333642) (333.0505,258.9913,87.00526) (-0.07500622,0.9127512,0.1791613) (24.54005,341.3456,7.16988)
compute 0.323085120818137(-0.128306686878204,0.583193957805634,0.236050605773926) (-0.1261147,0.5814068,0.2344886) (333.8792,259.7045,85.1515) (-0.0792466,0.9087477,0.1782268) (26.25925,340.6857,7.320108)
compute 0.359273956968001(-0.131820768117905,0.583904981613159,0.23628181219101) (-0.1283067,0.583194,0.2360506) (334.6934,259.8272,84.43906) (-0.0819697,0.9086516,0.1761309) (26.24436,340.414,7.54517)
compute 0.105387359039894(-0.132655248045921,0.583909392356873,0.235638171434402) (-0.1318208,0.583905,0.2362818) (335.6945,258.2336,84.69107) (-0.08243299,0.9103771,0.1749662) (26.54275,340.9233,7.814843)
compute 0.0401131335518808(-0.132672235369682,0.583828806877136,0.235245585441589) (-0.1326552,0.5839094,0.2356382) (336.1275,257.5234,84.86486) (-0.08317555,0.9108382,0.1746495) (27.54498,342.0285,8.249486)
compute 0.243754515680312(-0.130253940820694,0.583912670612335,0.235539600253105) (-0.1326722,0.5838288,0.2352456) (336.2076,257.3132,84.78893) (-0.08200619,0.9052435,0.1740445) (29.78221,343.6613,8.943129)
compute 0.587913035079267(-0.124529846012592,0.584607720375061,0.236686691641808) (-0.1302539,0.5839127,0.2355396) (336.1555,257.3128,83.78795) (-0.0787118,0.8984219,0.1731702) (32.71373,346.8654,9.890512)
compute 1.24500911623181(-0.112624071538448,0.585192441940308,0.240280494093895) (-0.1245298,0.5846077,0.2366867) (336.5551,258.6137,83.5726) (-0.07204191,0.8902938,0.1771344) (35.61214,351.1277,11.32304)
compute 1.16150852529384(-0.102668292820454,0.585419833660126,0.246258869767189) (-0.1126241,0.5851924,0.2402805) (336.5578,258.7212,83.43404) (-0.07030912,0.8831534,0.1814654) (37.79307,353.3776,11.95292)
compute 11.787842502309(-0.188707172870636,0.622058570384979,0.174493715167046) (-0.1026683,0.5854198,0.2462589) (335.7714,257.7253,82.17096) (-0.07096806,0.8825233,0.1814497) (38.14029,351.384,11.16728)
compute 0.559381936032914(-0.190953016281128,0.622742235660553,0.169416353106499) (-0.1887072,0.6220586,0.1744937) (335.1982,257.9093,80.68447) (-0.07639162,0.8885466,0.1765353) (37.04296,349.3366,10.64334)
compute 0.860033532130269(-0.190353751182556,0.623037874698639,0.160842016339302) (-0.190953,0.6227422,0.1694164) (334.1879,257.1949,77.57166) (-0.08002429,0.8888546,0.1751609) (36.81839,345.9804,9.989808)
compute 0.647569991748309(-0.189942300319672,0.625157594680786,0.154736921191216) (-0.1903538,0.6230379,0.160842) (333.8752,255.8201,76.18435) (-0.09079476,0.8887517,0.1712444) (37.07468,340.2979,8.166189)
compute 0.81342664423321(-0.191488042473793,0.630846500396729,0.149132162332535) (-0.1899423,0.6251576,0.1547369) (334.0995,253.6966,76.01793) (-0.1033509,0.8912727,0.1636221) (36.3604,333.0816,6.848698)
compute 1.23816962255754(-0.195392116904259,0.631763160228729,0.137417882680893) (-0.191488,0.6308465,0.1491322) (333.9768,249.9512,76.63797) (-0.1185128,0.8954054,0.1521053) (34.18209,323.5411,5.3712)
compute 0.942638773359091(-0.1960588991642,0.631471037864685,0.128019645810127) (-0.1953921,0.6317632,0.1374179) (334.0311,246.6534,76.82037) (-0.1307014,0.8999304,0.1384217) (32.11424,314.9656,4.146683)
compute 0.667479389712739(-0.195276260375977,0.629937410354614,0.121570743620396) (-0.1960589,0.631471,0.1280196) (334.4428,244.0081,76.9084) (-0.1362073,0.9001161,0.1321558) (31.38542,312.2709,4.738915)
compute 0.309331092277753(-0.194206923246384,0.627161741256714,0.120721772313118) (-0.1952763,0.6299374,0.1215707) (334.954,242.8236,76.99368) (-0.1376669,0.8993188,0.131304) (31.43824,313.1974,6.314825)
compute 0.366975531984624(-0.193291038274765,0.623625516891479,0.121073022484779) (-0.1942069,0.6271617,0.1207218) (335.33,242.7847,76.84389) (-0.1383796,0.8919085,0.1316306) (32.02562,311.9262,6.360435)
compute 0.402476407857293(-0.192141011357307,0.619785845279694,0.121437832713127) (-0.193291,0.6236255,0.121073) (335.7855,243.0071,76.26753) (-0.1447158,0.8886983,0.125657) (32.31081,309.2002,6.649488)
compute 0.369146085208699(-0.192953288555145,0.616238296031952,0.122055880725384) (-0.192141,0.6197858,0.1214378) (336.8531,242.2259,75.35404) (-0.1493724,0.8896965,0.1174995) (31.86617,305.8682,7.770956)
compute 1.41625020067678(-0.204930812120438,0.620654165744781,0.128189027309418) (-0.1929533,0.6162383,0.1220559) (337.132,240.7885,76.38701) (-0.156711,0.8897461,0.1145421) (31.28846,303.5933,8.434544)
compute 3.35736370997443(-0.234823435544968,0.6315678358078,0.1388900578022) (-0.2049308,0.6206542,0.128189) (337.2492,238.312,80.04032) (-0.1730074,0.8896956,0.1162202) (30.95385,302.082,9.063524)
compute 4.79473005485435(-0.281224280595779,0.629392862319946,0.150771751999855) (-0.2348234,0.6315678,0.1388901) (340.0909,236.1528,82.41245) (-0.2015605,0.882536,0.1180411) (32.10946,300.7473,10.81642)
compute 6.54635830013592(-0.342338263988495,0.607017338275909,0.157835587859154) (-0.2812243,0.6293929,0.1507718) (344.5004,231.832,83.50399) (-0.2343766,0.8711095,0.1258581) (33.64234,298.9033,12.2304)
compute 7.21104885534181(-0.40263631939888,0.567689120769501,0.162001922726631) (-0.3423383,0.6070173,0.1578356) (349.2136,226.0511,86.18219) (-0.2778391,0.859324,0.1344123) (34.6166,296.3416,13.01065)
compute 9.18385569825879(-0.476084053516388,0.513605296611786,0.172711327672005) (-0.4026363,0.5676891,0.1620019) (353.2497,224.6249,82.89951) (-0.3090701,0.851969,0.1407924) (35.31463,294.1104,13.05161)
compute 6.3723106412471(-0.527742087841034,0.479681849479675,0.188244566321373) (-0.4760841,0.5136053,0.1727113) (357.4934,227.1113,77.82632) (-0.3421789,0.8407437,0.1490566) (35.6016,292.8656,13.20081)
compute 6.85858167405408(-0.574507653713226,0.431561917066574,0.202438518404961) (-0.5277421,0.4796818,0.1882446) (3.654922,227.505,76.15614) (-0.3778585,0.8220282,0.1522131) (36.70748,291.3442,13.05217)
compute 6.24697312068862(-0.610146522521973,0.380845218896866,0.210194483399391) (-0.5745077,0.4315619,0.2024385) (9.667984,227.0078,75.80764) (-0.404952,0.8017565,0.1564289) (38.20996,289.3713,13.00923)
compute 4.91741477171387(-0.637778997421265,0.34033066034317,0.213815778493881) (-0.6101465,0.3808452,0.2101945) (15.0286,227.295,75.61739) (-0.4260003,0.7812997,0.1563007) (39.08159,288.3193,12.37314)
compute 4.76435834764538(-0.666228353977203,0.304982662200928,0.228343829512596) (-0.637779,0.3403307,0.2138158) (15.6779,230.3435,73.13589) (-0.4371856,0.7659314,0.1561623) (39.23199,287.8162,12.83878)
compute 4.50062186483996(-0.685821890830994,0.268242329359055,0.245426014065742) (-0.6662284,0.3049827,0.2283438) (18.71684,230.6186,74.84157) (-0.4524109,0.7472394,0.1567066) (39.78161,286.8933,12.64022)
compute 4.21177400253416(-0.702598392963409,0.232733994722366,0.260644793510437) (-0.6858219,0.2682423,0.245426) (22.25169,231.668,75.55914) (-0.4677409,0.7324073,0.1659675) (41.87669,284.9636,12.11786)
compute 3.08828094685928(-0.720321834087372,0.211408525705338,0.27424082159996) (-0.7025984,0.232734,0.2606448) (23.8335,231.9267,75.14828) (-0.4825799,0.7196309,0.1804689) (41.9545,283.9964,11.14423)
compute 2.51043122058548(-0.740874409675598,0.202868551015854,0.285854905843735) (-0.7203218,0.2114085,0.2742408) (23.82791,231.9111,76.54878) (-0.488877,0.7041355,0.1943212) (42.54892,284.008,9.205562)
compute 1.43317615686346(-0.748451828956604,0.194470271468163,0.294655531644821) (-0.7408744,0.2028686,0.2858549) (24.12984,232.8471,78.60868) (-0.490872,0.6879588,0.2013717) (45.91717,283.5123,8.380058)
compute 1.3430750914735(-0.740135252475739,0.201884791254997,0.287155896425247) (-0.7484518,0.1944703,0.2946555) (18.55287,232.091,78.35421) (-0.4844126,0.6987311,0.2066225) (45.35056,284.2776,7.310434)
compute 8.42127178307625(-0.683040082454681,0.257995098829269,0.261010974645615) (-0.7401353,0.2018848,0.2871559) (358.3086,229.1965,75.05701) (-0.4749995,0.7309673,0.2193781) (41.48693,290.5766,8.50373)
compute 11.0830477209258(-0.591296017169952,0.319953560829163,0.266261756420136) (-0.6830401,0.2579951,0.261011) (342.7607,234.5252,64.96511) (-0.4551859,0.7605928,0.2267998) (38.66003,298.6236,11.77691)
compute 10.4305259013346(-0.505413413047791,0.351267844438553,0.316493034362793) (-0.591296,0.3199536,0.2662618) (337.2841,253.6792,56.88026) (-0.425957,0.7871335,0.2312153) (35.57072,306.9744,14.60695)
compute 10.687652630405(-0.411309510469437,0.378641694784164,0.359127759933472) (-0.5054134,0.3512678,0.316493) (338.7339,268.9189,57.50344) (-0.3895352,0.8083212,0.2522255) (31.97045,320.3332,18.75469)
compute 9.49392325989293(-0.324754655361176,0.4078029692173,0.385037899017334) (-0.4113095,0.3786417,0.3591278) (340.2926,276.9008,60.81303) (-0.3485447,0.8265349,0.2706707) (28.96844,331.8309,21.62996)
compute 7.42170172020931(-0.25405490398407,0.425777077674866,0.3986996114254) (-0.3247547,0.407803,0.3850379) (341.4284,282.5127,63.12963) (-0.2918674,0.8486683,0.2865065) (25.91729,345.0857,22.13685)
compute 5.71623455340731(-0.198349207639694,0.438281297683716,0.401537507772446) (-0.2540549,0.4257771,0.3986996) (340.4914,288.5343,64.80445) (-0.2392221,0.8641797,0.2952052) (25.1165,359.3013,22.42793)
compute 3.9299512010338(-0.162768825888634,0.448569178581238,0.388397961854935) (-0.1983492,0.4382813,0.4015375) (338.1525,295.0562,62.61999) (-0.2039855,0.8735679,0.2961767) (25.21311,10.72251,22.42238)
compute 3.86593362702404(-0.14568355679512,0.474244087934494,0.365086227655411) (-0.1627688,0.4485692,0.388398) (336.3157,299.8561,62.23867) (-0.1504841,0.8784333,0.2987124) (26.28553,29.8357,23.86212)
compute 3.32207925813713(-0.130406975746155,0.501390159130096,0.353539019823074) (-0.1456836,0.4742441,0.3650862) (333.4735,308.4171,62.05457) (-0.1035802,0.8738468,0.2947552) (27.40604,45.33084,25.52954)
compute 2.51681406734104(-0.111715950071812,0.517296850681305,0.34796604514122) (-0.130407,0.5013902,0.353539) (330.9275,319.0219,60.27376) (-0.06481309,0.8654455,0.2819411) (30.74234,54.74326,25.75355)
compute 1.53186707990531(-0.099817268550396,0.518861532211304,0.33844581246376) (-0.111716,0.5172969,0.347966) (330.8089,324.6216,58.71685) (-0.03486472,0.8622613,0.2641768) (32.51185,60.08617,24.8464)
compute 3.18673421053223(-0.0682776793837547,0.517571151256561,0.342818081378937) (-0.09981727,0.5188615,0.3384458) (334.8509,325.7207,65.82003) (-0.01215088,0.8646286,0.2507437) (31.51845,59.83356,22.93212)
compute 11.3326727802507(0.0404266715049744,0.513366162776947,0.374577015638351) (-0.06827768,0.5175712,0.3428181) (335.85,338.7128,68.65716) (0.02023003,0.8687633,0.2450678) (30.7714,57.58913,20.84982)
compute 11.5403619127839(0.154039338231087,0.498348504304886,0.388164788484573) (0.04042667,0.5133662,0.374577) (341.4095,350.2717,73.51962) (0.06029611,0.8747083,0.2386944) (30.87793,57.60362,17.44064)
compute 6.3430603491414(0.216250628232956,0.496508210897446,0.375925093889236) (0.1540393,0.4983485,0.3881648) (339.565,356.4696,73.92123) (0.09611294,0.8773384,0.2329878) (30.772,58.88284,14.43811)
compute 4.16753182205956(0.249364241957664,0.490896254777908,0.351250678300858) (0.2162506,0.4965082,0.3759251) (338.3741,2.799175,73.30808) (0.1199633,0.8687515,0.22219) (31.7769,61.47404,12.49925)
compute 3.20415273488164(0.240061432123184,0.478406101465225,0.323248654603958) (0.2493642,0.4908963,0.3512507) (335.3818,5.465053,70.13838) (0.1310873,0.8680753,0.2126801) (31.93259,62.59041,10.98732)
compute 3.67029557080638(0.211512058973312,0.478904157876968,0.300188034772873) (0.2400614,0.4784061,0.3232487) (334.4816,4.332078,67.45507) (0.1319018,0.8725305,0.2056825) (30.30059,61.73836,9.263232)
compute 2.2796639456384(0.203498840332031,0.497102558612823,0.289039343595505) (0.2115121,0.4789042,0.300188) (330.5874,10.84738,59.19881) (0.131642,0.8741685,0.1969974) (30.1282,61.64339,8.585163)
compute 0.585878038829205(0.201847299933434,0.502714335918427,0.2887142598629) (0.2034988,0.4971026,0.2890393) (329.2172,11.44825,59.32413) (0.1306519,0.8791008,0.1894828) (28.8358,60.98114,7.548018)
compute 1.62868576624935(0.209011718630791,0.488295644521713,0.291170716285706) (0.2018473,0.5027143,0.2887143) (331.9254,14.9174,55.25527) (0.1309191,0.883288,0.182509) (27.81809,60.77421,6.400825)
compute 4.05650718409709(0.247570931911469,0.475825071334839,0.292958736419678) (0.2090117,0.4882956,0.2911707) (334.7429,20.9607,50.85698) (0.1384765,0.8830194,0.1830018) (27.50961,60.35025,5.95389)
compute 7.01865143213869(0.309244900941849,0.445033073425293,0.306161820888519) (0.2475709,0.4758251,0.2929587) (341.8633,26.07951,49.99115) (0.1526029,0.8813251,0.1862449) (28.21429,59.97471,5.8827)
compute 8.22025439763997(0.380791872739792,0.406268507242203,0.317806452512741) (0.3092449,0.4450331,0.3061618) (346.52,30.47669,51.56399) (0.1720766,0.8729653,0.204146) (28.62803,59.67302,6.036525)
compute 8.75997458798832(0.458815395832062,0.367347180843353,0.326243042945862) (0.3807919,0.4062685,0.3178065) (351.089,36.21279,53.03233) (0.2023228,0.8535952,0.2335594) (30.66094,58.68798,6.602209)
compute 8.33119278607184(0.534420967102051,0.335018008947372,0.33964079618454) (0.4588154,0.3673472,0.326243) (354.6403,41.27738,54.84378) (0.2312005,0.8350148,0.2591531) (31.54999,58.84556,6.505505)
compute 6.89370160333759(0.595077037811279,0.31684410572052,0.36689630150795) (0.534421,0.335018,0.3396408) (356.2554,40.09145,59.70796) (0.2647766,0.8088711,0.2840199) (33.69707,59.59785,6.807664)
compute 5.31549802991108(0.635558128356934,0.307902216911316,0.400164544582367) (0.595077,0.3168441,0.3668963) (357.4,35.74913,67.73538) (0.29098,0.7857257,0.3030751) (35.94425,59.80003,7.187892)
compute 5.26568090574036(0.674011588096619,0.293660372495651,0.433198481798172) (0.6355581,0.3079022,0.4001645) (359.7767,33.19926,70.64631) (0.31947,0.7547429,0.3219424) (38.46684,58.804,6.919009)
compute 4.33850851682979(0.701218485832214,0.278175085783005,0.463236063718796) (0.6740116,0.2936604,0.4331985) (3.65745,30.04362,73.22595) (0.3396006,0.7295899,0.3377904) (40.12194,56.84766,5.152082)
compute 3.06619400822921(0.713511765003204,0.261278629302979,0.485675752162933) (0.7012185,0.2781751,0.4632361) (6.688407,26.98527,73.60542) (0.3489883,0.7086627,0.3473643) (41.6767,56.77487,4.624974)
compute 5.58626176498121(0.731399714946747,0.219106063246727,0.517646491527557) (0.7135118,0.2612786,0.4856758) (10.0807,23.9007,74.56535) (0.3580433,0.6844496,0.3531213) (43.96806,56.74391,3.486867)
compute 2.2675961797359(0.733686327934265,0.198179170489311,0.526074767112732) (0.7313997,0.2191061,0.5176465) (17.28837,19.36883,76.73073) (0.3625335,0.6632279,0.3516933) (46.28525,57.39137,2.991967)
compute 0.712916314334022(0.737951040267944,0.192512482404709,0.526799917221069) (0.7336863,0.1981792,0.5260748) (19.41751,20.01038,76.02353) (0.3633991,0.6536996,0.3470781) (49.1506,57.26714,3.571706)
compute 2.47667958176002(0.719313263893127,0.207224309444427,0.519757926464081) (0.737951,0.1925125,0.5267999) (9.996116,22.19275,74.91507) (0.3514587,0.6705181,0.3444697) (49.35989,57.22487,4.190176)
compute 9.27046858618747(0.644137024879456,0.244982212781906,0.480808824300766) (0.7193133,0.2072243,0.5197579) (350.3877,22.78995,66.92664) (0.3290197,0.7015696,0.3405347) (45.82791,53.45483,2.113504)
compute 13.3445184449789(0.536229729652405,0.264631539583206,0.404798716306686) (0.644137,0.2449822,0.4808088) (344.5683,28.87924,54.74401) (0.2961651,0.7396932,0.3408975) (42.40553,47.13878,359.2833)
compute 12.8897101151089(0.432417005300522,0.260580062866211,0.328503459692001) (0.5362297,0.2646315,0.4047987) (352.0456,36.62624,42.36533) (0.24547,0.7763746,0.3390643) (37.47299,30.9893,351.4314)
compute 10.2444958257784(0.348973393440247,0.259962290525436,0.2690749168396) (0.432417,0.2605801,0.3285035) (359.0073,38.55914,36.08804) (0.1981079,0.8130034,0.3412463) (32.53695,17.74979,346.8873)
compute 4.33107100312068(0.311717659235001,0.269157737493515,0.248993292450905) (0.3489734,0.2599623,0.2690749) (0.3743252,38.74582,30.94767) (0.1652866,0.837359,0.3464991) (28.77221,11.30203,347.3808)
compute 4.14035559527239(0.31913149356842,0.297191619873047,0.2785464823246) (0.3117177,0.2691577,0.2489933) (353.445,36.93963,27.31131) (0.1325186,0.8648883,0.3261001) (24.91636,5.012892,347.881)
compute 7.54371310490605(0.333217918872833,0.347426861524582,0.333032757043839) (0.3191315,0.2971916,0.2785465) (342.9596,31.1571,25.47601) (0.1037598,0.8870437,0.3031265) (25.25046,0.01323137,347.9882)
compute 8.36658190290786(0.312104731798172,0.412508606910706,0.381184279918671) (0.3332179,0.3474269,0.3330328) (335.689,21.69369,23.6687) (0.08225875,0.8965138,0.2820507) (29.21601,1.004152,350.696)
compute 8.813773095495(0.24738022685051,0.465917676687241,0.408137381076813) (0.3121047,0.4125086,0.3811843) (330.5877,7.435565,30.21659) (0.05725712,0.898662,0.2679867) (30.0608,2.649365,355.8429)
compute 10.4609057097197(0.145288363099098,0.470239460468292,0.430534452199936) (0.2473802,0.4659177,0.4081374) (335.2281,346.9365,45.1885) (0.03272741,0.891136,0.2709336) (30.47858,2.676178,359.4891)
compute 9.76822803836564(0.0549246966838837,0.446476876735687,0.459022611379623) (0.1452884,0.4702395,0.4305345) (340.7027,328.8562,55.00278) (0.01317006,0.8745844,0.2984484) (31.11978,359.3512,2.34349)
compute 9.91264712259288(-0.00692341895774007,0.3961181640625,0.517885744571686) (0.0549247,0.4464769,0.4590226) (345.7244,314.346,68.39609) (-0.0007332563,0.8533832,0.3390335) (32.71346,356.0069,2.340001)
compute 7.9430864837485(-0.04234803840518,0.36245334148407,0.580503940582275) (-0.006923419,0.3961182,0.5178857) (350.8348,308.4537,75.85722) (-0.01929097,0.8282284,0.3887007) (35.44004,353.218,3.614157)
compute 5.64283771923478(-0.0691882967948914,0.336960941553116,0.623093843460083) (-0.04234804,0.3624533,0.5805039) (355.0487,304.3806,81.63819) (-0.03480112,0.8097596,0.4153254) (37.33165,351.6509,4.890263)
compute 1.22665697887274(-0.0811186730861664,0.339812874794006,0.623057305812836) (-0.0691883,0.3369609,0.6230938) (354.5546,304.3331,82.23075) (-0.04941922,0.7940145,0.437358) (39.58186,350.3979,5.024346)
compute 0.592784921548539(-0.0800431966781616,0.336288422346115,0.618413925170898) (-0.08111867,0.3398129,0.6230573) (352.9129,306.9473,79.32185) (-0.05766144,0.7846416,0.4400642) (40.54592,349.2371,5.522584)
compute 1.95157612614766(-0.0783574879169464,0.316943973302841,0.620367288589478) (-0.0800432,0.3362884,0.6184139) (355.4908,309.4922,77.55162) (-0.05771669,0.7821557,0.4385955) (39.75949,349.537,5.263455)
compute 3.31932742532519(-0.0756629928946495,0.283883303403854,0.621602296829224) (-0.07835749,0.316944,0.6203673) (4.693268,310.5715,71.60072) (-0.05367168,0.7930977,0.4338141) (37.59271,350.5858,5.746312)
compute 1.89068831818771(-0.0711424350738525,0.265551388263702,0.622590065002441) (-0.07566299,0.2838833,0.6216023) (9.258181,311.6537,69.97346) (-0.05408006,0.7979599,0.4299816) (37.81746,350.6576,6.115584)
compute 0.493201164285058(-0.0708478167653084,0.262901932001114,0.62673956155777) (-0.07114244,0.2655514,0.6225901) (10.41136,312.0171,73.23395) (-0.05508869,0.797974,0.4250607) (37.99591,350.3013,5.840703)
compute 2.36603376999353(-0.0756115764379501,0.284231662750244,0.635803818702698) (-0.07084782,0.2629019,0.6267396) (2.950248,315.288,76.22682) (-0.05645613,0.7929846,0.4272194) (38.43176,350.209,5.921097)
compute 2.91927200477122(-0.0901551842689514,0.309516876935959,0.636968433856964) (-0.07561158,0.2842317,0.6358038) (350.9874,312.9948,85.63723) (-0.06240019,0.7893744,0.4296269) (38.23405,350.3553,6.785597)
compute 1.44295060544547(-0.097800999879837,0.319377541542053,0.64421546459198) (-0.09015518,0.3095169,0.6369684) (346.0135,315.3101,89.96883) (-0.06608691,0.7839701,0.4291685) (37.49011,351.2025,7.216724)
compute 1.27353887701107(-0.105920173227787,0.310747712850571,0.648883998394012) (-0.097801,0.3193775,0.6442155) (342.2528,313.786,94.17218) (-0.07487014,0.7753462,0.4364038) (37.54272,350.6281,7.493524)
compute 6.18314855547426(-0.117260627448559,0.25274133682251,0.667044043540955) (-0.1059202,0.3107477,0.648884) (345.2961,313.0671,95.21119) (-0.08725026,0.7623681,0.4468406) (39.34719,350.1959,7.702096)
compute 4.07420077173975(-0.120648972690105,0.216479271650314,0.685305833816528) (-0.1172606,0.2527413,0.667044) (347.6204,313.1749,95.73297) (-0.09829804,0.7501338,0.4561755) (40.3073,349.7399,8.319688)
compute 1.88071675488077(-0.126409262418747,0.204656034708023,0.698749780654907) (-0.120649,0.2164793,0.6853058) (348.4606,311.7238,96.84297) (-0.1084769,0.737219,0.4628801) (40.95377,349.5712,9.036355)
compute 2.11756724881635(-0.127533137798309,0.203167468309402,0.719843149185181) (-0.1264093,0.204656,0.6987498) (350.2069,311.5159,97.3732) (-0.1208283,0.7258449,0.4733104) (42.13397,349.2287,9.264582)
compute 2.76844358805664(-0.130698755383492,0.210973635315895,0.746214926242828) (-0.1275331,0.2031675,0.7198431) (351.8397,312.4971,97.02378) (-0.128727,0.7213699,0.4822405) (42.87209,349.4815,9.652836)
compute 3.35247866272353(-0.131995290517807,0.221581324934959,0.777990818023682) (-0.1306988,0.2109736,0.7462149) (353.4167,317.6719,93.13703) (-0.1349544,0.7176998,0.488316) (42.78432,349.5547,9.599084)
compute 2.64214234301022(-0.13204587996006,0.223991483449936,0.804302036762238) (-0.1319953,0.2215813,0.7779908) (356.9806,322.1353,88.94968) (-0.1427634,0.715423,0.4908757) (41.68171,348.3404,8.762009)
compute 2.91862919708101(-0.125537246465683,0.218292534351349,0.832176744937897) (-0.1320459,0.2239915,0.804302) (1.949037,327.5121,85.03873) (-0.1524642,0.7139829,0.4957047) (41.05868,347.5782,8.399379)
compute 3.19055764984845(-0.115671597421169,0.196914792060852,0.853708744049072) (-0.1255372,0.2182925,0.8321767) (8.259136,329.9833,82.84274) (-0.1559941,0.7088389,0.4986759) (41.02609,347.7259,8.384993)
compute 2.42400785174325(-0.103109255433083,0.18122287094593,0.867256164550781) (-0.1156716,0.1969148,0.8537087) (9.636014,332.7993,81.69357) (-0.158895,0.704425,0.5019096) (42.65893,347.3362,7.849505)
compute 2.35076263937244(-0.105641610920429,0.173939019441605,0.845049381256104) (-0.1031093,0.1812229,0.8672562) (6.368955,331.1556,79.46207) (-0.1603193,0.7155914,0.4965049) (42.30924,346.6817,8.15863)
compute 9.59695722419647(-0.120404995977879,0.1709363758564,0.750269711017609) (-0.1056416,0.173939,0.8450494) (7.086408,322.8614,75.42519) (-0.1601164,0.7524213,0.4789261) (38.66626,344.9645,6.714227)
compute 12.0233775899414(-0.121537774801254,0.173925504088402,0.630078434944153) (-0.120405,0.1709364,0.7502697) (11.80259,318.1561,68.15246) (-0.1540588,0.7966561,0.4467405) (34.12613,345.1974,6.687727)
compute 11.6847971210273(-0.119329251348972,0.180312648415565,0.513426065444946) (-0.1215378,0.1739255,0.6300784) (19.57306,316.7919,60.27919) (-0.1457824,0.8398051,0.3984192) (29.33796,344.6547,6.353389)
compute 8.98199399300814(-0.123545497655869,0.207569435238838,0.427945584058762) (-0.1193293,0.1803126,0.5134261) (21.09331,314.7799,53.81176) (-0.1401682,0.8695577,0.3550995) (24.1473,343.0446,5.538064)
compute 5.11710462267276(-0.134046047925949,0.235869735479355,0.386626005172729) (-0.1235455,0.2075694,0.4279456) (16.63111,312.1417,50.83443) (-0.1389075,0.8898358,0.3053453) (24.48028,337.0136,4.647316)
compute 3.21328627686506(-0.134523898363113,0.264554888010025,0.372153460979462) (-0.134046,0.2358697,0.386626) (10.01276,310.8116,51.13737) (-0.143211,0.8978546,0.2612238) (25.58238,329.6678,3.254279)
compute 2.78264933266858(-0.121870614588261,0.289302855730057,0.370831996202469) (-0.1345239,0.2645549,0.3721535) (5.171688,307.1977,56.43026) (-0.1440446,0.8999449,0.2258906) (26.3632,324.8338,2.957667)
compute 3.12583002412174(-0.0992779284715652,0.30994388461113,0.377203792333603) (-0.1218706,0.2893029,0.370832) (1.585581,307.384,60.25931) (-0.1431696,0.9008078,0.2007708) (25.53728,321.451,3.585864)
compute 2.58681826791561(-0.0771882832050323,0.32276651263237,0.381301432847977) (-0.09927793,0.3099439,0.3772038) (0.1922582,307.6634,62.08241) (-0.1433852,0.9039665,0.1846977) (23.18918,319.2073,4.835606)
compute 1.63364772065487(-0.0621628202497959,0.325511813163757,0.38709619641304) (-0.07718828,0.3227665,0.3813014) (359.8667,309.8419,61.19482) (-0.142474,0.9112551,0.1697802) (18.78622,316.6224,5.536031)
compute 1.50049760622001(-0.0586148500442505,0.332914710044861,0.399656385183334) (-0.06216282,0.3255118,0.3870962) (359.4372,313.877,58.34246) (-0.1414091,0.9128798,0.1616163) (17.42405,315.0132,6.274001)
compute 0.473542958281773(-0.0612975060939789,0.333350002765656,0.403534293174744) (-0.05861485,0.3329147,0.3996564) (359.7731,313.5468,57.34138) (-0.1411322,0.9000058,0.157857) (19.62011,313.9042,6.162307)
compute 2.26249122238323(-0.0658709406852722,0.31137278676033,0.406357824802399) (-0.06129751,0.33335,0.4035343) (4.18387,311.7769,57.20927) (-0.1417461,0.8716797,0.1571658) (27.44471,313.0945,5.768617)
compute 2.60189397903959(-0.0682752355933189,0.286591738462448,0.413914561271667) (-0.06587094,0.3113728,0.4063578) (7.217265,310.6461,57.60986) (-0.138142,0.8501324,0.1563932) (32.11811,314.7087,6.377846)
compute 0.614237772022064(-0.0683853402733803,0.281675398349762,0.417595088481903) (-0.06827524,0.2865917,0.4139146) (6.837746,310.045,57.73051) (-0.1390145,0.8488297,0.1579039) (30.91425,317.1258,7.758787)
compute 0.085590747776943(-0.0687800198793411,0.280952870845795,0.417829096317291) (-0.06838534,0.2816754,0.4175951) (6.140566,309.2813,58.15134) (-0.1385168,0.8504189,0.1516334) (29.55283,319.262,8.173305)
compute 0.218005815357185(-0.0696350783109665,0.27953115105629,0.416414797306061) (-0.06878002,0.2809529,0.4178291) (6.181594,309.1282,58.65308) (-0.1237078,0.8655199,0.1507529) (28.09657,327.5504,10.37149)
compute 1.09623941374552(-0.0708290711045265,0.282709807157516,0.405991524457932) (-0.06963508,0.2795312,0.4164148) (6.651528,309.0104,59.37618) (-0.1066209,0.8697699,0.1614984) (26.23001,337.0311,12.03143)
compute 1.50428094704039(-0.0748367607593536,0.293362379074097,0.396155506372452) (-0.07082907,0.2827098,0.4059915) (6.75182,308.5685,59.87093) (-0.09166702,0.8733343,0.1640039) (25.19669,343.9653,12.92882)
compute 1.17626360084751(-0.081332266330719,0.30175107717514,0.391076356172562) (-0.07483676,0.2933624,0.3961555) (6.312796,308.1459,60.16203) (-0.08111131,0.8791354,0.1661336) (23.47007,347.3602,12.59521)
compute 0.536136880112317(-0.0852397084236145,0.305315464735031,0.390198111534119) (-0.08133227,0.3017511,0.3910764) (5.690517,308.3424,60.05855) (-0.07415848,0.8836344,0.1660516) (22.27648,349.165,11.8694)
compute 0.698567227053499(-0.0919216871261597,0.307142406702042,0.389296412467957) (-0.08523971,0.3053155,0.3901981) (5.310222,308.4902,59.96563) (-0.05745079,0.8852283,0.1650109) (22.22205,356.7042,12.03814)
compute 1.83816163598518(-0.0930016487836838,0.324919253587723,0.393846273422241) (-0.09192169,0.3071424,0.3892964) (4.611895,311.1736,61.22392) (-0.03011085,0.8825726,0.1727384) (23.97215,7.150007,11.7431)
compute 8.94920147130588(-0.0517063997685909,0.395620256662369,0.429969549179077) (-0.09300165,0.3249193,0.3938463) (355.1686,320.411,61.60589) (-0.00388585,0.8770366,0.1936546) (25.75513,13.95157,10.61379)
compute 11.4314959905791(0.0441205687820911,0.432854771614075,0.479956477880478) (-0.0517064,0.3956203,0.4299695) (346.8879,331.702,65.27671) (0.02364277,0.8693484,0.2220818) (28.44857,17.70642,9.947886)
compute 12.3661016764474(0.146485656499863,0.385375708341599,0.530544757843018) (0.04412057,0.4328548,0.4799565) (354.6813,342.2849,71.13821) (0.05231477,0.8580642,0.2582576) (30.99882,20.72321,7.484026)
compute 11.0386900223383(0.227802500128746,0.318417608737946,0.563551604747772) (0.1464857,0.3853757,0.5305448) (2.096686,349.8532,75.30281) (0.08638962,0.8405046,0.2997612) (32.91656,20.69475,5.297751)
compute 8.11687109216967(0.288981735706329,0.274990141391754,0.594527661800385) (0.2278025,0.3184176,0.5635516) (6.946876,350.5201,82.69471) (0.1260983,0.8202717,0.3405555) (35.47029,20.5849,1.698145)
compute 5.21788200787713(0.320270210504532,0.252653151750565,0.629808247089386) (0.2889817,0.2749901,0.5945277) (9.583479,345.8383,88.89785) (0.160419,0.7979569,0.3737114) (36.11071,21.8621,359.2229)
compute 5.03430826899673(0.335215955972672,0.227559268474579,0.670812487602234) (0.3202702,0.2526532,0.6298082) (12.45191,341.9281,90.73289) (0.1873885,0.7703568,0.4074796) (37.18999,22.25974,358.3392)
compute 3.54490138248657(0.333593428134918,0.207336038351059,0.699881732463837) (0.335216,0.2275593,0.6708125) (13.38613,339.1912,89.85165) (0.202075,0.7452118,0.4323624) (37.47187,20.44217,355.8628)
compute 2.76659841400454(0.319887518882751,0.187969490885735,0.714111685752869) (0.3335934,0.207336,0.6998817) (14.69055,333.5855,88.05975) (0.2081478,0.7209118,0.4477766) (38.63591,17.82456,352.0592)
compute 2.46310151334355(0.301624774932861,0.176671400666237,0.726174533367157) (0.3198875,0.1879695,0.7141117) (13.62205,330.5289,86.85088) (0.2124128,0.7033636,0.4507277) (39.81014,17.48607,350.6086)
compute 2.59299614229023(0.280342429876328,0.175392642617226,0.74093222618103) (0.3016248,0.1766714,0.7261745) (13.10729,327.2816,87.48584) (0.2190627,0.6927345,0.4511455) (40.33432,18.0648,350.0635)
compute 2.52711721725707(0.265741229057312,0.181765392422676,0.760549187660217) (0.2803424,0.1753926,0.7409322) (14.09601,324.5918,89.25237) (0.2260286,0.6877671,0.4463083) (41.13393,18.60808,347.9794)
compute 2.19932118962286(0.264642179012299,0.197682186961174,0.775686860084534) (0.2657412,0.1817654,0.7605492) (16.02294,325.5895,90.68015) (0.227219,0.6878724,0.4432998) (41.53979,17.22182,347.4561)
compute 1.69733107959989(0.264889448881149,0.208437159657478,0.762558162212372) (0.2646422,0.1976822,0.7756869) (11.61009,329.1031,89.07677) (0.2123364,0.7010462,0.4341649) (41.53444,15.37891,347.1772)
compute 6.87056819147446(0.260350286960602,0.224998965859413,0.696033179759979) (0.2648894,0.2084372,0.7625582) (357.1494,333.6217,78.6064) (0.1951955,0.7243716,0.4385389) (40.15526,16.44695,350.0474)
compute 9.13032322764978(0.246807709336281,0.233481854200363,0.606139242649078) (0.2603503,0.224999,0.6960332) (348.4202,341.1298,63.76691) (0.1767359,0.757641,0.4219927) (37.92008,17.03401,352.1729)
compute 9.04710562672255(0.242880955338478,0.255123853683472,0.518382668495178) (0.2468077,0.2334819,0.6061392) (349.2254,353.0712,51.86769) (0.1540073,0.79328,0.3986172) (34.19582,16.35855,353.1802)
compute 7.76151009651903(0.249052003026009,0.291686177253723,0.450197488069534) (0.242881,0.2551239,0.5183827) (351.6565,6.408696,42.04055) (0.1364903,0.8286754,0.3664848) (30.3744,18.56205,356.0697)
compute 5.59498964609978(0.24803614616394,0.340398252010345,0.422693073749542) (0.249052,0.2916862,0.4501975) (348.0151,12.03298,39.12019) (0.1245729,0.8526424,0.3374782) (29.14295,22.04653,358.4667)
compute 6.96633716735979(0.215612813830376,0.402041584253311,0.421346813440323) (0.2480361,0.3403983,0.4226931) (340.715,10.48753,35.84632) (0.1168289,0.8730248,0.3001681) (29.20944,29.55334,3.09559)
compute 8.70291706185948(0.160170197486877,0.469117015600204,0.422385931015015) (0.2156128,0.4020416,0.4213468) (331.2258,3.838711,32.82484) (0.1121438,0.8796313,0.2675297) (30.72896,35.83567,7.959745)
compute 7.75060682445216(0.0973161235451698,0.513426542282104,0.412730783224106) (0.1601702,0.469117,0.4223859) (324.4083,352.0153,38.27692) (0.1086544,0.8828612,0.2432886) (31.77498,41.00484,11.17754)
compute 5.84040124079505(0.0464869141578674,0.530120730400085,0.389305919408798) (0.09731612,0.5134265,0.4127308) (323.8103,345.2748,36.73336) (0.1050735,0.8807757,0.2268381) (31.87476,44.81469,12.54015)
compute 5.24285744932018(0.00315469712950289,0.522713482379913,0.360736578702927) (0.04648691,0.5301207,0.3893059) (327.9029,334.3941,46.03472) (0.1034367,0.8785577,0.2095266) (32.26155,48.57669,14.06299)
compute 4.97225118157953(-0.027966370806098,0.496270656585693,0.332371383905411) (0.003154697,0.5227135,0.3607366) (331.8423,328.3801,47.5564) (0.1033569,0.8721781,0.1961761) (33.72758,51.64063,15.7026)
compute 5.48442667354265(-0.0693206116557121,0.460999757051468,0.325044423341751) (-0.02796637,0.4962707,0.3323714) (336.1681,314.0688,64.59531) (0.09934058,0.8748094,0.1918376) (31.88155,49.7489,14.41307)
compute 3.25373824145236(-0.0819004774093628,0.436482757329941,0.342346012592316) (-0.06932061,0.4609998,0.3250444) (337.2583,314.3796,63.73761) (0.09714139,0.8818687,0.1914615) (30.3716,47.06932,12.6764)
compute 1.32880141050564(-0.0774003937840462,0.437034785747528,0.354836642742157) (-0.08190048,0.4364828,0.342346) (338.6446,315.9109,62.56491) (0.08092281,0.8849167,0.2046067) (29.43093,36.01596,9.40886)
compute 0.994200844884722(-0.0697362497448921,0.443338006734848,0.355448067188263) (-0.07740039,0.4370348,0.3548366) (338.6869,315.4608,62.42251) (0.02457762,0.8842182,0.2252018) (29.03559,9.199445,1.861246)
compute 0.273514405035426(-0.0699003115296364,0.442532300949097,0.352839440107346) (-0.06973625,0.443338,0.3554481) (338.4576,313.7103,63.14805) (-0.02059574,0.8864651,0.229814) (27.53826,347.6069,357.4597)
compute 1.92835166301247(-0.0722706541419029,0.423399180173874,0.353238433599472) (-0.06990031,0.4425323,0.3528394) (338.4439,313.1566,63.09831) (-0.05455026,0.8905329,0.2114482) (26.84104,331.0455,356.1266)
compute 0.761090386949974(-0.0646748021245003,0.422971963882446,0.353023082017899) (-0.07227065,0.4233992,0.3532384) (339.2348,310.747,63.95477) (-0.07792366,0.8911097,0.1884794) (27.45202,319.8843,357.3106)
compute 1.43726623697181(-0.0513997562229633,0.421399474143982,0.347743511199951) (-0.0646748,0.422972,0.3530231) (340.9283,306.7749,66.10252) (-0.09342226,0.8842041,0.1691348) (29.95195,314.0918,359.3108)
compute 0.966043579861461(-0.0439593158662319,0.421069294214249,0.341590881347656) (-0.05139976,0.4213995,0.3477435) (342.5562,303.3817,66.9723) (-0.1039639,0.8798604,0.1638766) (31.22457,316.4639,3.699809)
compute 1.78793511184412(-0.0593055710196495,0.422810435295105,0.350598216056824) (-0.04395932,0.4210693,0.3415909) (345.7068,297.9967,70.19688) (-0.1238156,0.8742304,0.1732182) (32.247,319.1723,7.019395)
compute 6.81567277715931(-0.113343685865402,0.441207587718964,0.387837529182434) (-0.05930557,0.4228104,0.3505982) (345.4977,293.3316,73.63042) (-0.1606709,0.8592444,0.186208) (33.84033,319.0858,8.785352)
compute 9.37562519150165(-0.182504549622536,0.443299770355225,0.451103895902634) (-0.1133437,0.4412076,0.3878375) (344.2951,293.9507,72.8849) (-0.2048097,0.8449372,0.2111467) (35.93975,317.6975,10.37136)
compute 9.96161985979669(-0.273932367563248,0.415774375200272,0.479506254196167) (-0.1825045,0.4432998,0.4511039) (350.0689,288.3613,75.29007) (-0.2605536,0.8263182,0.2444508) (37.36043,317.2776,11.03508)
compute 9.00946913855812(-0.356514424085617,0.381373941898346,0.490177124738693) (-0.2739324,0.4157744,0.4795063) (356.7531,280.4177,78.65786) (-0.3132235,0.7941325,0.2816319) (38.41914,318.9249,13.49119)
compute 8.15053201177314(-0.422684580087662,0.336121737957001,0.504903495311737) (-0.3565144,0.3813739,0.4901771) (2.196587,276.5414,79.03189) (-0.355867,0.7640569,0.3138281) (40.01423,319.4493,15.50771)
compute 7.85048714835729(-0.47404757142067,0.280483454465866,0.525621592998505) (-0.4226846,0.3361217,0.5049035) (7.803083,272.7917,81.19014) (-0.3905803,0.7290292,0.3394492) (41.7938,319.928,16.16643)
compute 5.30249586326556(-0.506312251091003,0.247956976294518,0.552317380905151) (-0.4740476,0.2804835,0.5256216) (11.17001,272.6724,81.92042) (-0.4186714,0.7007985,0.3567186) (42.96034,320.5744,17.12581)
compute 5.06492666441578(-0.532224237918854,0.21987272799015,0.585561811923981) (-0.5063123,0.247957,0.5523174) (14.52386,273.2021,85.45271) (-0.4382694,0.6789371,0.3587539) (42.67756,320.1121,17.83812)
compute 4.09548479043805(-0.549664676189423,0.193712532520294,0.611806333065033) (-0.5322242,0.2198727,0.5855618) (16.72369,274.8678,86.69631) (-0.4448507,0.6676251,0.358808) (43.12736,318.042,17.11904)
compute 3.36248748333889(-0.552191376686096,0.1604994982481,0.616404414176941) (-0.5496647,0.1937125,0.6118063) (22.42534,274.5151,87.10919) (-0.4476413,0.6651521,0.3530065) (44.76136,314.4251,15.41437)
compute 2.01776597779693(-0.550526082515717,0.160136193037033,0.59629887342453) (-0.5521914,0.1604995,0.6164044) (18.80011,273.7303,84.44464) (-0.4462484,0.6767898,0.3412752) (46.60702,308.7596,10.60291)
compute 8.4364832006286(-0.526620984077454,0.195220768451691,0.523394525051117) (-0.5505261,0.1601362,0.5962989) (7.070276,264.2179,78.19993) (-0.4321111,0.7024668,0.3383235) (45.96582,306.3042,8.11838)
compute 8.12153332423957(-0.50782722234726,0.209008023142815,0.44559583067894) (-0.526621,0.1952208,0.5233945) (9.295093,252.2609,77.52408) (-0.4157356,0.7274379,0.3311046) (44.94072,308.109,8.298177)
compute 7.49512856959976(-0.541355729103088,0.236318245530128,0.384377479553223) (-0.5078272,0.209008,0.4455958) (9.687785,243.1101,77.53404) (-0.421101,0.7413495,0.3157143) (42.59694,306.1259,8.192783)
compute 8.17963967012103(-0.61072850227356,0.256986051797867,0.346286654472351) (-0.5413557,0.2363182,0.3843775) (7.982029,239.4601,79.0322) (-0.4459349,0.7341112,0.2942053) (43.16531,301.5339,7.344934)
compute 6.99060024036578(-0.679526329040527,0.249893635511398,0.336117774248123) (-0.6107285,0.2569861,0.3462867) (8.344377,239.8196,79.49373) (-0.4744253,0.6998325,0.2783396) (45.62182,298.3317,6.851185)
compute 6.0229775729368(-0.726912379264832,0.21498329937458,0.34890279173851) (-0.6795263,0.2498936,0.3361178) (12.87208,243.6595,82.64485) (-0.5026045,0.6767466,0.2709647) (45.04454,295.9884,6.901331)
compute 5.52214197644099(-0.750457406044006,0.179561197757721,0.384120851755142) (-0.7269124,0.2149833,0.3489028) (18.83945,249.2981,85.53957) (-0.5225881,0.662609,0.2682243) (44.98007,294.5822,6.429876)
compute 3.89979598371252(-0.756568729877472,0.154511392116547,0.413378328084946) (-0.7504574,0.1795612,0.3841209) (21.24074,254.5142,87.16915) (-0.525882,0.6554898,0.2688332) (46.46223,292.2153,5.000872)
compute 3.03878482750533(-0.740939497947693,0.169648498296738,0.39216473698616) (-0.7565687,0.1545114,0.4133783) (8.874545,248.4746,83.01332) (-0.5261759,0.6662438,0.2682317) (46.59489,289.8571,3.453556)
compute 10.932635016181(-0.649711847305298,0.209422960877419,0.346912562847137) (-0.7409395,0.1696485,0.3921647) (351.0762,242.4025,71.29366) (-0.5177451,0.6923625,0.2690987) (44.80234,290.0326,2.654535)
compute 11.1384601669014(-0.542155146598816,0.234700992703438,0.332802027463913) (-0.6497118,0.209423,0.3469126) (343.1447,247.7718,59.10104) (-0.4999585,0.7159172,0.27442) (44.60459,290.8137,1.345234)
compute 11.6490910636473(-0.430773586034775,0.267751127481461,0.34128549695015) (-0.5421551,0.234701,0.332802) (343.9318,260.472,52.99844) (-0.4667685,0.7422149,0.2766784) (42.80628,295.8641,2.755144)
compute 12.183931438432(-0.318085670471191,0.311608701944351,0.356210827827454) (-0.4307736,0.2677511,0.3412855) (347.9135,267.9517,55.49686) (-0.4180535,0.7703847,0.2965496) (39.42624,314.5742,12.12367)
compute 10.6908157817039(-0.219388544559479,0.349548727273941,0.371983796358109) (-0.3180857,0.3116087,0.3562108) (351.2151,274.4362,62.01023) (-0.3522248,0.7981314,0.3143272) (34.98689,337.2828,23.26816)
compute 8.92001075346762(-0.145470887422562,0.399092108011246,0.378171920776367) (-0.2193885,0.3495487,0.3719838) (350.6591,282.2052,67.37812) (-0.3014746,0.8243573,0.3109307) (32.03566,353.0554,29.06531)
compute 6.33067013026455(-0.0985573679208755,0.441169738769531,0.372144222259521) (-0.1454709,0.3990921,0.3781719) (348.3491,290.7439,69.79789) (-0.2639819,0.8383214,0.3018561) (31.99781,1.65278,30.94405)
compute 1.92115771587701(-0.0866325125098228,0.453502774238586,0.363496750593185) (-0.09855737,0.4411697,0.3721442) (347.4136,296.4205,71.28956) (-0.242997,0.8446348,0.2850523) (32.40089,1.988343,27.74135)
compute 4.5724918018418(-0.11312435567379,0.419109016656876,0.377850145101547) (-0.08663251,0.4535028,0.3634968) (351.5724,300.2187,70.18912) (-0.225464,0.8352205,0.283812) (33.09524,359.456,24.78887)
compute 10.1260518819264(-0.160174027085304,0.34367623925209,0.426326096057892) (-0.1131244,0.419109,0.3778501) (0.5142484,298.5728,69.97799) (-0.2231998,0.8165426,0.3060033) (34.4898,355.5674,24.20178)
compute 10.4327118930569(-0.193639203906059,0.274606347084045,0.496991366147995) (-0.160174,0.3436762,0.4263261) (5.968161,301.0633,68.35289) (-0.2349043,0.7954033,0.3352098) (36.3817,351.0986,22.95619)
compute 9.32219141848768(-0.214915454387665,0.239600002765656,0.580730259418488) (-0.1936392,0.2746063,0.4969914) (8.35253,305.0902,72.36381) (-0.2515935,0.7605045,0.3775519) (39.54613,348.989,20.97649)
compute 7.83778973225074(-0.21008263528347,0.235315650701523,0.658841609954834) (-0.2149155,0.2396,0.5807303) (9.66962,315.6697,74.35458) (-0.2701848,0.7290487,0.4083177) (41.37515,348.7222,21.5595)
compute 6.37651111149314(-0.195313513278961,0.218200817704201,0.718464970588684) (-0.2100826,0.2353157,0.6588416) (11.45006,323.184,79.45372) (-0.2844041,0.7036852,0.4287432) (42.63298,348.7326,21.98169)
compute 5.11116472959291(-0.190320506691933,0.208564400672913,0.768411040306091) (-0.1953135,0.2182008,0.718465) (11.52848,323.717,84.79519) (-0.2913409,0.6756039,0.4441175) (44.51033,348.5474,23.09145)
compute 2.68084544035807(-0.192688450217247,0.202651694417,0.794451892375946) (-0.1903205,0.2085644,0.768411) (10.64507,321.0527,86.18) (-0.2953253,0.6648599,0.4492568) (44.91078,347.8723,22.17071)
compute 4.86765456539796(-0.201366305351257,0.165479928255081,0.824657201766968) (-0.1926885,0.2026517,0.7944519) (16.43268,315.0374,88.40701) (-0.2988831,0.6648165,0.4524369) (43.29962,346.3977,19.66825)
compute 1.90172607480456(-0.205844610929489,0.147366642951965,0.820981621742249) (-0.2013663,0.1654799,0.8246572) (19.83702,315.4228,85.15131) (-0.2957671,0.6728094,0.4482834) (44.88164,346.905,19.69386)
compute 7.51402227020415(-0.21190157532692,0.143133759498596,0.746205627918243) (-0.2058446,0.1473666,0.8209816) (16.81138,311.3696,77.61477) (-0.2857206,0.7029915,0.4359474) (42.9046,349.8653,20.45649)
compute 12.6349892122315(-0.210428565740585,0.159098789095879,0.620877087116241) (-0.2119016,0.1431338,0.7462056) (13.59264,303.2449,68.46303) (-0.2640081,0.7337462,0.4135138) (39.27193,354.8644,21.03529)
compute 14.8412806863663(-0.175891101360321,0.221075013279915,0.490521907806396) (-0.2104286,0.1590988,0.6208771) (7.840289,300.8971,58.20139) (-0.224598,0.7666007,0.3807863) (35.94554,5.03289,24.06403)
compute 13.0231830986232(-0.119777016341686,0.284205049276352,0.391395032405853) (-0.1758911,0.221075,0.4905219) (6.465717,305.2266,52.56984) (-0.1921325,0.798116,0.3463453) (34.34257,11.39491,25.21864)
compute 9.34668762002537(-0.0770107805728912,0.335771143436432,0.326218008995056) (-0.119777,0.284205,0.391395) (5.943847,309.0883,51.22147) (-0.1903419,0.8157843,0.3197954) (36.21946,2.770514,20.74558)
compute 2.37588578597681(-0.0707847103476524,0.346081614494324,0.305738419294357) (-0.07701078,0.3357711,0.326218) (7.564389,309.7299,54.32423) (-0.2061647,0.8280677,0.2779372) (38.22571,346.447,13.85459)
compute 3.94809654192723(-0.107803210616112,0.342486292123795,0.31898421049118) (-0.07078471,0.3460816,0.3057384) (5.422498,304.8591,58.01961) (-0.2206949,0.8333515,0.2603377) (36.43987,339.9646,12.76371)
compute 7.94266496077961(-0.17451024055481,0.335781335830688,0.361573040485382) (-0.1078032,0.3424863,0.3189842) (1.540586,301.5194,61.32873) (-0.248785,0.830193,0.2577377) (36.01738,334.2802,13.3567)
compute 9.17471372034413(-0.25791534781456,0.329861432313919,0.399336516857147) (-0.1745102,0.3357813,0.361573) (358.791,292.6331,65.0414) (-0.2804896,0.8096347,0.273048) (37.35758,328.9085,12.75328)
compute 9.18120195712758(-0.337534636259079,0.320846438407898,0.444157779216766) (-0.2579153,0.3298614,0.3993365) (358.582,286.9854,69.30576) (-0.3102941,0.7832698,0.3029307) (38.86487,327.3372,13.19214)
compute 8.74197572562053(-0.412951856851578,0.299276530742645,0.482747882604599) (-0.3375346,0.3208464,0.4441578) (359.2007,282.2439,72.30714) (-0.3482691,0.7506818,0.3303088) (40.50561,324.4664,13.70784)
compute 8.35061528847637(-0.481533974409103,0.259491384029388,0.508956909179688) (-0.4129519,0.2992765,0.4827479) (1.961768,276.4611,74.15212) (-0.3739015,0.7260001,0.3502056) (41.19027,322.1303,13.62432)
compute 7.60644975974696(-0.540055572986603,0.215884149074554,0.530391454696655) (-0.481534,0.2594914,0.5089569) (8.61671,270.066,80.20564) (-0.4052738,0.6976157,0.3638067) (42.89904,320.264,13.72254)
compute 5.61817311965987(-0.583025932312012,0.187964126467705,0.553422033786774) (-0.5400556,0.2158841,0.5303915) (12.75877,268.296,83.52824) (-0.427503,0.6785929,0.3675094) (43.31818,316.9847,13.63869)
compute 4.16955863027955(-0.615787088871002,0.167818263173103,0.569527089595795) (-0.5830259,0.1879641,0.553422) (15.45132,265.4002,86.34964) (-0.4364664,0.6606417,0.370278) (44.46081,314.8595,12.80484)
compute 2.45427266218736(-0.626087367534637,0.152514055371284,0.58571445941925) (-0.6157871,0.1678183,0.5695271) (16.79135,267.1265,86.13468) (-0.4356881,0.6570856,0.3713462) (46.8555,313.8708,11.91729)
compute 2.82697345084432(-0.605346322059631,0.151084184646606,0.566558718681335) (-0.6260874,0.1525141,0.5857145) (12.09339,265.087,82.67175) (-0.4236867,0.6670502,0.3721156) (47.24207,314.8677,11.52695)
compute 10.1104145286182(-0.528473079204559,0.172857448458672,0.504603266716003) (-0.6053463,0.1510842,0.5665587) (359.032,259.8735,71.89771) (-0.4030061,0.6846156,0.3752865) (46.05968,321.1347,13.95259)
compute 13.1030687426354(-0.410337179899216,0.201147004961967,0.455484509468079) (-0.5284731,0.1728574,0.5046033) (355.0062,266.8733,60.88627) (-0.3739989,0.7021332,0.3767409) (44.93959,328.4513,16.94688)
compute 12.7842791642096(-0.287341088056564,0.207730710506439,0.421244233846664) (-0.4103372,0.201147,0.4554845) (0.4984701,278.4571,55.48402) (-0.3437358,0.7202979,0.3799596) (43.47011,342.25,24.04614)
compute 10.4891294033119(-0.192952036857605,0.239265918731689,0.388101786375046) (-0.2873411,0.2077307,0.4212442) (5.099932,285.7054,54.6596) (-0.2977244,0.7494673,0.3816401) (38.80605,355.7357,29.80095)
compute 7.35313450443736(-0.130746230483055,0.276148080825806,0.37479755282402) (-0.192952,0.2392659,0.3881018) (6.323633,294.3477,56.02523) (-0.266804,0.7759699,0.3726749) (35.49027,1.563569,29.28955)
compute 3.55964863911086(-0.110541105270386,0.30274173617363,0.387111783027649) (-0.1307462,0.2761481,0.3747976) (5.190552,302.0349,60.48348) (-0.2404959,0.7942031,0.3617977) (33.61053,4.518942,28.0254)
compute 6.66844965945707(-0.107241779565811,0.299199402332306,0.453620344400406) (-0.1105411,0.3027417,0.3871118) (6.239219,312.2622,64.1674) (-0.2158751,0.7981107,0.3614545) (33.17663,4.709899,25.90866)
compute 10.7539592009332(-0.110625199973583,0.242606312036514,0.545001626014709) (-0.1072418,0.2991994,0.4536203) (10.84359,316.2315,68.9528) (-0.2036185,0.7933837,0.3838607) (33.57204,2.129899,23.71044)
compute 10.6202275233509(-0.0751902461051941,0.184115365147591,0.626254916191101) (-0.1106252,0.2426063,0.5450016) (21.70761,330.8408,68.43966) (-0.199996,0.7707657,0.4128817) (35.51823,0.315223,23.22381)
compute 9.77534653971728(-0.013917968608439,0.153545156121254,0.696018159389496) (-0.07519025,0.1841154,0.6262549) (24.33984,343.2079,79.1632) (-0.1989292,0.7363102,0.440761) (38.09383,358.8248,22.54053)
compute 6.83575926307989(0.00939558446407318,0.144195467233658,0.759593486785889) (-0.01391797,0.1535452,0.6960182) (17.51369,340.0583,84.71966) (-0.2053299,0.7080386,0.4641868) (39.84048,358.1422,23.75656)
compute 4.84753061696262(0.00407843478024006,0.146236255764961,0.807733058929443) (0.009395584,0.1441955,0.7595935) (16.2553,329.0487,91.60443) (-0.2080338,0.6852816,0.4810748) (41.58949,356.7614,23.52371)
compute 5.92675597491702(-0.0287922974675894,0.177506908774376,0.845868408679962) (0.004078435,0.1462363,0.8077331) (12.83825,322.885,90.82266) (-0.2063456,0.6709501,0.4905886) (42.883,355.838,21.76918)
compute 4.37197346271675(-0.0650070309638977,0.19628082215786,0.861598908901215) (-0.0287923,0.1775069,0.8458684) (13.02899,317.5986,92.02412) (-0.2042241,0.6644735,0.4943585) (44.17873,354.7322,20.08419)
compute 1.38209954437378(-0.0775865018367767,0.198845207691193,0.856480240821838) (-0.06500703,0.1962808,0.8615989) (13.77324,317.3921,88.9256) (-0.1996136,0.6720805,0.4892843) (44.73846,356.4324,19.9277)
compute 5.97285481822056(-0.0779742449522018,0.182609021663666,0.799002110958099) (-0.0775865,0.1988452,0.8564802) (15.26761,317.9663,80.32932) (-0.1940933,0.7086662,0.4709873) (41.26352,359.7998,20.89543)
compute 11.3219785416196(-0.0831541866064072,0.177408754825592,0.686020493507385) (-0.07797424,0.182609,0.7990021) (15.82713,315.422,69.06901) (-0.1728562,0.7481214,0.4414292) (37.62122,6.821174,22.21735)
compute 12.5181146951584(-0.0940162613987923,0.207786411046982,0.565067887306213) (-0.08315419,0.1774088,0.6860205) (14.24285,317.3482,54.3559) (-0.1408186,0.7766915,0.4023615) (36.80217,15.78742,24.44263)
compute 9.57291222643034(-0.0940277725458145,0.24559511244297,0.477121502161026) (-0.09401626,0.2077864,0.5650679) (13.81076,318.9387,47.59113) (-0.108894,0.8016399,0.3670397) (34.9117,21.79653,24.03603)
compute 5.54288794020121(-0.0409050323069096,0.260955303907394,0.473326802253723) (-0.09402777,0.2455951,0.4771215) (13.66729,327.5444,50.6569) (-0.07950533,0.8172542,0.3491227) (32.38805,24.79935,21.60722)
compute 10.2455894093443(0.0480334982275963,0.277740120887756,0.521341562271118) (-0.04090503,0.2609553,0.4733268) (13.72226,339.0137,58.94852) (-0.05196925,0.8263554,0.3445591) (31.03632,25.86492,19.28157)
compute 11.6527193422802(0.147697895765305,0.281143546104431,0.581624329090118) (0.0480335,0.2777401,0.5213416) (13.51466,348.2518,66.0522) (-0.01734299,0.8243728,0.3576804) (30.97264,24.99163,15.86155)
compute 10.9254995222235(0.237771570682526,0.268729597330093,0.642198920249939) (0.1476979,0.2811435,0.5816243) (12.86173,356.0292,74.75423) (0.02074755,0.795025,0.3994455) (33.11228,22.59418,12.8383)
compute 9.00006310536669(0.290401786565781,0.244716286659241,0.711144804954529) (0.2377716,0.2687296,0.6421989) (13.11736,355.274,81.89971) (0.05414853,0.7647794,0.4377742) (36.18463,20.69096,9.870529)
compute 6.65021677565717(0.307666927576065,0.226244360208511,0.772652864456177) (0.2904018,0.2447163,0.7111448) (12.61122,349.1027,85.97335) (0.07964852,0.7393978,0.4708997) (37.58252,19.08149,7.832916)
compute 4.63714241230051(0.316008687019348,0.198776677250862,0.809070587158203) (0.3076669,0.2262444,0.7726529) (16.99508,344.4201,89.73431) (0.0991708,0.7163546,0.4929803) (38.59925,16.99127,4.950597)
compute 3.04568779235663(0.317102700471878,0.171673059463501,0.822920441627502) (0.3160087,0.1987767,0.8090706) (21.8361,341.2605,90.22228) (0.1126459,0.6990156,0.5040411) (39.66024,14.86746,1.091171)
compute 2.01890751410105(0.31889072060585,0.156794190406799,0.809391915798187) (0.3171027,0.1716731,0.8229204) (20.22375,342.3702,86.8094) (0.1201699,0.6975993,0.4987937) (43.43189,17.85963,1.373595)
compute 7.45534085410759(0.294169545173645,0.164100468158722,0.739436984062195) (0.3188907,0.1567942,0.8093919) (7.796418,342.4333,77.21142) (0.1244078,0.7174892,0.4709935) (40.92603,24.23629,5.17363)
compute 13.7829449405308(0.264510780572891,0.192740216851234,0.607918620109558) (0.2941695,0.1641005,0.739437) (358.2764,346.0181,63.76848) (0.1278051,0.7481481,0.4356829) (39.14956,30.49985,7.886249)
compute 14.7914049166736(0.254069030284882,0.202010050415993,0.460665076971054) (0.2645108,0.1927402,0.6079186) (2.305065,358.0612,52.54295) (0.13289,0.7785787,0.3901168) (37.61058,38.55188,11.62881)
compute 11.2866215196787(0.247630834579468,0.210158735513687,0.348277658224106) (0.254069,0.2020101,0.4606651) (7.39871,5.261214,49.71568) (0.1339901,0.8023272,0.3591822) (36.4,40.66079,11.87202)
compute 2.80476182339494(0.26416277885437,0.211795210838318,0.325679302215576) (0.2476308,0.2101587,0.3482777) (8.142621,11.04184,51.23332) (0.1424132,0.8139569,0.3435334) (34.69897,40.80758,8.955197)
compute 7.55866526117248(0.304329693317413,0.215939447283745,0.389575988054276) (0.2641628,0.2117952,0.3256793) (3.480853,7.537778,57.92104) (0.1611798,0.8114354,0.3455141) (34.75656,41.05899,7.666723)
compute 13.2061100024394(0.36487689614296,0.232019081711769,0.505832672119141) (0.3043297,0.2159394,0.389576) (358.4169,5.856718,65.00803) (0.1847795,0.7787994,0.3878814) (37.12889,39.85286,7.160878)
compute 12.7834901846905(0.411123991012573,0.241112560033798,0.624661445617676) (0.3648769,0.2320191,0.5058327) (357.755,0.6470269,72.64246) (0.2140951,0.7374224,0.4348744) (40.65585,37.55265,5.50081)
compute 10.2773800336015(0.461897879838943,0.236166566610336,0.713880300521851) (0.411124,0.2411126,0.6246614) (1.930856,1.521681,75.75118) (0.2318698,0.7054371,0.4632437) (42.77386,35.69305,3.87879)
compute 7.83747068159738(0.512762427330017,0.204685032367706,0.764519274234772) (0.4618979,0.2361666,0.7138803) (7.802815,4.776767,79.03876) (0.2470757,0.6702832,0.4867843) (45.67298,33.19194,359.8419)
compute 4.4912284733906(0.546069145202637,0.176562041044235,0.775330066680908) (0.5127624,0.204685,0.7645193) (10.38472,9.023393,77.3929) (0.2522924,0.6576743,0.4884231) (46.66112,35.12743,0.6641527)
compute 3.02832596465818(0.549485385417938,0.159651309251785,0.750441670417786) (0.5460691,0.176562,0.7753301) (11.8798,8.376383,76.7781) (0.252525,0.660232,0.4809379) (48.19423,35.79034,1.552551)
compute 10.021573837568(0.494078308343887,0.161287844181061,0.666951715946198) (0.5494854,0.1596513,0.7504417) (0.2843394,6.851541,64.01516) (0.2362172,0.6986818,0.4636734) (45.16434,33.57365,0.7676296)
compute 16.5045588912579(0.399949938058853,0.166724801063538,0.531488299369812) (0.4940783,0.1612878,0.6669517) (357.5631,5.77534,54.91205) (0.2111476,0.7278799,0.4458696) (43.2913,29.02192,358.695)
compute 14.276354421408(0.307949215173721,0.182801589369774,0.42351222038269) (0.3999499,0.1667248,0.5314883) (1.083221,6.183715,47.3317) (0.1874839,0.7499667,0.4288438) (41.42689,24.71281,357.1682)
compute 7.74895623402805(0.236322373151779,0.210533395409584,0.413256734609604) (0.3079492,0.1828016,0.4235122) (358.7048,1.601448,45.10946) (0.1682432,0.7663158,0.4158928) (40.46412,22.62613,358.1442)
compute 9.18653046933459(0.180263161659241,0.227023139595985,0.484141767024994) (0.2363224,0.2105334,0.4132567) (356.4708,348.1819,53.32001) (0.1552693,0.7714163,0.4168598) (38.20271,21.99459,359.72)
compute 10.6610710522313(0.150662362575531,0.246169969439507,0.584755063056946) (0.1802632,0.2270231,0.4841418) (353.3491,340.0363,62.368) (0.1455504,0.7610687,0.4449835) (38.91848,19.29406,359.7372)
compute 10.8197255893738(0.13543376326561,0.258435785770416,0.691170692443848) (0.1506624,0.24617,0.5847551) (352.1374,336.1234,69.46866) (0.1364386,0.7337368,0.480439) (40.01365,14.60572,358.5526)
compute 10.7788205295615(0.145192861557007,0.233384147286415,0.79555207490921) (0.1354338,0.2584358,0.6911707) (357.7592,338.9852,73.78602) (0.1320992,0.7052694,0.5025115) (41.50889,12.22685,356.3656)
compute 7.93755214027353(0.169751912355423,0.196372985839844,0.861335813999176) (0.1451929,0.2333841,0.7955521) (5.545009,341.7175,77.42307) (0.1275029,0.6888871,0.5162272) (41.98932,9.922074,354.321)
compute 3.49872615320606(0.191153019666672,0.186589017510414,0.887227416038513) (0.1697519,0.196373,0.8613358) (9.064959,342.7476,80.00134) (0.1218341,0.6857538,0.5186051) (42.54418,9.582302,354.5541)
compute 3.72493960847369(0.19318576157093,0.178069904446602,0.851022303104401) (0.191153,0.186589,0.8872274) (10.67075,341.3003,76.68412) (0.1136971,0.7009811,0.5040334) (42.7984,9.637488,357.0177)
compute 10.6857284049583(0.183578550815582,0.182657092809677,0.74469667673111) (0.1931858,0.1780699,0.8510223) (3.966741,336.237,65.92796) (0.09324601,0.7319838,0.4859878) (40.27149,4.812432,356.8353)
compute 13.8711679764308(0.18675397336483,0.185282588005066,0.606046199798584) (0.1835786,0.1826571,0.7446967) (2.95176,336.3547,55.97853) (0.06318837,0.7558418,0.4590807) (39.74151,357.7448,356.9064)
compute 11.9520950430234(0.212476447224617,0.210435912013054,0.492068469524384) (0.186754,0.1852826,0.6060462) (4.903075,346.098,44.59346) (0.03124581,0.7777889,0.4301154) (39.00728,351.4697,357.106)
compute 7.53256814452014(0.243293762207031,0.253381252288818,0.438403308391571) (0.2124764,0.2104359,0.4920685) (4.353504,357.0412,39.62013) (0.003621731,0.7981769,0.4051762) (37.82936,347.2614,357.5574)
compute 4.90552927242264(0.2538902759552,0.30127477645874,0.438991516828537) (0.2432938,0.2533813,0.4384033) (358.9315,3.358404,37.9412) (-0.02871434,0.8229687,0.380501) (35.28157,342.3539,357.7398)
compute 8.04032829846432(0.214131966233253,0.360793739557266,0.475617438554764) (0.2538903,0.3012748,0.4389915) (349.5419,359.2164,35.6839) (-0.06219374,0.8369314,0.3590484) (34.2695,336.6427,357.8933)
compute 10.1135514846361(0.12836129963398,0.408642798662186,0.49974736571312) (0.214132,0.3607937,0.4756174) (341.4686,345.7317,34.96245) (-0.09576015,0.8425772,0.3353487) (34.29834,331.842,359.4653)
compute 10.4423119771995(0.02725381962955,0.433124899864197,0.49068683385849) (0.1283613,0.4086428,0.4997474) (339.2549,328.4324,38.09653) (-0.1220558,0.8381126,0.3107087) (36.88588,327.6928,0.09129607)
compute 9.2880226331755(-0.0507133267819881,0.431934505701065,0.440224528312683) (0.02725382,0.4331249,0.4906868) (343.0878,316.1951,34.57843) (-0.1456061,0.827477,0.284535) (39.88804,322.2305,359.5248)
compute 8.01064586212634(-0.0950339883565903,0.424761265516281,0.373882472515106) (-0.05071333,0.4319345,0.4402245) (347.6346,306.1637,34.92955) (-0.1647835,0.8200397,0.2584843) (42.09635,315.9207,358.6088)
compute 5.70040291335553(-0.10090172290802,0.394014686346054,0.326241344213486) (-0.09503399,0.4247613,0.3738825) (351.1866,302.1653,32.27198) (-0.1761469,0.8180004,0.2397946) (42.28393,312.0691,358.8953)
compute 4.18643871747979(-0.0968087241053581,0.363782078027725,0.297573179006577) (-0.1009017,0.3940147,0.3262413) (355.1814,297.7943,34.64116) (-0.189479,0.819388,0.2189937) (41.51171,303.9626,357.2592)
compute 1.04578374224782(-0.0892761573195457,0.356728672981262,0.29587721824646) (-0.09680872,0.3637821,0.2975732) (352.6542,294.1572,40.12292) (-0.1997258,0.8283362,0.19848) (39.6843,295.0179,356.0211)
compute 3.93894794658505(-0.0740172863006592,0.329389333724976,0.319778233766556) (-0.08927616,0.3567287,0.2958772) (356.0909,296.7108,43.45862) (-0.2049594,0.8338745,0.1789941) (38.81117,286.4095,354.1454)
compute 3.39226607436408(-0.0592514760792255,0.308150261640549,0.341724067926407) (-0.07401729,0.3293893,0.3197782) (3.032638,300.7739,46.66536) (-0.2032858,0.8385124,0.1673582) (38.44511,282.0441,353.0326)
compute 1.69671248109665(-0.0486520826816559,0.306034356355667,0.354803025722504) (-0.05925148,0.3081503,0.3417241) (6.261965,302.9254,46.31573) (-0.1952947,0.840431,0.1611889) (39.14628,281.132,353.3616)
Average= 5.80296392027537
Max= 16.5045588912579
Standard Deviation= 4.88874283197802
Right: 12    Wrong: 0
0
