compute 14.5984640654705(-0.00101137405727059,0.980384469032288,0.231653705239296) (0.06525794,0.87379,0.3062024) (290.778,307.4282,1.353496) (-0.04788203,1.210078,-0.001323625) (346.7464,5.514217,1.40681)
compute 6.64529976577846(-0.025426534935832,0.919961631298065,0.218654409050941) (-0.001011374,0.9803845,0.2316537) (299.2719,318.1182,346.1715) (-0.04940455,1.211301,-0.0033736) (344.4451,3.530933,1.600268)
compute 5.05010242760014(-0.0478839352726936,0.878495156764984,0.200583711266518) (-0.02542653,0.9199616,0.2186544) (307.1035,321.2442,339.2523) (-0.05010318,1.211011,-0.004469066) (343.7365,3.187722,1.467952)
compute 3.08056373226095(-0.0649015530943871,0.857096374034882,0.186389341950417) (-0.04788394,0.8784952,0.2005837) (311.5234,318.2143,339.8621) (-0.04972133,1.211316,-0.004568196) (342.3574,3.995941,1.262751)
compute 1.75400308630312(-0.0769204869866371,0.848228931427002,0.177193343639374) (-0.06490155,0.8570964,0.1863893) (314.0887,316.8198,340.1459) (-0.04909894,1.211328,-0.00738564) (341.4191,5.285285,1.173678)
compute 1.86040189923873(-0.0853600054979324,0.831959009170532,0.174003720283508) (-0.07692049,0.8482289,0.1771933) (316.1941,318.0134,337.6128) (-0.0487095,1.210908,-0.008837706) (340.5194,6.166078,1.365434)
compute 1.19497677948171(-0.0870956778526306,0.820167064666748,0.174860715866089) (-0.08536001,0.831959,0.1740037) (316.1339,318.8875,336.7487) (-0.04961745,1.212588,-0.01041295) (339.3563,6.927655,1.33757)
compute 0.0621325166286369(-0.086637906730175,0.820546746253967,0.175040528178215) (-0.08709568,0.8201671,0.1748607) (316.1828,319.6894,335.8283) (-0.04988317,1.21297,-0.01243584) (338.1765,7.365568,1.41298)
compute 0.213277056574234(-0.0864896550774574,0.818445086479187,0.174709230661392) (-0.08663791,0.8205467,0.1750405) (315.6059,318.6006,337.4581) (-0.04966354,1.212806,-0.01445439) (337.4801,6.833606,1.424794)
compute 0.38143741379311(-0.0882452949881554,0.817209780216217,0.171556264162064) (-0.08648966,0.8184451,0.1747092) (315.6164,317.092,338.0233) (-0.05258951,1.21238,-0.01520684) (337.1058,6.127855,1.43666)
compute 0.453934782719891(-0.0919651538133621,0.815755069255829,0.169399380683899) (-0.08824529,0.8172098,0.1715563) (315.7483,314.2584,340.1873) (-0.05473866,1.21254,-0.01529068) (336.9828,5.548792,1.596038)
compute 0.577346325554896(-0.0961401239037514,0.813114702701569,0.166410908102989) (-0.09196515,0.8157551,0.1693994) (315.0368,308.9558,347.246) (-0.05589644,1.212741,-0.01537976) (337.1183,5.546145,1.664171)
compute 0.552875813389833(-0.0988959446549416,0.80957156419754,0.163183093070984) (-0.09614012,0.8131147,0.1664109) (313.7155,303.708,356.2216) (-0.05665898,1.212536,-0.01555727) (337.0546,6.118997,1.444584)
compute 0.135129603893568(-0.0995212942361832,0.808703422546387,0.162357702851295) (-0.09889594,0.8095716,0.1631831) (313.4347,303.2373,357.6572) (-0.05703927,1.21323,-0.01506072) (335.6474,6.56572,0.8519575)
compute 0.406986003086049(-0.0989445149898529,0.807832360267639,0.166291192173958) (-0.09952129,0.8087034,0.1623577) (313.6257,304.3857,357.096) (-0.05730999,1.219826,-0.02213924) (331.3174,6.975864,359.776)
compute 0.268422403116318(-0.0976275056600571,0.805696845054626,0.16724519431591) (-0.09894451,0.8078324,0.1662912) (313.9207,305.0068,356.6549) (-0.05647451,1.222721,-0.03035521) (328.4076,6.878826,358.6957)
compute 0.0389398520741933(-0.097408227622509,0.805882275104523,0.167508184909821) (-0.09762751,0.8056968,0.1672452) (313.8779,304.9855,356.7114) (-0.05638191,1.223709,-0.03441061) (326.7667,6.591386,358.545)
compute 0.193132709156034(-0.0972363576292992,0.807501435279846,0.168546840548515) (-0.09740823,0.8058823,0.1675082) (313.3078,304.7004,357.2831) (-0.05837683,1.224526,-0.03872658) (325.2028,6.288223,358.7068)
compute 0.155225632072844(-0.0972462221980095,0.8087118268013,0.169518619775772) (-0.09723636,0.8075014,0.1685468) (313.0472,304.2782,357.775) (-0.06074448,1.226583,-0.04085582) (322.8673,6.41341,358.8762)
compute 0.0334249238158998(-0.0974198877811432,0.80861908197403,0.169248506426811) (-0.09724622,0.8087118,0.1695186) (313.0115,304.036,358.03) (-0.06289311,1.229077,-0.0439975) (320.3276,7.662858,358.7385)
compute 0.298094759310408(-0.0970890149474144,0.805664479732513,0.169465065002441) (-0.09741989,0.8086191,0.1692485) (313.741,304.8035,357.7287) (-0.06376201,1.23138,-0.04854863) (317.6493,8.555135,358.718)
compute 0.844329003642368(-0.0903301388025284,0.808277487754822,0.173798531293869) (-0.09708901,0.8056645,0.1694651) (314.9556,306.6512,356.305) (-0.06556062,1.231499,-0.05297415) (315.8801,9.651031,358.1654)
compute 0.502235637429577(-0.0854804515838623,0.808609962463379,0.175061091780663) (-0.09033014,0.8082775,0.1737985) (315.2832,307.9328,355.0663) (-0.06563527,1.23171,-0.05686951) (314.6073,10.25736,357.7181)
compute 0.248629310516331(-0.0830400437116623,0.808736979961395,0.175519272685051) (-0.08548045,0.80861,0.1750611) (315.6773,308.0585,355.0101) (-0.06587373,1.233429,-0.06467324) (312.1076,10.83444,357.4374)
compute 0.241365479823884(-0.0806366726756096,0.808706104755402,0.17573969066143) (-0.08304004,0.808737,0.1755193) (316.195,307.4575,356.5889) (-0.06611778,1.232932,-0.07226394) (310.9373,11.23382,356.7745)
compute 0.212800587422035(-0.0803255811333656,0.808448851108551,0.173650324344635) (-0.08063667,0.8087061,0.1757397) (315.7541,302.0203,8.282394) (-0.06711885,1.232251,-0.07670835) (309.6785,11.89143,356.482)
compute 2.52792624494684(-0.0720265135169029,0.825624525547028,0.190238356590271) (-0.08032558,0.8084489,0.1736503) (312.8116,293.8011,29.89441) (-0.06918134,1.232278,-0.08029515) (309.7258,13.05991,355.6357)
compute 5.99915074323488(-0.0549296587705612,0.869544744491577,0.227355644106865) (-0.07202651,0.8256245,0.1902384) (310.3691,285.0647,54.79259) (-0.07085997,1.231912,-0.08280043) (309.4499,14.50294,354.6709)
compute 7.90731284754043(-0.0336264595389366,0.9367555975914,0.263152778148651) (-0.05492966,0.8695447,0.2273556) (307.3001,276.3496,82.50848) (-0.07342584,1.232236,-0.082625) (309.2947,15.97661,353.7056)
compute 0.793927023314371(-0.0303457900881767,0.943109512329102,0.266601979732513) (-0.03362646,0.9367556,0.2631528) (304.3759,269.5609,97.41261) (-0.07802693,1.234214,-0.08191747) (308.1159,16.28055,353.6516)
compute 0.309001938394325(-0.0323689170181751,0.940830409526825,0.267112731933594) (-0.03034579,0.9431095,0.266602) (310.2401,260.7501,113.9375) (-0.08327883,1.234659,-0.0840681) (306.3701,16.82898,353.212)
compute 0.510002957714923(-0.0341899022459984,0.936143517494202,0.267965584993362) (-0.03236892,0.9408304,0.2671127) (318.6239,257.3373,129.882) (-0.08317509,1.234277,-0.08598006) (305.4846,18.63146,351.8392)
compute 0.677482948178153(-0.0306997951120138,0.93048495054245,0.269268691539764) (-0.0341899,0.9361435,0.2679656) (326.8767,252.6512,149.8515) (-0.08278941,1.233891,-0.08531819) (304.8812,18.65322,351.809)
compute 17.8611673029619(-0.0244708824902773,1.10658669471741,0.298449277877808) (-0.0306998,0.930485,0.2692687) (328.1304,251.9068,159.2846) (-0.08472577,1.233628,-0.0803453) (305.2029,19.3192,351.2761)
compute 6.19708972677933(-0.00511518307030201,1.16079747676849,0.321404457092285) (-0.02447088,1.106587,0.2984493) (325.605,252.5065,162.3163) (-0.0859305,1.233725,-0.06893355) (307.395,20.42634,351.1435)
compute 6.97597949674292(0.0120340436697006,1.22290170192719,0.348151385784149) (-0.005115183,1.160797,0.3214045) (328.7933,256.981,170.9407) (-0.07947756,1.23341,-0.05375226) (309.1374,21.01256,351.6353)
compute 7.53076248309947(0.0348079390823841,1.29136574268341,0.369721353054047) (0.01203404,1.222902,0.3481514) (329.8192,259.7543,178.7618) (-0.07165943,1.235293,-0.04157335) (309.0863,20.74904,351.7592)
compute 7.0171956442146(0.0596563629806042,1.35393857955933,0.389502644538879) (0.03480794,1.291366,0.3697214) (328.7662,261.5774,184.8871) (-0.05175572,1.235266,-0.02564048) (310.149,20.11853,351.6523)
compute 5.36835852923446(0.0807803794741631,1.40223860740662,0.399642199277878) (0.05965636,1.353939,0.3895026) (327.2515,264.9724,186.1777) (-0.02651361,1.234843,-0.007016688) (311.1016,20.35017,351.4406)
compute 5.1424214717173(0.102329678833485,1.4449520111084,0.418500691652298) (0.08078038,1.402239,0.3996422) (327.3823,270.0175,185.9505) (0.0005733706,1.237724,0.008955588) (310.9877,19.98955,351.4073)
compute 5.81286399534927(0.125580012798309,1.4965705871582,0.43168717622757) (0.1023297,1.444952,0.4185007) (326.4295,270.8133,186.9263) (0.02737583,1.240805,0.02285028) (311.2971,18.99198,352.0495)
compute 4.61736975971701(0.147162854671478,1.5372222661972,0.435379385948181) (0.12558,1.496571,0.4316872) (322.5439,273.0705,185.6156) (0.05217287,1.241799,0.03402873) (311.9314,16.67923,353.5056)
compute 2.93718001389021(0.163008376955986,1.54925990104675,0.413775742053986) (0.1471629,1.537222,0.4353794) (318.5813,272.7386,182.8662) (0.07449648,1.241684,0.04342894) (312.0742,14.81683,353.8059)
compute 2.72756420362459(0.18373054265976,1.55564188957214,0.39722815155983) (0.1630084,1.54926,0.4137757) (314.5501,272.774,178.2161) (0.09081618,1.242496,0.04885861) (312.3148,13.76472,353.5376)
compute 2.46331998015961(0.206868454813957,1.56246900558472,0.40221032500267) (0.1837305,1.555642,0.3972282) (312.7167,273.9832,175.7978) (0.1008558,1.244039,0.05247407) (312.4244,13.01551,353.5251)
compute 3.39823830235381(0.231454595923424,1.57153105735779,0.423848330974579) (0.2068685,1.562469,0.4022103) (310.8957,270.46,176.9564) (0.1119948,1.244018,0.05396071) (313.0197,14.19052,351.8469)
compute 3.27677045696932(0.25660452246666,1.566450715065,0.403467118740082) (0.2314546,1.571531,0.4238483) (315.021,257.1281,193.1088) (0.1166015,1.242578,0.0538097) (313.3236,15.45646,350.2137)
compute 7.747244584415(0.306142777204514,1.545445561409,0.347729116678238) (0.2566045,1.566451,0.4034671) (320.5341,238.7746,216.9389) (0.1201064,1.24113,0.04962958) (312.7249,21.12018,347.2063)
compute 6.54717947765005(0.35817751288414,1.52673435211182,0.312674403190613) (0.3061428,1.545446,0.3477291) (319.1378,235.2022,229.1516) (0.117016,1.243993,0.04678943) (313.6628,26.46042,344.8585)
compute 3.81869855864055(0.390269815921783,1.50910115242004,0.301839262247086) (0.3581775,1.526734,0.3126744) (313.6656,236.9426,228.6642) (0.1109,1.240198,0.04830889) (316.4771,29.45216,345.1075)
compute 2.47973546284717(0.411784589290619,1.50131869316101,0.311402559280396) (0.3902698,1.509101,0.3018393) (305.2639,244.1887,221.5361) (0.1044724,1.233688,0.05191613) (316.8859,33.78046,345.2576)
compute 4.93868091307383(0.43415579199791,1.50136590003967,0.355431914329529) (0.4117846,1.501319,0.3114026) (297.015,262.7726,198.0623) (0.107229,1.230633,0.06099445) (318.6826,34.04086,347.6545)
compute 5.84514689760087(0.462063759565353,1.49393260478973,0.40624988079071) (0.4341558,1.501366,0.3554319) (295.485,290.8114,165.368) (0.1309211,1.230567,0.06646253) (320.6667,36.53084,344.8981)
compute 3.02271725281445(0.483469396829605,1.47718155384064,0.419474214315414) (0.4620638,1.493933,0.4062499) (295.1961,293.317,161.1081) (0.1531175,1.22632,0.07272563) (319.5882,38.15663,344.1432)
compute 3.00513885400431(0.500914216041565,1.46117651462555,0.437983751296997) (0.4834694,1.477182,0.4194742) (298.4395,298.1963,158.8058) (0.1868744,1.223667,0.09103931) (319.365,36.73259,344.8173)
compute 2.51081121559511(0.522221505641937,1.44811880588531,0.440415412187576) (0.5009142,1.461177,0.4379838) (298.5289,298.1774,160.4895) (0.2318675,1.22169,0.1131773) (318.5593,37.56799,343.5462)
compute 4.97306354632766(0.563026905059814,1.4385861158371,0.467195689678192) (0.5222215,1.448119,0.4404154) (297.6164,303.4749,152.2619) (0.271277,1.230601,0.1372914) (320.4749,38.41181,342.9922)
compute 7.2544152885417(0.604584097862244,1.42113864421844,0.524039685726166) (0.5630269,1.438586,0.4671957) (299.4761,318.5482,132.8604) (0.3028984,1.233474,0.1538449) (322.3615,38.2808,343.1421)
compute 10.4470088666315(0.642045855522156,1.37085342407227,0.607598125934601) (0.6045841,1.421139,0.5240397) (314.2811,332.5822,117.063) (0.3259928,1.234325,0.1678671) (324.2539,39.94006,342.2915)
compute 1.96456269233821(0.653701484203339,1.35779571533203,0.616519629955292) (0.6420459,1.370853,0.6075981) (311.7234,327.9762,117.7707) (0.3333826,1.234814,0.1779961) (325.8644,40.16506,343.2811)
compute 3.64470089874773(0.652679443359375,1.35664701461792,0.580105066299438) (0.6537015,1.357796,0.6165196) (305.6684,321.2788,121.6201) (0.3320185,1.23348,0.1808149) (325.824,41.08466,343.256)
compute 4.09140799688033(0.652315616607666,1.36852979660034,0.540956258773804) (0.6526794,1.356647,0.5801051) (297.9864,311.8359,135.8002) (0.3140216,1.232511,0.1731291) (326.2799,41.75578,344.1797)
compute 4.4173327950359(0.646239042282104,1.37602138519287,0.497849017381668) (0.6523156,1.36853,0.5409563) (293.9336,297.2296,156.9578) (0.2829697,1.228905,0.1592912) (325.0135,43.57544,343.9659)
compute 7.9267086102575(0.600210189819336,1.35719835758209,0.436121314764023) (0.646239,1.376021,0.497849) (299.9804,265.4274,193.042) (0.2468144,1.234896,0.1450678) (322.6328,42.38429,346.0545)
compute 10.8835339167411(0.534030556678772,1.28122889995575,0.394962728023529) (0.6002102,1.357198,0.4361213) (311.4192,256.1169,194.2455) (0.2205529,1.234249,0.1323523) (321.2014,41.64314,347.4744)
compute 13.7128873530388(0.456277251243591,1.16946291923523,0.378618985414505) (0.5340306,1.281229,0.3949627) (325.2635,263.106,182.5266) (0.2066942,1.232795,0.1202806) (319.7881,42.34348,346.9048)
compute 10.1403715974461(0.414879679679871,1.07700514793396,0.383148401975632) (0.4562773,1.169463,0.378619) (341.0956,269.7333,173.4787) (0.1983422,1.231015,0.1112524) (317.5124,43.1325,345.7719)
compute 2.9138897667396(0.407128274440765,1.05016565322876,0.391432881355286) (0.4148797,1.077005,0.3831484) (341.8838,271.2508,170.9888) (0.1898257,1.231052,0.1057) (315.2125,42.12124,345.4014)
compute 1.52988725233945(0.395280361175537,1.05971944332123,0.389881253242493) (0.4071283,1.050166,0.3914329) (343.097,269.5366,175.5553) (0.1754523,1.233681,0.0991725) (310.6541,38.47502,346.6128)
compute 4.16777148782681(0.383881568908691,1.09761810302734,0.376812547445297) (0.3952804,1.059719,0.3898813) (338.6645,263.839,179.0029) (0.1604379,1.233416,0.09500859) (308.2313,33.93877,348.3894)
compute 3.23388871902371(0.3642957508564,1.11949360370636,0.363260358572006) (0.3838816,1.097618,0.3768125) (339.5329,258.9401,183.6284) (0.147523,1.233029,0.09585129) (306.5636,28.35756,351.3216)
compute 4.41359787861362(0.320255964994431,1.11785304546356,0.360853999853134) (0.3642958,1.119494,0.3632604) (343.9763,255.1975,181.2482) (0.1339719,1.233397,0.1030621) (306.8586,20.01805,356.7581)
compute 6.18445224580609(0.268876314163208,1.11450457572937,0.395112782716751) (0.320256,1.117853,0.360854) (343.8007,262.1421,165.8603) (0.1203215,1.230588,0.109901) (308.5739,12.89673,1.862907)
compute 6.25211178963159(0.224357813596725,1.08443021774292,0.427089750766754) (0.2688763,1.114505,0.3951128) (339.161,264.7901,137.529) (0.106361,1.230699,0.1155457) (309.6082,6.269781,7.260909)
compute 6.41179899053896(0.171316295862198,1.04879367351532,0.42182183265686) (0.2243578,1.08443,0.4270898) (338.045,260.706,116.6979) (0.09842774,1.231522,0.1264641) (312.3114,2.497626,9.171173)
compute 3.2345290699043(0.139776214957237,1.04681527614594,0.414927840232849) (0.1713163,1.048794,0.4218218) (335.1381,257.2945,114.4453) (0.09458419,1.230436,0.1374747) (316.1069,0.5002151,10.62602)
compute 2.07370231437125(0.119147039949894,1.0485155582428,0.413674712181091) (0.1397762,1.046815,0.4149278) (337.5922,254.7484,123.8745) (0.09108701,1.231433,0.1435319) (317.9886,358.3949,12.0912)
compute 1.74985279588548(0.112465932965279,1.06468832492828,0.413728624582291) (0.119147,1.048516,0.4136747) (335.4406,253.9174,125.2313) (0.09343733,1.231151,0.1450048) (316.8547,357.029,12.19862)
compute 1.48291564077179(0.120717741549015,1.072718501091,0.423073559999466) (0.1124659,1.064688,0.4137286) (332.1902,254.4613,124.851) (0.1045954,1.232565,0.1447437) (316.9565,355.1225,12.55717)
compute 5.75005647722748(0.107409834861755,1.12860202789307,0.420574337244034) (0.1207177,1.072719,0.4230736) (328.8077,254.4995,125.5373) (0.121461,1.230538,0.1414648) (317.9311,353.7168,12.21062)
compute 3.00283281998992(0.118555620312691,1.15559947490692,0.427546411752701) (0.1074098,1.128602,0.4205743) (325.0865,253.5011,128.1613) (0.1326917,1.229692,0.1396391) (319.6157,352.1923,11.65719)
compute 3.79911913629076(0.112800166010857,1.18657052516937,0.448783159255981) (0.1185556,1.155599,0.4275464) (325.829,252.1989,136.6621) (0.1391961,1.225545,0.1450929) (321.9683,350.3747,9.496299)
compute 5.17471020279124(0.0826462954282761,1.21984815597534,0.474495142698288) (0.1128002,1.186571,0.4487832) (327.1997,250.3666,146.7948) (0.1313978,1.225277,0.1463886) (323.715,351.6292,8.09671)
compute 6.76717806087537(0.0535543337464333,1.27042615413666,0.508773326873779) (0.0826463,1.219848,0.4744951) (325.7617,252.5576,146.958) (0.1081561,1.224217,0.1456788) (323.6218,352.8794,7.439307)
compute 6.5871592286932(0.0338490679860115,1.32681703567505,0.536537289619446) (0.05355433,1.270426,0.5087733) (322.6318,254.5205,150.6673) (0.07211748,1.22298,0.1441502) (324.7654,353.902,6.460114)
compute 5.50931053965746(0.0156894773244858,1.35759353637695,0.578469216823578) (0.03384907,1.326817,0.5365373) (320.6503,264.4442,146.3986) (0.04222901,1.224941,0.1406138) (326.2366,356.7957,4.585085)
compute 3.77980419726499(0.0225895289331675,1.37326109409332,0.61216801404953) (0.01568948,1.357594,0.5784692) (314.9917,279.2738,136.2292) (0.01828087,1.226943,0.1320124) (326.0005,0.2575576,3.029901)
compute 1.88816028861616(0.0403857156634331,1.3677533864975,0.609089732170105) (0.02258953,1.373261,0.612168) (312.7506,284.3987,130.2156) (-0.0006483011,1.232884,0.1234222) (322.5838,2.856131,2.347614)
compute 4.23339662546421(0.0694374516606331,1.37454903125763,0.579056739807129) (0.04038572,1.367753,0.6090897) (309.0264,270.9612,143.4897) (-0.008848687,1.238845,0.110949) (315.9137,5.705868,1.489766)
compute 6.73646996160478(0.111524701118469,1.41792845726013,0.549309611320496) (0.06943745,1.374549,0.5790567) (303.4636,265.2297,148.2569) (-0.002158746,1.23953,0.1034618) (313.1353,13.10178,356.9119)
compute 6.36418089527561(0.146009176969528,1.46562194824219,0.525093257427216) (0.1115247,1.417928,0.5493096) (301.52,268.614,147.9871) (0.01084706,1.238912,0.1015344) (312.5584,18.26068,354.4466)
compute 4.87873925433423(0.174366235733032,1.4972038269043,0.501037657260895) (0.1460092,1.465622,0.5250933) (302.2809,270.838,154.9426) (0.0211356,1.238599,0.1080109) (312.9485,19.05122,354.9332)
compute 2.74152487415165(0.192282915115356,1.51757502555847,0.497087627649307) (0.1743662,1.497204,0.5010377) (304.6801,272.6838,158.4284) (0.03998023,1.235723,0.1205137) (313.1904,19.64544,354.3809)
compute 4.20266131574188(0.216844454407692,1.54956161975861,0.50891238451004) (0.1922829,1.517575,0.4970876) (304.3737,274.3888,159.449) (0.06612601,1.235623,0.1329479) (312.4304,19.05491,355.7542)
compute 3.10378402570984(0.237141013145447,1.57298576831818,0.507267236709595) (0.2168445,1.549562,0.5089124) (302.9021,270.1196,161.6678) (0.09731416,1.236076,0.1438986) (312.7722,16.2089,356.8095)
compute 1.90886541153077(0.252419263124466,1.58416652679443,0.509704947471619) (0.237141,1.572986,0.5072672) (302.7939,271.4951,159.4034) (0.1257676,1.237771,0.1531702) (312.7589,13.90702,357.0192)
compute 2.87605148896354(0.262840777635574,1.58650279045105,0.5364089012146) (0.2524193,1.584167,0.5097049) (303.1031,276.8079,151.9132) (0.1426401,1.242444,0.1635225) (313.5863,11.13116,357.7263)
compute 5.19719275671597(0.269673556089401,1.57983481884003,0.587496399879456) (0.2628408,1.586503,0.5364089) (303.0307,287.1255,136.3837) (0.1569592,1.242615,0.1696535) (313.8516,8.748043,358.0263)
compute 4.86372069045406(0.268882274627686,1.54638016223907,0.622791409492493) (0.2696736,1.579835,0.5874964) (307.9384,294.0729,128.3873) (0.1660144,1.241652,0.1735448) (314.164,7.791769,357.1234)
compute 3.20383589862173(0.273491114377975,1.54593789577484,0.591089367866516) (0.2688823,1.54638,0.6227914) (302.0563,274.6505,142.6693) (0.1709497,1.241049,0.1752592) (312.2797,7.330711,357.1164)
compute 3.37579296890235(0.275655776262283,1.55986630916595,0.560415089130402) (0.2734911,1.545938,0.5910894) (301.9216,266.0967,152.4007) (0.1740191,1.243057,0.1736854) (311.4927,7.931231,356.8034)
compute 2.50361039363952(0.272645086050034,1.57467567920685,0.540454506874084) (0.2756558,1.559866,0.5604151) (302.74,261.8068,158.5868) (0.175371,1.243387,0.1701941) (311.5298,8.148071,356.4792)
compute 1.39642429809457(0.265455156564713,1.57904839515686,0.551598310470581) (0.2726451,1.574676,0.5404545) (304.1466,270.4082,153.9355) (0.1755868,1.244069,0.1660215) (311.6721,7.870915,357.2384)
compute 3.82754270727893(0.271111965179443,1.57956111431122,0.589449942111969) (0.2654552,1.579048,0.5515983) (300.6572,282.1192,140.3814) (0.1693002,1.244377,0.1632331) (310.4899,1.650661,359.9412)
compute 2.23998162570711(0.273876816034317,1.56528568267822,0.606488704681396) (0.271112,1.579561,0.5894499) (302.2054,293.1019,133.5538) (0.1585108,1.241277,0.1611447) (310.3358,356.9566,1.926423)
compute 5.12112392020657(0.239589288830757,1.54986667633057,0.571714997291565) (0.2738768,1.565286,0.6064887) (301.7473,271.826,142.673) (0.1436473,1.237872,0.1593805) (310.8299,358.2057,0.5419888)
compute 6.4729893686734(0.18336333334446,1.54633903503418,0.539837777614594) (0.2395893,1.549867,0.571715) (306.7716,258.2013,151.6996) (0.1269656,1.237243,0.1590646) (311.3121,0.1423419,359.4494)
compute 5.98709239662309(0.123658567667007,1.54789912700653,0.535662293434143) (0.1833633,1.546339,0.5398378) (309.1523,257.8552,151.1119) (0.1071449,1.237152,0.1569501) (311.3078,0.5188166,359.2546)
compute 6.00302667004497(0.064709484577179,1.54194247722626,0.545314073562622) (0.1236586,1.547899,0.5356623) (313.2269,262.8654,147.2867) (0.08949956,1.237592,0.1538235) (311.064,359.6143,358.9014)
compute 5.18329916840236(0.0367999896407127,1.52797889709473,0.586699306964874) (0.06470948,1.541942,0.5453141) (315.5173,276.8351,140.8217) (0.07383975,1.238623,0.1540136) (311.9406,359.1932,358.8072)
compute 3.91231685748619(0.0377078130841255,1.51755547523499,0.624397456645966) (0.03679999,1.527979,0.5866993) (314.6618,290.5155,129.8729) (0.05170649,1.238747,0.1510239) (310.587,359.2645,359.1087)
compute 1.21829001187613(0.0444655530154705,1.52101838588715,0.614870429039001) (0.03770781,1.517555,0.6243975) (310.1728,281.296,136.2915) (0.03948002,1.242204,0.1410479) (307.0428,0.1377354,359.3936)
compute 10.2603413793749(0.0695899054408073,1.51851904392242,0.51542204618454) (0.04446555,1.521018,0.6148704) (306.8901,252.0163,160.6303) (0.0255005,1.242213,0.1262499) (306.3244,4.846184,355.9712)
compute 12.5282822588874(0.0812079310417175,1.46130621433258,0.404573053121567) (0.06958991,1.518519,0.515422) (318.3335,225.9691,179.3801) (0.006429416,1.24226,0.1110543) (306.4992,3.257138,359.0463)
compute 6.71662142744257(0.0574466660618782,1.40096199512482,0.387100845575333) (0.08120793,1.461306,0.4045731) (329.3744,235.9389,174.3792) (-0.006937792,1.238895,0.09758808) (306.4016,1.740962,1.474245)
compute 4.02395540578193(0.030004158616066,1.37411034107208,0.399147391319275) (0.05744667,1.400962,0.3871008) (330.8801,248.3817,165.5586) (-0.01455844,1.236491,0.08601198) (305.9601,8.378063,357.6823)
compute 1.70016325742987(0.0291848927736282,1.38197839260101,0.414196580648422) (0.03000416,1.37411,0.3991474) (325.0782,250.1175,163.9606) (-0.0179149,1.236907,0.0818024) (307.1814,12.44479,355.5096)
compute 3.53096649165817(0.0434354357421398,1.39769649505615,0.442421317100525) (0.02918489,1.381978,0.4141966) (320.9762,252.5892,166.1137) (-0.01847297,1.237032,0.08237837) (307.3348,13.34913,355.782)
compute 6.00946433294597(0.0896840691566467,1.42644143104553,0.467840969562531) (0.04343544,1.397696,0.4424213) (312.7542,251.8589,169.5726) (-0.006273367,1.236441,0.09370752) (307.8438,14.83744,354.9291)
compute 6.20919791534701(0.137451708316803,1.45887732505798,0.490679085254669) (0.08968407,1.426441,0.467841) (309.2099,249.9261,174.1785) (0.01513992,1.236879,0.1069967) (308.5389,15.96019,353.6198)
compute 6.78428848753387(0.181024879217148,1.50763511657715,0.508754312992096) (0.1374517,1.458877,0.4906791) (305.3621,251.5376,173.3386) (0.04413158,1.237839,0.121754) (308.5979,16.64582,353.3861)
compute 4.21811450929679(0.201679721474648,1.54384469985962,0.502312839031219) (0.1810249,1.507635,0.5087543) (305.709,253.8527,173.9406) (0.07541975,1.237981,0.1394821) (309.4409,15.80846,354.8985)
compute 2.50912201149506(0.209898665547371,1.56488811969757,0.49139529466629) (0.2016797,1.543845,0.5023128) (305.8092,256.8093,172.0984) (0.1026989,1.236539,0.1555508) (308.5721,13.16191,356.3209)
compute 2.63295088157467(0.219284698367119,1.58946621417999,0.490364402532578) (0.2098987,1.564888,0.4913953) (305.7411,260.5976,169.4671) (0.1221883,1.23699,0.1709348) (308.7147,10.45704,357.9539)
compute 2.9452836190222(0.229120999574661,1.61309993267059,0.504930257797241) (0.2192847,1.589466,0.4903644) (304.9911,263.351,166.2631) (0.1390124,1.241543,0.1833231) (308.5408,8.652638,358.1362)
compute 2.75469985514156(0.242576956748962,1.62984621524811,0.522173702716827) (0.229121,1.6131,0.5049303) (304.6656,265.802,165.4459) (0.1514604,1.243562,0.1942058) (308.8847,7.11271,357.3318)
compute 3.70733447716214(0.265159428119659,1.64414238929749,0.547865808010101) (0.242577,1.629846,0.5221737) (300.8351,267.1262,162.2633) (0.1682449,1.246937,0.1990773) (309.1161,7.222379,355.2605)
compute 2.89595240395037(0.284101903438568,1.64721393585205,0.569554567337036) (0.2651594,1.644142,0.5478658) (299.9649,269.8852,159.2754) (0.1803626,1.252871,0.2000686) (308.6035,6.632087,353.9354)
compute 2.99770159277618(0.30108517408371,1.6428474187851,0.593867599964142) (0.2841019,1.647214,0.5695546) (299.3517,276.8928,150.8214) (0.1906209,1.254914,0.1990011) (309.792,7.83406,352.1202)
compute 3.10408772819526(0.310641705989838,1.62277853488922,0.615534365177155) (0.3010852,1.642847,0.5938676) (301.3126,286.9301,138.4076) (0.1964232,1.249197,0.1952033) (309.9137,9.900425,350.2181)
compute 3.33505919998368(0.314844846725464,1.59635734558105,0.595621645450592) (0.3106417,1.622779,0.6155344) (302.2261,277.8287,148.1342) (0.1884268,1.24663,0.1865165) (308.4138,5.780121,351.8253)
compute 12.1903444771949(0.322792500257492,1.52887117862701,0.494414418935776) (0.3148448,1.596357,0.5956216) (306.6595,222.9794,187.7429) (0.1705903,1.244244,0.1721742) (306.8414,359.5562,354.8777)
compute 15.8243554443823(0.327928870916367,1.40750551223755,0.392999351024628) (0.3227925,1.528871,0.4944144) (326.3372,202.8326,202.7145) (0.142407,1.245942,0.1559511) (306.4325,354.9261,357.9229)
compute 10.437930619399(0.305165529251099,1.31925189495087,0.342125296592712) (0.3279289,1.407506,0.3929994) (337.6917,201.9943,204.5467) (0.1163771,1.241729,0.1460908) (306.6219,352.8705,359.9428)
compute 6.69020965695687(0.238392725586891,1.32037603855133,0.34612774848938) (0.3051655,1.319252,0.3421253) (330.0952,207.3771,194.9212) (0.09176149,1.237543,0.1340972) (308.3691,354.754,358.5869)
compute 8.3064577547646(0.165528148412704,1.34372448921204,0.378459274768829) (0.2383927,1.320376,0.3461277) (317.1274,228.0548,170.4227) (0.06313264,1.235706,0.1216132) (309.659,355.2928,357.728)
compute 8.08979799801101(0.0897193774580956,1.35208344459534,0.405434101819992) (0.1655281,1.343724,0.3784593) (316.5081,246.8531,151.0398) (0.0215945,1.231072,0.1062317) (312.3438,355.4928,356.301)
compute 6.68419287045022(0.0251184199005365,1.36369597911835,0.418071687221527) (0.08971938,1.352083,0.4054341) (316.2838,255.1739,138.8094) (-0.01723565,1.226549,0.08746867) (313.5905,356.3885,354.7704)
compute 7.37109621159511(-0.0455544292926788,1.38277983665466,0.42670077085495) (0.02511842,1.363696,0.4180717) (317.5706,255.5724,138.484) (-0.05125836,1.235805,0.07336997) (314.406,352.976,358.4863)
compute 7.99994098978881(-0.121955394744873,1.40184688568115,0.440816223621368) (-0.04555443,1.38278,0.4267008) (321.6135,257.8848,140.0928) (-0.07749273,1.238909,0.06771315) (315.3451,351.5234,1.717684)
compute 5.91690914655536(-0.178359031677246,1.41719853878021,0.449977993965149) (-0.1219554,1.401847,0.4408162) (325.0403,259.1645,143.465) (-0.09835158,1.240015,0.06793831) (315.6596,348.9242,5.060244)
compute 5.45878025642816(-0.197861149907112,1.45823180675507,0.480239629745483) (-0.178359,1.417199,0.449978) (323.1954,264.0186,146.5089) (-0.1020291,1.235458,0.07831232) (315.7483,348.6752,6.082986)
compute 4.44224122079512(-0.194858014583588,1.49780440330505,0.500198125839233) (-0.1978611,1.458232,0.4802396) (319.3948,267.1928,148.1335) (-0.1008415,1.234421,0.09292792) (316.5854,349.2493,6.115747)
compute 4.14440783524153(-0.172643929719925,1.53080201148987,0.511830151081085) (-0.194858,1.497804,0.5001981) (316.1286,268.5095,151.99) (-0.09373851,1.23078,0.1078487) (317.0322,347.4001,8.104801)
compute 2.84883150613061(-0.153314590454102,1.55157685279846,0.514353394508362) (-0.1726439,1.530802,0.5118302) (314.1087,268.9831,153.55) (-0.09158628,1.22841,0.1211859) (317.2322,346.0676,7.660662)
compute 1.8110558537551(-0.145052179694176,1.5628045797348,0.525914669036865) (-0.1533146,1.551577,0.5143534) (312.2481,269.7167,154.1926) (-0.1048605,1.231759,0.1272881) (316.879,345.1397,8.04837)
compute 1.6496773525497(-0.144716843962669,1.56533682346344,0.54221248626709) (-0.1450522,1.562805,0.5259147) (309.7817,271.1044,151.9131) (-0.120768,1.232082,0.1314818) (317.5139,344.7409,8.878635)
compute 3.56624876060829(-0.149039894342422,1.54855346679688,0.573380470275879) (-0.1447168,1.565337,0.5422125) (311.1024,283.6496,137.7321) (-0.1420484,1.229773,0.1318887) (320.1946,347.6432,8.561292)
compute 6.61523245861543(-0.190674066543579,1.50194668769836,0.551688671112061) (-0.1490399,1.548553,0.5733805) (312.6896,272.8412,143.3077) (-0.1672543,1.22586,0.1279584) (324.2164,346.1349,11.88011)
compute 15.8668126656396(-0.272585690021515,1.36696243286133,0.536026239395142) (-0.1906741,1.501947,0.5516887) (331.0227,270.5179,135.2887) (-0.1838279,1.219349,0.1242569) (326.5554,345.5317,12.88147)
compute 13.5274780172121(-0.326537609100342,1.24652028083801,0.565727174282074) (-0.2725857,1.366962,0.5360262) (347.0969,275.4008,127.0833) (-0.1834966,1.218577,0.1175542) (324.4253,349.9101,10.75413)
compute 4.48591757288454(-0.340320855379105,1.20560646057129,0.577910244464874) (-0.3265376,1.24652,0.5657272) (353.0677,277.2295,126.7032) (-0.1723296,1.233509,0.1148724) (316.8984,358.9575,4.023948)
compute 6.56850185711575(-0.313709169626236,1.25688254833221,0.546651601791382) (-0.3403209,1.205606,0.5779102) (340.9733,269.8433,129.1073) (-0.1627208,1.239919,0.1131782) (312.9734,9.869152,357.7564)
compute 11.3464632851793(-0.241348147392273,1.32774150371552,0.495493859052658) (-0.3137092,1.256883,0.5466516) (326.9927,258.1463,137.1287) (-0.1506369,1.241446,0.1144774) (312.5434,15.11831,356.1345)
compute 8.82102439749308(-0.165972799062729,1.3673529624939,0.472460478544235) (-0.2413481,1.327742,0.4954939) (320.5816,249.7198,146.2941) (-0.1309685,1.239722,0.1152376) (312.4113,17.15602,355.3264)
compute 6.49156115160279(-0.101308725774288,1.3728768825531,0.473902940750122) (-0.1659728,1.367353,0.4724605) (321.166,255.8234,145.4604) (-0.1012446,1.23513,0.1153658) (312.169,20.87027,352.3236)
compute 8.83615289651957(-0.0147884767502546,1.38660717010498,0.462349325418472) (-0.1013087,1.372877,0.4739029) (317.4127,252.3489,156.3404) (-0.05682329,1.230007,0.116728) (313.6278,24.13437,349.5508)
compute 9.82973782261085(0.0807252749800682,1.40780830383301,0.452861964702606) (-0.01478848,1.386607,0.4623493) (313.9385,247.3054,164.7992) (-0.002082687,1.225435,0.1225255) (313.9761,24.74628,349.2794)
compute 10.0660734586794(0.169665813446045,1.45415115356445,0.46149355173111) (0.08072527,1.407808,0.452862) (305.6787,247.7119,167.1345) (0.04790236,1.225128,0.1305948) (313.7499,21.33679,351.0247)
compute 7.14625822822577(0.222021758556366,1.49903964996338,0.480222642421722) (0.1696658,1.454151,0.4614936) (301.2103,251.9218,164.679) (0.09097449,1.235173,0.1386955) (314.8969,19.58242,352.0534)
compute 5.12035641765458(0.256889522075653,1.53602111339569,0.486420661211014) (0.2220218,1.49904,0.4802226) (297.8237,253.8775,164.1746) (0.1199599,1.244937,0.1425684) (316.1785,17.40115,351.5205)
compute 4.60951771758419(0.289274424314499,1.56755650043488,0.495448559522629) (0.2568895,1.536021,0.4864207) (292.7462,260.3721,159.2419) (0.141694,1.24609,0.1457914) (316.455,16.80661,349.1373)
compute 4.18333825988274(0.32256281375885,1.58590698242188,0.512917816638947) (0.2892744,1.567557,0.4954486) (289.4226,266.3073,155.0907) (0.1529492,1.246557,0.148206) (317.0374,15.82311,348.3215)
compute 4.04303890168824(0.353620946407318,1.58450734615326,0.538764476776123) (0.3225628,1.585907,0.5129178) (286.7578,278.9346,142.975) (0.1606736,1.246671,0.1529183) (317.8975,15.12646,347.3428)
compute 4.17039252618472(0.375344544649124,1.56576728820801,0.569031834602356) (0.3536209,1.584507,0.5387645) (286.1887,294.3248,127.4209) (0.1689276,1.246184,0.1576017) (317.9737,14.01312,346.2025)
compute 3.91098549151453(0.388889342546463,1.53922712802887,0.594364404678345) (0.3753445,1.565767,0.5690318) (287.4481,305.0699,115.0803) (0.175859,1.245268,0.1635492) (319.7488,16.5855,344.0358)
compute 4.2226621504049(0.389528304338455,1.49864029884338,0.582728743553162) (0.3888893,1.539227,0.5943644) (289.3247,290.7172,132.2667) (0.173253,1.243864,0.1616126) (319.2018,20.75981,342.5565)
compute 11.4978654351089(0.374670922756195,1.41053009033203,0.510368943214417) (0.3895283,1.49864,0.5827287) (291.4909,237.8068,174.579) (0.1642682,1.241523,0.1554009) (321.7891,27.04766,340.1955)
compute 12.6931700308729(0.355980098247528,1.2896249294281,0.476542145013809) (0.3746709,1.41053,0.5103689) (297.638,244.7513,169.4142) (0.1656682,1.233286,0.1500821) (329.4958,37.33889,336.7984)
compute 9.72590699787824(0.405998885631561,1.20766949653625,0.492058426141739) (0.3559801,1.289625,0.4765421) (284.801,286.7813,132.3432) (0.1600678,1.220339,0.1496204) (333.7791,40.98727,337.3241)
compute 6.16479656249592(0.442254036664963,1.15799534320831,0.487755596637726) (0.4059989,1.207669,0.4920584) (287.915,312.6871,118.3977) (0.1430095,1.231005,0.1386174) (330.3456,38.53374,341.0532)
compute 13.1560721633628(0.57035756111145,1.12963724136353,0.49742665886879) (0.442254,1.157995,0.4877556) (286.0308,37.98854,32.64322) (0.1712931,1.209341,0.1315097) (340.4616,47.54106,337.0285)
compute 13.0079627452718(0.670051038265228,1.06183195114136,0.546256601810455) (0.5703576,1.129637,0.4974267) (311.2829,53.64231,16.05437) (0.2031256,1.196219,0.1381316) (345.6293,49.51876,335.8705)
compute 3.83281185231222(0.681086003780365,1.03504574298859,0.571351885795593) (0.670051,1.061832,0.5462566) (311.1287,50.0723,15.83909) (0.2336485,1.188567,0.1568247) (349.6178,47.83338,335.3291)
compute 3.541375874464(0.679888546466827,1.00266873836517,0.585649788379669) (0.681086,1.035046,0.5713519) (311.6095,44.64631,17.68451) (0.2657431,1.185583,0.1723754) (353.1395,47.5763,336.6184)
compute 3.56140719796536(0.670726180076599,0.985748589038849,0.555681109428406) (0.6798885,1.002669,0.5856498) (305.9308,57.26774,4.441009) (0.2886335,1.195979,0.1840453) (351.3867,45.62803,335.878)
compute 11.7463099964665(0.571849584579468,0.981177389621735,0.492434740066528) (0.6707262,0.9857486,0.5556811) (283.1426,47.62201,13.66124) (0.2874744,1.226213,0.192608) (336.0033,38.76827,334.1144)
compute 9.01634330665658(0.497805267572403,0.963143765926361,0.444251000881195) (0.5718496,0.9811774,0.4924347) (276.7932,254.9523,163.9619) (0.262592,1.242207,0.1802973) (325.4649,29.31927,337.7959)
compute 4.33800322149664(0.46294629573822,0.988805830478668,0.441398322582245) (0.4978053,0.9631438,0.444251) (281.1877,251.7607,161.6216) (0.2461577,1.248772,0.1668677) (322.2849,25.03655,339.6569)
compute 7.61117962017641(0.432030975818634,1.05832302570343,0.439251661300659) (0.4629463,0.9888058,0.4413983) (287.5346,243.5819,167.3631) (0.2311806,1.251518,0.1525316) (321.9254,25.46347,340.7191)
compute 6.11635774393948(0.426991492509842,1.11924362182617,0.441317528486252) (0.432031,1.058323,0.4392517) (287.874,232.6781,178.6538) (0.2103814,1.248619,0.1451776) (320.2869,21.40008,343.2239)
compute 5.90252160830038(0.387463480234146,1.16304647922516,0.442997425794601) (0.4269915,1.119244,0.4413175) (295.7248,243.2554,169.8905) (0.1886788,1.249154,0.1389516) (317.4137,16.15924,346.5058)
compute 6.08263918699684(0.350094318389893,1.2110276222229,0.444095432758331) (0.3874635,1.163046,0.4429974) (300.9045,244.9249,167.6129) (0.1745585,1.248468,0.1354861) (316.8435,15.89803,346.5488)
compute 7.08867954069512(0.33280336856842,1.27957534790039,0.449307948350906) (0.3500943,1.211028,0.4440954) (300.8751,243.7884,167.8859) (0.1654751,1.245573,0.1346737) (317.8654,14.73668,347.7204)
compute 8.77826040290515(0.319317638874054,1.36399459838867,0.469240605831146) (0.3328034,1.279575,0.4493079) (297.5475,242.0757,167.0484) (0.1639585,1.24605,0.1434774) (318.4881,12.85172,349.4015)
compute 9.28761752809631(0.287862360477448,1.44672024250031,0.497401177883148) (0.3193176,1.363995,0.4692406) (298.7809,250.7067,162.6624) (0.1670799,1.246246,0.1524072) (319.0171,10.6276,350.4289)
compute 6.62354935737793(0.267839729785919,1.50589823722839,0.519405722618103) (0.2878624,1.44672,0.4974012) (297.577,258.8594,154.1839) (0.1723108,1.247023,0.1628208) (319.7984,6.886022,352.519)
compute 4.22948497202244(0.249004021286964,1.53999364376068,0.535885214805603) (0.2678397,1.505898,0.5194057) (299.3584,265.7248,149.7782) (0.1767765,1.24812,0.1674324) (320.4736,1.66234,355.6952)
compute 3.55804103015724(0.227565988898277,1.55403757095337,0.560566067695618) (0.249004,1.539994,0.5358852) (302.5915,274.5283,144.372) (0.1794576,1.246252,0.1701951) (320.7223,357.7755,357.7436)
compute 2.95204311109992(0.216185688972473,1.55253708362579,0.587763369083405) (0.227566,1.554038,0.5605661) (303.796,281.856,137.6716) (0.1785212,1.245693,0.1709825) (320.6383,354.7717,358.7273)
compute 3.00745628086271(0.216126307845116,1.53781342506409,0.61398720741272) (0.2161857,1.552537,0.5877634) (303.1717,290.0573,128.974) (0.1715203,1.245368,0.1647464) (319.8207,350.8022,359.8614)
compute 3.03485629712942(0.205890312790871,1.51382112503052,0.598474979400635) (0.2161263,1.537813,0.6139872) (304.0492,279.056,141.0286) (0.1576459,1.243402,0.1542296) (319.2657,345.6353,2.691578)
compute 8.45857302851325(0.176041379570961,1.4619847536087,0.538668811321259) (0.2058903,1.513821,0.598475) (305.4723,242.5806,158.4576) (0.1341087,1.237903,0.1475322) (322.5442,338.4949,6.794945)
compute 12.0686694966392(0.0885995998978615,1.38004088401794,0.524371385574341) (0.1760414,1.461985,0.5386688) (318.6927,249.5758,145.8255) (0.09969052,1.224898,0.1430825) (329.5311,334.179,11.61413)
compute 10.1636308065255(0.00655840709805489,1.32053244113922,0.516760349273682) (0.0885996,1.380041,0.5243714) (327.8671,252.1403,137.8393) (0.0703633,1.225018,0.1346128) (325.1212,337.4823,10.8969)
compute 6.02355237606809(-0.0473215021193028,1.29391884803772,0.51263839006424) (0.006558407,1.320532,0.5167603) (333.9406,253.6658,139.5279) (0.04670624,1.234337,0.1206643) (322.3112,342.8528,8.064344)
compute 8.73209625367471(-0.114913262426853,1.24026954174042,0.525982201099396) (-0.0473215,1.293919,0.5126384) (334.3491,258.7528,138.3983) (0.00954546,1.223226,0.1131188) (332.4084,340.623,11.42819)
compute 12.4104111284538(-0.166667476296425,1.12804210186005,0.537310659885406) (-0.1149133,1.24027,0.5259822) (354.2783,269.5984,132.4685) (-0.0282355,1.204423,0.1187024) (343.6879,339.6895,14.97)
compute 5.71464743500025(-0.177302554249763,1.08334875106812,0.571297705173492) (-0.1666675,1.128042,0.5373107) (358.7161,281.3244,128.4472) (-0.05357926,1.190189,0.119467) (349.9601,340.6657,15.62677)
compute 3.35284638187606(-0.175208896398544,1.05118596553802,0.580535113811493) (-0.1773026,1.083349,0.5712977) (3.211686,285.2899,125.944) (-0.0733165,1.186762,0.1166824) (352.5691,342.7402,15.84355)
compute 9.24506430707606(-0.16785928606987,1.12336111068726,0.523230195045471) (-0.1752089,1.051186,0.5805351) (346.7935,269.2029,132.0493) (-0.08338936,1.202121,0.1111303) (343.3885,344.9821,13.9811)
compute 14.4131873335594(-0.109532982110977,1.24308383464813,0.468107521533966) (-0.1678593,1.123361,0.5232302) (326.8911,247.9467,146.9916) (-0.0656686,1.239943,0.1008142) (325.0294,353.0345,9.266906)
compute 12.0856901517536(-0.0515093356370926,1.34873187541962,0.459267914295197) (-0.109533,1.243084,0.4681075) (317.4218,238.5195,162.7994) (-0.04174349,1.244461,0.09593388) (319.752,357.7518,5.060045)
compute 9.3107389023516(-0.0102585852146149,1.43188297748566,0.466565608978271) (-0.05150934,1.348732,0.4592679) (311.6011,244.3602,164.7243) (-0.02395787,1.242586,0.1071452) (319.9475,358.8789,4.688337)
compute 5.92069026467291(-0.00216401019133627,1.48276388645172,0.495738685131073) (-0.01025859,1.431883,0.4665656) (311.736,261.8967,156.2079) (-0.004930817,1.23129,0.1201931) (322.4471,357.1048,7.128983)
compute 3.91039071688694(-0.004544613417238,1.51964783668518,0.508506715297699) (-0.00216401,1.482764,0.4957387) (311.1445,269.6117,151.9854) (0.005315401,1.231131,0.1245906) (321.1846,356.0699,6.480377)
compute 3.1077216954931(-0.014364218339324,1.53139424324036,0.535550951957703) (-0.004544613,1.519648,0.5085067) (312.5152,279.7404,146.3664) (0.008745346,1.229549,0.1284376) (318.967,353.3658,6.387624)
compute 3.4863791490135(-0.0245816726237535,1.52245795726776,0.567663729190826) (-0.01436422,1.531394,0.535551) (313.6046,285.4019,137.3861) (0.009349123,1.230338,0.1295204) (318.6465,350.8846,6.444027)
compute 5.15026665192184(-0.0312509275972843,1.49162209033966,0.608372390270233) (-0.02458167,1.522458,0.5676637) (318.0424,294.8355,127.9478) (-0.002433639,1.230004,0.1308195) (317.8219,349.7792,6.33373)
compute 9.1742528546768(-0.00923509430140257,1.49127745628357,0.519311308860779) (-0.03125093,1.491622,0.6083724) (305.8078,245.5008,164.8426) (-0.01700629,1.235035,0.1183247) (314.7805,349.4784,5.716842)
compute 14.7700327968376(0.0515850558876991,1.42321908473969,0.403189152479172) (-0.009235094,1.491277,0.5193113) (317.1057,201.054,191.8322) (-0.03378567,1.23464,0.1097794) (314.1835,349.9363,5.103148)
compute 11.8877697456264(0.0869359523057938,1.330890417099,0.337176740169525) (0.05158506,1.423219,0.4031892) (329.8461,194.6235,195.4968) (-0.0444321,1.233965,0.1063123) (314.3891,355.0039,2.981272)
compute 9.79729984511076(0.102544851601124,1.24076056480408,0.302081435918808) (0.08693595,1.33089,0.3371767) (328.8772,192.722,191.1332) (-0.05112269,1.233449,0.1039142) (314.3752,1.162452,0.3364712)
compute 9.55121495137721(0.0868071764707565,1.1484762430191,0.28314733505249) (0.1025449,1.240761,0.3020814) (325.0927,201.844,180.5842) (-0.05622107,1.234523,0.1086514) (316.1352,5.747633,359.172)
compute 7.04161412697276(0.0633935853838921,1.08333623409271,0.29607081413269) (0.08680718,1.148476,0.2831473) (308.8017,216.6764,156.9341) (-0.05198248,1.234935,0.1166943) (319.5498,9.886656,359.0096)
compute 3.62044646344904(0.0590620338916779,1.06254470348358,0.325391680002213) (0.06339359,1.083336,0.2960708) (305.6753,251.3363,123.5897) (-0.04122445,1.234037,0.1173057) (321.9882,10.8002,359.5875)
compute 4.35194313765533(0.0713476687669754,1.03083741664886,0.352551430463791) (0.05906203,1.062545,0.3253917) (306.3469,287.9832,78.74819) (-0.02430903,1.232399,0.1133553) (323.2638,12.29049,358.4697)
compute 2.73143188622894(0.0817076116800308,1.00593948364258,0.356891542673111) (0.07134767,1.030837,0.3525514) (318.3102,295.2234,71.87695) (-0.004423138,1.232891,0.1038013) (322.5928,11.93596,357.8968)
compute 1.88253440477396(0.100341759622097,1.00832295417786,0.358108580112457) (0.08170761,1.005939,0.3568915) (319.3228,293.7062,77.3421) (0.02023277,1.232624,0.09666793) (323.5732,10.30498,358.7891)
compute 4.17893976706577(0.13689298927784,1.02842390537262,0.360621184110641) (0.1003418,1.008323,0.3581086) (317.1198,293.4319,86.11462) (0.04193194,1.234829,0.08656101) (324.0415,6.447134,0.09854932)
compute 2.93298987783063(0.157078713178635,1.04909944534302,0.355591118335724) (0.136893,1.028424,0.3606212) (313.5816,288.7909,95.86015) (0.05663335,1.232539,0.07830451) (324.8438,2.264726,1.875309)
compute 2.04780379291206(0.171352073550224,1.06287288665771,0.350500583648682) (0.1570787,1.049099,0.3555911) (310.3993,286.2589,96.20004) (0.07002826,1.231017,0.07319083) (326.3889,358.613,2.871527)
compute 0.876359706033754(0.174537569284439,1.06288349628448,0.358664721250534) (0.1713521,1.062873,0.3505006) (309.5273,287.3803,88.91073) (0.07944733,1.228123,0.07057656) (328.3749,354.2798,3.487239)
compute 1.38153566222622(0.16931064426899,1.05206429958344,0.365482956171036) (0.1745376,1.062883,0.3586647) (312.0619,288.9605,79.26786) (0.08968316,1.226568,0.07136968) (330.2776,350.7143,3.896743)
compute 2.44473941411791(0.148913517594337,1.03953647613525,0.3704514503479) (0.1693106,1.052064,0.365483) (314.2023,285.7456,74.20863) (0.09363879,1.224393,0.07291889) (332.6964,343.9943,4.978649)
compute 2.84111293147518(0.120673730969429,1.03691625595093,0.368765860795975) (0.1489135,1.039536,0.3704515) (316.2317,277.7034,77.3243) (0.09172635,1.221917,0.07088758) (335.2641,336.7841,5.376888)
compute 2.81100189310308(0.0987922698259354,1.03788685798645,0.386384963989258) (0.1206737,1.036916,0.3687659) (315.5948,277.0963,75.53588) (0.08612932,1.223914,0.06748533) (336.2422,330.2977,5.628544)
compute 2.91596173262657(0.0784832090139389,1.04344153404236,0.406558483839035) (0.09879227,1.037887,0.386385) (314.5754,278.0726,73.14886) (0.07622326,1.225549,0.05794348) (336.1602,325.7847,7.079215)
compute 2.21827670155393(0.0576184913516045,1.04365038871765,0.414088100194931) (0.07848321,1.043442,0.4065585) (314.6049,278.0706,73.08352) (0.06470868,1.226169,0.04858461) (335.7365,324.6227,8.101505)
compute 10.1875097681576(0.0677421391010284,1.10658645629883,0.334620505571365) (0.05761849,1.04365,0.4140881) (315.9019,278.4389,72.32288) (0.04335091,1.225984,0.04247421) (335.3081,324.2238,8.580085)
compute 1.82244826599978(0.0515515320003033,1.11014568805695,0.327048987150192) (0.06774214,1.106586,0.3346205) (317.0562,278.6778,72.02948) (0.01736616,1.224534,0.03665063) (336.2258,325.6481,8.826745)
compute 1.61826271908597(0.0369165018200874,1.10975134372711,0.320154219865799) (0.05155153,1.110146,0.327049) (318.1071,279.4067,71.64404) (-0.01048158,1.22429,0.03187058) (336.8385,329.6856,8.372095)
compute 1.24833079601785(0.0322186909615994,1.10968816280365,0.308588773012161) (0.0369165,1.109751,0.3201542) (318.1267,279.447,71.6288) (-0.03033268,1.220285,0.0276181) (338.3951,336.3603,7.878247)
compute 2.08718528468887(0.0463579744100571,1.10950040817261,0.293236911296844) (0.03221869,1.109688,0.3085888) (317.7729,278.6901,72.27836) (-0.04379948,1.218916,0.02744626) (339.5506,345.8109,6.683202)
compute 2.97474314905258(0.0682370364665985,1.10978662967682,0.273084133863449) (0.04635797,1.1095,0.2932369) (315.9939,278.0776,73.06125) (-0.05437601,1.216935,0.0261542) (340.3433,354.3419,4.984479)
compute 3.67373158538945(0.0935685858130455,1.11017668247223,0.246479794383049) (0.06823704,1.109787,0.2730841) (314.6271,278.5921,73.59055) (-0.05226881,1.213772,0.0253325) (342.3375,4.699622,3.219403)
compute 5.01785984249581(0.127346187829971,1.11018919944763,0.209372311830521) (0.09356859,1.110177,0.2464798) (314.5361,280.527,74.24598) (-0.04208089,1.20873,0.0226566) (345.757,14.44073,1.05503)
compute 4.92319921099419(0.154545217752457,1.10994923114777,0.168336421251297) (0.1273462,1.110189,0.2093723) (315.4174,284.5398,73.84823) (-0.03162392,1.201387,0.02011093) (350.3773,22.95152,359.9188)
compute 3.86032023046032(0.168223425745964,1.11210250854492,0.132302030920982) (0.1545452,1.109949,0.1683364) (316.2877,289.8467,71.43513) (-0.03086417,1.196529,0.01915173) (354.687,28.13752,0.5869967)
compute 2.6463092064873(0.171921104192734,1.11709189414978,0.106577947735786) (0.1682234,1.112103,0.132302) (316.6494,293.6247,69.88196) (-0.03339604,1.194509,0.0186872) (356.802,31.78466,1.015691)
compute 1.71280890205703(0.172430515289307,1.11960184574127,0.0896424204111099) (0.1719211,1.117092,0.1065779) (317.0485,296.2183,69.56601) (-0.03751017,1.195096,0.01616832) (356.8499,34.27847,1.33252)
compute 1.09776500715346(0.172228306531906,1.12041056156158,0.0786964669823647) (0.1724305,1.119602,0.08964242) (317.7412,297.3164,69.43072) (-0.04068718,1.196906,0.01225661) (356.2148,35.0696,2.454949)
compute 0.707317747451899(0.171691700816154,1.12010550498962,0.0716502740979195) (0.1722283,1.120411,0.07869647) (318.5746,295.888,70.25627) (-0.04025967,1.199293,0.008608424) (355.3858,34.23008,2.745351)
compute 0.0501108176835176(0.171959429979324,1.11971163749695,0.0714943930506706) (0.1716917,1.120106,0.07165027) (318.7543,293.4625,72.14824) (-0.03274064,1.204782,0.00628961) (352.5461,29.28478,1.89104)
compute 2.37621625923469(0.175358965992928,1.11965835094452,0.0950120612978935) (0.1719594,1.119712,0.07149439) (317.727,292.1565,71.92498) (-0.02383142,1.20913,0.0065116) (349.8414,22.65302,1.348817)
compute 3.11569391935291(0.176546782255173,1.11890280246735,0.126137182116508) (0.175359,1.119658,0.09501206) (317.2051,289.3008,71.89563) (-0.01628838,1.214194,0.007888825) (347.0244,15.59092,1.086815)
compute 2.9190733048681(0.173215687274933,1.11785233020782,0.155118197202683) (0.1765468,1.118903,0.1261372) (316.8384,287.77,71.40374) (-0.006252665,1.216346,0.009182268) (345.2799,10.22663,0.6093002)
compute 2.12531136630639(0.16752065718174,1.1166136264801,0.175556570291519) (0.1732157,1.117852,0.1551182) (316.2792,287.6282,69.86948) (-0.001492083,1.215991,0.009071731) (345.4392,6.427124,1.159787)
compute 1.21077425757749(0.162004962563515,1.1162246465683,0.18632797896862) (0.1675207,1.116614,0.1755566) (316.058,287.3111,68.77573) (0.001606166,1.21491,0.006775745) (345.1034,3.761258,0.7612792)
compute 0.512856549092909(0.160352811217308,1.1154568195343,0.19112204015255) (0.162005,1.116225,0.186328) (315.7796,285.7793,68.51909) (0.007032298,1.214251,0.003958085) (344.4224,2.91105,0.4461923)
compute 0.206112107038784(0.162164896726608,1.11483669281006,0.191883623600006) (0.1603528,1.115457,0.191122) (315.5375,285.4777,67.97516) (0.01491901,1.214153,0.000976705) (344.1358,2.670005,0.07173584)
compute 0.455714061112997(0.166676551103592,1.11419463157654,0.191867396235466) (0.1621649,1.114837,0.1918836) (315.3406,285.285,67.86156) (0.0188247,1.214456,-0.001382626) (344.243,2.518653,359.9813)
compute 0.123365157412142(0.167772471904755,1.11408936977386,0.191310822963715) (0.1666766,1.114195,0.1918674) (315.1246,285.6003,67.6992) (0.01702331,1.21393,-0.00403919) (344.3944,3.777218,359.9693)
compute 0.686387665711337(0.172810271382332,1.11416232585907,0.186649486422539) (0.1677725,1.114089,0.1913108) (314.9371,286.2479,67.32005) (0.02026423,1.213489,-0.005186058) (344.0777,5.730752,359.6129)
compute 1.00654734569783(0.179971545934677,1.11395084857941,0.179579466581345) (0.1728103,1.114162,0.1866495) (315.1211,286.8466,66.93105) (0.02070547,1.213395,-0.008172288) (343.776,6.344775,359.6858)
compute 0.175597979063567(0.181428343057632,1.11379623413086,0.178611323237419) (0.1799715,1.113951,0.1795795) (315.1093,287.704,66.29932) (0.02158163,1.213783,-0.01433805) (343.6334,5.017529,359.7677)
compute 0.0675076565619863(0.180817365646362,1.11390244960785,0.17887806892395) (0.1814283,1.113796,0.1786113) (314.9703,289.6933,64.60488) (0.01857829,1.214107,-0.02026027) (343.4433,3.65187,0.0005167752)
compute 0.806846921349516(0.172751605510712,1.1137992143631,0.179059877991676) (0.1808174,1.113902,0.1788781) (314.9862,289.874,64.47964) (0.01316895,1.21443,-0.02400047) (343.4128,1.450779,0.2535314)
compute 0.832313651112771(0.164483740925789,1.11356163024902,0.179987549781799) (0.1727516,1.113799,0.1790599) (315.2945,288.8716,65.25023) (0.011573,1.214838,-0.02846237) (343.2836,0.04791259,0.6212726)
compute 0.555926616690226(0.159146755933762,1.11331140995026,0.181523591279984) (0.1644837,1.113562,0.1799875) (315.6046,287.5844,66.00152) (0.01121001,1.215576,-0.03226499) (343.1537,358.409,1.292638)
compute 0.616708985541244(0.153201073408127,1.11332702636719,0.183161154389381) (0.1591468,1.113311,0.1815236) (315.4871,286.9421,66.09564) (0.0101794,1.216715,-0.03527784) (343.2669,356.8297,1.581785)
compute 0.418459895416863(0.149274781346321,1.11366152763367,0.184569418430328) (0.1532011,1.113327,0.1831612) (315.4536,286.2669,66.3413) (0.0104072,1.21735,-0.03657836) (343.149,356.3874,1.688005)
compute 0.125572662331598(0.148134395480156,1.11418163776398,0.184645935893059) (0.1492748,1.113662,0.1845694) (315.4497,286.0304,66.32439) (0.01173456,1.21794,-0.03826568) (342.8676,356.3693,1.57391)
compute 0.0233728817244922(0.147929772734642,1.11428189277649,0.184697970747948) (0.1481344,1.114182,0.1846459) (315.4877,285.9146,66.24672) (0.01359165,1.217671,-0.03842802) (342.64,356.1914,1.376256)
compute 0.0115477290852928(0.147906497120857,1.11430180072784,0.184809312224388) (0.1479298,1.114282,0.184698) (315.4804,286.0282,65.92509) (0.01447512,1.217462,-0.0395252) (342.2958,356.3514,1.283267)
compute 0.024822375236749(0.148041754961014,1.11435413360596,0.185010761022568) (0.1479065,1.114302,0.1848093) (315.3242,286.617,65.13088) (0.01581061,1.217786,-0.04031928) (342.1257,356.4514,1.205418)
compute 0.022022368883547(0.148200392723084,1.11434590816498,0.185163289308548) (0.1480418,1.114354,0.1850108) (315.2385,286.9932,64.64852) (0.01617371,1.217939,-0.04044069) (342.0548,356.2219,1.321294)
compute 0.0301171159524699(0.148489534854889,1.11430656909943,0.185237810015678) (0.1482004,1.114346,0.1851633) (315.1565,287.1691,64.39699) (0.01623222,1.217976,-0.04064917) (342.0966,356.3093,1.23201)
compute 0.0323454989372503(0.148791506886482,1.11419248580933,0.185217291116714) (0.1484895,1.114307,0.1852378) (315.2155,287.0669,64.41675) (0.01658244,1.218008,-0.04062838) (341.9838,356.1912,1.556373)
compute 0.147931938439489(0.150253862142563,1.11401236057281,0.185085162520409) (0.1487915,1.114192,0.1852173) (315.4644,286.5753,64.56811) (0.01574938,1.218378,-0.04064734) (342.1632,356.0266,1.852583)
compute 0.0221910146447325(0.150446176528931,1.11394941806793,0.184994071722031) (0.1502539,1.114012,0.1850852) (315.5819,286.2524,64.6618) (0.01362126,1.218879,-0.04053256) (342.4952,355.6761,2.111116)
compute 0.0243903353508799(0.150210946798325,1.11400985717773,0.185016497969627) (0.1504462,1.113949,0.1849941) (315.6677,286.0439,64.75984) (0.01049593,1.218893,-0.03926765) (342.6857,355.0805,2.423676)
compute 0.147109377170446(0.148773804306984,1.11415827274323,0.185293465852737) (0.1502109,1.11401,0.1850165) (315.7306,285.9175,64.81584) (0.008525684,1.218639,-0.03882214) (342.6793,354.5616,2.708561)
compute 0.317649798781014(0.145668849349022,1.11420953273773,0.185961872339249) (0.1487738,1.114158,0.1852935) (316.0204,285.5411,64.97698) (0.005533207,1.218538,-0.03812131) (342.5524,353.8481,3.129457)
compute 0.532007446680167(0.140917703509331,1.11429953575134,0.188353881239891) (0.1456688,1.11421,0.1859619) (316.0961,285.5007,64.85706) (0.00266419,1.218362,-0.03715429) (342.4639,353.2724,3.354037)
Average= 4.57421492357949
Max= 17.8611673029619
Standard Deviation= 3.68830154173909
Right: 12    Wrong: 2
0
