yellow 247.2879 253.3156 13.99169 (-0.5642521,5,0.7) (-0.5642521,1.46322,0.7)
purple 247.2879 253.9267 11.42698 (-0.06877291,5,0.7) (-0.06877291,0.07729249,0.7)
yellow 247.7883 254.06 14.92671 (-0.3593105,5,0.7) (-0.3593105,1.589137,0.7)
yellow 248.2873 254.9822 15.57639 (-0.4822601,5,0.7) (-0.4822601,1.538274,0.7)
yellow 248.7848 255.1822 15.33808 (-0.5105956,5,0.7) (-0.5105956,1.632937,0.7)
purple 248.7848 255.3933 11.37255 (-0.7586777,5,0.7) (-0.7586777,0.07576326,0.7)
blue 249.2848 256.7267 12.63812 (0.6043861,5,0.7) (0.6043861,0.078276,0.7)
blue 247.7883 257.5711 15.97986 (-0.06755006,5,0.7) (-0.06755006,0.08358666,0.7)
blue 251.2921 257.5822 10.90024 (-0.8722732,5,0.7) (-0.8722732,0.08061981,0.7)
purple 247.7883 257.86 16.3662 (-0.3570474,5,0.7) (-0.3570474,0.08229853,0.7)
yellow 252.2915 258.0045 13.12366 (0.09646428,5,0.7) (0.09646428,1.387931,0.7)
blue 248.7848 258.1156 15.35532 (0.920722,5,0.7) (0.920722,0.08315419,0.7)
yellow 251.2921 258.3267 15.4062 (0.3028431,5,0.7) (0.3028431,1.310647,0.7)
yellow 250.2829 258.3822 13.6109 (-0.3936957,5,0.7) (-0.3936957,0.08302061,0.7)
blue 250.2829 258.5711 13.87199 (0.05858839,5,0.7) (0.05858839,0.07823235,0.7)
purple 248.2873 258.7378 16.86712 (0.4148817,5,0.7) (0.4148817,0.08145077,0.7)
purple 251.2921 258.8711 12.86142 (-0.1422225,5,0.7) (-0.1422225,0.08235253,0.7)
yellow 250.7933 258.8933 13.61194 (-0.3512474,5,0.7) (-0.3512474,0.07665262,0.7)
purple 249.2848 258.9933 15.86895 (0.04380405,5,0.7) (0.04380405,0.0816257,0.7)
purple 252.2915 259.2044 11.84895 (0.5760775,5,0.7) (0.5760775,0.07616604,0.7)
blue 248.2873 259.2822 17.58927 (0.6919615,5,0.7) (0.6919615,0.08456293,0.7)
yellow 251.7921 259.5378 13.09229 (-0.9550509,5,0.7) (-0.9550509,0.07593383,0.7)
yellow 249.2848 259.5822 16.65508 (0.7722845,5,0.7) (0.7722845,0.07940149,0.7)
yellow 249.7839 259.5822 15.98282 (-0.5650907,5,0.7) (-0.5650907,0.079081,0.7)
blue 247.2879 259.8378 19.54535 (-0.2206775,5,0.7) (-0.2206775,0.08256234,0.7)
blue 250.7933 260.0045 15.19979 (0.2271012,5,0.7) (0.2271012,0.08252567,0.7)
blue 249.7839 260.16 16.76872 (-0.72317,5,0.7) (-0.72317,0.08309704,0.7)
purple 250.2829 260.2489 16.22239 (-0.4655021,5,0.7) (-0.4655021,0.08440922,0.7)
yellow 253.2889 260.4156 15.71405 (-0.8824623,5,0.7) (-0.8824623,1.351372,0.7)
yellow 254.7843 260.8711 13.9232 (-0.4874138,5,0.7) (-0.4874138,1.409743,0.7)
purple 255.7834 260.8711 11.65899 (-0.3375906,5,0.7) (-0.3375906,1.327518,0.7)
blue 252.2915 261.5045 15.19789 (0.4757023,5,0.7) (0.4757023,0.08175707,0.7)
yellow 254.288 261.76 15.73716 (0.3502493,5,0.7) (0.3502493,1.180655,0.7)
purple 249.7839 262.0489 19.19127 (0.6063557,5,0.7) (0.6063557,0.08327146,0.7)
blue 255.7834 262.1378 13.69267 (0.05445898,5,0.7) (0.05445898,1.176984,0.7)
purple 255.2829 262.1822 14.79087 (-0.004030108,5,0.7) (-0.004030108,1.206978,0.7)
blue 253.788 262.3156 17.92822 (-0.08680403,5,0.7) (-0.08680403,1.280415,0.7)
yellow 255.7834 262.56 15.3038 (-0.2871886,5,0.7) (-0.2871886,1.422931,0.7)
blue 251.7921 262.7267 17.5139 (-0.4408795,5,0.7) (-0.4408795,0.08341885,0.7)
purple 250.7933 262.7489 18.8166 (0.2785339,5,0.7) (0.2785339,0.0829079,0.7)
purple 253.2889 262.7822 15.5803 (0.5354476,5,0.7) (0.5354476,0.08150372,0.7)
yellow 253.788 262.9267 15.09116 (0.3120517,5,0.7) (0.3120517,0.08224869,0.7)
yellow 255.2829 262.9489 16.63548 (0.05979717,5,0.7) (0.05979717,1.338211,0.7)
yellow 252.788 263.0378 16.59578 (0.4102158,5,0.7) (0.4102158,0.07936635,0.7)
purple 251.7921 263.06 17.94273 (0.450881,5,0.7) (0.450881,0.08282697,0.7)
blue 254.288 263.1933 18.96974 (-0.02578127,5,0.7) (-0.02578127,1.380005,0.7)
yellow 256.2835 263.26 15.66198 (-0.02450359,5,0.7) (-0.02450359,1.417266,0.7)
blue 253.2889 263.9378 17.13784 (-0.1697713,5,0.7) (-0.1697713,0.08392559,0.7)
purple 253.788 264.0822 16.65654 (-0.6744545,5,0.7) (-0.6744545,0.07987901,0.7)
blue 255.2829 264.1267 14.66298 (0.4909453,5,0.7) (0.4909453,0.07881147,0.7)
purple 252.788 264.8822 18.98938 (0.6814611,5,0.7) (0.6814611,0.08489674,0.7)
purple 254.7843 265.0156 16.56607 (0.6403317,5,0.7) (0.6403317,0.0792644,0.7)
blue 252.788 265.2489 19.44345 (0.9742546,5,0.7) (0.9742546,0.08480692,0.7)
purple 254.288 265.9711 18.4723 (-0.6698523,5,0.7) (-0.6698523,0.084644,0.7)
blue 254.7843 266.0267 17.8953 (-0.6689939,5,0.7) (-0.6689939,0.08119263,0.7)
yellow 256.784 266.16 15.41709 (-0.9877315,5,0.7) (-0.9877315,0.08340144,0.7)
blue 256.784 266.4378 15.78725 (0.656662,5,0.7) (0.656662,0.07940221,0.7)
blue 256.2835 266.5711 16.64655 (-0.9002671,5,0.7) (-0.9002671,0.0816727,0.7)
purple 256.2835 268.7044 19.38169 (0.3735861,5,0.7) (0.3735861,0.08267832,0.7)
purple 256.784 269.6489 19.92984 (-0.9045024,5,0.7) (-0.9045024,0.08407281,0.7)
0
