black 11.89505 18.99778 83.51519 (-0.4571869,0.15,0.8032817) (-0.4571869,0.08982092,0.8032817)
1
black 16.88675 20.48667 78.02116 (-0.8269622,0.15,0.3652906) (-0.8269622,0.08978167,0.3652906)
2
black 14.39082 21.95333 83.88388 (0.7747086,0.15,0.6142454) (0.7747086,0.08987123,0.6142454)
3
black 19.39334 23.29778 78.85889 (0.7199264,0.15,0.6735716) (0.7199264,0.08979501,0.6735716)
4
black 21.88871 27.18667 81.49816 (0.1249144,0.15,0.9470416) (0.1249144,0.08974779,0.9470416)
5
black 24.39458 28.84222 80.06027 (0.6896903,0.15,0.7023506) (0.6896903,0.08972303,0.7023506)
6
black 26.88983 30.65333 78.46229 (-0.1029768,0.15,0.9376023) (-0.1029768,0.08965231,0.9376023)
7
black 31.89085 35.67556 78.54544 (-0.07159244,0.15,0.9421864) (-0.07159244,0.08979718,0.9421864)
8
black 29.3966 35.94222 83.01302 (0.6195233,0.15,0.7603573) (0.6195233,0.08986466,0.7603573)
9
black 34.38703 40.27555 82.2813 (0.547291,0.15,0.8094453) (0.547291,0.0897969,0.8094453)
10
black 36.89375 42.80889 82.32378 (0.8574032,0.15,0.5005997) (0.8574032,0.08981806,0.5005997)
11
black 5.63932 0 19.13569 (0,0.336,0) (0,-29.12531,0)
12
red 9.888408 0 13.26694 (-0.790032,0.15,0.4436736) (-0.790032,0.15,0.4436736)
13
