compute 125.551042023167(0.165833726525307,1.23290085792542,0.169591024518013) (0,0,0) (301.817,342.1776,348.9833) (0.03029435,1.281906,-0.1880847) (325.9022,13.54327,2.682755)
compute 3.53077427239419(0.175212651491165,1.2625218629837,0.152819961309433) (0.1658337,1.232901,0.169591) (297.0844,344.0126,344.896) (0.03019619,1.277501,-0.1835682) (328.0056,13.3445,3.918125)
compute 1.94600219206305(0.177988484501839,1.28035378456116,0.145539179444313) (0.1752127,1.262522,0.15282) (295.3345,343.1866,343.1945) (0.03085561,1.277039,-0.1827101) (327.4121,12.80685,4.606434)
compute 1.1007891627375(0.178087487816811,1.29053974151611,0.141366630792618) (0.1779885,1.280354,0.1455392) (294.4484,341.4986,344.0443) (0.03114579,1.278238,-0.1838464) (327.8934,12.86772,4.404088)
compute 0.694711087166209(0.17656946182251,1.29573285579681,0.137008935213089) (0.1780875,1.29054,0.1413666) (294.2203,340.845,344.3694) (0.03343458,1.278937,-0.1893098) (327.7975,12.25229,4.581799)
compute 0.922451366597967(0.171373590826988,1.29815351963043,0.129781559109688) (0.1765695,1.295733,0.1370089) (293.0338,337.762,348.1731) (0.03479663,1.279732,-0.1962017) (326.4673,11.81035,3.963173)
compute 1.13277785280619(0.161688610911369,1.29577827453613,0.124407738447189) (0.1713736,1.298154,0.1297816) (292.2306,332.5202,354.5454) (0.03532392,1.283332,-0.204019) (322.7841,11.72108,3.846009)
compute 1.97931680707722(0.146238386631012,1.28477692604065,0.118748195469379) (0.1616886,1.295778,0.1244077) (292.7299,326.6121,2.012555) (0.03568146,1.284482,-0.210359) (320.2929,11.48614,3.71653)
compute 1.39747338686175(0.134170010685921,1.27840685844421,0.115736596286297) (0.1462384,1.284777,0.1187482) (293.1808,320.2885,10.73515) (0.03568197,1.283896,-0.2111303) (319.7123,11.15186,3.588293)
compute 0.707830301734371(0.128611624240875,1.27772450447083,0.111407496035099) (0.13417,1.278407,0.1157366) (292.4645,316.3622,15.69901) (0.03537895,1.284194,-0.2110166) (320.1501,10.78277,3.853711)
compute 0.786912120989618(0.127083823084831,1.27936625480652,0.103864714503288) (0.1286116,1.277725,0.1114075) (290.6575,314.2472,18.66904) (0.03343207,1.283633,-0.2076413) (320.5147,10.42858,4.431386)
compute 0.389302173900203(0.125228226184845,1.28026497364044,0.100562490522861) (0.1270838,1.279366,0.1038647) (290.5234,314.4,18.55066) (0.02980726,1.283487,-0.2077421) (320.5106,10.60259,4.611533)
compute 0.136696944628263(0.124230995774269,1.27966094017029,0.101276129484177) (0.1252282,1.280265,0.1005625) (292.059,318.1455,14.22063) (0.027454,1.282806,-0.2085138) (321.2101,10.76472,5.155203)
compute 0.741364860509661(0.127271637320518,1.27605056762695,0.106992937624455) (0.124231,1.279661,0.1012761) (293.3201,322.0288,9.256179) (0.02586226,1.281357,-0.2079344) (321.2373,10.57775,5.588586)
compute 0.712900775671714(0.133533075451851,1.27267324924469,0.107452139258385) (0.1272716,1.276051,0.1069929) (293.6068,323.7598,6.018945) (0.02419658,1.28214,-0.2100693) (318.7616,10.93822,5.450784)
compute 1.09959541987965(0.138825550675392,1.26510691642761,0.113423012197018) (0.1335331,1.272673,0.1074521) (295.2183,328.6861,5.07062) (0.02375729,1.283321,-0.2121958) (317.5208,11.5007,4.961372)
compute 0.576131119137946(0.141845718026161,1.26298201084137,0.117845237255096) (0.1388256,1.265107,0.113423) (295.1059,329.1115,4.526928) (0.02538982,1.283047,-0.2131224) (316.7582,11.42627,4.850523)
compute 0.477640555236852(0.143160656094551,1.26317369937897,0.122433073818684) (0.1418457,1.262982,0.1178452) (295.2255,332.4106,1.14128) (0.02683017,1.28377,-0.2126325) (316.7527,11.097,4.817902)
compute 0.356938187703073(0.144018307328224,1.26654481887817,0.121632777154446) (0.1431607,1.263174,0.1224331) (293.5849,330.0332,359.3188) (0.02758841,1.286233,-0.210533) (315.203,11.0063,4.455571)
compute 0.678452504921679(0.148319944739342,1.27175641059875,0.121028617024422) (0.1440183,1.266545,0.1216328) (290.0307,331.264,358.3062) (0.02873043,1.286646,-0.2096792) (314.5882,11.13635,4.452786)
compute 0.931385255693762(0.157136395573616,1.27432990074158,0.122576259076595) (0.1483199,1.271756,0.1210286) (288.0264,340.8604,341.2745) (0.03047192,1.286351,-0.207917) (314.2236,11.16699,4.369539)
compute 1.14510068546456(0.167103946208954,1.27434051036835,0.128213047981262) (0.1571364,1.27433,0.1225763) (289.4879,347.1042,334.2863) (0.03149578,1.286024,-0.2065681) (313.8806,11.47085,4.092256)
compute 0.590175699743904(0.172364890575409,1.27441823482513,0.13088646531105) (0.1671039,1.274341,0.128213) (291.5519,349.6286,330.7982) (0.03201339,1.286606,-0.2066603) (313.8165,11.74711,4.0096)
compute 0.755985361071889(0.179849117994308,1.27519607543945,0.131616324186325) (0.1723649,1.274418,0.1308865) (292.2054,353.9217,326.4115) (0.03570422,1.286228,-0.2097902) (313.2767,12.59929,3.331938)
compute 0.744125627690325(0.185127720236778,1.28041589260101,0.131104305386543) (0.1798491,1.275196,0.1316163) (291.4673,353.513,327.5194) (0.03882248,1.28601,-0.214544) (312.7489,13.44049,2.712144)
compute 0.925025571415236(0.189013198018074,1.28809320926666,0.127708852291107) (0.1851277,1.280416,0.1311043) (290.1205,351.9564,330.0747) (0.03916001,1.286938,-0.2214686) (309.6971,14.09057,2.125115)
compute 1.13985635699215(0.187999993562698,1.29759097099304,0.121488466858864) (0.1890132,1.288093,0.1277089) (289.0537,348.215,335.2838) (0.03873298,1.288835,-0.2240978) (308.9477,14.55051,1.678421)
compute 1.32111368964374(0.187354221940041,1.31045007705688,0.11852864921093) (0.188,1.297591,0.1214885) (288.3504,346.6068,337.7742) (0.03613684,1.28854,-0.2250929) (308.6917,15.41059,1.492557)
compute 0.682419051220007(0.185302376747131,1.31695568561554,0.11871986836195) (0.1873542,1.31045,0.1185286) (288.0486,344.7121,339.1368) (0.03246296,1.286161,-0.2258678) (309.7658,15.49845,1.944537)
compute 0.59504767729794(0.179388776421547,1.31724190711975,0.119316175580025) (0.1853024,1.316956,0.1187199) (288.3956,342.5592,341.0468) (0.03059199,1.283246,-0.2232629) (310.1163,14.89592,2.69514)
compute 0.644916336167236(0.172965705394745,1.3168648481369,0.119756281375885) (0.1793888,1.317242,0.1193162) (289.2672,338.2308,345.7749) (0.0291335,1.282102,-0.2213884) (308.6699,14.76174,2.812681)
compute 0.230201855140384(0.170828074216843,1.31663143634796,0.118934489786625) (0.1729657,1.316865,0.1197563) (289.4615,336.3627,348.0947) (0.0287421,1.281322,-0.2222133) (307.7502,14.96519,2.494445)
compute 0.26120364417603(0.170666724443436,1.31662046909332,0.116327464580536) (0.1708281,1.316631,0.1189345) (288.3151,336.7425,348.4091) (0.02889636,1.281641,-0.2240406) (308.2822,14.63608,2.452939)
compute 0.222254466214307(0.17024627327919,1.31685590744019,0.114157788455486) (0.1706667,1.31662,0.1163275) (287.8881,336.8029,348.3324) (0.02941326,1.281517,-0.2249038) (308.9239,13.81914,2.599822)
compute 0.580402388171276(0.169865518808365,1.31933748722076,0.108924865722656) (0.1702463,1.316856,0.1141578) (286.8378,334.7505,351.3147) (0.02975454,1.280218,-0.2279873) (307.359,13.92797,1.945227)
compute 0.316800225136721(0.169929027557373,1.32183277606964,0.10697403550148) (0.1698655,1.319337,0.1089249) (286.2273,333.8196,352.5339) (0.02993095,1.28006,-0.2299918) (306.9915,13.88079,1.762594)
compute 0.141213025844716(0.16996505856514,1.32324182987213,0.106888122856617) (0.169929,1.321833,0.106974) (286.1075,333.6684,352.6707) (0.02913992,1.280198,-0.2305806) (307.0479,13.90323,1.835607)
compute 0.366774036187247(0.168711021542549,1.32664060592651,0.10631538182497) (0.1699651,1.323242,0.1068881) (285.9792,332.8057,353.5887) (0.02659069,1.280019,-0.2303918) (306.5311,13.7882,1.891643)
compute 1.47941335145847(0.159967646002769,1.33759987354279,0.10159158706665) (0.168711,1.326641,0.1063154) (285.4666,327.3723,359.6067) (0.02589198,1.280571,-0.232722) (306.1294,14.52404,1.606906)
compute 1.55233046100167(0.155592024326324,1.35076558589935,0.0946280434727669) (0.1599676,1.3376,0.1015916) (284.406,320.6521,7.400682) (0.02536191,1.2805,-0.2343862) (305.7118,15.72452,0.9391893)
compute 2.68678589224872(0.15330009162426,1.37062346935272,0.0766755118966103) (0.155592,1.350766,0.09462804) (282.2412,309.7114,21.61313) (0.02687177,1.280684,-0.2349668) (305.898,16.36837,0.3655676)
compute 2.57050421283168(0.152815818786621,1.39140045642853,0.0615483336150646) (0.1533001,1.370623,0.07667551) (280.7091,301.14,31.54685) (0.02787794,1.281017,-0.2354694) (306.1052,16.24044,0.4727563)
compute 3.61208149380706(0.150897011160851,1.42500650882721,0.0484462454915047) (0.1528158,1.3914,0.06154833) (279.2691,287.171,47.83181) (0.02914349,1.282004,-0.2348133) (305.7904,14.77934,1.047916)
compute 4.51407716136738(0.138870269060135,1.46591126918793,0.0336189977824688) (0.150897,1.425007,0.04844625) (279.3504,262.7121,73.47634) (0.02517455,1.283697,-0.234983) (306.0498,12.92584,2.196337)
compute 5.3915381668648(0.104869715869427,1.50548005104065,0.0200122985988855) (0.1388703,1.465911,0.033619) (283.7897,236.4442,105.2184) (0.01994003,1.284151,-0.2346194) (306.1538,10.76693,3.513842)
compute 5.55747838833705(0.0582342147827148,1.53523445129395,0.014686668291688) (0.1048697,1.50548,0.0200123) (289.6255,233.3842,113.2232) (0.01592797,1.284117,-0.2340087) (305.8998,8.41231,4.873983)
compute 5.77433074055502(0.00523556303232908,1.5578099489212,0.0107143074274063) (0.05823421,1.535234,0.01468667) (295.74,233.605,116.703) (0.0130315,1.28419,-0.234837) (306.6466,6.627848,5.894537)
compute 4.49111882793154(-0.0316804572939873,1.57635819911957,0.0283263698220253) (0.005235563,1.55781,0.01071431) (298.8123,236.4267,116.5649) (0.008075123,1.284394,-0.2350245) (307.1129,4.515005,7.055748)
compute 4.1217243930543(-0.0613040402531624,1.59387457370758,0.0510085485875607) (-0.03168046,1.576358,0.02832637) (298.8217,239.2547,114.8291) (0.00453994,1.284642,-0.2339396) (308.1042,2.299491,8.049233)
compute 3.97966823225835(-0.0802174657583237,1.60827219486237,0.0829266756772995) (-0.06130404,1.593875,0.05100855) (297.6107,241.3196,115.181) (-0.0009794384,1.284164,-0.231134) (309.4719,0.6628846,8.628369)
compute 4.55557369619859(-0.0904594287276268,1.60554301738739,0.127232193946838) (-0.08021747,1.608272,0.08292668) (296.0733,245.1912,111.7709) (-0.008995589,1.282321,-0.229758) (311.357,359.0461,9.470623)
compute 4.97700151734614(-0.0926410406827927,1.58801591396332,0.173762783408165) (-0.09045943,1.605543,0.1272322) (294.7352,260.3029,97.22157) (-0.01489816,1.282152,-0.2267702) (312.18,357.6723,9.958444)
compute 4.06969490944288(-0.0864530801773071,1.57577407360077,0.212078422307968) (-0.09264104,1.588016,0.1737628) (293.4436,274.7885,85.02142) (-0.0206589,1.282007,-0.2179512) (313.5403,357.0029,9.930871)
compute 3.982530439503(-0.0738640204071999,1.58235931396484,0.249283328652382) (-0.08645308,1.575774,0.2120784) (289.7803,284.2416,75.61687) (-0.02134061,1.28153,-0.2089906) (314.7673,357.4129,9.35862)
compute 4.10582337682491(-0.0740604251623154,1.58398056030273,0.290309071540833) (-0.07386402,1.582359,0.2492833) (292.498,295.8055,64.2981) (-0.02007587,1.281683,-0.2020429) (315.2515,357.273,8.674919)
compute 2.20136230776542(-0.0757541730999947,1.58137595653534,0.312102347612381) (-0.07406043,1.583981,0.2903091) (295.7579,295.429,68.42657) (-0.01687814,1.283685,-0.1957267) (316.116,356.7098,9.320409)
compute 1.37133870773256(-0.0773103311657906,1.57327425479889,0.323056697845459) (-0.07575417,1.581376,0.3121023) (295.9472,294.4543,69.51868) (-0.006486222,1.280802,-0.1859836) (318.9523,354.8768,11.39015)
compute 2.83630523247707(-0.0889834240078926,1.55953872203827,0.344955027103424) (-0.07731033,1.573274,0.3230567) (297.6293,295.8629,66.1152) (0.006323919,1.279393,-0.1774492) (318.8403,353.952,9.376687)
compute 4.50018935624154(-0.103227593004704,1.54045343399048,0.383139133453369) (-0.08898342,1.559539,0.344955) (299.5233,299.5096,62.68658) (0.005406745,1.284759,-0.155894) (318.4398,353.0067,7.885739)
compute 3.42648750763956(-0.110105633735657,1.51111435890198,0.399448424577713) (-0.1032276,1.540453,0.3831391) (300.6443,304.4526,57.55951) (-0.0143788,1.283189,-0.1270548) (318.6885,353.4057,6.449472)
compute 3.93693370663947(-0.114741325378418,1.48219764232636,0.425759613513947) (-0.1101056,1.511114,0.3994484) (301.4475,308.4894,53.349) (-0.04319674,1.27344,-0.099576) (320.1825,354.5874,5.868334)
compute 4.69340427358777(-0.125064134597778,1.45898199081421,0.465221971273422) (-0.1147413,1.482198,0.4257596) (305.9535,312.5484,51.81888) (-0.06838177,1.263326,-0.07861243) (319.5955,356.9937,5.813962)
compute 3.09520986662063(-0.140852063894272,1.4736270904541,0.4874547123909) (-0.1250641,1.458982,0.465222) (306.0421,310.0063,55.31847) (-0.08123698,1.27296,-0.05738658) (319.1967,0.2511438,4.568704)
compute 5.29654782178403(-0.141573205590248,1.52205657958984,0.508888483047485) (-0.1408521,1.473627,0.4874547) (305.0234,302.2411,70.94576) (-0.08550184,1.28623,-0.04539808) (319.4432,1.311137,4.507913)
compute 2.74850477239159(-0.133323699235916,1.5165034532547,0.53451144695282) (-0.1415732,1.522057,0.5088885) (307.7309,311.7199,56.38361) (-0.08197246,1.281769,-0.04013631) (323.0452,1.33583,5.868856)
compute 7.73313521351109(-0.132050037384033,1.45227789878845,0.577564835548401) (-0.1333237,1.516503,0.5345114) (322.6764,317.3069,51.21418) (-0.06799678,1.276146,-0.03707194) (325.9635,0.4977731,5.3161)
compute 4.54567284221765(-0.132364585995674,1.41957318782806,0.609134078025818) (-0.13205,1.452278,0.5775648) (334.823,319.0273,52.08178) (-0.05913076,1.275434,-0.03320716) (325.0114,359.6812,3.908916)
compute 10.8094668801269(-0.134129106998444,1.51480054855347,0.558015644550323) (-0.1323646,1.419573,0.6091341) (311.1364,303.8053,62.13649) (-0.05821213,1.28147,-0.02223305) (323.3417,358.8101,3.333316)
compute 2.32087946329075(-0.131686240434647,1.53623247146606,0.566580295562744) (-0.1341291,1.514801,0.5580156) (306.0492,305.2396,64.61371) (-0.05248802,1.281766,-0.01477632) (324.9411,0.7588953,1.385185)
compute 2.70001099385396(-0.127987831830978,1.52584397792816,0.541934669017792) (-0.1316862,1.536232,0.5665803) (307.5686,310.0372,61.516) (-0.04568616,1.280667,-0.01044743) (325.5851,10.2154,358.2292)
compute 5.1537783028716(-0.114971913397312,1.47601234912872,0.543815553188324) (-0.1279878,1.525844,0.5419347) (314.2719,301.7807,70.51146) (-0.02126445,1.279023,-0.007689848) (327.8817,22.47762,355.4446)
compute 11.506574049513(-0.00245866249315441,1.45211338996887,0.540695786476135) (-0.1149719,1.476012,0.5438156) (309.0677,312.5002,57.91707) (0.000929784,1.274468,-0.008317425) (328.4772,29.91427,353.3556)
compute 16.7730531490024(0.162963718175888,1.47762596607208,0.529829442501068) (-0.002458662,1.452113,0.5406958) (297.8653,332.3279,46.5473) (0.03453493,1.269586,-0.009421221) (328.5707,32.35186,351.3369)
compute 16.7157529395854(0.309586048126221,1.51802527904511,0.460464984178543) (0.1629637,1.477626,0.5298294) (282.8837,345.536,39.47522) (0.08561843,1.262703,-0.009167082) (330.6085,33.75918,350.5469)
compute 21.1377591132429(0.504455268383026,1.43754887580872,0.4452985227108) (0.309586,1.518025,0.460465) (291.7259,43.01609,341.533) (0.1278147,1.260054,-0.007911085) (331.7884,31.6783,349.9261)
compute 21.8568476375959(0.652266502380371,1.28069937229156,0.481661319732666) (0.5044553,1.437549,0.4452985) (322.144,43.69145,342.8357) (0.1586973,1.259678,-0.008891693) (331.8247,30.60186,348.4517)
compute 5.2187261816866(0.67575591802597,1.25058114528656,0.517223238945007) (0.6522665,1.280699,0.4816613) (322.9868,38.16635,351.8387) (0.1793093,1.268257,-0.005968875) (333.4588,30.67815,347.3394)
compute 4.26454949641294(0.704525172710419,1.22594404220581,0.53681868314743) (0.6757559,1.250581,0.5172232) (325.2327,39.67934,352.9381) (0.1839662,1.266501,-0.007785878) (337.4994,30.53749,348.5284)
compute 2.71433824941608(0.70032274723053,1.21054017543793,0.558769166469574) (0.7045252,1.225944,0.5368187) (323.8954,37.10796,347.4026) (0.2026111,1.251468,-0.01003148) (341.5494,32.16203,348.7927)
compute 6.32926688650766(0.710179269313812,1.1561107635498,0.589530348777771) (0.7003227,1.21054,0.5587692) (329.6143,31.94276,357.9276) (0.227466,1.246688,-0.009165174) (338.1183,32.24924,344.2027)
compute 4.50576144831934(0.671609818935394,1.16505694389343,0.611037373542786) (0.7101793,1.156111,0.5895303) (327.7565,33.13033,340.7467) (0.2309839,1.249596,0.01169171) (335.3057,22.04806,346.6352)
compute 23.5123936262159(0.463218957185745,1.26693475246429,0.572600066661835) (0.6716098,1.165057,0.6110374) (305.7217,347.2704,23.13861) (0.2261245,1.254654,0.02198742) (335.8782,17.35257,347.1567)
compute 3.2241504871432(0.452892243862152,1.29698801040649,0.578047573566437) (0.463219,1.266935,0.5726001) (301.3763,354.3458,26.88261) (0.2000637,1.262401,0.02263154) (335.0579,11.67625,347.6036)
compute 1.30758817410735(0.454391002655029,1.30377781391144,0.566973686218262) (0.4528922,1.296988,0.5780476) (309.3203,32.89375,328.7186) (0.1673604,1.271108,0.02058344) (332.2842,3.869585,354.0345)
compute 23.9945917233891(0.228382155299187,1.35707688331604,0.506531536579132) (0.454391,1.303778,0.5669737) (295.5651,330.8018,26.82366) (0.1525169,1.271622,0.02158543) (333.1452,1.002695,355.1998)
compute 13.2734273691752(0.105101779103279,1.3919084072113,0.471788167953491) (0.2283822,1.357077,0.5065315) (301.8484,287.2098,72.72894) (0.1311005,1.26867,0.0225829) (331.7914,1.774519,355.1107)
compute 6.81481186396368(0.0967955514788628,1.39680242538452,0.539250910282135) (0.1051018,1.391908,0.4717882) (300.8735,315.6346,33.78949) (0.1005617,1.268666,0.01819027) (330.2151,0.5995144,356.9656)
compute 9.26473298799079(0.0316868126392365,1.37343096733093,0.477621734142303) (0.09679555,1.396802,0.5392509) (310.7149,283.4051,76.84344) (0.07510614,1.270802,0.01820987) (330.2258,358.1537,359.7522)
compute 9.93573876176478(0.0604840926826,1.33526027202606,0.56471711397171) (0.03168681,1.373431,0.4776217) (316.6544,321.356,31.68955) (0.05106016,1.258896,0.0128471) (332.201,358.5565,359.6449)
compute 5.57619697820629(0.0180212780833244,1.31565034389496,0.534356653690338) (0.06048409,1.33526,0.5647171) (323.533,306.6692,52.35379) (0.03017871,1.265978,0.009488658) (324.4399,357.0025,2.594121)
compute 7.38961765548276(-0.00169494841247797,1.38217866420746,0.508942127227783) (0.01802128,1.31565,0.5343567) (316.006,302.8241,57.38542) (0.01829505,1.270009,0.005748433) (320.3203,358.3972,359.4964)
compute 10.6790728632255(-0.00766506372019649,1.48398232460022,0.477246195077896) (-0.001694948,1.382179,0.5089421) (305.1804,298.6459,60.88684) (0.003533576,1.275115,0.005808924) (316.9294,358.1421,359.8484)
compute 8.75786955063606(-0.0158046949654818,1.56619489192963,0.448179572820663) (-0.007665064,1.483982,0.4772462) (295.0439,287.4341,70.99943) (-0.008667637,1.275793,0.01136496) (317.894,356.9102,0.2430828)
compute 5.23926863101312(-0.0482446104288101,1.60697257518768,0.453640878200531) (-0.01580469,1.566195,0.4481796) (294.9836,287.9545,70.50823) (-0.01742286,1.27454,0.01724393) (317.3246,357.5843,359.6478)
compute 4.74889178060589(-0.0885434001684189,1.61680626869202,0.47676020860672) (-0.04824461,1.606973,0.4536409) (298.9529,288.0981,75.69903) (-0.02616498,1.275479,0.02530174) (317.7835,359.1982,0.131522)
compute 4.95283644485333(-0.111622840166092,1.58863162994385,0.510324895381927) (-0.0885434,1.616806,0.4767602) (304.019,296.9953,62.72799) (-0.03070847,1.276329,0.0321228) (318.3373,359.3495,0.8335617)
compute 1.80429943780024(-0.11212795227766,1.57994222640991,0.526129603385925) (-0.1116228,1.588632,0.5103249) (305.6926,300.8538,63.42561) (-0.03104725,1.278717,0.03821665) (317.8577,357.7237,2.451908)
compute 4.87003650459308(-0.0805482417345047,1.61482739448547,0.513580799102783) (-0.112128,1.579942,0.5261296) (296.3849,292.2139,70.84499) (-0.02985047,1.284279,0.04483355) (318.2482,356.7433,3.000196)
compute 7.94572738178556(-0.0119511131197214,1.64752948284149,0.536785662174225) (-0.08054824,1.614827,0.5135808) (283.741,308.5357,56.865) (-0.02543268,1.285049,0.04403331) (317.4976,358.1487,2.230013)
compute 2.17158392546053(-0.00237442669458687,1.6407425403595,0.518515408039093) (-0.01195111,1.647529,0.5367857) (285.1338,300.4618,65.1511) (-0.01353791,1.286035,0.03863005) (318.0521,5.068045,0.8988835)
compute 8.32119187021102(0.0184255409985781,1.58085823059082,0.572417676448822) (-0.002374427,1.640743,0.5185154) (305.519,325.8184,36.53897) (0.01673514,1.278573,0.03171311) (321.6822,20.46725,354.8868)
compute 7.85048121673241(0.0877237319946289,1.5448362827301,0.564468741416931) (0.01842554,1.580858,0.5724177) (302.1838,322.648,43.99637) (0.04886498,1.272258,0.02183554) (324.4859,30.32644,351.6793)
compute 15.7610812303723(0.24110409617424,1.51129961013794,0.5506511926651) (0.08772373,1.544836,0.5644687) (296.2543,341.3939,36.24012) (0.08230564,1.265203,0.02118438) (328.1264,33.86869,349.5192)
compute 19.8130521527699(0.430879682302475,1.48791146278381,0.498748153448105) (0.2411041,1.5113,0.5506512) (292.9278,30.65653,348.8053) (0.1247672,1.261358,0.0273025) (327.9484,35.9977,347.9829)
compute 14.7506862410202(0.570359885692596,1.47212731838226,0.453422576189041) (0.4308797,1.487911,0.4987482) (295.2278,54.83528,324.4317) (0.1790988,1.26048,0.03773532) (327.8347,35.75041,347.1002)
compute 7.81478866466796(0.646991908550262,1.45775973796844,0.448112368583679) (0.5703599,1.472127,0.4534226) (298.6099,57.86415,321.7469) (0.2250505,1.256694,0.0447228) (330.7696,37.1572,344.6924)
compute 2.07694488698762(0.661599218845367,1.46211278438568,0.462220788002014) (0.6469919,1.45776,0.4481124) (295.6712,49.5982,328.634) (0.2663586,1.254013,0.05202427) (333.9932,38.37788,342.4958)
compute 3.32837156094113(0.674097895622253,1.44657504558563,0.48886975646019) (0.6615992,1.462113,0.4622208) (292.9275,38.2339,340.9022) (0.2950394,1.241928,0.06097359) (341.4749,40.46476,341.7896)
compute 16.0698134380149(0.712551355361938,1.29313027858734,0.517152726650238) (0.6740979,1.446575,0.4888698) (298.3942,40.16772,339.2417) (0.3077385,1.227722,0.06921401) (349.6601,41.87624,342.0263)
compute 26.5229796742471(0.813610553741455,1.04979968070984,0.547551810741425) (0.7125514,1.29313,0.5171527) (333.7755,50.4695,337.542) (0.3175794,1.215468,0.07534372) (352.3044,44.94547,342.1778)
compute 7.47297839584467(0.837644994258881,0.979386031627655,0.54056578874588) (0.8136106,1.0498,0.5475518) (337.0266,49.47603,344.5753) (0.3298096,1.20464,0.07690302) (352.3487,46.63826,341.7465)
compute 2.68288682539103(0.834901988506317,1.00519025325775,0.533753573894501) (0.837645,0.979386,0.5405658) (331.5815,48.76498,343.6533) (0.331837,1.203159,0.07498194) (351.0188,42.94404,342.6578)
compute 15.0983617521913(0.747960150241852,1.12807786464691,0.545407116413116) (0.834902,1.00519,0.5337536) (314.6684,27.45542,359.8628) (0.3290606,1.204253,0.06336108) (350.3968,42.13696,342.7587)
compute 5.76830717078961(0.741123616695404,1.1850494146347,0.53950446844101) (0.7479602,1.128078,0.5454071) (310.0294,40.77939,336.7184) (0.3143376,1.222635,0.0547432) (349.6994,39.56718,341.7692)
compute 4.48989699421855(0.704404234886169,1.17247951030731,0.562078833580017) (0.7411236,1.185049,0.5395045) (317.3365,34.70256,338.4767) (0.2770246,1.249556,0.05795197) (339.4846,25.88202,344.7662)
compute 13.9818792455061(0.570676028728485,1.20418429374695,0.587786197662354) (0.7044042,1.17248,0.5620788) (314.1564,13.5775,350.7941) (0.2182515,1.276375,0.05015025) (320.0487,354.6305,353.4198)
compute 21.2236086261565(0.371213376522064,1.27669322490692,0.5866619348526) (0.570676,1.204184,0.5877862) (308.4726,338.0045,20.52112) (0.1896501,1.276085,0.0337664) (317.7827,341.0623,0.1057992)
compute 17.7123263640914(0.218447670340538,1.36346805095673,0.564180374145508) (0.3712134,1.276693,0.5866619) (304.7692,312.7468,41.27386) (0.168233,1.267636,0.03157038) (320.2957,339.489,1.362758)
compute 17.9533537356901(0.0771623253822327,1.44709539413452,0.49153596162796) (0.2184477,1.363468,0.5641804) (302.4576,288.4111,58.01089) (0.1266654,1.263804,0.03438041) (321.2212,334.6053,4.55818)
compute 16.268950137419(-0.0584185905754566,1.49525904655457,0.415602087974548) (0.07716233,1.447095,0.491536) (307.4023,263.7926,84.69701) (0.0694497,1.263379,0.0378888) (321.5359,332.0237,6.402913)
compute 10.2898664980342(-0.154553771018982,1.53040957450867,0.405085325241089) (-0.05841859,1.495259,0.4156021) (307.8137,260.7408,88.75007) (0.01335985,1.269796,0.03688155) (321.3288,332.3,9.541436)
compute 7.39134313654617(-0.221407026052475,1.53184616565704,0.436577767133713) (-0.1545538,1.53041,0.4050853) (308.0415,269.05,77.14365) (-0.02422904,1.277229,0.03182208) (321.807,335.4975,10.05182)
compute 7.76752718498579(-0.278486341238022,1.49181652069092,0.470827251672745) (-0.221407,1.531846,0.4365778) (318.0262,276.8354,76.07921) (-0.05034417,1.279423,0.02983003) (323.0277,336.8188,10.644)
compute 5.81124256836572(-0.288447260856628,1.45767271518707,0.516784131526947) (-0.2784863,1.491817,0.4708273) (316.5611,286.0631,57.09547) (-0.07091432,1.280914,0.02953222) (325.3196,336.1473,12.42202)
compute 7.75956477525626(-0.317619770765305,1.38962781429291,0.540020763874054) (-0.2884473,1.457673,0.5167841) (328.4473,290.4289,57.0247) (-0.08576871,1.279119,0.03646072) (326.0522,333.6675,14.55534)
compute 5.31194557749279(-0.355402767658234,1.37515258789063,0.505602896213531) (-0.3176198,1.389628,0.5400208) (326.825,283.1794,53.4651) (-0.08881195,1.274861,0.05048145) (328.2961,331.2948,14.52399)
compute 7.47989128224717(-0.420420706272125,1.36102187633514,0.47142881155014) (-0.3554028,1.375153,0.5056029) (331.2084,275.4113,60.24915) (-0.0901243,1.274443,0.0589129) (328.2283,331.3494,13.65348)
compute 5.02352491584288(-0.462182611227036,1.33323931694031,0.46866238117218) (-0.4204207,1.361022,0.4714288) (335.7121,274.8553,60.72875) (-0.08870599,1.276886,0.05634172) (325.9209,336.6743,12.42208)
compute 6.95339876428978(-0.474737972021103,1.26486194133759,0.470030903816223) (-0.4621826,1.333239,0.4686624) (352.9035,275.9011,68.05322) (-0.07785167,1.277804,0.0488197) (320.9675,344.4282,8.949617)
compute 4.77955639100941(-0.437265127897263,1.29021036624908,0.485447108745575) (-0.474738,1.264862,0.4700309) (348.4381,278.533,66.47995) (-0.06908473,1.278959,0.04453162) (318.6051,350.0189,6.538641)
compute 14.1429985804414(-0.350293815135956,1.39778697490692,0.51486998796463) (-0.4372651,1.29021,0.4854471) (331.257,286.0097,67.28996) (-0.06701891,1.278879,0.04586548) (318.3504,351.3329,6.228411)
compute 14.8452071976606(-0.249114334583282,1.50608563423157,0.523363053798676) (-0.3502938,1.397787,0.51487) (311.689,291.153,63.40007) (-0.06593524,1.279485,0.05591688) (319.6472,351.3579,6.634453)
compute 9.81691324497873(-0.175747871398926,1.5711282491684,0.518464148044586) (-0.2491143,1.506086,0.5233631) (299.651,291.148,67.88557) (-0.06621449,1.279026,0.06616221) (320.6534,351.6593,6.08787)
compute 5.64638548557805(-0.130953907966614,1.60550248622894,0.518181920051575) (-0.1757479,1.571128,0.5184641) (293.6296,287.4385,73.39668) (-0.06130764,1.279996,0.0767969) (320.5256,353.8463,5.063808)
compute 5.47327310479221(-0.0982529148459435,1.58903276920319,0.558864414691925) (-0.1309539,1.605502,0.5181819) (295.6881,298.6471,60.33794) (-0.05030913,1.278311,0.08862589) (326.1714,2.721496,359.8152)
compute 13.9831194548126(0.000720928015653044,1.49449717998505,0.587499439716339) (-0.09825291,1.589033,0.5588644) (293.9752,307.0536,58.9753) (-0.03952254,1.271012,0.09541675) (330.3226,11.30405,357.0365)
compute 25.4015513780099(0.196786537766457,1.35936605930328,0.675940036773682) (0.000720928,1.494497,0.5874994) (305.5417,10.85978,355.8702) (-0.01540409,1.26664,0.1029015) (331.5151,15.68967,356.3692)
compute 6.97032530510126(0.246552646160126,1.3111447095871,0.683461964130402) (0.1967865,1.359366,0.67594) (310.1258,8.832395,359.0855) (0.01864162,1.265424,0.1148831) (330.5892,18.52522,354.3944)
compute 6.30225810684366(0.270624250173569,1.29849433898926,0.62660801410675) (0.2465526,1.311145,0.683462) (302.4839,355.6331,13.63682) (0.05123052,1.268469,0.1265698) (334.5143,22.6642,352.3863)
compute 14.1044439410605(0.411090821027756,1.29195892810822,0.615655183792114) (0.2706243,1.298494,0.626608) (299.9815,29.24915,343.5752) (0.07355492,1.265461,0.1329157) (334.1012,21.43146,352.2985)
compute 5.01670271543761(0.432057052850723,1.26076912879944,0.648886859416962) (0.4110908,1.291959,0.6156552) (312.7966,22.64137,348.1932) (0.08639497,1.275835,0.1329497) (327.4471,11.90904,353.774)
compute 6.59287292804109(0.376078397035599,1.28511786460876,0.623984515666962) (0.4320571,1.260769,0.6488869) (302.0488,11.19253,352.2472) (0.07509854,1.286386,0.1237798) (318.8454,356.2896,0.5105349)
compute 11.0516705663996(0.282220393419266,1.34160435199738,0.609359383583069) (0.3760784,1.285118,0.6239845) (297.0306,348.2792,10.91183) (0.0686772,1.28665,0.1152936) (316.8907,347.3391,3.24809)
compute 13.3392503051393(0.168025091290474,1.40276658535004,0.577544689178467) (0.2822204,1.341604,0.6093594) (293.7559,316.3697,40.29757) (0.05164671,1.285134,0.1138353) (317.1615,341.9618,5.25838)
compute 12.9176814853754(0.0540799982845783,1.45807111263275,0.552156209945679) (0.1680251,1.402767,0.5775447) (296.1918,292.8111,56.90255) (0.02165467,1.279285,0.1096777) (316.9635,337.9217,6.702838)
compute 12.8786520802879(-0.0575101375579834,1.50827753543854,0.511994957923889) (0.05408,1.458071,0.5521562) (297.3828,279.2415,67.57719) (-0.02330408,1.277715,0.1025667) (316.4352,333.9312,8.549838)
compute 12.4831796148665(-0.169001415371895,1.54491698741913,0.469448238611221) (-0.05751014,1.508278,0.511995) (300.2838,269.639,76.52329) (-0.06107568,1.275665,0.09791786) (318.0151,335.4196,8.889686)
compute 8.30087396878776(-0.243079051375389,1.5800393819809,0.456433922052383) (-0.1690014,1.544917,0.4694482) (300.8537,266.3285,76.02342) (-0.08831129,1.278572,0.09227717) (317.3551,336.026,9.699206)
compute 5.61517831451235(-0.298721373081207,1.57974529266357,0.463975042104721) (-0.2430791,1.580039,0.4564339) (305.3047,267.8387,76.93217) (-0.1100483,1.279399,0.08939931) (317.8687,335.7616,10.0871)
compute 4.70479187699141(-0.33080193400383,1.5688863992691,0.496631264686584) (-0.2987214,1.579745,0.463975) (306.5865,276.6211,64.4192) (-0.1351505,1.281615,0.0886025) (318.2657,334.4135,11.68738)
compute 8.1376767462666(-0.374685764312744,1.53824830055237,0.557931303977966) (-0.3308019,1.568886,0.4966313) (312.0281,285.4824,57.05897) (-0.1585712,1.283733,0.09027474) (320.6217,332.3232,12.68827)
compute 6.37310565563296(-0.416707426309586,1.50186085700989,0.58910471200943) (-0.3746858,1.538248,0.5579313) (315.5872,302.6487,40.40937) (-0.1872693,1.285348,0.09264686) (322.3887,328.8262,14.36084)
compute 14.5340110234996(-0.534943461418152,1.46767735481262,0.511803507804871) (-0.4167074,1.501861,0.5891047) (322.576,272.9022,65.79942) (-0.2090544,1.280828,0.1070616) (325.4513,322.0589,16.85276)
compute 14.0667840494563(-0.647748947143555,1.47065699100494,0.427818477153778) (-0.5349435,1.467677,0.5118035) (324.4082,262.4879,61.45078) (-0.2289029,1.281507,0.1139305) (326.354,316.2948,18.20899)
compute 7.80599758928276(-0.72330778837204,1.45130109786987,0.424724787473679) (-0.6477489,1.470657,0.4278185) (328.3528,267.6961,55.3679) (-0.2341654,1.278257,0.1119374) (330.0237,318.9802,15.58012)
compute 6.64263362435207(-0.672341465950012,1.40937495231628,0.417168945074081) (-0.7233078,1.451301,0.4247248) (325.7859,264.7069,48.31878) (-0.2158421,1.27727,0.1079611) (332.3098,335.8481,11.71678)
compute 17.8921338489322(-0.50509786605835,1.34582471847534,0.415221363306046) (-0.6723415,1.409375,0.4171689) (326.3784,259.4753,58.09447) (-0.1851759,1.274485,0.1047302) (331.1776,352.9028,8.458161)
compute 19.7646488049343(-0.318833708763123,1.34629261493683,0.481324166059494) (-0.5050979,1.345825,0.4152214) (318.8072,280.7624,46.94671) (-0.1757812,1.275662,0.1064118) (333.2292,352.6981,8.607301)
compute 17.3768888071588(-0.149801939725876,1.3518089056015,0.521242320537567) (-0.3188337,1.346293,0.4813242) (306.314,302.9499,45.36823) (-0.1684533,1.273283,0.1107164) (336.4549,356.9246,6.692834)
compute 11.1894308044997(-0.119392111897469,1.2656854391098,0.585882306098938) (-0.1498019,1.351809,0.5212423) (316.5681,319.6795,21.74009) (-0.1547941,1.264532,0.1195073) (343.0571,358.3505,7.894324)
compute 10.0983388482235(-0.156606078147888,1.1723507642746,0.595952272415161) (-0.1193921,1.265685,0.5858823) (336.6539,311.0799,43.18709) (-0.1465359,1.258676,0.1274785) (346.6274,358.878,5.528732)
compute 6.90904984318347(-0.114121988415718,1.12102556228638,0.614236772060394) (-0.1566061,1.172351,0.5959523) (334.2994,324.0379,22.02617) (-0.1418688,1.254715,0.1309359) (348.1647,359.4602,6.215836)
compute 9.2741151134551(-0.139029443264008,1.03415989875793,0.593382596969604) (-0.114122,1.121026,0.6142368) (350.3484,313.3228,32.10225) (-0.1384265,1.265356,0.1341836) (342.7234,359.088,5.069336)
compute 4.79858584399389(-0.143249094486237,0.986486375331879,0.596857130527496) (-0.1390294,1.03416,0.5933826) (358.8057,312.425,23.48357) (-0.130769,1.278776,0.123412) (330.9661,0.3013364,5.214351)
compute 4.44858493873829(-0.155303940176964,1.02918255329132,0.593584835529327) (-0.1432491,0.9864864,0.5968571) (356.0023,312.0561,23.50233) (-0.1184528,1.282815,0.1114654) (320.882,2.00563,4.678732)
compute 15.9255533895659(-0.157807916402817,1.18737840652466,0.575415432453156) (-0.1553039,1.029183,0.5935848) (337.1451,307.7825,35.26553) (-0.1041282,1.280948,0.1128496) (318.0583,3.608688,3.063261)
compute 15.4214822823302(-0.137894153594971,1.33983778953552,0.563507854938507) (-0.1578079,1.187378,0.5754154) (317.7981,301.7509,52.71695) (-0.0894048,1.276296,0.1237559) (318.0701,4.204979,3.011266)
compute 14.7320096876976(-0.0944152176380157,1.48054969310761,0.559908628463745) (-0.1378942,1.339838,0.5635079) (301.3131,293.2895,62.12005) (-0.06013575,1.27456,0.1376323) (316.6024,5.348629,1.917933)
compute 10.1870992927248(-0.0728672742843628,1.5798237323761,0.552289545536041) (-0.09441522,1.48055,0.5599086) (296.4022,287.939,71.4073) (-0.03971378,1.2771,0.1462603) (314.126,5.89396,0.2927559)
compute 6.76325603159254(-0.0572919324040413,1.64308989048004,0.534152150154114) (-0.07286727,1.579824,0.5522895) (292.3478,281.7726,78.14857) (-0.030336,1.280854,0.1538763) (314.2227,4.374481,0.3109412)
compute 2.76859633344043(-0.0513149686157703,1.66952979564667,0.528520107269287) (-0.05729193,1.64309,0.5341522) (290.2365,277.1487,82.17844) (-0.02850292,1.28246,0.155862) (316.617,6.703788,358.0962)
compute 1.82425952001652(-0.0504691228270531,1.66667580604553,0.546518206596375) (-0.05131497,1.66953,0.5285201) (290.3694,297.3506,62.03748) (-0.03075434,1.28249,0.1534105) (315.1239,11.62892,355.076)
compute 1.68000434426083(-0.0650827959179878,1.65937745571136,0.550444543361664) (-0.05046912,1.666676,0.5465182) (291.5779,299.1255,59.7657) (-0.04398521,1.284946,0.151942) (315.2899,9.383351,355.9197)
compute 1.35421627336991(-0.0641463324427605,1.66951715946198,0.559372007846832) (-0.0650828,1.659377,0.5504445) (289.8893,308.4303,47.62915) (-0.05329525,1.284433,0.1550606) (316.1126,7.541202,356.5606)
compute 1.45146657234345(-0.062098566442728,1.67922425270081,0.548776984214783) (-0.06414633,1.669517,0.559372) (287.8051,298.0693,57.5721) (-0.05339436,1.285028,0.151579) (318.3216,10.12684,355.8166)
compute 12.571458224897(-0.0381588712334633,1.5558168888092,0.550069093704224) (-0.06209857,1.679224,0.548777) (289.592,301.0147,43.24181) (-0.03347246,1.270316,0.147692) (329.7744,27.13246,350.2721)
compute 19.5135672587915(0.0667629763484001,1.3977073431015,0.595574140548706) (-0.03815887,1.555817,0.5500691) (292.8666,321.1993,30.58017) (-0.01099271,1.257728,0.1446612) (336.1126,38.15387,349.2218)
compute 21.1569128639706(0.25248771905899,1.30307197570801,0.631795227527618) (0.06676298,1.397707,0.5955741) (298.4047,7.394979,347.7386) (0.02141144,1.251016,0.1517987) (338.8773,39.03381,348.4851)
compute 17.3974299936328(0.420646905899048,1.26391994953156,0.610425531864166) (0.2524877,1.303072,0.6317952) (303.8794,34.50072,325.9874) (0.06311247,1.245672,0.1611952) (342.84,39.67602,348.0922)
compute 18.3763169480958(0.563988268375397,1.14893281459808,0.610764920711517) (0.4206469,1.26392,0.6104255) (320.9911,45.8675,312.8591) (0.1132646,1.237397,0.1627001) (348.4009,40.78434,347.4987)
compute 13.4441100477298(0.603131592273712,1.02042031288147,0.615936696529388) (0.5639883,1.148933,0.6107649) (336.7315,37.67939,316.2528) (0.1491357,1.222309,0.1606755) (354.3945,42.8053,347.3289)
compute 2.9017490729086(0.617671012878418,1.01663732528687,0.591111123561859) (0.6031316,1.02042,0.6159367) (328.814,38.97216,311.8625) (0.1872797,1.208618,0.1635924) (359.8752,45.74272,345.6723)
compute 11.3666928512053(0.692848682403564,0.933798015117645,0.570958256721497) (0.617671,1.016637,0.5911111) (336.4072,49.98775,304.7922) (0.2096786,1.19522,0.1710643) (4.376734,46.23904,345.0259)
compute 16.0617023578166(0.744953811168671,0.781994462013245,0.564748048782349) (0.6928487,0.933798,0.5709583) (359.2231,53.51443,306.5099) (0.2307573,1.188577,0.1783778) (3.998356,46.87584,344.3448)
compute 5.48458714372191(0.757835626602173,0.728728234767914,0.562548577785492) (0.7449538,0.7819945,0.564748) (2.112158,53.76792,304.1975) (0.2482499,1.184465,0.1856778) (3.107676,48.05397,343.5156)
compute 1.85294879340508(0.769185721874237,0.743347883224487,0.563433527946472) (0.7578356,0.7287282,0.5625486) (359.3091,55.3513,302.5244) (0.2473434,1.2226,0.1951524) (346.6094,43.18922,341.7822)
compute 13.9710670474022(0.75006377696991,0.879034221172333,0.590684950351715) (0.7691857,0.7433479,0.5634335) (342.3001,46.68441,308.3589) (0.2253696,1.250235,0.1830493) (333.111,40.18888,341.8269)
compute 21.3056706354991(0.677732944488525,1.07930111885071,0.598072826862335) (0.7500638,0.8790342,0.590685) (322.4616,40.67643,312.4234) (0.2086103,1.267481,0.1722514) (326.6801,39.70275,342.0889)
compute 21.1605670701266(0.585622191429138,1.26962852478027,0.589823544025421) (0.6777329,1.079301,0.5980728) (306.6151,33.55605,318.3566) (0.1877761,1.279389,0.1697983) (325.4745,35.7705,345.651)
compute 17.3010642567708(0.526723086833954,1.43066620826721,0.566792190074921) (0.5856222,1.269629,0.5898235) (293.8742,30.38145,328.0155) (0.1722665,1.280448,0.1711402) (324.7415,35.03217,346.3138)
compute 9.92524525553393(0.527489423751831,1.5265326499939,0.541100025177002) (0.5267231,1.430666,0.5667922) (289.8664,49.42866,317.2333) (0.170391,1.282702,0.1742045) (323.9749,36.22312,346.0814)
compute 9.02581182599445(0.607200384140015,1.53243172168732,0.583027243614197) (0.5274894,1.526533,0.5411) (301.2503,51.19083,317.7997) (0.171956,1.279816,0.1807756) (324.4394,36.56503,345.1745)
compute 7.60916985758217(0.663169384002686,1.50531375408173,0.62686824798584) (0.6072004,1.532432,0.5830272) (312.2397,50.36145,302.5102) (0.1803213,1.271553,0.1822824) (324.9933,37.87335,344.5532)
compute 7.67786744535486(0.588216602802277,1.52157139778137,0.630436778068542) (0.6631694,1.505314,0.6268682) (298.9967,27.67205,321.7509) (0.1871399,1.268877,0.1939291) (326.1809,38.62463,343.9715)
compute 4.52082687338798(0.571797013282776,1.47948706150055,0.62867796421051) (0.5882166,1.521571,0.6304368) (300.4214,18.51951,335.3956) (0.1792231,1.263629,0.2023596) (329.2096,42.52318,343.516)
compute 15.6501886518975(0.718620240688324,1.43374621868134,0.599633932113647) (0.571797,1.479487,0.628678) (313.9654,60.91562,292.9452) (0.1827249,1.260967,0.2057978) (327.7469,44.12227,345.8445)
compute 8.92514772540295(0.792604744434357,1.40398192405701,0.559556424617767) (0.7186202,1.433746,0.5996339) (320.5918,69.68245,297.5358) (0.2200629,1.255892,0.2068676) (329.1436,42.44351,342.1259)
compute 3.89403199876161(0.831212639808655,1.40108406543732,0.563725531101227) (0.7926047,1.403982,0.5595564) (320.6161,67.42944,301.9664) (0.2449524,1.262862,0.2079689) (323.7377,35.77671,344.9633)
compute 3.24128713857414(0.854727327823639,1.38378381729126,0.577809393405914) (0.8312126,1.401084,0.5637255) (323.546,66.04273,307.2091) (0.239403,1.276198,0.2068711) (317.0203,21.73323,349.1058)
compute 11.2871409435401(0.773028373718262,1.45897710323334,0.59808760881424) (0.8547273,1.383784,0.5778094) (313.7461,62.53749,287.3249) (0.2278585,1.287423,0.2033234) (312.7919,5.672837,357.8644)
compute 32.6232317210186(0.465904176235199,1.56549108028412,0.570573508739471) (0.7730284,1.458977,0.5980876) (285.4245,329.141,17.57781) (0.2286063,1.290504,0.2013105) (315.7257,0.07217217,0.8884353)
compute 21.953291616149(0.251801818609238,1.55279207229614,0.52373743057251) (0.4659042,1.565491,0.5705735) (300.7599,275.5483,69.02367) (0.2100654,1.287487,0.1965514) (318.1077,354.7802,2.183733)
compute 7.68073837429847(0.208797588944435,1.52668404579163,0.581775188446045) (0.2518018,1.552792,0.5237374) (300.4469,302.7398,35.54501) (0.1403104,1.277368,0.1839849) (324.4275,333.3643,14.37496)
compute 15.1724391628047(0.0826583355665207,1.44530725479126,0.559707164764404) (0.2087976,1.526684,0.5817752) (308.8807,285.6343,45.12038) (0.09864907,1.262729,0.1757094) (332.3721,326.9184,18.74877)
compute 18.9273618557779(-0.0694878920912743,1.3371913433075,0.528290927410126) (0.08265834,1.445307,0.5597072) (322.9472,274.8788,46.89188) (0.06505632,1.245425,0.1681372) (336.1667,328.4605,16.30793)
compute 7.56764397269482(-0.125364989042282,1.28860330581665,0.543907463550568) (-0.06948789,1.337191,0.5282909) (323.3788,280.5345,53.21709) (0.005160376,1.240434,0.1559141) (336.8943,329.7604,12.75111)
compute 10.488353356047(-0.161262780427933,1.19005501270294,0.544280111789703) (-0.125365,1.288603,0.5439075) (329.7384,289.0713,43.61385) (-0.06704041,1.248969,0.1426268) (342.4352,321.0595,18.16469)
compute 9.68685314289969(-0.226928949356079,1.12461960315704,0.516178965568542) (-0.1612628,1.190055,0.5442801) (335.1336,282.516,49.14926) (-0.1115647,1.237708,0.1432994) (357.0368,316.7858,17.79856)
compute 17.1169809584115(-0.363323837518692,1.02318584918976,0.496011346578598) (-0.2269289,1.12462,0.516179) (344.4126,277.6602,55.28212) (-0.1364796,1.21177,0.1472609) (7.544209,313.7611,17.05903)
compute 17.246669295312(-0.492851138114929,0.909927487373352,0.48417991399765) (-0.3633238,1.023186,0.4960113) (352.7416,272.5992,58.87338) (-0.1635331,1.200981,0.1533863) (10.73387,311.6217,14.47804)
compute 14.0590509077407(-0.587016403675079,0.805772960186005,0.477078557014465) (-0.4928511,0.9099275,0.4841799) (3.709968,269.9913,64.2774) (-0.190601,1.180615,0.1560651) (12.87568,308.4784,13.39375)
compute 13.1579522199048(-0.644435524940491,0.687403678894043,0.479298681020737) (-0.5870164,0.805773,0.4770786) (13.03481,269.143,60.50269) (-0.2147416,1.149777,0.1604323) (13.69075,307.0718,12.35121)
compute 9.42745865951207(-0.659681677818298,0.597605466842651,0.503620147705078) (-0.6444355,0.6874037,0.4792987) (17.57711,274.5386,59.89931) (-0.2298731,1.111541,0.1731336) (15.16339,305.7706,11.00149)
compute 3.2109261539354(-0.647234916687012,0.570269048213959,0.514969289302826) (-0.6596817,0.5976055,0.5036201) (17.15882,276.8891,65.31792) (-0.2302733,1.098672,0.1823938) (15.3992,307.0549,11.04001)
compute 8.85306407236135(-0.583835959434509,0.62793505191803,0.492768406867981) (-0.6472349,0.570269,0.5149693) (1.188048,275.9966,52.74077) (-0.2029577,1.164082,0.1911766) (355.788,319.2595,12.76127)
compute 17.713091919274(-0.477396577596664,0.767879724502563,0.471285581588745) (-0.583836,0.6279351,0.4927684) (352.1068,267.3818,61.10098) (-0.1418361,1.240227,0.1749819) (333.2369,339.2483,12.65477)
compute 30.0393258556429(-0.35634982585907,1.04179656505585,0.494809150695801) (-0.4773966,0.7678797,0.4712856) (338.0358,267.6853,75.02534) (-0.1130472,1.275671,0.1378105) (323.4645,346.3395,13.56513)
compute 22.4302908736735(-0.271028280258179,1.24851226806641,0.512148380279541) (-0.3563498,1.041797,0.4948092) (324.2122,271.2751,81.97091) (-0.1089798,1.281271,0.1297418) (320.1877,343.8566,15.36313)
compute 12.1229866380742(-0.261412739753723,1.3692581653595,0.517113327980042) (-0.2710283,1.248512,0.5121484) (318.3527,270.1702,88.23215) (-0.1184283,1.278174,0.1341201) (320.9085,336.5742,17.98205)
compute 9.53152137768691(-0.311473041772842,1.45036494731903,0.517917275428772) (-0.2614127,1.369258,0.5171133) (317.902,266.7073,89.3504) (-0.1404099,1.276274,0.1458806) (321.3586,333.123,17.52819)
compute 9.83357994558785(-0.364011317491531,1.53348898887634,0.518146753311157) (-0.311473,1.450365,0.5179173) (313.6758,262.0553,94.72422) (-0.1630723,1.279697,0.1509429) (321.7882,333.0424,17.23736)
compute 6.24263569867421(-0.416645646095276,1.55085527896881,0.54687112569809) (-0.3640113,1.533489,0.5181468) (310.8137,272.351,80.78284) (-0.176273,1.282956,0.1526576) (322.4672,333.5337,16.42272)
compute 3.64987932455761(-0.442119240760803,1.5267174243927,0.556902170181274) (-0.4166456,1.550855,0.5468711) (314.869,274.9048,86.08575) (-0.1813571,1.28344,0.1516403) (322.7373,333.6504,16.80072)
compute 6.80815319489477(-0.464421272277832,1.46304595470428,0.566048681735992) (-0.4421192,1.526717,0.5569022) (321.3725,277.5716,73.11538) (-0.181851,1.283311,0.1476563) (322.4973,333.0989,17.22023)
compute 3.64118265847559(-0.450070053339005,1.43357503414154,0.581902027130127) (-0.4644213,1.463046,0.5660487) (328.4276,282.5342,74.3661) (-0.1645352,1.281865,0.1453959) (320.5665,335.0369,16.98128)
compute 9.40688280738286(-0.392580568790436,1.50519168376923,0.561531484127045) (-0.4500701,1.433575,0.581902) (317.4247,281.0063,76.19386) (-0.1399037,1.277372,0.1456887) (317.5595,335.6145,16.03426)
compute 10.6306723564567(-0.358166635036469,1.59850978851318,0.524001061916351) (-0.3925806,1.505192,0.5615315) (307.2301,270.6337,83.33806) (-0.1395046,1.285944,0.1463825) (317.044,338.3203,13.45121)
compute 2.79892234372682(-0.364854902029037,1.624436378479,0.532154321670532) (-0.3581666,1.59851,0.5240011) (306.8439,276.2997,73.22858) (-0.1521693,1.287144,0.1390434) (315.1808,344.9177,9.446981)
compute 2.50441771818249(-0.382674485445023,1.61827600002289,0.548638343811035) (-0.3648549,1.624436,0.5321543) (310.7468,280.955,75.81555) (-0.1581479,1.289376,0.1298372) (314.4193,351.2537,4.924137)
compute 2.60194688654292(-0.364082396030426,1.61909151077271,0.56682300567627) (-0.3826745,1.618276,0.5486383) (304.2962,287.4975,61.15816) (-0.1571245,1.289751,0.128586) (314.4821,359.684,359.9368)
compute 3.66293447363063(-0.347704827785492,1.59309542179108,0.586765110492706) (-0.3640824,1.619092,0.566823) (308.141,290.475,61.80304) (-0.1434742,1.290013,0.1334486) (316.6541,10.57395,356.343)
compute 5.34286289514293(-0.316889345645905,1.55091142654419,0.575560867786407) (-0.3477048,1.593095,0.5867651) (309.8292,286.6018,60.67912) (-0.1247199,1.285881,0.1328342) (319.7146,21.74766,352.3502)
compute 9.09770655461566(-0.245506718754768,1.49485015869141,0.569357514381409) (-0.3168893,1.550911,0.5755609) (311.5655,283.4507,67.209) (-0.1073981,1.278195,0.1317835) (324.8718,31.34844,350.0311)
compute 11.916421260284(-0.131699442863464,1.46341192722321,0.585471212863922) (-0.2455067,1.49485,0.5693575) (305.5281,298.1349,52.20366) (-0.09470136,1.270395,0.1295316) (330.6426,39.1104,347.8613)
compute 11.4800389930223(-0.0194942690432072,1.44312489032745,0.598796546459198) (-0.1316994,1.463412,0.5854712) (300.4352,315.1489,40.03209) (-0.08235178,1.268356,0.1326032) (330.8218,42.41596,348.1655)
compute 7.38165196982709(0.0532976686954498,1.44595670700073,0.610721051692963) (-0.01949427,1.443125,0.5987965) (299.5811,327.2085,32.26775) (-0.05980512,1.268024,0.1425831) (326.4177,38.345,349.6147)
compute 6.44934836154205(0.0983645841479301,1.48161005973816,0.581442713737488) (0.05329767,1.445957,0.6107211) (295.7049,326.5461,33.65447) (-0.03544676,1.274836,0.1504941) (318.6201,29.7232,351.9933)
compute 7.15172709948575(0.104247696697712,1.54824388027191,0.556143641471863) (0.09836458,1.48161,0.5814427) (295.078,312.0509,49.32194) (-0.008592862,1.281663,0.1556487) (314.7229,22.83399,355.1845)
compute 7.65042378459269(0.106595948338509,1.6231826543808,0.540926396846771) (0.1042477,1.548244,0.5561436) (291.501,298.5721,60.28755) (0.01873342,1.288835,0.1629759) (313.2115,17.51566,356.9243)
compute 2.67240948299309(0.0985487625002861,1.64857912063599,0.543033421039581) (0.1065959,1.623183,0.5409264) (287.4717,293.4926,58.69268) (0.04308479,1.294352,0.1654502) (313.5991,12.85532,358.6629)
compute 5.07703541796246(0.0702390819787979,1.62988424301147,0.580805003643036) (0.09854876,1.648579,0.5430334) (298.5214,303.6046,54.18951) (0.05653314,1.29439,0.1665722) (312.7635,12.15815,357.7746)
compute 4.92522386159879(0.117314577102661,1.64311945438385,0.574930489063263) (0.07023908,1.629884,0.580805) (293.3728,293.2247,62.83047) (0.06142531,1.29707,0.1682128) (312.249,8.444129,359.2112)
compute 13.8153596558075(0.251974880695343,1.66030395030975,0.600576400756836) (0.1173146,1.643119,0.5749305) (283.0468,3.296547,345.614) (0.06242193,1.297207,0.1701897) (312.4341,6.382078,359.9417)
compute 3.8629826196066(0.272171646356583,1.64893078804016,0.631479561328888) (0.2519749,1.660304,0.6005764) (292.8295,19.16167,323.8748) (0.06293365,1.296079,0.1708492) (312.1696,4.934035,0.1881164)
compute 9.06951037965517(0.183377966284752,1.66591167449951,0.624203979969025) (0.2721716,1.648931,0.6314796) (287.821,334.3254,7.650007) (0.0656112,1.297608,0.1706185) (313.3696,3.553621,359.4324)
compute 7.34273688416546(0.1106928139925,1.66240179538727,0.634008467197418) (0.183378,1.665912,0.624204) (293.0118,316.2428,23.78015) (0.03541068,1.293701,0.1733413) (316.8172,354.4744,2.697248)
compute 11.9058645475757(0.00246951752342284,1.61307740211487,0.628551006317139) (0.1106928,1.662402,0.6340085) (298.0587,301.3639,34.60703) (-0.01863744,1.286091,0.1727765) (320.0157,334.4275,13.27253)
compute 19.4978071913444(-0.173996701836586,1.53303384780884,0.606891095638275) (0.002469518,1.613077,0.628551) (313.9922,284.1522,56.11478) (-0.06686698,1.278614,0.1663538) (323.1743,326.2943,16.29523)
compute 16.7754688646037(-0.32635709643364,1.47591626644135,0.566080212593079) (-0.1739967,1.533034,0.6068911) (319.3612,277.1049,62.15905) (-0.1195175,1.278,0.1600409) (325.8817,323.6129,18.36268)
compute 17.2432820739434(-0.466599941253662,1.38581717014313,0.521953403949738) (-0.3263571,1.475916,0.5660802) (323.63,270.56,54.64309) (-0.1589848,1.27737,0.15787) (330.981,322.132,18.64027)
compute 16.5449819510938(-0.574903011322021,1.26174974441528,0.506098985671997) (-0.4665999,1.385817,0.5219534) (344.4518,263.5214,68.89603) (-0.1927349,1.274612,0.1567163) (334.6971,320.8599,17.61847)
compute 7.48743652836332(-0.588602542877197,1.26908612251282,0.579342901706696) (-0.574903,1.26175,0.506099) (337.7363,272.9234,62.26513) (-0.2163269,1.275566,0.1548725) (336.8811,321.3253,17.20334)
compute 6.59747399229911(-0.588105082511902,1.22841775417328,0.631290018558502) (-0.5886025,1.269086,0.5793429) (342.3499,281.8521,56.15905) (-0.241601,1.274231,0.1462082) (335.8494,321.3787,18.95344)
compute 3.4541471309805(-0.584734737873077,1.20426666736603,0.606826186180115) (-0.5881051,1.228418,0.63129) (345.5186,274.1524,60.27329) (-0.2530264,1.274505,0.1486749) (334.6583,320.6917,19.18233)
compute 1.79819606830515(-0.581362724304199,1.21885621547699,0.596870005130768) (-0.5847347,1.204267,0.6068262) (342.9465,275.3426,53.8883) (-0.2560944,1.282357,0.1477304) (328.5138,318.8076,20.11905)
compute 7.89204089088731(-0.578634023666382,1.29041159152985,0.56369149684906) (-0.5813627,1.218856,0.59687) (336.4312,273.3933,52.65155) (-0.2414552,1.275046,0.151997) (329.8727,316.4648,20.9323)
compute 10.4006694048217(-0.583367824554443,1.38402318954468,0.518615424633026) (-0.578634,1.290412,0.5636915) (325.4358,266.4245,58.67833) (-0.2426876,1.271274,0.1593074) (327.6449,314.6124,16.93177)
compute 8.48749496763265(-0.629256367683411,1.44584572315216,0.482894659042358) (-0.5833678,1.384023,0.5186154) (318.5943,260.0716,56.81079) (-0.2782573,1.269069,0.1567624) (326.844,313.6571,18.8154)
compute 7.33453172544434(-0.692740380764008,1.47491347789764,0.460436224937439) (-0.6292564,1.445846,0.4828947) (318.6491,252.7698,68.5164) (-0.323757,1.256323,0.1532062) (326.6856,313.7064,19.01672)
compute 6.27154895227134(-0.753158032894135,1.49060523509979,0.454377442598343) (-0.6927404,1.474913,0.4604362) (319.7838,250.563,77.42966) (-0.3697247,1.256771,0.1491397) (325.9373,315.2236,19.39307)
compute 4.3531455264738(-0.7890784740448,1.51144623756409,0.467429727315903) (-0.753158,1.490605,0.4543774) (314.2324,252.2341,72.61081) (-0.4053124,1.273235,0.1490714) (325.8481,317.587,18.85568)
compute 2.30883501526378(-0.804351091384888,1.51820683479309,0.483370661735535) (-0.7890785,1.511446,0.4674297) (313.2669,254.3987,74.5385) (-0.4211217,1.27704,0.1530937) (327.5121,318.4996,18.13722)
compute 2.79902829965333(-0.801828682422638,1.52418208122253,0.510599136352539) (-0.8043511,1.518207,0.4833707) (308.164,259.0056,64.7052) (-0.4336357,1.278192,0.1535135) (329.3505,318.1255,18.70762)
compute 1.90850227768666(-0.791395664215088,1.52151453495026,0.526355862617493) (-0.8018287,1.524182,0.5105991) (305.9135,267.6143,46.04258) (-0.4314582,1.277918,0.1527565) (329.3254,318.612,19.24537)
compute 3.26284287254081(-0.792631149291992,1.50648188591003,0.555288672447205) (-0.7913957,1.521515,0.5263559) (306.8655,279.0952,26.8538) (-0.4187425,1.273407,0.1508767) (330.6505,319.6072,17.78209)
compute 5.28598384392408(-0.80909925699234,1.45856416225433,0.570350408554077) (-0.7926311,1.506482,0.5552887) (305.4858,279.9925,23.00241) (-0.4160183,1.268038,0.1489634) (333.8759,319.3029,17.26269)
compute 12.1754472406576(-0.866254687309265,1.35430145263672,0.596555292606354) (-0.8090993,1.458564,0.5703504) (320.7509,281.8945,20.42622) (-0.4225997,1.262958,0.1462074) (334.6732,316.9462,16.99475)
compute 6.66422427292581(-0.8954256772995,1.29977560043335,0.621398270130157) (-0.8662547,1.354301,0.5965553) (322.2856,284.8543,17.85041) (-0.4375729,1.259369,0.1526313) (337.0266,315.7814,15.93792)
compute 0.741139588710501(-0.896100044250488,1.29251778125763,0.620057344436646) (-0.8954257,1.299776,0.6213983) (314.2118,284.6829,14.50195) (-0.4503765,1.256838,0.1634455) (339.504,317.0017,15.90342)
compute 3.42327501327808(-0.887358963489532,1.27514445781708,0.591885685920715) (-0.8961,1.292518,0.6200573) (314.6097,273.0807,35.01146) (-0.4229245,1.268444,0.1778286) (331.3026,340.6907,13.00307)
compute 6.22442057007301(-0.84577465057373,1.26455724239349,0.546796917915344) (-0.887359,1.275144,0.5918857) (322.602,260.8919,55.22445) (-0.3696935,1.281015,0.1757017) (324.7297,11.43615,4.5338)
compute 9.51495837547411(-0.755004644393921,1.26405239105225,0.518266320228577) (-0.8457747,1.264557,0.5467969) (327.8039,258.7057,57.33167) (-0.3436394,1.280042,0.1607796) (324.478,21.17524,1.119085)
compute 12.9183743163357(-0.628333747386932,1.28940832614899,0.518262028694153) (-0.7550046,1.264052,0.5182663) (320.9628,262.142,48.84068) (-0.3222612,1.267359,0.1542868) (325.3781,27.60908,359.0648)
compute 16.5607346194352(-0.465135753154755,1.29837989807129,0.544940114021301) (-0.6283337,1.289408,0.518262) (310.9081,272.3864,41.71567) (-0.2721086,1.256056,0.1499589) (327.0975,35.48386,354.9854)
compute 13.3028854946628(-0.334607034921646,1.28019905090332,0.563061594963074) (-0.4651358,1.29838,0.5449401) (305.075,283.8244,35.27389) (-0.2212009,1.247982,0.1505664) (327.0498,38.80157,352.0297)
compute 11.9542680699878(-0.217107370495796,1.26030051708221,0.572459995746613) (-0.334607,1.280199,0.5630616) (302.853,293.7238,32.6459) (-0.1739763,1.256717,0.14943) (319.6797,34.96714,351.9985)
compute 8.65259035655911(-0.130699127912521,1.26361608505249,0.569401443004608) (-0.2171074,1.260301,0.57246) (298.1819,289.8132,53.04297) (-0.1198444,1.25833,0.1542593) (327.5623,35.4164,350.6369)
compute 6.54472630860401(-0.0665424391627312,1.2599288225174,0.557005167007446) (-0.1306991,1.263616,0.5694014) (294.9536,284.5486,68.6159) (-0.0820595,1.252212,0.1621248) (337.2489,39.43233,351.0102)
compute 7.02425147625847(-0.00221963273361325,1.23171818256378,0.556140720844269) (-0.06654244,1.259929,0.5570052) (289.2341,300.6496,54.62391) (-0.05817721,1.248777,0.1618393) (344.0573,43.60706,350.8153)
compute 8.03302586616683(0.0597212463617325,1.18101727962494,0.56290066242218) (-0.002219633,1.231718,0.5561407) (286.7342,357.3091,348.9153) (-0.04440904,1.24528,0.1606592) (348.507,46.90114,349.4497)
compute 7.62210425253336(0.0959217920899391,1.11497986316681,0.574657678604126) (0.05972125,1.181017,0.5629007) (298.4025,25.77196,309.5249) (-0.04297634,1.238081,0.1623085) (353.3918,49.52563,350.0079)
compute 6.68609622410346(0.113677740097046,1.05094647407532,0.58206307888031) (0.09592179,1.11498,0.5746577) (306.6017,27.14928,306.4785) (-0.04560874,1.235211,0.1680293) (356.2157,51.20891,352.0712)
compute 6.41257458591141(0.134978502988815,0.990843296051025,0.588845193386078) (0.1136777,1.050946,0.5820631) (320.4444,25.61458,304.2181) (-0.04692632,1.233717,0.1721638) (359.1045,51.65182,352.5779)
compute 3.3529564467165(0.157125413417816,0.966255724430084,0.583441734313965) (0.1349785,0.9908433,0.5888452) (325.1319,29.45775,304.0517) (-0.05514225,1.240621,0.180088) (353.1867,45.2849,352.1826)
compute 1.47913574576594(0.160645216703415,0.972632467746735,0.570568025112152) (0.1571254,0.9662557,0.5834417) (320.4245,28.63457,307.166) (-0.08777308,1.269998,0.1894743) (339.0983,30.89078,351.7282)
compute 3.55557840515098(0.150603830814362,1.004558801651,0.558564126491547) (0.1606452,0.9726325,0.570568) (314.2363,28.71034,310.7041) (-0.1132547,1.278928,0.189169) (330.9821,20.4413,355.3492)
compute 3.78559019091048(0.126272395253181,1.0335146188736,0.556948184967041) (0.1506038,1.004559,0.5585641) (307.5511,26.96682,314.336) (-0.123367,1.281684,0.1889762) (326.8016,15.2147,357.6826)
compute 2.70639150382781(0.103165075182915,1.04171085357666,0.568408071994781) (0.1262724,1.033515,0.5569482) (303.8247,21.94914,319.3502) (-0.1266101,1.280857,0.1919185) (326.6089,14.03936,358.7935)
compute 1.78824932909969(0.0921916365623474,1.03811061382294,0.582061111927032) (0.1031651,1.041711,0.5684081) (304.0452,19.22008,318.6267) (-0.1302327,1.277084,0.2005247) (332.1948,14.90481,359.2057)
compute 0.940618164464796(0.0853391662240028,1.03335547447205,0.586409509181976) (0.09219164,1.038111,0.5820611) (305.1673,16.89356,319.3856) (-0.1132689,1.256111,0.2151235) (346.2525,18.7251,1.330661)
compute 0.74597971818854(0.0807455629110336,1.03217494487762,0.580651581287384) (0.08533917,1.033355,0.5864095) (304.7682,15.27867,317.4385) (-0.08181136,1.239439,0.2165028) (354.0395,16.94373,3.094215)
compute 1.80894759686051(0.0734424591064453,1.0163289308548,0.575876891613007) (0.08074556,1.032175,0.5806516) (304.4803,8.892374,319.0157) (-0.04635625,1.229578,0.2144706) (357.8426,9.305099,3.801367)
compute 2.76524387937237(0.065301351249218,0.99025821685791,0.571552813053131) (0.07344246,1.016329,0.5758769) (306.6448,1.885983,319.8472) (-0.01852673,1.223037,0.217263) (2.668628,355.9143,5.146853)
compute 3.4253284203112(0.0551469475030899,0.959211587905884,0.56124347448349) (0.06530135,0.9902582,0.5715528) (311.6461,354.0686,320.5116) (-0.005158849,1.218699,0.2071917) (9.5753,343.5307,3.378766)
compute 4.10792285745365(0.0346029289066792,0.935553431510925,0.534677743911743) (0.05514695,0.9592116,0.5612435) (314.6591,340.884,334.4699) (-0.006223075,1.209072,0.1909925) (18.33542,330.5438,1.995887)
compute 3.48590412301727(0.0216399636119604,0.917377173900604,0.507905781269073) (0.03460293,0.9355534,0.5346777) (317.5389,336.6165,336.5885) (-0.01130074,1.206304,0.1758779) (20.41268,325.1036,1.150447)
compute 2.75634837118996(0.0142910126596689,0.893798589706421,0.495666950941086) (0.02163996,0.9173772,0.5079058) (319.8315,334.9647,338.343) (-0.0211932,1.206358,0.1638225) (20.49203,324.156,1.645775)
compute 2.70639150382781(0.000711594067979604,0.871750831604004,0.487796038389206) (0.01429101,0.8937986,0.495667) (323.8517,334.6248,334.808) (-0.03806849,1.208931,0.1556566) (22.13333,322.5776,3.579118)
compute 3.63556871108476(-0.0285746026784182,0.854849398136139,0.474439531564713) (0.0007115941,0.8717508,0.487796) (327.3991,329.3306,336.1913) (-0.0584722,1.205706,0.1487668) (23.47817,318.9099,2.785364)
compute 3.93354307552961(-0.0618868730962276,0.841230571269989,0.458561986684799) (-0.0285746,0.8548494,0.4744395) (330.3542,325.2899,336.6544) (-0.06865714,1.206661,0.1454666) (23.33015,317.3594,3.683572)
Average= 8.11673016640511
Max= 32.6232317210186
Standard Deviation= 9.21072878551418
Right: 34    Miss: 6
0
