compute 60.4211193708488(0.0531967803835869,0.528888583183289,0.3035988509655) (0.3658214,1.043587,0.3528152) (322.1115,339.1991,45.21175) (-0.008588284,0.9133791,0.1300601) (17.90756,355.7851,358.6221)
compute 0.781413139035497(0.0572898462414742,0.52233874797821,0.302412629127502) (0.05319678,0.5288886,0.3035989) (321.394,338.3222,44.80893) (-0.04675253,0.9102941,0.1243353) (18.53732,337.5034,358.0295)
compute 0.503113605546559(0.0617432557046413,0.520077586174011,0.301807135343552) (0.05728985,0.5223387,0.3024126) (321.0867,336.8578,44.62437) (-0.07191131,0.9121537,0.1122427) (18.4787,326.4774,358.3446)
compute 0.986051340682719(0.0621241927146912,0.529767751693726,0.300022393465042) (0.06174326,0.5200776,0.3018071) (321.903,334.2477,45.03678) (-0.0870602,0.9069178,0.1043395) (21.23165,321.5272,358.5958)
compute 1.29914743076278(0.0540766790509224,0.539956331253052,0.30047932267189) (0.06212419,0.5297678,0.3000224) (323.0777,331.5894,45.46415) (-0.09390169,0.9006053,0.1118617) (23.71074,323.232,0.03591522)
compute 3.19604465803256(0.0242069158703089,0.545164883136749,0.310585677623749) (0.05407668,0.5399563,0.3004793) (324.6729,325.3353,48.20151) (-0.1115613,0.8868003,0.130471) (28.13307,325.876,1.332705)
compute 4.34033264505706(-0.0175804626196623,0.543543994426727,0.322206199169159) (0.02420692,0.5451649,0.3105857) (325.1756,318.3435,49.95161) (-0.1295518,0.8688056,0.1595628) (31.97072,330.9527,3.57586)
compute 5.64435696089579(-0.0702469795942307,0.527927458286285,0.335176885128021) (-0.01758046,0.543544,0.3222062) (327.4905,311.9901,50.4403) (-0.163589,0.8607019,0.1931689) (33.16528,332.6623,5.015064)
compute 7.13550923988421(-0.125646620988846,0.492380052804947,0.362723410129547) (-0.07024698,0.5279275,0.3351769) (332.9827,308.6727,46.45898) (-0.2049531,0.8423152,0.2291867) (34.06476,332.1953,5.138556)
compute 9.80860060808397(-0.204099968075752,0.456749945878983,0.409589529037476) (-0.1256466,0.4923801,0.3627234) (335.3827,304.0295,47.68962) (-0.2422338,0.8100966,0.261791) (37.84018,333.167,6.218381)
compute 12.6658168469211(-0.304807275533676,0.392302989959717,0.451385706663132) (-0.2041,0.4567499,0.4095895) (340.3791,291.5366,56.52049) (-0.2807823,0.7847159,0.2947868) (39.33612,334.0082,8.056812)
compute 12.5752203020321(-0.384287357330322,0.324741154909134,0.521613419055939) (-0.3048073,0.392303,0.4513857) (345.9976,284.8143,67.31144) (-0.3080467,0.7557085,0.3285151) (39.95849,336.1644,9.517093)
compute 14.4579490559606(-0.43841028213501,0.244733899831772,0.629190266132355) (-0.3842874,0.3247412,0.5216134) (353.2209,289.3926,72.44908) (-0.3250604,0.7282371,0.3568893) (40.72465,337.179,9.255511)
compute 7.78238560619628(-0.435170918703079,0.242011085152626,0.706898987293243) (-0.4384103,0.2447339,0.6291903) (357.5671,299.6868,76.13853) (-0.3347781,0.7073339,0.3826067) (39.14722,336.5607,7.147401)
compute 5.88433859795277(-0.398266226053238,0.197357445955276,0.717225670814514) (-0.4351709,0.2420111,0.706899) (19.65459,308.4392,58.92397) (-0.3342948,0.7061685,0.3858035) (42.8342,336.6319,9.01887)
compute 7.95027882641292(-0.385821878910065,0.128033682703972,0.680346846580505) (-0.3982662,0.1973574,0.7172257) (33.64304,290.3704,59.682) (-0.3231124,0.740528,0.3667912) (38.90408,334.6938,7.302204)
compute 8.03044296082369(-0.342139422893524,0.137161925435066,0.61358368396759) (-0.3858219,0.1280337,0.6803468) (32.05239,287.8783,44.87264) (-0.3038779,0.7861619,0.330473) (34.94874,334.4136,6.89066)
compute 10.1251270519954(-0.29682993888855,0.198460653424263,0.546940326690674) (-0.3421394,0.1371619,0.6135837) (24.8833,289.7764,40.69491) (-0.2738532,0.8402868,0.2890825) (29.0264,336.8748,6.081512)
compute 12.4897104250429(-0.232270613312721,0.282861053943634,0.481305330991745) (-0.2968299,0.1984607,0.5469403) (17.16308,297.0711,38.09575) (-0.2447431,0.8897229,0.2591323) (21.57912,339.8785,6.03331)
compute 10.2632092839557(-0.171881392598152,0.354604631662369,0.439599841833115) (-0.2322706,0.2828611,0.4813053) (11.08414,306.8244,37.34443) (-0.2225614,0.9199846,0.2144868) (19.18966,332.9611,3.962773)
compute 7.7383069729146(-0.118033051490784,0.403306573629379,0.412830144166946) (-0.1718814,0.3546046,0.4395998) (4.091546,315.7228,39.23024) (-0.2077555,0.9417372,0.164856) (15.2253,323.2885,1.975191)
compute 6.17038045376628(-0.0785083249211311,0.445493102073669,0.391255795955658) (-0.1180331,0.4033066,0.4128301) (356.0617,320.8151,38.79211) (-0.1873972,0.9602053,0.1241818) (7.262546,321.6563,0.8958029)
compute 4.31695231846184(-0.0647230222821236,0.481939554214478,0.372675448656082) (-0.07850832,0.4454931,0.3912558) (347.8114,321.4254,39.93624) (-0.1626436,0.9665814,0.09535716) (1.872241,321.9189,2.004583)
compute 2.39630983579926(-0.0646042823791504,0.500339806079865,0.357324659824371) (-0.06472302,0.4819396,0.3726754) (341.1324,317.6544,43.9607) (-0.1405056,0.966868,0.07397036) (359.8392,322.8348,1.98968)
compute 1.93077416296771(-0.0688667371869087,0.511311948299408,0.342020004987717) (-0.06460428,0.5003398,0.3573247) (335.9418,313.8014,46.00115) (-0.1192079,0.9643319,0.06484598) (358.2379,326.498,1.059706)
compute 1.95335078493675(-0.075335294008255,0.517077445983887,0.324513584375381) (-0.06886674,0.5113119,0.34202) (332.8875,310.1929,48.87945) (-0.0973457,0.9620619,0.06646968) (358.7333,333.6832,359.6266)
compute 2.50505586200956(-0.0795559585094452,0.531033217906952,0.304143190383911) (-0.07533529,0.5170774,0.3245136) (330.8154,309.4863,48.93395) (-0.06404835,0.9520997,0.08714306) (3.171166,349.8831,356.5184)
compute 0.950037952147871(-0.0789308771491051,0.537828385829926,0.297533184289932) (-0.07955596,0.5310332,0.3041432) (329.5521,310.8197,50.1895) (-0.03078163,0.9390371,0.1015636) (6.691931,6.351893,356.2861)
compute 0.512848994395874(-0.0757485702633858,0.533811271190643,0.297340512275696) (-0.07893088,0.5378284,0.2975332) (328.9996,313.6647,50.50675) (-0.004206117,0.9289788,0.1082127) (8.131664,19.06312,356.6221)
compute 1.3876592277332(-0.0706767663359642,0.520909488201141,0.297957450151443) (-0.07574857,0.5338113,0.2973405) (328.4207,316.3354,50.61337) (0.01462927,0.9187514,0.1087311) (10.43104,28.75005,357.9286)
compute 0.993272145535622(-0.0641629695892334,0.513435661792755,0.298566818237305) (-0.07067677,0.5209095,0.2979575) (328.3036,319.2543,51.21798) (0.02389486,0.9054173,0.1019909) (15.44349,32.4684,358.9144)
compute 2.29009017341846(-0.0415866263210773,0.511371493339539,0.301807075738907) (-0.06416297,0.5134357,0.2985668) (328.584,324.4662,50.72433) (0.02792071,0.9039974,0.1070325) (18.06273,29.4028,357.5988)
compute 5.49871812693776(0.00898726936429739,0.511201143264771,0.323390454053879) (-0.04158663,0.5113715,0.3018071) (330.1859,331.984,47.40736) (0.0388321,0.8947769,0.1404722) (22.37541,27.65713,356.7551)
compute 11.3220714927018(0.0973806828260422,0.495708644390106,0.392423182725906) (0.008987269,0.5112011,0.3233905) (336.2775,342.4703,46.56432) (0.05818865,0.8778208,0.1834425) (27.79011,26.6938,357.0702)
compute 15.9768761552641(0.19936241209507,0.423984557390213,0.492330342531204) (0.09738068,0.4957086,0.3924232) (343.392,354.0349,46.78345) (0.08368557,0.8558235,0.2553991) (31.04815,24.82305,357.5444)
compute 15.3788008881197(0.268161714076996,0.330551117658615,0.593263983726501) (0.1993624,0.4239846,0.4923303) (354.2768,0.1326513,46.63256) (0.1095255,0.8276142,0.3352334) (32.31667,23.54084,357.6825)
compute 12.6810747730844(0.308879166841507,0.253672927618027,0.685528814792633) (0.2681617,0.3305511,0.593264) (2.705743,0.9777108,51.05761) (0.1284468,0.7954392,0.3934904) (33.34215,22.14822,357.6485)
compute 9.51083184565391(0.346451044082642,0.216752037405968,0.764717161655426) (0.3088792,0.2536729,0.6855288) (4.8956,2.64036,55.61849) (0.1458379,0.7582538,0.4314725) (34.5462,19.86008,355.6631)
compute 6.44143838280567(0.380052745342255,0.207609221339226,0.818907082080841) (0.346451,0.216752,0.7647172) (2.407554,6.768048,62.52993) (0.1555308,0.7294238,0.4443878) (36.33831,18.43915,353.4969)
compute 3.09222715821566(0.365133345127106,0.188857227563858,0.838450908660889) (0.3800527,0.2076092,0.8189071) (5.820921,358.0175,67.25005) (0.1573438,0.7190002,0.4434503) (36.3821,17.53105,353.0847)
compute 6.26043579050839(0.329931914806366,0.156793221831322,0.797805309295654) (0.3651333,0.1888572,0.8384509) (17.0489,348.4454,69.10294) (0.1479204,0.7414629,0.4175922) (36.3261,17.47387,354.3782)
compute 7.81072793459772(0.309772193431854,0.142105460166931,0.723787724971771) (0.3299319,0.1567932,0.7978053) (22.57738,351.1373,56.95591) (0.1281691,0.7974632,0.3858964) (29.43807,13.02644,351.713)
compute 10.1480665021876(0.273486495018005,0.183184012770653,0.638381481170654) (0.3097722,0.1421055,0.7237877) (18.6336,349.4145,51.55237) (0.09862178,0.860394,0.3380554) (19.76679,9.102431,351.6773)
compute 10.451194830559(0.240029811859131,0.248828321695328,0.564258456230164) (0.2734865,0.183184,0.6383815) (11.9073,348.2943,45.17826) (0.07517435,0.9062695,0.2934187) (12.34037,7.652253,354.317)
compute 8.78182895180599(0.216491192579269,0.320783078670502,0.519755661487579) (0.2400298,0.2488283,0.5642585) (4.467527,347.8764,44.36651) (0.04373579,0.9393203,0.2382918) (7.344467,5.165325,356.2592)
compute 7.12644282163737(0.198056802153587,0.384103655815125,0.49275016784668) (0.2164912,0.3207831,0.5197557) (355.0658,350.3097,42.25316) (0.01753173,0.9446424,0.1999904) (14.21437,4.349278,357.954)
compute 4.93856823692011(0.16693127155304,0.41925972700119,0.477446645498276) (0.1980568,0.3841037,0.4927502) (350.1556,345.8107,48.58801) (0.001340152,0.9111149,0.1843191) (21.88695,4.99224,359.0018)
compute 3.87200057461722(0.128239870071411,0.420736789703369,0.477266043424606) (0.1669313,0.4192597,0.4774466) (350.7318,337.2661,55.86606) (-0.006438833,0.881723,0.1807453) (29.20765,5.47479,359.0638)
compute 5.77611590798749(0.111862853169441,0.379489719867706,0.514236629009247) (0.1282399,0.4207368,0.477266) (356.4982,335.6197,54.16008) (-0.009892547,0.8633271,0.2241439) (31.12941,5.137432,359.5556)
compute 9.12906952176175(0.102988496422768,0.322252959012985,0.584800004959106) (0.1118629,0.3794897,0.5142366) (5.511532,333.9005,54.08756) (-0.007905052,0.8363179,0.3023911) (32.49982,5.326524,0.5549895)
compute 12.0693755688402(0.0970814451575279,0.264867037534714,0.690813899040222) (0.1029885,0.322253,0.5848) (9.839366,332.7592,58.00181) (-0.002786799,0.7923144,0.3846364) (34.63577,3.416796,1.250623)
compute 11.5776080145569(0.104906678199768,0.231897130608559,0.801520049571991) (0.09708145,0.264867,0.6908139) (6.305329,336.2302,66.96017) (0.001496173,0.7566652,0.4359439) (37.83447,0.128097,0.5124719)
compute 7.32518401352516(0.12224768102169,0.207660213112831,0.868435621261597) (0.1049067,0.2318971,0.80152) (7.340786,339.5989,69.02402) (0.000189852,0.7432439,0.4448696) (37.97575,359.0487,359.8901)
compute 4.50318553910445(0.134388610720634,0.181816548109055,0.903257608413696) (0.1222477,0.2076602,0.8684356) (11.08993,340.1649,73.72809) (0.004615974,0.7288432,0.4616151) (35.46587,357.747,357.9886)
compute 4.86671959521508(0.131004005670547,0.139821842312813,0.878896057605743) (0.1343886,0.1818165,0.9032576) (21.68407,337.3779,70.86192) (0.007351369,0.7255012,0.4581438) (37.04269,356.1115,357.3232)
compute 8.44829518411251(0.114832185208797,0.127662494778633,0.796871721744537) (0.131004,0.1398218,0.8788961) (28.20682,332.6166,63.53082) (0.004983492,0.771248,0.4335675) (32.94481,357.5864,357.8752)
compute 9.70826982429055(0.0966149792075157,0.144525557756424,0.703016400337219) (0.1148322,0.1276625,0.7968717) (29.3175,328.2326,55.61911) (0.002745524,0.8324894,0.3764758) (25.64909,357.4892,358.1372)
compute 10.3536480732368(0.0764217227697372,0.198446601629257,0.616966664791107) (0.09661498,0.1445256,0.7030164) (24.64815,323.7876,52.67913) (-0.01478978,0.8774882,0.318177) (20.52595,354.323,358.6576)
compute 10.1700087431626(0.0528704039752483,0.266318410634995,0.54498291015625) (0.07642172,0.1984466,0.6169667) (19.98038,320.1432,51.09138) (-0.04738525,0.9083673,0.2586117) (17.309,348.6741,0.05282005)
compute 7.83113837429583(0.0271580722182989,0.323328226804733,0.497850865125656) (0.0528704,0.2663184,0.5449829) (13.67036,319.282,53.01228) (-0.06260014,0.9186415,0.2093269) (22.16628,347.6783,1.576553)
compute 5.03642509329648(0.000956375966779888,0.354022443294525,0.467719584703445) (0.02715807,0.3233282,0.4978509) (7.906783,316.8592,58.17823) (-0.07008616,0.8914904,0.177159) (30.84084,350.5879,3.874682)
compute 2.36342643383558(-0.0224904883652925,0.35135480761528,0.469026029109955) (0.000956376,0.3540224,0.4677196) (7.040032,315.0369,59.85216) (-0.08890097,0.8788856,0.1816986) (32.59482,349.5566,3.624402)
compute 5.92465249697748(-0.0608383342623711,0.329217910766602,0.508390367031097) (-0.02249049,0.3513548,0.469026) (8.166858,313.6424,59.65103) (-0.1175136,0.8584417,0.2384491) (33.57375,349.4575,4.892158)
compute 9.43698987536311(-0.116778247058392,0.295090943574905,0.576300263404846) (-0.06083833,0.3292179,0.5083904) (10.0932,311.7136,58.28126) (-0.152898,0.8259041,0.310231) (34.55354,349.0665,6.421321)
compute 12.202425478279(-0.165244400501251,0.253834933042526,0.680410265922546) (-0.1167782,0.2950909,0.5763003) (10.01623,313.2444,59.59063) (-0.1870248,0.780104,0.3656515) (38.10903,346.995,8.181979)
compute 10.4753042318404(-0.181193858385086,0.225619494915009,0.780023038387299) (-0.1652444,0.2538349,0.6804103) (7.785915,319.7047,64.87553) (-0.2107446,0.7490081,0.3969997) (41.61652,346.09,8.556162)
compute 7.91693902873088(-0.178338438272476,0.191659063100815,0.85148161649704) (-0.1811939,0.2256195,0.780023) (9.809346,324.274,69.15565) (-0.2255528,0.7281349,0.4176419) (41.25822,344.8643,8.566266)
compute 5.69908817851653(-0.157880440354347,0.164452567696571,0.897189795970917) (-0.1783384,0.1916591,0.8514816) (12.96895,332.4493,69.23799) (-0.2313604,0.7132753,0.4382313) (41.04833,344.5713,7.398842)
compute 4.7080027985077(-0.148948043584824,0.130305603146553,0.866033315658569) (-0.1578804,0.1644526,0.8971898) (26.6397,326.8101,67.25802) (-0.2318611,0.7182328,0.4410991) (40.92083,344.8619,7.431244)
compute 8.1546370996128(-0.14562851190567,0.127837866544724,0.784591913223267) (-0.148948,0.1303056,0.8660333) (30.75067,323.519,59.42041) (-0.2216232,0.7688132,0.4202361) (35.07559,344.3581,6.165347)
compute 8.64774030447031(-0.149237841367722,0.152739390730858,0.701856017112732) (-0.1456285,0.1278379,0.7845919) (28.28482,317.2533,58.11468) (-0.2144028,0.8195781,0.3639358) (28.3903,344.3954,6.129335)
compute 9.75376252462883(-0.149475440382957,0.191835880279541,0.612497210502625) (-0.1492378,0.1527394,0.701856) (25.49556,314.1088,54.10831) (-0.2105519,0.856935,0.3157775) (23.68299,344.0646,7.434155)
compute 9.80776833967131(-0.148081630468369,0.238993033766747,0.526511788368225) (-0.1494754,0.1918359,0.6124972) (22.36338,311.6742,51.9712) (-0.206203,0.8891773,0.266133) (20.98821,342.9195,7.715527)
compute 7.5070955317079(-0.144947290420532,0.281204640865326,0.464511752128601) (-0.1480816,0.238993,0.5265118) (19.0262,311.1025,49.14085) (-0.2076478,0.9091069,0.2102306) (21.98089,336.4092,7.466294)
compute 5.97291660352452(-0.137135744094849,0.323976516723633,0.423559099435806) (-0.1449473,0.2812046,0.4645118) (13.17056,311.7429,50.58094) (-0.2080947,0.9218692,0.1554984) (21.41631,329.4686,5.279692)
compute 4.84209024058117(-0.123597197234631,0.359700500965118,0.393808662891388) (-0.1371357,0.3239765,0.4235591) (5.089354,313.5119,52.19217) (-0.2039648,0.9275751,0.1166721) (22.35989,323.4698,4.484917)
compute 3.17604404666664(-0.110452100634575,0.382591038942337,0.376146405935287) (-0.1235972,0.3597005,0.3938087) (358.8485,313.8011,51.5381) (-0.1982718,0.9287473,0.08093234) (23.03603,315.9342,3.282301)
compute 2.99045907456229(-0.0998221561312675,0.409372597932816,0.368144094944) (-0.1104521,0.382591,0.3761464) (354.143,313.187,52.0613) (-0.1941716,0.9233912,0.05650043) (22.49013,310.9894,2.529295)
compute 2.27070119711147(-0.0890094116330147,0.429072201251984,0.364885479211807) (-0.09982216,0.4093726,0.3681441) (351.0421,312.4487,54.05599) (-0.1834772,0.9211895,0.04434136) (21.47917,310.9354,3.408149)
compute 0.840181799312895(-0.0818587094545364,0.433154493570328,0.363214284181595) (-0.08900941,0.4290722,0.3648855) (349.5837,312.4162,53.64106) (-0.1740779,0.9197599,0.04097117) (20.04582,313.1476,3.437878)
compute 0.634214577873922(-0.0766539499163628,0.43449267745018,0.359846413135529) (-0.08185871,0.4331545,0.3632143) (348.5184,312.1136,54.31297) (-0.1420228,0.9255414,0.06584707) (17.70586,327.3121,2.123294)
compute 1.12284988651636(-0.0710026994347572,0.435967475175858,0.350256443023682) (-0.07665395,0.4344927,0.3598464) (347.9263,312.8973,54.51868) (-0.08117261,0.9255529,0.1013103) (17.50378,352.8803,1.832212)
compute 1.3932591321968(-0.0587778948247433,0.435714840888977,0.343577563762665) (-0.0710027,0.4359675,0.3502564) (347.6104,315.9451,54.56512) (-0.03263638,0.9165651,0.1095088) (19.26739,13.0609,1.820631)
compute 0.852652284749947(-0.0551339760422707,0.436756134033203,0.335939556360245) (-0.05877789,0.4357148,0.3435776) (346.8137,319.9442,54.17453) (-0.00629469,0.9131421,0.1135641) (19.77892,25.06332,2.641373)
compute 0.369179196924424(-0.0557156763970852,0.438697010278702,0.332853466272354) (-0.05513398,0.4367561,0.3359396) (346.599,321.9481,53.54274) (0.008081638,0.9098156,0.1150961) (21.37475,28.80792,2.820621)
compute 3.03712785887342(-0.0356920547783375,0.453056067228317,0.35060977935791) (-0.05571568,0.438697,0.3328535) (348.4873,331.2109,46.51811) (0.01736949,0.9040939,0.1263904) (24.66988,26.52991,0.9836029)
compute 6.29468224963738(0.0148121640086174,0.459370195865631,0.387647032737732) (-0.03569205,0.4530561,0.3506098) (349.4606,335.7597,51.31796) (0.03416555,0.8944311,0.1498531) (27.09492,25.92172,359.4078)
compute 10.7247200318849(0.102640002965927,0.443339020013809,0.447071224451065) (0.01481216,0.4593702,0.387647) (354.1929,347.6602,43.84629) (0.05879888,0.8826677,0.193039) (29.73312,25.43909,358.7662)
compute 12.8754329275555(0.19426329433918,0.396445244550705,0.524426400661469) (0.10264,0.443339,0.4470712) (359.3734,357.5457,40.93389) (0.08425904,0.8620383,0.2624103) (31.01924,24.17072,358.8318)
compute 13.0743008632522(0.257851928472519,0.321380645036697,0.610539853572845) (0.1942633,0.3964452,0.5244264) (5.422405,1.642025,43.1832) (0.1095415,0.8353435,0.3300303) (31.7863,22.21745,358.2243)
compute 11.7330489975633(0.306337386369705,0.256668597459793,0.695557236671448) (0.2578519,0.3213806,0.6105399) (8.168679,4.641719,47.58125) (0.1259235,0.8005659,0.3787735) (33.99896,19.2573,356.7184)
compute 8.44932226356407(0.337915778160095,0.223905012011528,0.766750335693359) (0.3063374,0.2566686,0.6955572) (6.186542,4.395653,58.21607) (0.1381172,0.773244,0.4063964) (35.453,16.64034,354.1833)
compute 5.62792641346928(0.360659778118134,0.201941028237343,0.813308358192444) (0.3379158,0.223905,0.7667503) (7.464136,6.29687,62.6487) (0.1439063,0.7520411,0.4246866) (35.10435,12.08828,349.6502)
compute 2.69463978932121(0.355765074491501,0.199212774634361,0.839665651321411) (0.3606598,0.201941,0.8133084) (6.462254,2.042866,69.18774) (0.1484374,0.7370863,0.4409096) (34.89128,9.699948,347.5144)
compute 4.25603440875375(0.324039906263351,0.173307552933693,0.828097760677338) (0.3557651,0.1992128,0.8396657) (11.22779,355.7604,68.81467) (0.1536145,0.7331407,0.4338082) (38.73184,10.62717,347.7002)
compute 6.82216233953272(0.297388881444931,0.162639230489731,0.766209959983826) (0.3240399,0.1733076,0.8280978) (15.02855,354.3111,65.33823) (0.1519457,0.7717073,0.403617) (34.11363,11.17794,347.7971)
compute 10.6431529865551(0.259897023439407,0.195718124508858,0.672253489494324) (0.2973889,0.1626392,0.76621) (11.51838,352.0755,58.56351) (0.1277445,0.8378255,0.3622073) (23.48009,9.166517,348.0489)
compute 14.30594515659(0.210383966565132,0.309211879968643,0.600604116916656) (0.259897,0.1957181,0.6722535) (357.6287,345.1419,59.86742) (0.1064846,0.8839226,0.3234241) (14.63398,8.816162,350.2299)
compute 14.5958813778901(0.169376790523529,0.442940980195999,0.558903813362122) (0.210384,0.3092119,0.6006041) (341.3073,337.5291,64.58559) (0.07721935,0.9255665,0.275742) (8.677459,7.494206,352.7104)
compute 8.54441519536261(0.149759367108345,0.522533535957336,0.534802258014679) (0.1693768,0.442941,0.5589038) (333.2349,338.2906,62.68443) (0.04890545,0.9570263,0.2190626) (5.217263,7.679798,354.9154)
compute 4.28009176421236(0.124251335859299,0.546491503715515,0.510159313678741) (0.1497594,0.5225335,0.5348023) (332.8101,336.3651,62.44662) (0.036133,0.9570013,0.1751151) (12.87189,13.89544,355.4118)
compute 3.4745520318002(0.113688208162785,0.519503712654114,0.490993440151215) (0.1242513,0.5464915,0.5101593) (337.8788,336.3391,57.70353) (0.04432969,0.922416,0.1650891) (20.4045,19.49732,354.8308)
compute 7.45254649052286(0.146964728832245,0.454546064138412,0.506067335605621) (0.1136882,0.5195037,0.4909934) (346.99,340.7187,56.13477) (0.0673067,0.8956546,0.1855291) (24.09521,22.38101,354.0924)
compute 11.0739526462609(0.220073133707047,0.387492060661316,0.555282831192017) (0.1469647,0.4545461,0.5060673) (354.7082,350.5099,51.66146) (0.1020247,0.8685873,0.2486427) (27.65921,24.96994,354.3326)
compute 12.3432835178637(0.293851494789124,0.321134448051453,0.628693222999573) (0.2200731,0.3874921,0.5552828) (0.8119218,356.2198,54.23483) (0.1468562,0.8279417,0.3278018) (30.62707,25.81219,354.6233)
compute 11.826131913717(0.364617079496384,0.268474996089935,0.707464754581451) (0.2938515,0.3211344,0.6286932) (3.429931,1.035342,59.39584) (0.1744153,0.7944279,0.3767942) (33.43993,25.41117,354.7991)
compute 9.46474320616654(0.429419279098511,0.229816317558289,0.764598965644836) (0.3646171,0.268475,0.7074648) (5.167779,2.951716,69.49525) (0.2015364,0.7606289,0.4151369) (35.35902,24.7687,354.568)
compute 8.32315810345824(0.496548891067505,0.187271252274513,0.789317965507507) (0.4294193,0.2298163,0.764599) (9.819656,8.263499,74.13404) (0.2152306,0.7358873,0.4341145) (35.53687,22.57102,353.2943)
compute 4.30194633038166(0.525044143199921,0.156267166137695,0.780517876148224) (0.4965489,0.1872713,0.789318) (17.43476,10.06246,75.87244) (0.2217703,0.7250456,0.444953) (35.08179,21.47588,352.3228)
compute 5.0600849425034(0.507423043251038,0.140556752681732,0.73576158285141) (0.5250441,0.1562672,0.7805179) (21.44257,10.97573,72.00699) (0.2185669,0.7303191,0.4382519) (36.49113,21.21056,352.3425)
compute 7.86447598363022(0.453528970479965,0.131021410226822,0.679285883903503) (0.507423,0.1405568,0.7357616) (22.78681,9.551275,63.12366) (0.1957546,0.7861984,0.3975925) (31.12467,15.6026,349.8053)
compute 8.99581944303799(0.38699334859848,0.167246550321579,0.630775809288025) (0.453529,0.1310214,0.6792859) (17.5576,4.511198,57.11972) (0.1667092,0.8391538,0.3623485) (22.69492,13.26016,348.8499)
compute 14.2255422305228(0.3140869140625,0.284637749195099,0.597003579139709) (0.3869933,0.1672466,0.6307758) (357.9877,355.8105,55.88052) (0.1355226,0.8876248,0.3181396) (14.66684,12.66111,350.5079)
compute 12.7241758307485(0.267603009939194,0.39866828918457,0.564960658550262) (0.3140869,0.2846377,0.5970036) (344.9553,353.1374,54.38035) (0.1020054,0.9168016,0.287675) (9.908109,11.69415,352.6271)
compute 8.73065229095075(0.22429995238781,0.469279915094376,0.5373694896698) (0.267603,0.3986683,0.5649607) (337.6915,349.0168,56.42963) (0.06018909,0.9404754,0.2476405) (6.86256,9.042966,354.8016)
compute 4.69952761748664(0.18921871483326,0.489300727844238,0.513348042964935) (0.2243,0.4692799,0.5373695) (337.4225,348.2541,54.92336) (0.02668114,0.9422606,0.2150223) (13.13433,8.561654,356.5605)
compute 5.02130412112138(0.148316279053688,0.476638197898865,0.487118273973465) (0.1892187,0.4893007,0.513348) (341.6307,345.3246,54.6237) (0.00565102,0.8969475,0.1855831) (26.45552,13.54189,359.5661)
compute 5.48793493279888(0.137745574116707,0.427150160074234,0.465882986783981) (0.1483163,0.4766382,0.4871183) (349.857,344.692,52.69713) (0.01066018,0.8751177,0.1764757) (32.07225,20.16891,0.7080408)
compute 3.40999178253612(0.166006445884705,0.408928453922272,0.471548408269882) (0.1377456,0.4271502,0.465883) (352.4948,344.7794,57.71154) (0.04042696,0.8642233,0.2008713) (32.19022,22.55027,0.8734174)
compute 8.03456767637512(0.22926239669323,0.381504356861115,0.512804090976715) (0.1660064,0.4089285,0.4715484) (355.3007,352.3719,53.47051) (0.08316641,0.8508605,0.2533099) (33.67499,24.79815,0.4049147)
compute 12.719991422098(0.315113127231598,0.317779362201691,0.581714153289795) (0.2292624,0.3815044,0.5128041) (1.074745,356.4772,55.38716) (0.1406972,0.8169022,0.3281299) (35.71963,26.62791,1.050512)
compute 15.0840925083833(0.422768354415894,0.237866789102554,0.650832295417786) (0.3151131,0.3177794,0.5817142) (7.900553,3.338132,58.31258) (0.1855292,0.7839636,0.3875403) (36.78522,28.96961,2.128657)
compute 13.6640340263787(0.537166833877563,0.176188945770264,0.693015396595001) (0.4227684,0.2378668,0.6508323) (13.80283,12.72554,64.59315) (0.2176233,0.740889,0.4370129) (38.90164,29.95974,3.264489)
compute 9.64166970603321(0.626079440116882,0.150755316019058,0.720289170742035) (0.5371668,0.1761889,0.6930154) (14.22553,19.46806,75.52509) (0.2396269,0.7088995,0.459643) (39.91233,28.85188,2.607276)
compute 3.46934075641593(0.659777224063873,0.149163603782654,0.728385984897614) (0.6260794,0.1507553,0.7202892) (12.41837,18.30077,79.57677) (0.2422468,0.6974055,0.4542939) (39.66071,29.37805,1.736158)
compute 5.13485518946046(0.643454968929291,0.119535282254219,0.689754128456116) (0.6597772,0.1491636,0.728386) (21.9087,22.80536,73.31329) (0.2395175,0.709914,0.4445658) (39.61407,27.92053,0.2884265)
compute 9.88424956356639(0.567322432994843,0.0938796103000641,0.632174074649811) (0.643455,0.1195353,0.6897541) (30.05518,17.87832,69.63115) (0.2116249,0.7647006,0.407079) (35.44124,23.8143,358.1428)
compute 11.1197028874479(0.473984658718109,0.109863676130772,0.573887288570404) (0.5673224,0.09387961,0.6321741) (30.88207,11.18817,58.9062) (0.1684297,0.8182044,0.3585632) (29.20397,17.13297,355.1534)
compute 10.7841381871926(0.396970301866531,0.168250784277916,0.526038587093353) (0.4739847,0.1098637,0.5738873) (23.56233,8.056507,47.73397) (0.1307795,0.8539884,0.3225815) (25.26262,11.47056,354.754)
compute 9.1074443067576(0.33785679936409,0.232541143894196,0.500214219093323) (0.3969703,0.1682508,0.5260386) (15.43599,3.145857,46.39074) (0.0978809,0.8771659,0.2798562) (26.35849,8.356455,354.869)
compute 6.73148279070251(0.289078652858734,0.278835088014603,0.503188967704773) (0.3378568,0.2325411,0.5002142) (7.703462,356.2372,50.85663) (0.0694041,0.888234,0.2611828) (25.49847,6.320067,355.7828)
compute 7.89648057142717(0.217642232775688,0.294166535139084,0.533142685890198) (0.2890787,0.2788351,0.503189) (7.863711,344.9249,53.67986) (0.04068309,0.8777588,0.2709143) (28.49893,4.949739,357.4651)
compute 9.76863704704831(0.158819973468781,0.299456983804703,0.610953867435455) (0.2176422,0.2941665,0.5331427) (5.307841,339.8984,54.42489) (0.01724381,0.8337011,0.3296285) (31.02134,4.03328,359.2447)
compute 13.02968197844(0.115624569356442,0.283818870782852,0.732883632183075) (0.15882,0.299457,0.6109539) (3.327583,339.592,56.71267) (-0.01219204,0.7925766,0.3868828) (32.96302,1.856549,0.3395144)
compute 12.9715580447991(0.0864026471972466,0.263235002756119,0.857577323913574) (0.1156246,0.2838189,0.7328836) (0.1049468,341.4428,61.30285) (-0.04212534,0.7590076,0.4254103) (34.3183,358.3617,1.210254)
compute 7.96000573400053(0.0558752343058586,0.233328014612198,0.924732506275177) (0.08640265,0.263235,0.8575773) (359.7932,339.9516,63.59006) (-0.06416483,0.7369202,0.4505673) (34.81228,355.1352,0.5517103)
compute 5.34605402185329(0.0273951757699251,0.188118577003479,0.922993957996368) (0.05587523,0.233328,0.9247325) (12.97901,333.1977,70.01821) (-0.08185787,0.7262747,0.4622568) (34.96227,352.605,359.9423)
compute 6.52378412842581(0.034740399569273,0.153877019882202,0.867952704429626) (0.02739518,0.1881186,0.922994) (20.20623,336.7216,65.50761) (-0.08806588,0.7409691,0.4397397) (34.43144,351.3704,359.9904)
compute 8.97451395635029(0.0573768652975559,0.141021952033043,0.782065987586975) (0.0347404,0.153877,0.8679527) (25.20966,336.6865,62.89244) (-0.1008173,0.8004286,0.3816589) (28.89317,347.0217,0.09924739)
compute 10.281343836188(0.0687669441103935,0.157470628619194,0.681218028068542) (0.05737687,0.141022,0.782066) (25.76978,336.0514,57.7965) (-0.1248391,0.8406405,0.3235357) (26.82745,335.9877,359.115)
compute 9.94309935721112(0.0593786425888538,0.197548612952232,0.59070760011673) (0.06876694,0.1574706,0.681218) (22.26637,330.5569,54.79769) (-0.1490225,0.863058,0.2677838) (27.94455,327.7171,0.3286122)
compute 9.00959008242832(0.028893182054162,0.244934812188149,0.520404994487762) (0.05937864,0.1975486,0.5907076) (17.60263,325.0639,52.19997) (-0.165235,0.8762645,0.2329894) (26.7179,325.0957,0.3322385)
compute 6.84908409941395(-0.00370816164650023,0.284688502550125,0.475152462720871) (0.02889318,0.2449348,0.520405) (13.43612,324.1286,46.02507) (-0.1813097,0.8916312,0.2014882) (21.89513,323.8387,2.345743)
compute 5.53426847289901(-0.0395422391593456,0.317822337150574,0.449058771133423) (-0.003708162,0.2846885,0.4751525) (8.001155,323.9638,41.08748) (-0.1913502,0.9083312,0.1707289) (17.37466,322.9901,3.834943)
compute 5.276326792816(-0.0732422471046448,0.354597419500351,0.431858032941818) (-0.03954224,0.3178223,0.4490588) (1.39061,323.962,37.72324) (-0.1981294,0.9243589,0.1425819) (12.72717,320.8422,3.551306)
compute 4.8813418784436(-0.100712895393372,0.393162995576859,0.419991701841354) (-0.07324225,0.3545974,0.431858) (354.3691,323.9883,35.30487) (-0.1994385,0.9330315,0.118545) (7.472927,320.4317,6.020438)
compute 4.03852709768074(-0.12412291020155,0.420507460832596,0.401682645082474) (-0.1007129,0.393163,0.4199917) (348.9358,320.4712,35.57604) (-0.1903062,0.9367732,0.09457529) (4.022738,322.1758,7.795964)
compute 2.72473522333611(-0.136201992630959,0.430047184228897,0.379199147224426) (-0.1241229,0.4205075,0.4016826) (346.1292,317.2673,36.70536) (-0.1775692,0.9362797,0.08644286) (3.448445,326.1099,8.582124)
compute 2.12961757381635(-0.137401446700096,0.428798794746399,0.357973456382751) (-0.136202,0.4300472,0.3791991) (344.4533,314.4097,39.9902) (-0.1541559,0.9344461,0.08323277) (2.092843,335.0957,8.206449)
compute 2.38448749420271(-0.115292064845562,0.424819350242615,0.349978625774384) (-0.1374014,0.4287988,0.3579735) (344.7177,317.156,40.92561) (-0.1239296,0.9392877,0.08697149) (0.9417051,347.4347,7.18901)
compute 3.83903182250679(-0.076916478574276,0.424086332321167,0.349208176136017) (-0.1152921,0.4248194,0.3499786) (345.5192,320.8154,45.7199) (-0.0925968,0.9413341,0.08713124) (359.7786,359.1744,5.388177)
compute 4.47423570341044(-0.0322572477161884,0.421366065740585,0.349029898643494) (-0.07691648,0.4240863,0.3492082) (346.2162,326.8338,49.09816) (-0.06217591,0.9413607,0.08776938) (1.283119,9.766481,2.425187)
compute 3.41294936795845(0.00163961725775152,0.419915020465851,0.345325917005539) (-0.03225725,0.4213661,0.3490299) (345.7093,333.2361,50.44963) (-0.03540361,0.9272862,0.08707161) (7.229558,17.69211,359.8649)
compute 1.42593764358085(0.0157116260379553,0.422110706567764,0.346024036407471) (0.001639617,0.419915,0.3453259) (344.7507,339.2791,47.98761) (-0.01276732,0.906524,0.0866197) (14.80524,22.91924,358.584)
compute 0.558364535584517(0.0158302616328001,0.42754077911377,0.347319155931473) (0.01571163,0.4221107,0.346024) (343.1338,341.9675,46.22939) (0.007421248,0.888485,0.0817697) (21.54595,28.40345,358.7454)
compute 0.363822934070164(0.0129450727254152,0.429561495780945,0.348229706287384) (0.01583026,0.4275408,0.3473192) (342.869,343.529,44.18926) (0.02083313,0.8861367,0.07609876) (22.24565,31.14401,358.6946)
compute 0.482726607446761(0.00969305355101824,0.432217866182327,0.350611001253128) (0.01294507,0.4295615,0.3482297) (341.8119,343.9147,43.53429) (0.02588747,0.8936986,0.07434587) (21.38223,30.76884,357.965)
compute 1.68882035211455(0.0117600876837969,0.448948949575424,0.351615816354752) (0.009693054,0.4322179,0.350611) (340.674,344.5484,42.07388) (0.03361195,0.8950383,0.07040776) (22.40333,31.45217,357.1528)
compute 5.20037544499022(0.0473176576197147,0.485874354839325,0.360365927219391) (0.01176009,0.4489489,0.3516158) (338.4194,352.709,33.12547) (0.05734194,0.8975562,0.09055221) (24.13679,31.48474,356.0347)
compute 8.31913617292804(0.12133627384901,0.513948142528534,0.385937601327896) (0.04731766,0.4858744,0.3603659) (335.2427,1.057082,26.46512) (0.1074358,0.8834242,0.1290558) (27.71519,34.26564,355.0935)
compute 12.0019297289375(0.232063233852386,0.50068324804306,0.430302172899246) (0.1213363,0.5139481,0.3859376) (335.2147,12.28543,21.06438) (0.1687239,0.8682321,0.1832301) (29.58156,38.78017,356.0276)
compute 17.7868883847644(0.37464639544487,0.413786262273788,0.491590797901154) (0.2320632,0.5006832,0.4303022) (343.4844,21.35476,26.56155) (0.2271989,0.8397406,0.2506514) (32.0033,41.42222,357.2605)
compute 15.2157306471232(0.490711659193039,0.331268906593323,0.5451779961586) (0.3746464,0.4137863,0.4915908) (351.6335,26.81051,36.83683) (0.2659874,0.8088982,0.3090201) (33.11552,43.40144,358.9148)
compute 13.551406563708(0.597601652145386,0.269274055957794,0.600812792778015) (0.4907117,0.3312689,0.545178) (356.3311,27.65721,52.1764) (0.2912704,0.7716424,0.3554967) (34.82736,43.30544,359.8581)
compute 10.4087758416303(0.68680328130722,0.226540684700012,0.633234858512878) (0.5976017,0.2692741,0.6008128) (0.9196715,29.82361,64.64532) (0.300194,0.7378735,0.3774302) (36.7971,39.69618,358.8073)
compute 5.97968241779688(0.731620013713837,0.187150090932846,0.629297614097595) (0.6868033,0.2265407,0.6332349) (8.200735,32.90131,67.65707) (0.3012581,0.7238152,0.3910203) (35.06772,37.85764,357.609)
compute 5.49957719345331(0.712855517864227,0.145250409841537,0.599018156528473) (0.73162,0.1871501,0.6292976) (18.97079,33.04688,69.46681) (0.2867768,0.7260888,0.3866943) (35.93227,36.74568,357.8185)
compute 8.65917727102622(0.643088102340698,0.129469379782677,0.550216495990753) (0.7128555,0.1452504,0.5990182) (20.53209,32.35952,62.95776) (0.2670016,0.7715743,0.3483742) (32.36259,36.93079,356.0999)
compute 10.7641834256288(0.547249794006348,0.135438531637192,0.501573383808136) (0.6430881,0.1294694,0.5502165) (20.56467,26.87255,53.5659) (0.2333903,0.8287295,0.3077575) (26.0921,34.41657,354.6845)
compute 10.6341935793506(0.457478702068329,0.168367549777031,0.455039113759995) (0.5472498,0.1354385,0.5015734) (18.15326,21.07682,44.87422) (0.1886532,0.8812214,0.2702366) (19.43125,30.94489,355.4941)
compute 9.6782387508013(0.38200381398201,0.220827341079712,0.424734950065613) (0.4574787,0.1683675,0.4550391) (14.89833,14.76626,40.76304) (0.1448316,0.9160326,0.2361606) (14.75077,29.15745,357.4625)
compute 7.69054037997669(0.330826848745346,0.277570158243179,0.416039407253265) (0.3820038,0.2208273,0.424735) (9.584652,10.39808,39.2899) (0.1001515,0.9408227,0.2035647) (9.18072,26.82527,359.5041)
compute 7.19479287677682(0.298247903585434,0.341653853654861,0.418937146663666) (0.3308268,0.2775702,0.4160394) (1.454631,8.872059,38.7607) (0.05694835,0.9540135,0.1803419) (6.072337,20.74527,0.2076925)
compute 6.62664868220169(0.262956500053406,0.396274745464325,0.431677728891373) (0.2982479,0.3416539,0.4189371) (353.7828,4.629516,40.78421) (0.01147938,0.9561172,0.1626388) (8.096212,9.576968,0.9120175)
compute 5.41374559683632(0.232914164662361,0.439864546060562,0.443002551794052) (0.2629565,0.3962747,0.4316777) (347.6486,0.6780348,43.96204) (-0.02501624,0.9512581,0.1493412) (10.70802,359.2308,0.555435)
compute 5.21027382009438(0.189124956727028,0.4678755402565,0.446550071239471) (0.2329142,0.4398645,0.4430026) (344.0182,355.482,44.39205) (-0.05479544,0.9326113,0.1486059) (16.39391,347.4834,0.5674385)
compute 6.08038094604082(0.128446087241173,0.468777626752853,0.442760020494461) (0.189125,0.4678755,0.4465501) (342.8701,347.4236,42.93977) (-0.08645767,0.9097726,0.1372038) (22.89481,332.4251,0.4011312)
compute 7.03424472192382(0.0654380172491074,0.441906481981277,0.426760494709015) (0.1284461,0.4687776,0.44276) (344.5788,337.8043,41.49473) (-0.1082795,0.9011152,0.1255383) (23.88145,323.8157,359.5675)
compute 5.27972880193622(0.0216778926551342,0.420866459608078,0.406025916337967) (0.06543802,0.4419065,0.4267605) (345.905,331.9309,38.40255) (-0.1179014,0.8983575,0.1175185) (24.68817,321.0686,0.3264308)
compute 6.21407351437775(-0.0355006717145443,0.407938152551651,0.38541179895401) (0.02167789,0.4208665,0.4060259) (349.3954,323.5412,39.74053) (-0.1389909,0.8989584,0.1229285) (24.98451,320.2574,1.538557)
compute 7.00758710208203(-0.105485402047634,0.411108255386353,0.383764028549194) (-0.03550067,0.4079382,0.3854118) (351.2993,316.7475,40.32769) (-0.1832346,0.8841051,0.1446833) (27.57094,319.0821,1.495908)
compute 10.4947416059412(-0.206332609057426,0.411016374826431,0.412812143564224) (-0.1054854,0.4111083,0.383764) (351.8041,310.1673,41.91476) (-0.2409382,0.8531038,0.1777328) (31.98061,318.9277,1.809086)
compute 12.911507809359(-0.323995769023895,0.374533504247665,0.451478481292725) (-0.2063326,0.4110164,0.4128121) (355.2097,302.6153,45.43126) (-0.2997814,0.8259549,0.2191435) (33.21865,317.7409,2.516317)
compute 13.4009678571772(-0.438967555761337,0.315993338823318,0.487715631723404) (-0.3239958,0.3745335,0.4514785) (1.260176,294.3215,49.0407) (-0.3552184,0.7953719,0.2637656) (34.0914,318.5389,3.246746)
compute 12.8433420506874(-0.552615880966187,0.271958559751511,0.528214275836945) (-0.4389676,0.3159933,0.4877156) (2.905582,287.8474,54.95679) (-0.3942727,0.7600992,0.2971576) (34.85051,317.6013,2.18547)
compute 10.0831951625743(-0.639082372188568,0.242601573467255,0.570978701114655) (-0.5526159,0.2719586,0.5282143) (1.489887,285.9193,59.75902) (-0.4149849,0.7224121,0.319567) (36.22831,317.7322,1.418018)
compute 5.58239072315432(-0.6747967004776,0.205346986651421,0.59225994348526) (-0.6390824,0.2426016,0.5709787) (6.924466,284.567,65.69974) (-0.4265431,0.7008491,0.3310212) (35.0854,318.2243,1.521264)
compute 5.91708661259353(-0.654573321342468,0.154535204172134,0.569668591022491) (-0.6747967,0.205347,0.5922599) (22.20972,278.4352,62.23335) (-0.4214371,0.7040247,0.317584) (36.81778,317.2561,1.867877)
compute 7.35595935250973(-0.595634877681732,0.13137674331665,0.532239198684692) (-0.6545733,0.1545352,0.5696686) (26.9546,275.0621,58.56056) (-0.3919156,0.7591094,0.2911341) (31.96482,318.7946,1.303434)
compute 8.2666958260598(-0.522639811038971,0.154698058962822,0.501228511333466) (-0.5956349,0.1313767,0.5322392) (21.45171,280.2719,53.73121) (-0.3539114,0.8097681,0.2581896) (28.73646,322.5168,2.074449)
compute 12.706852393659(-0.42168927192688,0.221736505627632,0.463002264499664) (-0.5226398,0.1546981,0.5012285) (16.08265,288.7247,50.69777) (-0.3044788,0.8535821,0.2405948) (25.29807,332.8649,3.825728)
compute 13.3101574487062(-0.312495023012161,0.292398303747177,0.434725850820541) (-0.4216893,0.2217365,0.4630023) (12.46549,299.31,48.75215) (-0.2608858,0.8854796,0.2291134) (19.55906,341.3622,5.003155)
compute 11.364187432452(-0.209689512848854,0.339866459369659,0.425119757652283) (-0.312495,0.2923983,0.4347259) (9.928175,312.8962,45.45582) (-0.1936252,0.9100199,0.2110455) (19.10733,356.3492,6.934932)
compute 8.98636492252629(-0.126550748944283,0.372225970029831,0.414336264133453) (-0.2096895,0.3398665,0.4251198) (6.784606,323.188,46.3319) (-0.1335209,0.9219247,0.1895047) (21.23144,7.539411,6.747052)
compute 5.8989333018985(-0.0715847536921501,0.389956474304199,0.402331680059433) (-0.1265507,0.372226,0.4143363) (2.502108,331.5394,49.02341) (-0.1042077,0.9136745,0.1700181) (27.33346,7.350667,6.379972)
compute 1.53563501518479(-0.0777411982417107,0.376254320144653,0.40552020072937) (-0.07158475,0.3899565,0.4023317) (2.008164,328.821,55.09138) (-0.09533371,0.8937874,0.1703366) (29.93056,2.754722,3.019502)
compute 6.85135828844545(-0.121729366481304,0.341456592082977,0.444868266582489) (-0.0777412,0.3762543,0.4055202) (5.159701,328.3894,49.99936) (-0.117724,0.8845073,0.2173261) (29.50065,358.554,2.522659)
compute 10.1521000591573(-0.175853386521339,0.315900355577469,0.526868164539337) (-0.1217294,0.3414566,0.4448683) (7.928338,327.6095,44.21593) (-0.1521028,0.8550746,0.2880081) (30.17079,355.784,2.167849)
compute 14.1700615792088(-0.217804118990898,0.276316374540329,0.656298875808716) (-0.1758534,0.3159004,0.5268682) (10.25819,332.606,40.76599) (-0.1940392,0.8070763,0.349023) (32.14481,354.4096,4.400676)
compute 15.4741272688628(-0.239555224776268,0.241591423749924,0.805516600608826) (-0.2178041,0.2763164,0.6562989) (6.025627,335.6776,54.06697) (-0.2305892,0.769087,0.3948566) (33.85531,350.4953,5.328361)
compute 11.0452207772809(-0.220686033368111,0.234496355056763,0.914113581180573) (-0.2395552,0.2415914,0.8055166) (357.0055,343.93,58.81115) (-0.25439,0.7406601,0.4295467) (33.37412,347.0651,3.393264)
compute 8.46272788276654(-0.193200021982193,0.156835749745369,0.933481752872467) (-0.220686,0.2344964,0.9141136) (20.00555,345.8619,54.82514) (-0.2624448,0.7249855,0.4438734) (33.73528,346.9502,3.747577)
compute 6.29521708012629(-0.166693493723869,0.13519749045372,0.880640804767609) (-0.1932,0.1568357,0.9334818) (22.5524,345.9285,54.63916) (-0.2582453,0.7385098,0.435179) (33.48854,348.9651,4.482984)
compute 9.81298582384636(-0.163345903158188,0.132761657238007,0.782598316669464) (-0.1666935,0.1351975,0.8806408) (24.57051,339.7869,51.51804) (-0.2411558,0.7989895,0.3806111) (28.27246,349.824,4.111115)
compute 11.7277180847087(-0.155746608972549,0.168403089046478,0.671126902103424) (-0.1633459,0.1327617,0.7825983) (22.06091,335.8898,43.87089) (-0.197033,0.8506832,0.3214616) (23.38392,352.2434,3.300183)
compute 14.0175090983262(-0.119273453950882,0.232908979058266,0.552140533924103) (-0.1557466,0.1684031,0.6711269) (17.47114,332.9968,43.01598) (-0.1414796,0.8879822,0.2773519) (19.99393,0.5957188,4.79474)
compute 12.3816255207481(-0.0702627003192902,0.297952830791473,0.45887902379036) (-0.1192735,0.232909,0.5521405) (12.31634,332.4562,39.99225) (-0.0757307,0.9139744,0.2360142) (18.94174,18.14313,6.387632)
compute 8.57736084862577(-0.0294358804821968,0.344829887151718,0.39977890253067) (-0.0702627,0.2979528,0.458879) (8.136565,334.4699,41.11223) (-0.02207045,0.9204046,0.1961763) (21.31518,31.36192,7.358059)
compute 4.19254098455693(-0.00837584212422371,0.365941554307938,0.370308369398117) (-0.02943588,0.3448299,0.3997789) (6.283661,336.8498,41.61941) (0.02500699,0.9136782,0.1500598) (25.24723,40.6357,5.369493)
compute 1.02636712870759(-0.00368766393512487,0.373865395784378,0.365772217512131) (-0.008375842,0.3659416,0.3703084) (4.227053,341.1957,38.54802) (0.05486403,0.9132586,0.1177013) (24.53867,44.8246,3.053758)
compute 0.998086493046556(-0.00652629463002086,0.365036249160767,0.369460850954056) (-0.003687664,0.3738654,0.3657722) (1.523855,343.8824,38.03061) (0.07350742,0.9178508,0.1010105) (22.91641,44.64536,0.8419671)
compute 1.84187028583866(-0.0219845976680517,0.371616423130035,0.377010077238083) (-0.006526295,0.3650362,0.3694609) (358.6585,342.5386,39.01537) (0.08281136,0.9189219,0.09810045) (22.18602,39.26337,358.6498)
compute 1.46217781910918(-0.0326791293919086,0.377666860818863,0.384935706853867) (-0.0219846,0.3716164,0.3770101) (357.0748,340.7496,38.77743) (0.07416596,0.916813,0.1053708) (21.93547,30.52451,357.3819)
compute 0.470204083243122(-0.0321838930249214,0.379963785409927,0.389008551836014) (-0.03267913,0.3776669,0.3849357) (356.1644,340.4217,39.0463) (0.0486912,0.9145543,0.1154077) (21.80077,17.53201,356.9629)
compute 0.603968915297459(-0.0348823890089989,0.374686151742935,0.387849867343903) (-0.03218389,0.3799638,0.3890086) (355.8019,340.211,38.71745) (0.01316743,0.9162604,0.1222886) (21.46789,3.311223,355.5299)
compute 2.30283852037195(-0.0451776273548603,0.354124188423157,0.386616885662079) (-0.03488239,0.3746862,0.3878499) (356.3083,337.3727,40.25112) (-0.01946952,0.9218866,0.1209277) (20.15467,350.2798,355.7583)
compute 1.87323564233841(-0.0473734065890312,0.33552098274231,0.386638790369034) (-0.04517763,0.3541242,0.3866169) (357.3336,335.5059,41.45792) (-0.05227535,0.9244705,0.1148068) (19.79539,338.1813,357.4218)
compute 1.16133624617224(-0.0466863848268986,0.323930025100708,0.386857628822327) (-0.04737341,0.335521,0.3866388) (358.3324,333.3649,43.09669) (-0.0658783,0.9259849,0.1075583) (19.04142,334.426,358.4846)
compute 1.17564716280343(-0.0349439084529877,0.323371052742004,0.386729449033737) (-0.04668638,0.32393,0.3868576) (358.6532,332.5317,43.66885) (-0.07466268,0.9299263,0.1058981) (18.09608,332.7542,0.4312031)
compute 1.23329880511999(-0.0235147774219513,0.328004747629166,0.386649191379547) (-0.03494391,0.3233711,0.3867294) (358.4864,332.6047,43.84797) (-0.08383548,0.9310748,0.1031797) (17.66494,330.2501,1.366073)
compute 0.671449832514591(-0.0173034816980362,0.325467765331268,0.386388391256332) (-0.02351478,0.3280047,0.3866492) (358.9271,331.6082,45.61329) (-0.09541652,0.9284397,0.0930538) (19.65831,326.2017,3.336714)
compute 0.830456691097111(-0.0133980764076114,0.318138957023621,0.386341392993927) (-0.01730348,0.3254678,0.3863884) (359.8565,330.6503,46.73171) (-0.1082411,0.9161938,0.07231781) (23.08767,321.4015,3.679661)
compute 0.662958103542296(-0.0105002354830503,0.313723713159561,0.382333964109421) (-0.01339808,0.318139,0.3863414) (0.2463238,329.769,47.84818) (-0.1176011,0.9142092,0.05960151) (24.53617,318.248,3.875322)
compute 1.09323621602561(-0.00964564178138971,0.322952657938004,0.376536309719086) (-0.01050024,0.3137237,0.382334) (358.6047,329.4836,51.08151) (-0.1346409,0.9131656,0.05542393) (26.74452,316.8813,3.91867)
compute 5.27413982640672(-0.041085958480835,0.365293383598328,0.375884681940079) (-0.009645642,0.3229527,0.3765363) (353.3622,322.1036,57.05476) (-0.1766711,0.8973082,0.06740084) (29.02246,314.7858,4.848953)
compute 7.47319492925292(-0.103917010128498,0.39977365732193,0.397056221961975) (-0.04108596,0.3652934,0.3758847) (350.7836,315.7308,58.82644) (-0.2226737,0.8721945,0.08367424) (33.86758,313.9292,5.556871)
compute 10.3027785152596(-0.202913746237755,0.407450586557388,0.424541413784027) (-0.103917,0.3997737,0.3970562) (351.1428,310.8307,57.00324) (-0.2720415,0.8587219,0.1137617) (35.36261,311.5226,5.143219)
compute 11.7657373330115(-0.31895723938942,0.388255655765533,0.427494406700134) (-0.2029137,0.4074506,0.4245414) (355.0334,300.9247,55.31977) (-0.3262594,0.8369727,0.1457015) (36.20715,309.1366,4.63117)
compute 14.1974469024472(-0.449692606925964,0.334533423185349,0.414117693901062) (-0.3189572,0.3882557,0.4274944) (1.582922,289.1968,54.11836) (-0.3849003,0.8054821,0.1809989) (38.60913,306.3202,3.786062)
compute 15.0483682487139(-0.584763824939728,0.275920122861862,0.383043795824051) (-0.4496926,0.3345334,0.4141177) (7.044485,275.2712,55.76527) (-0.4375936,0.769197,0.2152839) (39.24207,305.1732,3.442475)
compute 11.8071648241907(-0.699546992778778,0.249226465821266,0.375750839710236) (-0.5847638,0.2759201,0.3830438) (4.939526,267.2354,62.47377) (-0.4713791,0.7247782,0.2350163) (39.34493,304.1988,1.088763)
compute 10.249203858849(-0.797787189483643,0.228037893772125,0.395863682031631) (-0.699547,0.2492265,0.3757508) (359.4898,266.4981,68.47558) (-0.4840374,0.6928678,0.2466672) (38.52754,305.4971,1.313229)
compute 6.98186188166945(-0.798852026462555,0.159664258360863,0.409954518079758) (-0.7977872,0.2280379,0.3958637) (17.50823,269.1289,63.77023) (-0.4830844,0.6894522,0.2427707) (38.86325,304.2057,0.9696793)
compute 7.72416590315789(-0.726611435413361,0.13325197994709,0.402886092662811) (-0.798852,0.1596643,0.4099545) (22.58351,266.8105,62.79999) (-0.4531257,0.7332161,0.2214059) (37.83895,302.7043,359.4471)
compute 10.5102333691191(-0.623488903045654,0.141240581870079,0.384219914674759) (-0.7266114,0.133252,0.4028861) (21.83209,268.8003,52.05314) (-0.402463,0.7935227,0.2070853) (32.93221,306.5384,0.1164767)
compute 14.199450120655(-0.497725248336792,0.207162648439407,0.383747130632401) (-0.6234889,0.1412406,0.3842199) (16.52199,279.756,49.38522) (-0.348345,0.8350338,0.1942374) (30.01224,317.3253,3.612497)
compute 15.7159711740175(-0.36054128408432,0.283404588699341,0.375567734241486) (-0.4977252,0.2071626,0.3837471) (11.0699,293.7424,46.87562) (-0.2835168,0.8725507,0.1879459) (29.8472,331.0594,6.623723)
compute 12.4918931886461(-0.245920732617378,0.331490904092789,0.363134890794754) (-0.3605413,0.2834046,0.3755677) (9.259785,305.9904,50.34818) (-0.2172412,0.900074,0.1691359) (30.4989,344.3799,8.205756)
compute 7.42243577928136(-0.174907848238945,0.348318517208099,0.349597632884979) (-0.2459207,0.3314909,0.3631349) (8.822105,316.1894,49.64455) (-0.1600377,0.9156165,0.1660932) (29.96735,352.1259,8.251474)
compute 3.84110194791128(-0.141419112682343,0.366973102092743,0.347165048122406) (-0.1749078,0.3483185,0.3495976) (5.04076,319.8072,49.6769) (-0.1085566,0.9198048,0.1455721) (29.2738,0.08987431,7.700242)
compute 2.94772926383906(-0.114445686340332,0.378692507743835,0.345164895057678) (-0.1414191,0.3669731,0.347165) (2.104083,322.0871,49.6948) (-0.07361002,0.9218646,0.1274063) (28.14377,4.416696,7.222922)
compute 3.19659262231956(-0.0855019763112068,0.373732954263687,0.357793629169464) (-0.1144457,0.3786925,0.3451649) (1.981233,325.2379,49.69609) (-0.05471262,0.9063442,0.1330756) (29.71391,7.064986,6.427106)
compute 9.65926409518345(-0.0354599840939045,0.344432175159454,0.435042589902878) (-0.08550198,0.373733,0.3577936) (8.890059,335.2878,44.4967) (-0.04084758,0.8901277,0.2017725) (30.71449,7.532372,5.907903)
compute 14.405842499619(-0.00362906255759299,0.3077232837677,0.570659995079041) (-0.03545998,0.3444322,0.4350426) (10.75576,342.821,43.16105) (-0.03225888,0.8576506,0.2865162) (31.76492,7.250946,5.704582)
compute 17.0913927371435(0.0270392559468746,0.270684033632278,0.734669506549835) (-0.003629063,0.3077233,0.57066) (6.071142,344.6958,57.63493) (-0.0306016,0.8091366,0.3765495) (31.8547,7.574731,6.457704)
compute 15.4097292905389(0.0951290801167488,0.255973428487778,0.872122585773468) (0.02703926,0.270684,0.7346695) (0.02887036,349.8749,69.63089) (-0.04086918,0.7626001,0.4373183) (35.22815,5.494315,5.486063)
compute 12.6035947965962(0.199869081377983,0.211644008755684,0.926431834697723) (0.09512908,0.2559734,0.8721226) (2.760066,4.184244,69.14658) (-0.04112121,0.7422934,0.4553286) (35.40749,5.438409,4.338829)
compute 8.53887058521881(0.255102515220642,0.165376201272011,0.880608379840851) (0.1998691,0.211644,0.9264318) (16.79836,17.06672,60.41677) (-0.0400244,0.7460545,0.4471392) (34.04581,5.859323,4.421955)
compute 11.2407465616992(0.223438367247581,0.147016674280167,0.774326920509338) (0.2551025,0.1653762,0.8806084) (24.94343,9.070923,55.28062) (-0.01767155,0.8032702,0.3837266) (31.09351,9.796432,4.638081)
compute 13.5872419611649(0.165115371346474,0.181744918227196,0.656625211238861) (0.2234384,0.1470167,0.7743269) (22.34576,355.0879,51.81712) (-0.001808245,0.8659623,0.3191145) (21.16976,10.15487,1.861747)
compute 14.5768192862747(0.116174504160881,0.257254242897034,0.541945219039917) (0.1651154,0.1817449,0.6566252) (16.91621,340.2235,48.85925) (0.01539178,0.9003786,0.2607431) (19.39856,13.86521,1.589212)
compute 11.9552991262011(0.109446182847023,0.348495274782181,0.464985996484756) (0.1161745,0.2572542,0.5419452) (10.23492,340.2592,47.9585) (0.04694251,0.919102,0.2097362) (21.18622,21.89297,1.608685)
compute 5.66674707133526(0.119458004832268,0.392423778772354,0.430616647005081) (0.1094462,0.3484953,0.464986) (4.147978,342.5597,49.71256) (0.07880701,0.9222191,0.1653267) (24.60952,29.88607,0.9791894)
compute 3.23186118483276(0.130382925271988,0.419172555208206,0.416137635707855) (0.119458,0.3924238,0.4306166) (357.8132,345.3509,49.23308) (0.1113943,0.9078646,0.1315771) (26.25455,35.15577,0.6194381)
compute 0.832817597073517(0.134225055575371,0.426188409328461,0.418455898761749) (0.1303829,0.4191726,0.4161376) (350.5932,347.3211,51.33102) (0.1246188,0.903811,0.1241254) (27.19221,32.58111,358.8289)
compute 3.03815063793131(0.11932136118412,0.409274131059647,0.438823103904724) (0.1342251,0.4261884,0.4184559) (354.8568,344.7236,55.37355) (0.1040059,0.8992116,0.1623623) (28.70635,21.34476,355.4847)
compute 8.76351657574382(0.0764888450503349,0.358104586601257,0.495629578828812) (0.1193214,0.4092741,0.4388231) (5.514586,339.3045,54.43402) (0.0548384,0.881831,0.2420216) (29.42415,12.09277,354.7217)
compute 11.1175246444276(0.0266956631094217,0.310414969921112,0.582843542098999) (0.07648885,0.3581046,0.4956296) (10.41155,338.0728,46.90527) (0.008438869,0.8438594,0.318715) (32.64946,5.217444,355.3167)
compute 11.058270295343(-0.023109208792448,0.279097706079483,0.676477074623108) (0.02669566,0.310415,0.5828435) (8.600295,337.9349,50.64128) (-0.04178707,0.801263,0.3851145) (34.76436,358.1093,355.008)
compute 10.2894211855432(-0.105829387903214,0.225284099578857,0.705609321594238) (-0.02310921,0.2790977,0.6764771) (18.09188,321.0032,47.25541) (-0.07831988,0.7698969,0.4206758) (35.69502,354.2794,355.5125)
compute 6.01875938316145(-0.160679906606674,0.204184502363205,0.718600630760193) (-0.1058294,0.2252841,0.7056093) (18.30506,312.1267,47.3233) (-0.1054307,0.7457423,0.4373598) (36.87184,352.8515,356.4073)
compute 11.7200161569574(-0.154714718461037,0.211577400565147,0.835415184497833) (-0.1606799,0.2041845,0.7186006) (8.193114,325.5947,61.88362) (-0.1271278,0.7114815,0.4616392) (35.09801,351.9112,357.5713)
compute 11.00452510311(-0.115976631641388,0.225455746054649,0.937477469444275) (-0.1547147,0.2115774,0.8354152) (1.039475,339.782,64.49505) (-0.1393993,0.697037,0.4782795) (34.65755,350.8347,357.6701)
compute 8.09723556000785(-0.124803975224495,0.145911455154419,0.925176799297333) (-0.1159766,0.2254557,0.9374775) (23.0842,326.2242,63.18351) (-0.1465153,0.7078303,0.4747618) (34.32222,347.8979,359.2355)
compute 11.8200960596913(-0.114973962306976,0.106022387742996,0.814344942569733) (-0.124804,0.1459115,0.9251768) (40.03791,317.0758,60.71851) (-0.1407795,0.7505839,0.4139687) (33.71669,347.9822,1.175397)
compute 15.2563167110768(-0.103915795683861,0.117826946079731,0.662641644477844) (-0.114974,0.1060224,0.8143449) (40.70793,309.1847,46.12438) (-0.1617474,0.806777,0.335043) (32.06741,335.0714,359.3618)
compute 14.8552910252911(-0.0927296876907349,0.160865887999535,0.520900726318359) (-0.1039158,0.1178269,0.6626416) (38.27243,308.2512,35.73565) (-0.1923253,0.8467274,0.2690931) (29.74562,324.1861,358.3157)
compute 12.5968480006958(-0.0982510894536972,0.215526551008224,0.407543838024139) (-0.09272969,0.1608659,0.5209007) (34.1404,308.559,29.41134) (-0.2041981,0.8729188,0.2142738) (26.30816,318.995,358.6253)
compute 6.20046437122779(-0.104703478515148,0.251699656248093,0.357599377632141) (-0.09825109,0.2155266,0.4075438) (29.13228,312.4351,27.48723) (-0.2103139,0.893602,0.164176) (25.14208,317.3343,1.843828)
compute 3.34178309750456(-0.116478070616722,0.28166788816452,0.366544514894485) (-0.1047035,0.2516997,0.3575994) (22.80733,316.766,31.8231) (-0.2127233,0.8885258,0.1537895) (27.3511,320.6804,5.539162)
compute 6.806516243763(-0.163089588284492,0.296897381544113,0.41374933719635) (-0.1164781,0.2816679,0.3665445) (18.0036,314.4196,36.67505) (-0.2316233,0.8563973,0.1556809) (30.79854,322.6406,6.564156)
compute 10.177014137349(-0.245064586400986,0.288828760385513,0.473516881465912) (-0.1630896,0.2968974,0.4137493) (15.88312,309.2115,40.77386) (-0.2681697,0.8275341,0.2141173) (32.38425,324.0659,6.463724)
compute 13.8743668709269(-0.341971904039383,0.266994476318359,0.570377826690674) (-0.2450646,0.2888288,0.4735169) (13.61926,308.788,46.51919) (-0.3113409,0.7880976,0.2775132) (33.43289,326.0935,8.342012)
compute 15.2780174418777(-0.439650803804398,0.251815974712372,0.686869144439697) (-0.3419719,0.2669945,0.5703778) (7.433519,311.2729,57.37916) (-0.3580036,0.7368733,0.3360378) (35.30075,325.2856,9.134307)
compute 11.5853005126495(-0.492838770151138,0.2299764752388,0.787447452545166) (-0.4396508,0.251816,0.6868691) (0.7539397,316.7001,63.31018) (-0.3827625,0.7014055,0.3643762) (36.35212,324.9587,7.966076)
compute 11.6131809962103(-0.488881260156631,0.114633157849312,0.774530231952667) (-0.4928388,0.2299765,0.7874475) (30.54429,311.315,62.94273) (-0.389944,0.6965116,0.3633818) (36.8396,326.1576,8.512697)
compute 10.8286845807667(-0.434338241815567,0.0725829377770424,0.690966606140137) (-0.4888813,0.1146332,0.7745302) (42.69474,305.959,58.45957) (-0.3879783,0.720027,0.3393173) (35.58807,325.4703,7.515989)
compute 11.6649068505453(-0.380115896463394,0.0991480126976967,0.591160595417023) (-0.4343382,0.07258294,0.6909666) (36.45022,304.5033,45.86823) (-0.3699337,0.7785279,0.2709707) (33.39999,319.6441,3.609071)
compute 13.2198800199563(-0.307105839252472,0.169782802462578,0.506562829017639) (-0.3801159,0.09914801,0.5911606) (27.30486,310.4377,37.42484) (-0.3465038,0.821121,0.2231084) (31.82445,317.4085,1.254282)
compute 13.6558054774398(-0.212184339761734,0.237346962094307,0.435337156057358) (-0.3071058,0.1697828,0.5065628) (22.5059,314.637,39.94136) (-0.3119535,0.8531438,0.1967643) (29.86783,318.835,0.8576272)
compute 12.1797659697746(-0.112319938838482,0.298396944999695,0.401652276515961) (-0.2121843,0.237347,0.4353372) (17.04587,325.1952,40.84761) (-0.2560782,0.885705,0.1680899) (30.52974,323.6004,1.806324)
compute 9.92754250797339(-0.0245155412703753,0.33884409070015,0.379068523645401) (-0.1123199,0.2983969,0.4016523) (12.62046,334.8566,40.66399) (-0.1863125,0.9071375,0.1488565) (29.92633,339.9778,3.0945)
compute 5.95688029117502(0.0253357030451298,0.359036803245544,0.353464812040329) (-0.02451554,0.3388441,0.3790685) (8.684034,339.6356,41.25702) (-0.09881334,0.9217072,0.1339123) (24.94311,3.329863,4.769646)
compute 2.48521173049317(0.0307822562754154,0.360258877277374,0.329247683286667) (0.0253357,0.3590368,0.3534648) (6.556046,340.4593,39.31972) (-0.02949366,0.9236237,0.119815) (23.15595,18.5758,3.723125)
compute 1.83398367392943(0.0138576636090875,0.353890180587769,0.326190322637558) (0.03078226,0.3602589,0.3292477) (5.203276,340.5491,37.46991) (0.02001327,0.9143929,0.1045637) (24.84263,30.26917,3.933784)
compute 2.92503987279226(-0.0137743083760142,0.352712661027908,0.33571258187294) (0.01385766,0.3538902,0.3261903) (5.790888,340.1575,35.38712) (0.05881099,0.8923677,0.09259635) (30.43628,38.60226,4.105175)
compute 2.74542345556025(-0.0307314414530993,0.355453461408615,0.357129365205765) (-0.01377431,0.3527127,0.3357126) (3.586607,341.3171,33.7979) (0.08070611,0.8868428,0.08993733) (30.02344,39.93859,1.883786)
compute 2.14490882006456(-0.0451387837529182,0.354227334260941,0.37297198176384) (-0.03073144,0.3554535,0.3571294) (1.814003,342.1829,32.19138) (0.08929224,0.8853754,0.09130117) (28.7921,39.38443,359.6391)
compute 1.09032765090912(-0.0519416220486164,0.359616994857788,0.379571557044983) (-0.04513878,0.3542273,0.372972) (0.965234,342.9765,31.20458) (0.0918351,0.8920503,0.09292553) (26.93685,36.23036,357.8777)
compute 0.313013267485476(-0.0537997595965862,0.360443949699402,0.381950885057449) (-0.05194162,0.359617,0.3795716) (1.094879,344.5007,29.92424) (0.08304262,0.8977987,0.09279097) (25.11871,31.80661,356.4837)
compute 0.456791992034398(-0.0574579462409019,0.359910994768143,0.379267692565918) (-0.05379976,0.3604439,0.3819509) (1.736364,344.2221,29.35501) (0.06902152,0.9013886,0.09487493) (24.49647,22.82154,355.7219)
compute 1.39501333292932(-0.0622039884328842,0.352563142776489,0.368400752544403) (-0.05745795,0.359911,0.3792677) (3.399453,341.2178,30.25344) (0.03905253,0.9022102,0.1011732) (24.50275,9.862877,355.0251)
compute 1.76688711943546(-0.0622183308005333,0.33528932929039,0.364685356616974) (-0.06220399,0.3525631,0.3684008) (4.172831,340.2486,30.59743) (0.003797155,0.9025959,0.1083329) (26.11083,355.4267,354.7817)
compute 1.58453705944952(-0.0582384206354618,0.320007383823395,0.363382190465927) (-0.06221833,0.3352893,0.3646854) (5.257151,339.0255,31.73245) (-0.03248291,0.8978502,0.1042035) (27.31651,340.1598,353.6994)
compute 1.57003817164299(-0.0501393154263496,0.307269632816315,0.359062910079956) (-0.05823842,0.3200074,0.3633822) (6.389538,336.8291,32.7324) (-0.06308808,0.8959372,0.1003945) (27.68761,329.2272,353.4546)
compute 2.09375014083125(-0.0387511774897575,0.291985690593719,0.350397437810898) (-0.05013932,0.3072696,0.3590629) (8.696461,333.7759,34.60085) (-0.08729539,0.8978002,0.09526585) (28.37652,321.909,354.1821)
compute 2.00804501584481(-0.0198951214551926,0.285088211297989,0.350083738565445) (-0.03875118,0.2919857,0.3503974) (8.94782,334.94,34.0791) (-0.1036669,0.8968949,0.09022643) (28.83366,318.5748,355.1638)
compute 1.41329831347213(-0.00692622922360897,0.279476553201675,0.349842190742493) (-0.01989512,0.2850882,0.3500837) (9.206406,335.0453,35.31746) (-0.1099263,0.8966321,0.08784214) (28.24651,317.508,355.6675)
compute 1.20202537584397(0.00245715724304318,0.272012144327164,0.348992973566055) (-0.006926229,0.2794766,0.3498422) (11.32889,335.4184,36.22103) (-0.1158239,0.8980031,0.08425556) (28.06993,316.9244,356.6667)
compute 1.14108025743575(0.00971442554146051,0.263459175825119,0.346898883581162) (0.002457157,0.2720121,0.348993) (13.04581,335.3022,37.75541) (-0.1199418,0.8986435,0.08091335) (28.01701,316.8188,357.6908)
Average= 7.56986468533276
Max= 17.7868883847644
Standard Deviation= 5.36439093492485
Right: 15    Wrong: 0
0
