red 432.0136 440.6867 16.53418 (-0.8566239,0.15,0.2837835) (-0.8566239,0.15,0.2837835)
1
red 441.0141 441.02 16.53418 (-0.8776343,0.15,0.2049258) (-0.8776343,0.15,0.2049258)
2
red 441.5171 447.82 16.53418 (0.8394684,0.15,0.5284313) (0.8394684,0.15,0.5284313)
3
red 448.0171 449.4756 16.53418 (0.3501918,0.15,0.9013239) (0.3501918,0.15,0.9013239)
4
red 449.5156 451.9867 16.53418 (-0.09785257,0.15,0.938424) (-0.09785257,0.15,0.938424)
5
red 452.0111 456.12 16.53418 (0.9013478,0.15,0.421553) (0.9013478,0.15,0.421553)
6
red 456.516 457.5867 16.53418 (0.4687907,0.15,0.85271) (0.4687907,0.15,0.85271)
7
red 458.0176 458.8978 16.53418 (0.2213062,0.15,0.9344272) (0.2213062,0.15,0.9344272)
8
red 459.0161 459.92 16.53418 (-0.09426533,0.15,0.9389822) (-0.09426533,0.15,0.9389822)
9
