black 280.3964 287.9978 12.88461 (-0.1690019,5,0.7) (-0.1690019,0.07809126,0.7)
red 282.8915 288.0978 13.2635 (0.01381648,5,0.7) (0.01381648,1.754292,0.7)
red 282.3921 288.42 13.20025 (-0.3976191,5,0.7) (-0.3976191,1.214877,0.7)
black 283.8896 290.2978 14.6004 (-0.3169426,5,0.7) (-0.3169426,1.423474,0.7)
black 280.8947 290.3089 19.44433 (-0.3351089,5,0.7) (-0.3351089,1.28936,0.7)
red 283.3904 290.3089 15.68437 (-0.3046168,5,0.7) (-0.3046168,1.452136,0.7)
red 284.3887 290.5978 14.29935 (-0.04959834,5,0.7) (-0.04959834,1.44987,0.7)
red 280.3964 290.6756 16.64173 (0.1594583,5,0.7) (0.1594583,0.07992366,0.7)
red 283.8896 290.8867 15.7366 (-0.171002,5,0.7) (-0.171002,1.426285,0.7)
red 281.3928 291.12 15.89391 (-0.9347148,5,0.7) (-0.9347148,0.07967325,0.7)
red 280.8947 291.12 16.57444 (0.3852608,5,0.7) (0.3852608,0.08230573,0.7)
red 285.3969 291.1422 13.07553 (-0.100933,5,0.7) (-0.100933,1.35113,0.7)
black 283.3904 291.1867 17.18475 (-0.2410046,5,0.7) (-0.2410046,1.419274,0.7)
black 282.8915 291.2089 13.92733 (0.8777227,5,0.7) (0.8777227,0.08134437,0.7)
black 281.8931 291.4644 15.68295 (-0.860707,5,0.7) (-0.860707,0.08003953,0.7)
red 286.396 291.9533 13.45454 (-0.05269825,5,0.7) (-0.05269825,1.587164,0.7)
red 281.8931 292.42 16.97348 (0.6088681,5,0.7) (0.6088681,0.08269116,0.7)
red 287.3932 293.2978 13.30534 (-0.6632326,5,0.7) (-0.6632326,1.326298,0.7)
red 286.8941 293.3311 14.08525 (-0.5340917,5,0.7) (-0.5340917,1.249272,0.7)
black 287.3932 293.4644 10.53491 (0.6421626,5,0.7) (0.6421626,0.07181317,0.7)
red 284.8867 293.72 14.64625 (-0.4305581,5,0.7) (-0.4305581,0.07838488,0.7)
black 281.3928 294.0978 19.74277 (0.7001767,5,0.7) (0.7001767,0.084778,0.7)
black 285.8969 294.1867 13.88947 (0.5649006,5,0.7) (0.5649006,0.07882184,0.7)
black 282.3921 294.2089 18.63278 (0.7224195,5,0.7) (0.7224195,0.08206169,0.7)
red 287.8933 294.6089 15.60901 (0.1856438,5,0.7) (0.1856438,1.535394,0.7)
black 285.3969 294.7089 15.33545 (0.7617278,5,0.7) (0.7617278,0.08147708,0.7)
red 288.8916 295.1645 14.85977 (0.04034674,5,0.7) (0.04034674,1.570881,0.7)
black 284.3887 295.4756 17.69565 (0.453341,5,0.7) (0.453341,0.08150443,0.7)
red 288.3937 295.52 16.02294 (-0.3019549,5,0.7) (-0.3019549,1.435965,0.7)
red 285.8969 295.5978 15.86522 (-0.1533734,5,0.7) (-0.1533734,0.08024734,0.7)
black 286.396 296.2867 16.12492 (0.8326037,5,0.7) (0.8326037,0.0815898,0.7)
red 289.8905 296.6978 16.36163 (-0.1021219,5,0.7) (-0.1021219,1.683225,0.7)
black 290.3882 296.7645 11.01435 (0.8245759,5,0.7) (0.8245759,0.07703587,0.7)
black 284.8867 296.9756 18.96378 (-0.3100885,5,0.7) (-0.3100885,0.08112603,0.7)
red 290.3882 297.0645 15.1354 (0.3380794,5,0.7) (0.3380794,1.429336,0.7)
red 289.3904 298.1089 14.49967 (-0.9939344,5,0.7) (-0.9939344,0.08237143,0.7)
black 289.8905 298.2756 14.01962 (-0.09193146,5,0.7) (-0.09193146,0.07999495,0.7)
black 288.3937 298.7756 16.78529 (0.1868299,5,0.7) (0.1868299,0.08373269,0.7)
black 289.3904 298.8644 15.55363 (0.4815523,5,0.7) (0.4815523,0.08298244,0.7)
black 292.8946 299.02 10.62253 (-0.4489669,5,0.7) (-0.4489669,0.0719683,0.7)
black 286.8941 299.32 19.39662 (-0.8304269,5,0.7) (-0.8304269,0.08304887,0.7)
black 287.8933 299.5645 18.44895 (0.8487084,5,0.7) (0.8487084,0.08162236,0.7)
red 290.8973 300.1978 15.32081 (0.2213241,5,0.7) (0.2213241,0.0817214,0.7)
black 293.8937 300.2311 10.95704 (-0.7710869,5,0.7) (-0.7710869,0.07429381,0.7)
red 293.3938 300.4311 15.18674 (-0.2201265,5,0.7) (-0.2201265,1.246825,0.7)
black 288.8916 300.4756 18.34242 (-0.7392662,5,0.7) (-0.7392662,0.08365846,0.7)
red 292.3965 300.4867 13.59693 (-0.9700718,5,0.7) (-0.9700718,0.0770908,0.7)
black 290.8973 301.0533 16.48786 (-0.6078517,5,0.7) (-0.6078517,0.08329777,0.7)
red 291.3975 301.4867 16.39161 (0.2152766,5,0.7) (0.2152766,0.08069962,0.7)
red 293.8937 301.6645 16.9388 (0.4326541,5,0.7) (0.4326541,1.365886,0.7)
red 291.8871 301.9422 16.32764 (0.5017991,5,0.7) (0.5017991,0.0790987,0.7)
red 294.3927 302.0867 16.8027 (0.2871122,5,0.7) (0.2871122,1.366775,0.7)
black 293.3938 302.6756 15.29186 (-0.4819602,5,0.7) (-0.4819602,0.08240655,0.7)
red 292.8946 302.8978 16.2713 (0.412879,5,0.7) (0.412879,0.08029962,0.7)
black 291.8871 303.2867 18.10532 (0.9595456,5,0.7) (0.9595456,0.08483709,0.7)
black 291.3975 303.4311 18.91063 (0.6702933,5,0.7) (0.6702933,0.08183384,0.7)
black 294.8911 304.22 15.34564 (0.8828878,5,0.7) (0.8828878,0.07951486,0.7)
black 292.3965 304.7756 19.33878 (0.1618019,5,0.7) (0.1618019,0.08203316,0.7)
red 294.8911 305.12 16.57896 (-0.9354546,5,0.7) (-0.9354546,0.08399819,0.7)
black 294.3927 307.0089 19.62977 (-0.3327357,5,0.7) (-0.3327357,0.08345757,0.7)
0
