compute 40.6665546728082(0.157159507274628,0.321870684623718,0.192553967237473) (0,0,0) (56.92019,339.2648,21.95534) (-0.04397363,1.221883,0.07984048) (342.784,0.5152775,0.7305285)
compute 0.170268317919136(0.157954692840576,0.321445554494858,0.193998292088509) (0.1571595,0.3218707,0.192554) (56.70285,340.9385,21.79077) (-0.05086187,1.220744,0.08493268) (343.4803,0.5658051,1.430184)
compute 0.553368739321813(0.154175981879234,0.321676701307297,0.198034331202507) (0.1579547,0.3214456,0.1939983) (56.82672,341.8615,19.04702) (-0.05748851,1.220327,0.08918601) (343.6808,0.2150875,1.791365)
compute 0.693927840729938(0.148375630378723,0.321840941905975,0.201839923858643) (0.154176,0.3216767,0.1980343) (57.33101,338.7886,10.98448) (-0.06324697,1.219939,0.09187139) (343.698,359.7126,1.762201)
compute 0.584352689524114(0.144522488117218,0.321580916643143,0.206225410103798) (0.1483756,0.3218409,0.2018399) (58.32808,338.8988,9.908447) (-0.06673045,1.220059,0.09468734) (343.9961,359.3744,1.962543)
compute 0.450453476707614(0.1408950984478,0.321371912956238,0.208887964487076) (0.1445225,0.3215809,0.2062254) (58.7833,338.6964,10.0079) (-0.06934342,1.219471,0.09601499) (344.427,359.4567,2.23053)
compute 0.194165312602511(0.139283686876297,0.321721851825714,0.209913104772568) (0.1408951,0.3213719,0.208888) (57.742,338.8442,8.268943) (-0.06963502,1.218988,0.09627303) (344.5819,359.616,2.146955)
compute 0.200616683853421(0.137708693742752,0.322490036487579,0.210889831185341) (0.1392837,0.3217219,0.2099131) (56.12249,339.4642,7.520297) (-0.07019445,1.218797,0.0960087) (344.7752,359.9568,2.091721)
compute 0.0508875505039425(0.137339860200882,0.32276326417923,0.211109519004822) (0.1377087,0.32249,0.2108898) (55.63634,339.749,7.767692) (-0.07009687,1.217867,0.09463494) (345.0705,0.08685941,2.366004)
compute 0.0865060429493871(0.137414038181305,0.322737723588943,0.210248023271561) (0.1373399,0.3227633,0.2111095) (55.79729,340.7148,8.785433) (-0.06983809,1.217607,0.09167974) (345.3185,359.939,2.456328)
compute 0.330666290350566(0.137179255485535,0.322585672140121,0.206953212618828) (0.137414,0.3227377,0.210248) (56.22731,341.7271,9.36012) (-0.07381957,1.217744,0.08796608) (345.2023,359.6289,2.696837)
compute 0.462718899318371(0.134071290493011,0.322607398033142,0.203525245189667) (0.1371793,0.3225857,0.2069532) (56.31528,342.0882,9.532836) (-0.07685272,1.216009,0.08331194) (347.3125,359.8182,2.751928)
compute 1.14846462944034(0.131901115179062,0.323504149913788,0.19228321313858) (0.1340713,0.3226074,0.2035252) (56.36319,342.2814,10.58354) (-0.07840958,1.208966,0.08131438) (350.451,0.389179,2.941911)
compute 0.388995108822413(0.129829570651054,0.323973089456558,0.189024299383163) (0.1319011,0.3235041,0.1922832) (55.86712,343.549,12.07943) (-0.08165728,1.211766,0.07898306) (348.3632,359.8533,2.828254)
compute 0.426941675943042(0.126311182975769,0.32431373000145,0.186629965901375) (0.1298296,0.3239731,0.1890243) (55.1599,338.5947,6.993733) (-0.083307,1.215154,0.07161587) (347.4957,359.702,2.891115)
compute 0.090582179610749(0.125802770256996,0.325063198804855,0.186611905694008) (0.1263112,0.3243137,0.18663) (53.39584,340.1475,4.373641) (-0.08355579,1.216614,0.06651764) (345.6355,359.5556,3.230382)
compute 0.135755201941934(0.125452056527138,0.324908167123795,0.185309633612633) (0.1258028,0.3250632,0.1866119) (52.91335,340.8,3.699664) (-0.08454197,1.216963,0.06232173) (346.5631,0.3104686,3.075102)
compute 0.558214334982993(0.124684505164623,0.325014859437943,0.179781541228294) (0.1254521,0.3249082,0.1853096) (52.42657,339.8788,4.222223) (-0.08446502,1.214944,0.05759415) (346.1702,0.4460512,2.975891)
compute 0.4224413971885(0.125113785266876,0.325407892465591,0.175597414374352) (0.1246845,0.3250149,0.1797815) (50.32262,341.7126,1.807926) (-0.08444294,1.214744,0.05094974) (345.4997,359.9677,3.136796)
compute 0.262553870581917(0.125877529382706,0.325049191713333,0.173111155629158) (0.1251138,0.3254079,0.1755974) (49.27139,342.9322,0.9590057) (-0.08536787,1.215041,0.04863713) (345.5345,0.1054276,3.443757)
compute 0.157899609704584(0.125767022371292,0.325345158576965,0.17156408727169) (0.1258775,0.3250492,0.1731112) (47.96664,343.4077,2.279337) (-0.08602735,1.214419,0.04800756) (345.9146,0.373626,3.650437)
compute 0.381950951335044(0.126137405633926,0.323715269565582,0.168129712343216) (0.125767,0.3253452,0.1715641) (51.12786,346.7091,10.43921) (-0.08620821,1.213903,0.0459802) (345.7317,0.08062133,3.635545)
compute 0.527531386120386(0.123709641396999,0.322447001934052,0.163621231913567) (0.1261374,0.3237153,0.1681297) (51.34639,344.3907,21.37979) (-0.08757286,1.213753,0.0415857) (345.1364,359.7049,3.747406)
compute 0.299551967526512(0.121146537363529,0.322778850793839,0.162106797099113) (0.1237096,0.322447,0.1636212) (47.21418,341.9361,24.65066) (-0.08815379,1.215625,0.03989297) (344.6126,359.6066,3.906617)
compute 0.386442948526141(0.117599047720432,0.322616457939148,0.160582736134529) (0.1211465,0.3227789,0.1621068) (47.24216,335.6295,24.66093) (-0.08941222,1.215689,0.03988653) (344.7193,359.5492,3.939872)
compute 0.249541678811412(0.115427009761333,0.32228821516037,0.159398838877678) (0.117599,0.3226165,0.1605827) (47.20797,334.0872,26.20055) (-0.08915663,1.215779,0.03999738) (344.7784,359.0524,3.940441)
compute 0.049681059571813(0.115426979959011,0.321904838085175,0.159714818000793) (0.115427,0.3222882,0.1593988) (47.62045,336.5197,26.8954) (-0.08967909,1.216083,0.03898747) (344.416,359.1713,3.720639)
compute 0.047044705056333(0.115092553198338,0.321703642606735,0.159977495670319) (0.115427,0.3219048,0.1597148) (47.71052,337.7083,27.63413) (-0.08997714,1.216298,0.03768043) (344.0242,359.3751,3.771134)
compute 0.0367348077011291(0.114822097122669,0.32147815823555,0.160082161426544) (0.1150926,0.3217036,0.1599775) (47.56922,338.39,28.15363) (-0.08962798,1.216331,0.03648732) (343.8867,359.1083,4.004898)
compute 0.0226620140404896(0.114841587841511,0.321387678384781,0.160289019346237) (0.1148221,0.3214782,0.1600822) (47.42097,339.1247,28.22191) (-0.08994759,1.216526,0.03489777) (344.0721,358.9926,4.115672)
compute 0.0193876728013259(0.114800937473774,0.321253150701523,0.160422578454018) (0.1148416,0.3213877,0.160289) (47.4681,339.592,28.1945) (-0.09072869,1.215434,0.03636007) (344.3131,359.162,4.068455)
compute 0.0175389396707359(0.114680372178555,0.321125775575638,0.160423591732979) (0.1148009,0.3212532,0.1604226) (47.57769,339.5524,27.98268) (-0.09165542,1.215157,0.03791528) (344.247,359.1267,3.917903)
compute 0.0494439113463509(0.114262998104095,0.32090699672699,0.160573273897171) (0.1146804,0.3211258,0.1604236) (47.71064,339.4019,27.69612) (-0.09281235,1.215266,0.03849133) (343.8397,358.9101,3.970613)
compute 0.0802950650568966(0.113690622150898,0.320635855197906,0.161066830158234) (0.114263,0.320907,0.1605733) (47.6939,339.3806,27.66733) (-0.09308487,1.215608,0.03861985) (343.8556,358.9295,4.035093)
compute 0.0602577468323098(0.113443486392498,0.320706248283386,0.161611869931221) (0.1136906,0.3206359,0.1610668) (46.97168,339.9416,28.06571) (-0.09351436,1.215405,0.04041703) (343.8724,359.2729,3.957445)
compute 0.16118251078787(0.113569021224976,0.320985615253448,0.163194328546524) (0.1134435,0.3207062,0.1616119) (45.57324,342.0598,29.19038) (-0.09417409,1.214908,0.04206097) (343.6844,359.7627,3.762408)
compute 0.131645246963206(0.113744877278805,0.321036964654922,0.164497971534729) (0.113569,0.3209856,0.1631943) (44.50669,343.5904,29.83017) (-0.09439222,1.214817,0.0447237) (343.9637,359.9426,3.304484)
compute 0.183195372455546(0.113287322223186,0.321085721254349,0.166271194815636) (0.1137449,0.321037,0.164498) (44.19001,344.0821,29.94596) (-0.0953538,1.215009,0.04707418) (344.3597,359.8598,3.071934)
compute 0.195986438428211(0.111718729138374,0.3211729824543,0.167442932724953) (0.1132873,0.3210857,0.1662712) (44.11206,344.1657,29.96285) (-0.09665756,1.21531,0.04804388) (344.7413,0.1911725,3.131172)
compute 0.0603333456767643(0.111320734024048,0.321336060762405,0.167866036295891) (0.1117187,0.321173,0.1674429) (44.10166,344.1856,29.95159) (-0.09692656,1.215041,0.05012834) (344.6131,0.4022752,3.336737)
compute 0.0665254199397649(0.111253909766674,0.321478426456451,0.168512433767319) (0.1113207,0.3213361,0.167866) (44.02931,344.3939,30.02877) (-0.096655,1.215179,0.05010116) (344.6752,0.1998989,3.418566)
compute 0.0343450843834237(0.111260496079922,0.321654260158539,0.16880738735199) (0.1112539,0.3214784,0.1685124) (43.9273,344.5256,30.09693) (-0.09649429,1.2154,0.0500593) (344.8972,0.1424287,3.558964)
compute 0.0645824103307495(0.111307218670845,0.322133392095566,0.169237896800041) (0.1112605,0.3216543,0.1688074) (43.3187,344.6639,29.93525) (-0.09464142,1.214585,0.0503811) (344.342,0.2787076,3.41484)
compute 0.213869228671201(0.11132001131773,0.322352707386017,0.171365275979042) (0.1113072,0.3221334,0.1692379) (42.83078,344.5606,29.78417) (-0.09229515,1.217625,0.04845393) (342.9681,0.2210025,3.039136)
compute 0.25559948027949(0.11330334097147,0.322364002466202,0.172977536916733) (0.11132,0.3223527,0.1713653) (42.62504,344.5363,29.65345) (-0.08766036,1.221,0.04478185) (340.8636,0.494113,2.434033)
compute 0.319389396570802(0.116458430886269,0.322004854679108,0.173320144414902) (0.1133033,0.322364,0.1729775) (42.38187,344.7241,29.49251) (-0.08474641,1.220802,0.04205003) (340.0198,1.173713,2.175695)
compute 0.198695094222697(0.118359886109829,0.321446269750595,0.173177227377892) (0.1164584,0.3220049,0.1733201) (42.18632,344.9184,29.41298) (-0.08297478,1.222012,0.04317026) (338.1699,1.626793,1.547952)
compute 0.282539705168872(0.120539464056492,0.321269065141678,0.171388119459152) (0.1183599,0.3214463,0.1731772) (42.02171,345.3376,29.34051) (-0.08139989,1.224313,0.04033007) (337.2815,2.410844,0.9198284)
compute 0.305591385103851(0.122265264391899,0.320903033018112,0.168892875313759) (0.1205395,0.3212691,0.1713881) (42.02398,345.3405,29.34849) (-0.08272372,1.224773,0.03944629) (337.2007,3.06843,0.7021439)
compute 0.213505622203025(0.122732199728489,0.320648461580276,0.166825115680695) (0.1222653,0.320903,0.1688929) (41.80151,346.2677,30.08018) (-0.08885324,1.222869,0.03894711) (337.6445,3.263146,0.7609851)
compute 0.33112659470441(0.120397076010704,0.320828557014465,0.164484336972237) (0.1227322,0.3206485,0.1668251) (40.6238,348.9121,32.17762) (-0.09706082,1.220527,0.03742082) (337.9797,3.738908,0.3106516)
compute 0.740770613453018(0.114954404532909,0.320766776800156,0.159459635615349) (0.1203971,0.3208286,0.1644843) (38.99216,351.3902,33.54489) (-0.1031429,1.218055,0.03524698) (337.2672,5.047345,358.6409)
compute 0.577838271737222(0.109721191227436,0.318404734134674,0.158808529376984) (0.1149544,0.3207668,0.1594596) (33.15795,350.675,32.80209) (-0.1046443,1.22077,0.03775927) (334.2673,4.512963,359.3929)
compute 1.44817798850301(0.106580846011639,0.328413873910904,0.168792381882668) (0.1097212,0.3184047,0.1588085) (6.50769,345.4125,35.87804) (-0.09694866,1.230328,0.04101905) (330.7338,5.014352,358.5241)
compute 1.54350365952156(0.107543148100376,0.343544334173203,0.165896952152252) (0.1065808,0.3284139,0.1687924) (330.0665,327.1571,63.53484) (-0.08541046,1.236282,0.03974476) (326.6724,5.364294,359.3997)
compute 1.07786282946487(0.11471926420927,0.347274303436279,0.158771678805351) (0.1075431,0.3435443,0.165897) (311.2858,293.2992,109.9497) (-0.07414418,1.236253,0.04042594) (326.3766,4.477449,359.021)
compute 95.5452954076881(-0.0321701318025589,1.27017498016357,0.357689261436462) (0.1147193,0.3472743,0.1587717) (310.1494,260.3732,148.5183) (-0.06880192,1.23788,0.0476824) (326.0227,1.772258,359.9388)
compute 12.4572191338684(-0.0307122506201267,1.39220833778381,0.382668554782867) (-0.03217013,1.270175,0.3576893) (312.1733,250.2957,166.5396) (-0.06518456,1.239733,0.05741447) (325.2048,0.9542337,0.3157881)
compute 11.0775305352938(-0.0289985090494156,1.49109518527985,0.432564675807953) (-0.03071225,1.392208,0.3826686) (309.232,254.1394,166.9261) (-0.06261374,1.239731,0.06598806) (325.0028,1.313765,359.6038)
compute 10.5911990850474(-0.0215934850275517,1.5697603225708,0.503093481063843) (-0.02899851,1.491095,0.4325647) (307.742,263.9953,162.3927) (-0.06100725,1.246679,0.06958936) (321.9055,0.5358645,359.8942)
compute 2.97068584416434(-0.0240494441241026,1.58883965015411,0.525730729103088) (-0.02159349,1.56976,0.5030935) (304.2435,275.0353,152.3699) (-0.0639847,1.248868,0.07043047) (321.7787,358.5718,0.6851773)
compute 5.13834384180726(-0.0540899857878685,1.55771911144257,0.553467631340027) (-0.02404944,1.58884,0.5257307) (317.841,286.3239,140.8397) (-0.07028198,1.244044,0.07093972) (321.5818,357.3265,1.661321)
compute 3.92886138308995(-0.0746809020638466,1.52955830097198,0.571539103984833) (-0.05408999,1.557719,0.5534676) (322.8004,289.369,136.329) (-0.07646356,1.239397,0.07570721) (322.2131,356.6208,1.646916)
compute 2.2324907841046(-0.0894788056612015,1.52508521080017,0.555432736873627) (-0.0746809,1.529558,0.5715391) (318.4391,276.8514,147.7508) (-0.08351543,1.24295,0.07302906) (319.3143,355.8301,0.5656456)
compute 3.49155782561988(-0.0931212306022644,1.50515830516815,0.526994228363037) (-0.08947881,1.525085,0.5554327) (313.9609,265.765,148.8715) (-0.08474275,1.247417,0.06505229) (315.9307,358.6092,357.4926)
compute 3.8687581091609(-0.0868987888097763,1.4814110994339,0.497093051671982) (-0.09312123,1.505158,0.5269942) (321.1871,265.6071,160.0062) (-0.07695153,1.248842,0.06112556) (315.4937,3.808471,354.6563)
compute 6.20082522118652(-0.0422739498317242,1.50525367259979,0.461243659257889) (-0.08689879,1.481411,0.4970931) (314.6261,258.0781,167.7281) (-0.07261644,1.249306,0.05914471) (315.933,6.047156,354.344)
compute 7.59615213670976(0.0115781836211681,1.55209147930145,0.435237497091293) (-0.04227395,1.505254,0.4612437) (307.8053,257.36,171.6247) (-0.06292347,1.249509,0.05857352) (316.7144,7.844592,353.0582)
compute 6.9180494648197(0.0642014592885971,1.59699499607086,0.434600234031677) (0.01157818,1.552091,0.4352375) (298.8278,259.4686,171.002) (-0.05155214,1.249873,0.05878302) (316.6986,10.0607,351.1685)
compute 5.10292660156167(0.109240375459194,1.6207822561264,0.437706410884857) (0.06420146,1.596995,0.4346002) (293.6155,263.8499,175.7795) (-0.04227018,1.251668,0.05078797) (316.6581,11.37264,349.7192)
compute 3.8160704052063(0.145315453410149,1.63018035888672,0.445861399173737) (0.1092404,1.620782,0.4377064) (289.6183,265.4823,172.5586) (-0.03967554,1.251776,0.04003326) (315.4819,9.064584,349.7098)
compute 2.88365706825797(0.172822743654251,1.6251072883606,0.4528728723526) (0.1453155,1.63018,0.4458614) (286.7627,271.2873,160.3341) (-0.03485963,1.250006,0.02850767) (315.4066,6.613009,350.5261)
compute 2.40366308110028(0.174968346953392,1.60162115097046,0.457515865564346) (0.1728227,1.625107,0.4528729) (292.9149,285.2757,146.0506) (-0.03235964,1.248752,0.02078318) (315.2823,4.582465,350.8018)
compute 4.07110491222412(0.196953371167183,1.57621204853058,0.480503380298615) (0.1749683,1.601621,0.4575159) (292.6389,306.1219,124.8908) (-0.03716973,1.249826,0.009418049) (310.9453,356.8203,354.8089)
compute 4.45384861115804(0.211511120200157,1.54253697395325,0.505756855010986) (0.1969534,1.576212,0.4805034) (291.9646,319.7328,107.0679) (-0.04247617,1.250514,0.004851573) (309.6399,351.0406,356.66)
compute 3.94916144858321(0.21401010453701,1.5049192905426,0.517514944076538) (0.2115111,1.542537,0.5057569) (292.8244,329.8183,96.55914) (-0.0533931,1.249079,-0.001491505) (310.0638,349.051,356.8352)
compute 3.88352918191614(0.193460837006569,1.50375366210938,0.484582453966141) (0.2140101,1.504919,0.5175149) (282.5216,351.1918,59.80066) (-0.07221612,1.25032,-0.01490749) (309.3296,345.3802,0.02466361)
compute 10.7648236582991(0.11145918816328,1.53135204315186,0.420534014701843) (0.1934608,1.503754,0.4845825) (277.7958,273.953,135.7521) (-0.09404559,1.248077,-0.02346548) (310.6197,340.2499,3.853124)
compute 13.0268218698608(0.00210931221954525,1.56734025478363,0.359564661979675) (0.1114592,1.531352,0.420534) (295.4514,226.8578,170.7555) (-0.1121846,1.242061,-0.02914531) (313.012,335.9608,6.689016)
compute 13.0047140135597(-0.112726174294949,1.56128394603729,0.298832535743713) (0.002109312,1.56734,0.3595647) (312.8421,221.784,171.8179) (-0.1279406,1.241569,-0.03316973) (314.5039,331.8014,9.496354)
compute 16.0398054110897(-0.255820512771606,1.50848400592804,0.249196708202362) (-0.1127262,1.561284,0.2988325) (333.5638,228.5684,166.0914) (-0.1433909,1.240116,-0.03871616) (314.086,327.9713,12.54263)
compute 12.0819621875344(-0.371466606855392,1.48365807533264,0.224558621644974) (-0.2558205,1.508484,0.2491967) (342.5756,231.7308,161.3417) (-0.1528591,1.2392,-0.0386893) (314.7292,325.9596,13.77713)
compute 8.49113608513314(-0.45608127117157,1.4815376996994,0.23132635653019) (-0.3714666,1.483658,0.2245586) (343.2708,236.7837,153.3045) (-0.1663407,1.238352,-0.03653159) (315.796,322.4176,15.47955)
compute 7.09126170554996(-0.508683800697327,1.49012196063995,0.278101176023483) (-0.4560813,1.481538,0.2313264) (339.9006,244.3673,150.0439) (-0.1734034,1.236134,-0.03201312) (316.6918,321.4729,14.83728)
compute 5.07521538418968(-0.543899178504944,1.48342883586884,0.314029723405838) (-0.5086838,1.490122,0.2781012) (339.3979,247.5161,150.6949) (-0.1822709,1.234452,-0.02795964) (315.71,319.4125,15.07009)
compute 5.58956052922843(-0.584170937538147,1.47211265563965,0.351103276014328) (-0.5438992,1.483429,0.3140297) (338.4969,249.7257,149.8859) (-0.2013151,1.230315,-0.0208577) (317.5552,315.9513,16.94838)
compute 5.69247866005715(-0.624217391014099,1.45676231384277,0.388534277677536) (-0.5841709,1.472113,0.3511033) (335.6403,254.7636,142.9187) (-0.21842,1.22546,-0.008037777) (321.5638,314.0168,17.7617)
compute 2.04161739298923(-0.623031318187714,1.43801164627075,0.380545169115067) (-0.6242174,1.456762,0.3885343) (338.0229,251.6465,148.6703) (-0.2243242,1.226352,0.006346076) (322.8646,316.3545,15.91997)
compute 7.3087158347528(-0.557936489582062,1.47099649906158,0.384594351053238) (-0.6230313,1.438012,0.3805452) (326.2012,248.5785,159.4887) (-0.2116952,1.231694,0.01751449) (322.3863,322.9401,13.02457)
compute 8.01598974237187(-0.494197398424149,1.51960635185242,0.384735584259033) (-0.5579365,1.470996,0.3845944) (317.6227,244.5057,165.7388) (-0.1997951,1.233316,0.02833539) (322.2466,325.1147,12.94161)
compute 8.0430539286621(-0.489342987537384,1.52113449573517,0.465004950761795) (-0.4941974,1.519606,0.3847356) (311.8748,260.2438,120.6677) (-0.1850941,1.225888,0.03482369) (322.7806,321.8235,15.16372)
compute 9.58017828764772(-0.482309997081757,1.45978546142578,0.538249850273132) (-0.489343,1.521134,0.465005) (309.5874,285.5749,105.758) (-0.1837929,1.227399,0.03479686) (326.1382,319.4196,13.95362)
compute 9.85401052572154(-0.513773024082184,1.36694037914276,0.548250913619995) (-0.48231,1.459785,0.5382499) (327.3324,275.9901,108.9661) (-0.1855201,1.219764,0.04106639) (329.4691,320.8625,13.43911)
compute 2.75922731807032(-0.517657458782196,1.3435742855072,0.562402606010437) (-0.513773,1.36694,0.5482509) (319.5839,283.2393,107.0638) (-0.1967499,1.214473,0.05163112) (332.9718,322.1216,13.23112)
compute 5.50017790986999(-0.550089478492737,1.31729114055634,0.526589810848236) (-0.5176575,1.343574,0.5624026) (309.67,266.8279,110.3854) (-0.2142383,1.206924,0.05536082) (336.3955,322.5867,11.59744)
compute 13.3511441197555(-0.623175203800201,1.23125302791595,0.455307096242905) (-0.5500895,1.317291,0.5265898) (337.9999,247.9311,132.9448) (-0.2366296,1.202362,0.0577646) (336.9058,322.4892,13.0476)
compute 5.42570218800163(-0.672628283500671,1.21799778938293,0.437348365783691) (-0.6231752,1.231253,0.4553071) (331.0192,248.5025,121.6024) (-0.2661958,1.194434,0.06509054) (339.3945,318.7695,15.18805)
compute 7.24421827258996(-0.707538247108459,1.16155850887299,0.466396123170853) (-0.6726283,1.217998,0.4373484) (341.6101,268.5602,102.7693) (-0.2878816,1.183692,0.0742761) (344.2118,317.1261,14.22289)
compute 4.31706962338376(-0.730346977710724,1.1250307559967,0.469428300857544) (-0.7075382,1.161559,0.4663961) (345.1338,258.4032,104.3703) (-0.2903582,1.183284,0.0729225) (344.8218,319.6408,15.90365)
compute 4.151469196924(-0.724345088005066,1.09880614280701,0.501046597957611) (-0.730347,1.125031,0.4694283) (347.6787,268.5192,96.42938) (-0.2792846,1.192493,0.07157478) (343.9258,321.6407,15.84459)
compute 5.77642104060516(-0.683411598205566,1.13466393947601,0.481672078371048) (-0.7243451,1.098806,0.5010466) (326.1416,261.775,99.08935) (-0.266322,1.20279,0.06870317) (341.3841,325.1717,15.75998)
compute 8.47173535239928(-0.617788732051849,1.1632227897644,0.436339288949966) (-0.6834116,1.134664,0.4816721) (329.2523,257.0827,98.11443) (-0.2174699,1.224271,0.07638617) (334.9814,345.7449,11.59417)
compute 11.0669461377111(-0.531059443950653,1.19940185546875,0.377885580062866) (-0.6177887,1.163223,0.4363393) (339.6735,246.673,120.3239) (-0.1595084,1.245282,0.06241666) (327.3681,6.518116,3.395916)
compute 13.1010663597258(-0.427482455968857,1.25184893608093,0.317182153463364) (-0.5310594,1.199402,0.3778856) (340.9692,240.0842,133.5143) (-0.1403422,1.257571,0.03540258) (320.7915,8.353328,1.053568)
compute 9.26974674424768(-0.34962397813797,1.27822601795197,0.274343758821487) (-0.4274825,1.251849,0.3171822) (343.4978,233.1546,145.2249) (-0.1165424,1.260072,0.02458278) (318.6423,17.3959,354.7124)
compute 6.2455926384407(-0.294753313064575,1.30759084224701,0.269084483385086) (-0.349624,1.278226,0.2743438) (339.4483,229.1306,150.0397) (-0.09803732,1.258124,0.02366205) (317.254,18.71375,352.5233)
compute 6.90838492258999(-0.240927442908287,1.3503178358078,0.276138424873352) (-0.2947533,1.307591,0.2690845) (334.8636,230.351,156.1518) (-0.08714148,1.258434,0.02679151) (312.9533,10.51174,354.0886)
compute 6.38834484162239(-0.205656245350838,1.40263879299164,0.286116153001785) (-0.2409274,1.350318,0.2761384) (330.7966,232.1022,159.9868) (-0.07951735,1.254848,0.04294072) (313.4329,0.9505491,0.4440638)
compute 4.99225458009749(-0.197743237018585,1.44665837287903,0.308295458555222) (-0.2056562,1.402639,0.2861162) (327.3665,239.0264,158.4587) (-0.07741879,1.249944,0.05679896) (313.3228,356.3628,3.91359)
compute 7.424668880174(-0.190244808793068,1.51027989387512,0.345827400684357) (-0.1977432,1.446658,0.3082955) (319.8571,244.003,156.2087) (-0.07994886,1.248179,0.0697292) (312.4159,358.5379,359.3581)
compute 5.90722701650425(-0.183432027697563,1.55425786972046,0.384673982858658) (-0.1902448,1.51028,0.3458274) (316.8051,251.9532,158.9144) (-0.103268,1.251322,0.07903224) (312.0457,358.015,358.6148)
compute 7.0349516937015(-0.155613109469414,1.59794867038727,0.432279407978058) (-0.183432,1.554258,0.384674) (308.7993,258.5306,159.1817) (-0.1406237,1.253867,0.08116727) (312.5805,350.5959,5.793555)
compute 4.98756615472418(-0.134083077311516,1.61509585380554,0.473872840404511) (-0.1556131,1.597949,0.4322794) (301.0424,264.4612,149.0883) (-0.1644549,1.243837,0.08244704) (314.2465,344.3671,10.55463)
compute 3.469196129377(-0.134721532464027,1.59563970565796,0.502588391304016) (-0.1340831,1.615096,0.4738728) (303.5926,270.3073,140.5052) (-0.1644787,1.245838,0.08404577) (313.8941,348.0259,8.188338)
compute 5.79378583064477(-0.143041431903839,1.56048572063446,0.547884881496429) (-0.1347215,1.59564,0.5025884) (315.97,282.4969,136.4826) (-0.1263525,1.254615,0.09553222) (312.3842,357.0465,0.9104329)
compute 4.28787659182624(-0.158393904566765,1.52058339118958,0.551155090332031) (-0.1430414,1.560486,0.5478849) (324.6154,277.825,138.8271) (-0.08631141,1.250268,0.110323) (314.6344,0.9325758,359.5374)
compute 4.20817921025824(-0.140443295240402,1.48784446716309,0.570566833019257) (-0.1583939,1.520583,0.5511551) (329.3008,291.7596,129.7655) (-0.05528055,1.254654,0.1092932) (314.201,4.828161,355.6357)
compute 11.1761869433478(-0.0429189130663872,1.50564634799957,0.518964469432831) (-0.1404433,1.487844,0.5705668) (315.0952,277.8074,145.5888) (-0.03835181,1.247967,0.09950608) (314.412,8.331061,352.8478)
compute 14.6483431855546(0.071348212659359,1.54943108558655,0.438445419073105) (-0.04291891,1.505646,0.5189645) (301.9285,244.4256,170.995) (-0.02649005,1.252083,0.09434399) (312.3752,11.10384,350.6624)
compute 11.6902886168906(0.169128239154816,1.57273757457733,0.49812924861908) (0.07134821,1.549431,0.4384454) (284.2816,280.1247,131.8228) (-0.01483059,1.255116,0.0939497) (311.9948,12.11226,350.2456)
compute 10.3346311268349(0.267820864915848,1.55591082572937,0.523762941360474) (0.1691282,1.572738,0.4981292) (283.508,73.94964,339.586) (-0.008542187,1.253987,0.1051815) (312.4763,10.46224,349.3781)
compute 2.00426870477405(0.272646397352219,1.54814076423645,0.505928993225098) (0.2678209,1.555911,0.5237629) (288.14,98.5116,296.4826) (-0.01530403,1.252301,0.1128994) (311.7746,7.305262,349.7586)
compute 11.0144833435532(0.16742542386055,1.55986630916595,0.475549012422562) (0.2726464,1.548141,0.505929) (278.3208,164.8417,226.2978) (-0.03836538,1.252527,0.1137996) (311.1233,3.056904,353.5153)
compute 16.236180207305(0.0123545797541738,1.56067359447479,0.42744767665863) (0.1674254,1.559866,0.475549) (298.503,235.0593,163.8066) (-0.0607858,1.254867,0.1105097) (312.959,0.1988402,356.3922)
compute 9.35047723304541(-0.0807670503854752,1.56845498085022,0.424138009548187) (0.01235458,1.560674,0.4274477) (304.9375,243.4032,150.5005) (-0.0783766,1.253536,0.1081336) (313.7621,359.3006,356.3481)
compute 9.13752079934852(-0.118726648390293,1.58850979804993,0.504799664020538) (-0.08076705,1.568455,0.424138) (301.6447,266.7875,125.5549) (-0.09095738,1.25247,0.1050712) (314.0412,357.3886,357.1199)
compute 7.41582443407896(-0.124806776642799,1.58752477169037,0.578701674938202) (-0.1187266,1.58851,0.5047997) (305.7557,284.3182,127.6753) (-0.1155722,1.251717,0.1020278) (312.8261,353.8262,359.1713)
compute 1.84991993859485(-0.132508009672165,1.58661150932312,0.595496833324432) (-0.1248068,1.587525,0.5787017) (300.9845,280.9724,123.5808) (-0.1422265,1.250054,0.1037126) (314.0493,346.3629,5.122085)
compute 6.30974664029814(-0.189782276749611,1.56872737407684,0.575974881649017) (-0.132508,1.586612,0.5954968) (303.0031,273.0797,126.0929) (-0.172055,1.247043,0.108073) (315.5366,337.2132,9.962482)
compute 11.609023328528(-0.280178666114807,1.5463604927063,0.506655633449554) (-0.1897823,1.568727,0.5759749) (309.438,248.9535,142.4522) (-0.2017792,1.242965,0.1081042) (318.2031,332.2339,12.31386)
compute 13.5037001804567(-0.391168832778931,1.50676238536835,0.44071501493454) (-0.2801787,1.54636,0.5066556) (317.9231,237.3904,139.6929) (-0.2296509,1.237657,0.1103567) (320.9586,329.5672,15.40395)
compute 12.5741841580191(-0.49896776676178,1.4733579158783,0.496163576841354) (-0.3911688,1.506762,0.440715) (324.0517,256.7627,113.6185) (-0.2481798,1.23404,0.1160109) (323.707,328.5944,15.72292)
compute 6.88984517688875(-0.543770372867584,1.43589818477631,0.532721638679504) (-0.4989678,1.473358,0.4961636) (326.4896,265.5864,113.9272) (-0.25445,1.228893,0.1238056) (326.5431,330.455,14.19061)
compute 3.33261799154704(-0.552035272121429,1.40984189510345,0.551784574985504) (-0.5437704,1.435898,0.5327216) (322.0226,272.6904,103.1992) (-0.2425699,1.227321,0.1299046) (326.5764,336.8054,11.71319)
compute 4.66214782749927(-0.556211233139038,1.36346280574799,0.549525439739227) (-0.5520353,1.409842,0.5517846) (326.5707,272.9776,100.7677) (-0.1985566,1.235029,0.1264033) (322.2291,346.6549,7.839327)
compute 5.05703518965136(-0.528441190719604,1.33813536167145,0.515691936016083) (-0.5562112,1.363463,0.5495254) (327.7896,270.7877,105.325) (-0.14204,1.239515,0.1224352) (320.5756,3.492009,0.7831839)
compute 12.4105026813688(-0.450174987316132,1.31769859790802,0.421570748090744) (-0.5284412,1.338135,0.5156919) (329.7761,255.0592,113.183) (-0.07271437,1.245652,0.1223474) (325.4712,28.4252,349.5121)
compute 10.8359727839419(-0.361737579107285,1.28495407104492,0.368199855089188) (-0.450175,1.317699,0.4215707) (341.4711,248.2102,134.8928) (-0.02796911,1.245161,0.110908) (325.8907,35.75027,344.4426)
compute 9.54206526722971(-0.269892871379852,1.26850736141205,0.348220944404602) (-0.3617376,1.284954,0.3681999) (342.1728,246.535,140.0765) (-0.006049507,1.24396,0.1025987) (327.0981,36.35883,340.9156)
compute 13.1781041917209(-0.138732179999352,1.27876508235931,0.355829834938049) (-0.2698929,1.268507,0.3482209) (331.1744,244.7495,150.3157) (0.009384815,1.241074,0.1009869) (327.8598,36.15398,339.1801)
compute 21.8056171240356(0.0605089589953423,1.34256017208099,0.417324990034103) (-0.1387322,1.278765,0.3558298) (302.8701,243.5842,161.0742) (0.03744345,1.238164,0.1142284) (328.486,36.66051,337.0131)
compute 19.6850781332396(0.252973884344101,1.35830056667328,0.455531358718872) (0.06050896,1.34256,0.417325) (287.0598,209.5883,202.5748) (0.07051446,1.233368,0.1242916) (330.1201,39.59686,334.6851)
compute 14.9973393604635(0.367791414260864,1.35012078285217,0.551666915416718) (0.2529739,1.358301,0.4555314) (272.2598,27.83203,25.07627) (0.1002649,1.231924,0.1300233) (331.3153,41.35981,333.5357)
compute 12.1926388865604(0.449777632951736,1.29631531238556,0.624118804931641) (0.3677914,1.350121,0.5516669) (295.6309,24.71351,33.04622) (0.1273568,1.230332,0.1350977) (332.1868,41.43577,333.1325)
compute 3.49357126508938(0.444865345954895,1.26212394237518,0.618891596794128) (0.4497776,1.296315,0.6241188) (293.8594,15.18904,37.75691) (0.1519893,1.223036,0.1442136) (333.9774,40.22973,333.0835)
compute 6.29297463045247(0.454626321792603,1.25395429134369,0.557262599468231) (0.4448653,1.262124,0.6188916) (276.1324,30.27274,33.646) (0.1753985,1.218095,0.150843) (334.8718,41.46759,331.5525)
compute 7.85999571266037(0.507945775985718,1.29526507854462,0.516909062862396) (0.4546263,1.253954,0.5572626) (282.0135,157.676,264.4203) (0.199378,1.217533,0.1640395) (335.9219,42.21156,328.7869)
compute 6.7118533189041(0.555086076259613,1.33950662612915,0.534947216510773) (0.5079458,1.295265,0.5169091) (282.1192,115.0456,293.7107) (0.2111075,1.215104,0.1724763) (334.9596,39.9603,328.3655)
compute 5.28217352418553(0.588876664638519,1.31910181045532,0.570046722888947) (0.5550861,1.339507,0.5349472) (300.976,54.50093,352.3467) (0.1918793,1.226276,0.1627626) (326.6294,34.15478,327.2675)
compute 2.94504665104195(0.575309276580811,1.30215525627136,0.550145208835602) (0.5888767,1.319102,0.5700467) (299.0291,64.09184,332.5203) (0.1652477,1.236484,0.1424442) (320.9031,30.03715,331.1104)
compute 3.00160903681907(0.558380126953125,1.29870855808258,0.525599539279938) (0.5753093,1.302155,0.5501452) (305.8532,74.76158,309.5185) (0.1416738,1.240999,0.1225102) (319.6828,27.76273,333.3303)
compute 11.5453219610875(0.492685347795486,1.36443161964417,0.457085877656937) (0.5583801,1.298709,0.5255995) (293.1844,97.35801,283.2216) (0.1350597,1.245052,0.112744) (321.6638,28.912,333.5747)
compute 10.8879014758993(0.460610061883926,1.43881559371948,0.384333968162537) (0.4926853,1.364432,0.4570859) (295.6661,134.269,243.5595) (0.1355569,1.247502,0.1109084) (320.8192,19.95535,338.6228)
compute 5.57459442366788(0.465561896562576,1.48499321937561,0.35350027680397) (0.4606101,1.438816,0.384334) (303.7267,130.6448,236.7772) (0.09096779,1.254861,0.1168372) (320.328,341.0417,359.0864)
compute 7.19324876814108(0.500502049922943,1.52217996120453,0.404201507568359) (0.4655619,1.484993,0.3535003) (295.7605,117.4347,253.9369) (0.05968942,1.247965,0.1041851) (322.3546,321.3129,13.21869)
compute 6.87207401449459(0.530205905437469,1.51997220516205,0.466131687164307) (0.500502,1.52218,0.4042015) (295.2591,101.0859,281.1423) (0.05875546,1.247606,0.0950326) (320.5042,325.6516,12.58061)
compute 5.73171943935181(0.542737603187561,1.48332846164703,0.508386313915253) (0.5302059,1.519972,0.4661317) (301.6671,86.82951,296.5486) (0.05699367,1.251601,0.09128019) (319.8274,328.6729,12.41778)
compute 3.5560367579779(0.52919864654541,1.45500195026398,0.525084972381592) (0.5427376,1.483328,0.5083863) (306.9238,76.62598,303.0402) (0.06348808,1.253312,0.1038482) (320.929,334.7254,8.154469)
compute 16.269720069821(0.368118792772293,1.45330846309662,0.502264082431793) (0.5291986,1.455002,0.525085) (279.7536,40.28263,341.4248) (0.06726902,1.244194,0.1193189) (328.0293,338.8419,6.236541)
compute 27.7380909811001(0.112596832215786,1.34831988811493,0.477242082357407) (0.3681188,1.453308,0.5022641) (308.9028,264.9155,102.5249) (0.06654798,1.236251,0.1221444) (330.2357,340.1928,4.103878)
compute 22.6485276952675(-0.0932735353708267,1.25647175312042,0.499080032110214) (0.1125968,1.34832,0.4772421) (317.21,257.8494,96.79906) (0.06435335,1.23142,0.1194209) (330.9841,343.6396,0.7339254)
compute 15.2728960831418(-0.182738304138184,1.17720496654511,0.594153523445129) (-0.09327354,1.256472,0.49908) (325.2998,286.0043,62.44197) (0.05728208,1.22957,0.1250304) (333.4409,348.21,356.6133)
compute 15.2016089457906(-0.210342600941658,1.03389060497284,0.636672794818878) (-0.1827383,1.177205,0.5941535) (353.4675,291.0533,72.77308) (0.06622709,1.226066,0.1339851) (335.038,359.6805,353.0885)
compute 5.27162512883529(-0.158511728048325,1.03070604801178,0.627594113349915) (-0.2103426,1.033891,0.6366728) (341.9693,286.7729,63.15716) (0.08166777,1.226079,0.141606) (335.9851,6.93661,349.2867)
compute 25.68070824982(0.0655438229441643,1.14953792095184,0.587246000766754) (-0.1585117,1.030706,0.6275941) (291.1723,318.8064,48.23863) (0.103009,1.22111,0.1522819) (340.075,12.92589,345.7126)
compute 19.4562163990928(0.241708412766457,1.20962369441986,0.530587613582611) (0.06554382,1.149538,0.587246) (273.7072,77.59161,302.5122) (0.1184439,1.213752,0.1560852) (340.0539,14.79954,342.2073)
compute 13.0892035877018(0.327888041734695,1.21428203582764,0.628995418548584) (0.2417084,1.209624,0.5305876) (295.7936,13.10338,19.97241) (0.1219868,1.22739,0.1427331) (329.9156,10.07372,338.0563)
compute 7.28989910158963(0.400043308734894,1.20408201217651,0.627035796642303) (0.327888,1.214282,0.6289954) (299.7954,49.08408,344.3092) (0.1002727,1.239709,0.1164688) (318.767,357.3432,343.1274)
compute 4.68940490484801(0.408271163702011,1.16879940032959,0.65680980682373) (0.4000433,1.204082,0.6270358) (302.6604,39.25799,356.2584) (0.08009681,1.239772,0.1012768) (314.7754,350.1119,349.8804)
compute 3.35655465355455(0.389653563499451,1.14466667175293,0.670868337154388) (0.4082712,1.168799,0.6568098) (305.9959,34.14452,359.0884) (0.06130129,1.23709,0.09695675) (314.9828,344.7538,355.2054)
compute 5.99658636695352(0.344498485326767,1.17981863021851,0.652944505214691) (0.3896536,1.144667,0.6708683) (302.3574,37.90308,343.2677) (0.06237045,1.235607,0.105754) (316.5623,358.9669,347.6702)
compute 8.41200241707855(0.311534881591797,1.22686147689819,0.591490864753723) (0.3444985,1.179819,0.6529445) (287.6509,45.2914,338.837) (0.10056,1.232814,0.1185108) (323.7071,23.49504,334.8252)
compute 6.34468953509763(0.342087268829346,1.2431458234787,0.538322448730469) (0.3115349,1.226861,0.5914909) (286.2887,91.9855,294.982) (0.1437085,1.220986,0.128618) (330.7989,38.88282,327.3203)
compute 8.4357777645182(0.425048828125,1.24531960487366,0.523193359375) (0.3420873,1.243146,0.5383224) (300.8772,91.78179,277.7373) (0.1702406,1.217608,0.1397539) (333.2304,42.62948,325.0519)
compute 7.83584759994291(0.497090637683868,1.27389132976532,0.51163113117218) (0.4250488,1.24532,0.5231934) (304.0431,99.82401,267.267) (0.185958,1.217099,0.1504499) (333.5131,42.2246,323.924)
compute 9.93442639062382(0.596269547939301,1.27087318897247,0.516501188278198) (0.4970906,1.273891,0.5116311) (315.1291,104.2808,278.6808) (0.1946466,1.212869,0.1580415) (335.4075,41.41555,323.072)
compute 9.91036098343137(0.676375329494476,1.21254467964172,0.518042147159576) (0.5962695,1.270873,0.5165012) (330.5417,105.9469,292.4813) (0.1990601,1.207405,0.1585028) (336.7929,41.02088,322.6779)
compute 4.65652386630177(0.684419929981232,1.19534397125244,0.560559689998627) (0.6763753,1.212545,0.5180421) (314.7723,82.19261,319.3187) (0.2035402,1.211554,0.1579557) (334.3719,39.01261,324.4062)
compute 4.18630259647426(0.688082635402679,1.15411067008972,0.56679767370224) (0.6844199,1.195344,0.5605597) (320.565,76.14265,325.1293) (0.2116794,1.206788,0.1605844) (335.8298,37.44574,324.7608)
compute 3.32458825897278(0.707471609115601,1.13107657432556,0.552698493003845) (0.6880826,1.154111,0.5667977) (326.3589,79.48766,321.678) (0.175764,1.220292,0.1787953) (325.3788,12.95915,330.5099)
compute 1.58381670986656(0.69736784696579,1.12968611717224,0.540581226348877) (0.7074716,1.131077,0.5526985) (324.2661,84.3686,310.9272) (0.1323122,1.232084,0.1680577) (318.0567,347.7853,344.924)
compute 10.5278300796376(0.602499127388,1.17245972156525,0.556514382362366) (0.6973678,1.129686,0.5405812) (313.1463,73.61629,315.5758) (0.09866223,1.237484,0.1480899) (317.603,337.3995,352.8695)
compute 21.1204771357358(0.416647791862488,1.2721985578537,0.545610189437866) (0.6024991,1.17246,0.5565144) (289.8007,62.54578,316.7556) (0.07606649,1.243045,0.1328067) (318.6459,333.7107,358.2562)
compute 19.9251608685535(0.237021952867508,1.3270468711853,0.479071289300919) (0.4166478,1.272199,0.5456102) (278.6728,212.231,160.4516) (0.04724554,1.243466,0.1225818) (319.7786,327.5561,4.214277)
compute 17.0720397490403(0.0767690241336823,1.33286249637604,0.420499682426453) (0.237022,1.327047,0.4790713) (298.1003,230.8628,139.9898) (0.02158979,1.24416,0.1152111) (320.1815,327.0627,5.677395)
compute 15.2689850133068(-0.0559512749314308,1.29443907737732,0.355513870716095) (0.07676902,1.332862,0.4204997) (319.3924,229.825,140.5107) (-0.008755907,1.247548,0.1051042) (321.5537,320.9724,11.67592)
compute 10.7863535358501(-0.143882751464844,1.23665618896484,0.331770747900009) (-0.05595127,1.294439,0.3555139) (331.6955,228.3459,130.0425) (-0.04167452,1.232993,0.1029244) (331.5252,319.4684,14.3673)
compute 9.04498478341142(-0.22190098464489,1.19867587089539,0.357301622629166) (-0.1438828,1.236656,0.3317707) (333.2469,237.3543,110.3554) (-0.07086515,1.212894,0.1069924) (341.7861,320.407,15.3044)
compute 8.84623778763216(-0.283519834280014,1.15878772735596,0.406674146652222) (-0.221901,1.198676,0.3573016) (330.8678,246.7686,107.8302) (-0.08135931,1.209212,0.1013328) (341.5693,322.5532,13.74153)
compute 10.6342929800378(-0.33945232629776,1.07334554195404,0.43633908033371) (-0.2835198,1.158788,0.4066741) (341.5612,254.5198,83.38316) (-0.08638452,1.211369,0.08998337) (343.2064,324.0076,14.37729)
compute 11.1996720192925(-0.39298215508461,0.998126804828644,0.499742269515991) (-0.3394523,1.073346,0.4363391) (345.9734,264.0524,90.29802) (-0.09147742,1.21349,0.07446633) (338.7599,325.035,14.29146)
compute 8.40897800988997(-0.425601333379745,0.926333010196686,0.528943836688995) (-0.3929822,0.9981268,0.4997423) (348.9435,267.8151,70.31517) (-0.09883285,1.214829,0.06661638) (335.5468,326.361,14.98687)
compute 6.482688490248(-0.437986761331558,0.89137727022171,0.582115471363068) (-0.4256013,0.926333,0.5289438) (348.3889,282.337,58.21825) (-0.1116948,1.212874,0.07262009) (337.103,326.4047,15.42336)
compute 14.6454144580741(-0.388772547245026,1.02607393264771,0.552390277385712) (-0.4379868,0.8913773,0.5821155) (326.5563,278.896,67.05929) (-0.1221383,1.220651,0.09101367) (332.7793,327.6442,12.86912)
compute 24.5202855182128(-0.263416886329651,1.22761487960815,0.490813940763474) (-0.3887725,1.026074,0.5523903) (301.6463,245.8988,114.8783) (-0.1195373,1.226421,0.1146732) (332.3213,333.1997,10.79795)
compute 16.1194873673717(-0.182586699724197,1.36688089370728,0.48338121175766) (-0.2634169,1.227615,0.4908139) (291.5751,211.143,147.2852) (-0.1144861,1.228086,0.1322602) (331.5181,336.4328,10.83581)
compute 11.8604601567498(-0.179150253534317,1.43398475646973,0.581117153167725) (-0.1825867,1.366881,0.4833812) (285.9115,274.7565,92.38991) (-0.1255818,1.225685,0.145291) (334.2377,331.6298,11.74703)
compute 6.05948387602644(-0.172988325357437,1.44262993335724,0.521459579467773) (-0.1791503,1.433985,0.5811172) (284.5458,225.856,135.8137) (-0.159326,1.222235,0.150774) (334.2859,319.4902,16.12495)
compute 12.4443227983128(-0.234478428959847,1.39041185379028,0.42670539021492) (-0.1729883,1.44263,0.5214596) (297.6196,202.4198,148.4922) (-0.194847,1.212585,0.1497517) (337.5097,312.5797,15.92241)
compute 20.5600143725205(-0.396064192056656,1.27183413505554,0.380871057510376) (-0.2344784,1.390412,0.4267054) (318.3831,225.9705,117.0017) (-0.2272913,1.199572,0.1321444) (339.316,309.8499,16.96132)
compute 15.3798485205983(-0.536120593547821,1.20883071422577,0.389162451028824) (-0.3960642,1.271834,0.3808711) (325.8795,229.4871,116.8323) (-0.253274,1.191561,0.1174169) (338.1864,309.3557,15.82632)
compute 11.5848028984212(-0.64786297082901,1.20461130142212,0.419437915086746) (-0.5361206,1.208831,0.3891625) (315.8197,239.309,94.31438) (-0.2804041,1.185127,0.1140103) (337.8082,306.8008,15.95678)
compute 9.89900327917151(-0.740761935710907,1.17337656021118,0.433337569236755) (-0.647863,1.204611,0.4194379) (324.2684,241.3026,96.49061) (-0.3060652,1.173898,0.1229723) (339.0649,306.4749,16.55331)
compute 9.42875319121051(-0.801148474216461,1.11615681648254,0.477716684341431) (-0.7407619,1.173377,0.4333376) (332.5861,256.051,78.02461) (-0.3251562,1.155701,0.1264064) (340.8193,305.2563,19.12523)
compute 3.13921629312885(-0.807068884372711,1.08730697631836,0.466849148273468) (-0.8011485,1.116157,0.4777167) (333.3735,251.7137,85.7234) (-0.3304414,1.149659,0.1272987) (341.0966,304.6368,22.11205)
compute 3.53114139220459(-0.777023196220398,1.07716393470764,0.451316237449646) (-0.8070689,1.087307,0.4668491) (328.5348,254.3833,77.95814) (-0.2939936,1.179836,0.1412545) (333.5725,314.2362,21.69586)
compute 7.30439384991328(-0.716181874275208,1.0669652223587,0.412204384803772) (-0.7770232,1.077164,0.4513162) (332.3149,245.925,79.39799) (-0.2465831,1.207576,0.1499113) (330.2272,320.5292,21.18826)
compute 7.45562972643525(-0.643790245056152,1.06515300273895,0.394461512565613) (-0.7161819,1.066965,0.4122044) (336.1355,245.4018,79.84454) (-0.2247125,1.200124,0.1566382) (338.48,316.7461,24.57982)
compute 3.54397845234188(-0.610271871089935,1.05366337299347,0.393764853477478) (-0.6437902,1.065153,0.3944615) (336.679,246.1037,77.93011) (-0.2296924,1.196787,0.1587233) (341.4237,311.2222,20.78706)
compute 1.8048977714546(-0.597746312618256,1.04070115089417,0.394690483808517) (-0.6102719,1.053663,0.3937649) (337.89,246.3723,79.2153) (-0.2278937,1.205957,0.1551387) (334.3194,316.6456,20.56947)
compute 6.67473702820824(-0.567637145519257,1.10026383399963,0.393722802400589) (-0.5977463,1.040701,0.3946905) (331.3342,240.6402,90.58999) (-0.2236973,1.217194,0.1589449) (329.8253,322.7032,18.11912)
compute 15.4606590505838(-0.522205054759979,1.24173104763031,0.436456292867661) (-0.5676371,1.100264,0.3937228) (309.9598,237.8754,104.9658) (-0.2181535,1.225318,0.1703153) (326.9533,327.4143,15.30784)
compute 13.3401662885733(-0.452096849679947,1.34942471981049,0.472274124622345) (-0.5222051,1.241731,0.4364563) (297.8095,226.4851,123.0144) (-0.2143687,1.229797,0.1802597) (326.3959,330.7299,13.02792)
compute 11.8952025563943(-0.451953947544098,1.36907804012299,0.589591264724731) (-0.4520968,1.349425,0.4722741) (300.1543,282.5129,68.7514) (-0.211798,1.22998,0.1863546) (327.6637,333.3921,12.42125)
compute 4.54875602577833(-0.417439341545105,1.36192083358765,0.560840010643005) (-0.4519539,1.369078,0.5895913) (303.8705,266.3047,96.99833) (-0.2021598,1.228614,0.1918388) (327.6209,337.1032,11.09213)
compute 9.76461343050687(-0.338576674461365,1.39566254615784,0.514182269573212) (-0.4174393,1.361921,0.56084) (300.9146,236.225,144.2033) (-0.1936728,1.22591,0.1934935) (326.3365,339.2967,9.553363)
compute 9.68889740682723(-0.262055456638336,1.43464541435242,0.559041082859039) (-0.3385767,1.395663,0.5141823) (280.3132,239.1358,131.6821) (-0.1887009,1.230623,0.1849696) (324.347,339.0178,8.880799)
compute 7.2122724682578(-0.254333972930908,1.40867018699646,0.625879347324371) (-0.2620555,1.434645,0.5590411) (288.6779,334.1443,25.08817) (-0.1873458,1.230328,0.1805804) (323.8261,337.4308,8.696136)
compute 12.2084958239492(-0.301254004240036,1.39003872871399,0.514721274375916) (-0.254334,1.40867,0.6258793) (286.8315,232.3524,126.2984) (-0.1965797,1.229704,0.1715086) (323.0287,332.3991,8.668438)
compute 16.7214661204713(-0.426608204841614,1.34127271175385,0.415378719568253) (-0.301254,1.390039,0.5147213) (317.6299,222.5532,133.2568) (-0.2098892,1.230955,0.1620457) (323.4264,331.5711,8.156005)
compute 13.7326780160648(-0.560475885868073,1.35542345046997,0.442542046308517) (-0.4266082,1.341273,0.4153787) (324.5651,234.9281,134.0271) (-0.2249936,1.231706,0.1525138) (323.1894,332.1759,8.782712)
compute 10.4610873270247(-0.611936271190643,1.40977454185486,0.515625715255737) (-0.5604759,1.355423,0.442542) (303.0699,262.8706,88.78663) (-0.2412097,1.230384,0.1408183) (322.6217,330.0064,10.25961)
compute 5.59440660173382(-0.648972153663635,1.37099075317383,0.531559944152832) (-0.6119363,1.409775,0.5156257) (320.8184,261.0153,105.2168) (-0.2518689,1.221264,0.1317269) (324.1884,330.7421,13.51389)
compute 2.91509915822994(-0.654253602027893,1.34386169910431,0.522291660308838) (-0.6489722,1.370991,0.5315599) (321.3143,261.8443,103.8757) (-0.2441432,1.219534,0.1272204) (324.6192,335.5335,13.08088)
compute 3.9756001992776(-0.638533473014832,1.32361781597137,0.491900831460953) (-0.6542536,1.343862,0.5222917) (319.1981,264.1477,94.19388) (-0.197822,1.231213,0.1304868) (322.5155,350.9381,7.682958)
compute 6.42610952577706(-0.591794967651367,1.29924941062927,0.45514240860939) (-0.6385335,1.323618,0.4919008) (316.7349,268.1084,82.24384) (-0.1459004,1.243797,0.1234161) (319.8298,7.332621,0.7390974)
compute 12.2397432792572(-0.518334150314331,1.25518369674683,0.367718994617462) (-0.591795,1.299249,0.4551424) (327.4107,249.6225,96.76093) (-0.1048243,1.248127,0.1101368) (318.4988,18.49876,353.0326)
compute 13.4088242369081(-0.418053388595581,1.20993947982788,0.291061401367188) (-0.5183342,1.255184,0.367719) (344.1195,235.85,123.2366) (-0.07515325,1.249603,0.09889749) (316.8143,23.37972,348.4096)
compute 11.1784562320468(-0.309282690286636,1.21876311302185,0.266836047172546) (-0.4180534,1.209939,0.2910614) (340.3946,230.6449,131.8355) (-0.04943667,1.24724,0.0994006) (320.5228,24.40814,348.0089)
compute 19.0779298621098(-0.137743353843689,1.29230892658234,0.306358337402344) (-0.3092827,1.218763,0.266836) (319.0644,227.3737,143.6712) (-0.02923897,1.238281,0.1079927) (324.4968,22.11435,348.3695)
compute 23.7273952468693(0.0698627606034279,1.37080037593842,0.390249490737915) (-0.1377434,1.292309,0.3063583) (292.7026,197.3287,181.1661) (-0.006297155,1.236409,0.1149429) (324.3593,26.22121,344.7791)
compute 14.9152637011294(0.183464139699936,1.40956890583038,0.478783309459686) (0.06986276,1.3708,0.3902495) (283.4933,199.3045,188.4906) (0.01495878,1.23682,0.1166839) (325.9505,32.09062,340.7227)
compute 12.1781807527104(0.270932257175446,1.40939462184906,0.563518822193146) (0.1834641,1.409569,0.4787833) (283.835,47.15606,335.7955) (0.0215683,1.236442,0.1201649) (325.6825,27.93714,341.0831)
compute 5.89153870733469(0.287825673818588,1.35575044155121,0.581066966056824) (0.2709323,1.409395,0.5635188) (308.2366,55.95208,300.6642) (-0.001449805,1.236418,0.1262356) (323.7272,14.47092,346.0948)
compute 8.81920797288188(0.200306937098503,1.34916746616364,0.589725971221924) (0.2878257,1.35575,0.581067) (304.8894,43.49913,294.5416) (-0.0354946,1.242544,0.1233889) (319.8197,359.0812,354.0099)
compute 21.9521911382428(-0.00677598221227527,1.36274456977844,0.518156409263611) (0.2003069,1.349167,0.589726) (283.4079,304.9332,43.59072) (-0.06032364,1.244753,0.1160986) (319.0838,353.1486,357.6257)
compute 19.2237205439021(-0.188630640506744,1.34506666660309,0.458394229412079) (-0.006775982,1.362745,0.5181564) (313.2775,258.9907,105.1138) (-0.08432637,1.239226,0.1185427) (324.3055,353.5651,358.0463)
compute 14.7543395600276(-0.225538283586502,1.41478717327118,0.583077549934387) (-0.1886306,1.345067,0.4583942) (299.032,290.8983,72.14801) (-0.09316095,1.232142,0.1189912) (329.9454,3.546758,352.2302)
compute 2.92587037184029(-0.229981139302254,1.41972827911377,0.611571729183197) (-0.2255383,1.414787,0.5830775) (296.1941,308.3604,50.71238) (-0.05065761,1.23014,0.1166453) (333.7054,28.67981,343.9846)
compute 2.23652154592752(-0.236457571387291,1.39906847476959,0.605965375900269) (-0.2299811,1.419728,0.6115717) (294.437,309.1254,52.13681) (-0.02859175,1.217446,0.1078764) (340.3351,39.85519,343.3271)
compute 3.42540777813801(-0.239472314715385,1.36499035358429,0.604252219200134) (-0.2364576,1.399068,0.6059654) (298.8692,310.4536,56.20921) (-0.03578799,1.210222,0.1032663) (342.9399,37.94366,344.6355)
compute 5.66230812312989(-0.263689160346985,1.35164272785187,0.554840087890625) (-0.2394723,1.36499,0.6042522) (298.916,293.0641,67.94559) (-0.06288323,1.207619,0.1016284) (343.9398,27.78425,344.8948)
compute 10.2414753651208(-0.300569176673889,1.33786356449127,0.460294961929321) (-0.2636892,1.351643,0.5548401) (308.564,256.4232,115.768) (-0.128618,1.232261,0.1001286) (330.0848,358.9456,351.9264)
compute 4.1005708951202(-0.313811123371124,1.3370977640152,0.421493768692017) (-0.3005692,1.337864,0.460295) (310.6668,243.3481,133.7691) (-0.1577263,1.241409,0.06471232) (323.2095,340.6224,4.498196)
compute 2.95139393126572(-0.320511966943741,1.346804022789,0.39443901181221) (-0.3138111,1.337098,0.4214938) (314.0447,236.9341,139.0106) (-0.1654112,1.23019,0.05931979) (327.8898,335.6042,9.612547)
compute 1.47131689444475(-0.3264240026474,1.3566712141037,0.403613090515137) (-0.320512,1.346804,0.394439) (318.2026,242.4325,137.5603) (-0.1664922,1.223623,0.06942406) (330.6475,335.7853,10.51995)
compute 3.38453127597277(-0.329698294401169,1.3579386472702,0.437275797128677) (-0.326424,1.356671,0.4036131) (316.7716,254.0253,123.8734) (-0.1667408,1.220172,0.07950847) (334.0151,337.2206,11.77414)
compute 10.7244134862999(-0.367698550224304,1.25868475437164,0.451626747846603) (-0.3296983,1.357939,0.4372758) (329.7443,258.0241,95.65893) (-0.1669078,1.218397,0.0865667) (332.4095,337.097,11.71161)
compute 22.2327521782816(-0.399549186229706,1.04325497150421,0.49640479683876) (-0.3676986,1.258685,0.4516267) (13.32893,260.8524,75.15203) (-0.1584345,1.225817,0.08504513) (326.843,340.9409,10.74731)
compute 10.5480465608998(-0.42658531665802,1.03093755245209,0.597614765167236) (-0.3995492,1.043255,0.4964048) (349.087,283.5457,89.30253) (-0.1563542,1.228241,0.08415279) (325.5212,343.1671,9.387794)
compute 3.11924522803904(-0.445051044225693,1.04988479614258,0.61413711309433) (-0.4265853,1.030938,0.5976148) (336.0746,286.1557,71.39484) (-0.1619014,1.229018,0.09043907) (325.2531,341.7814,9.967052)
compute 10.749522059162(-0.446358531713486,1.14234471321106,0.5593221783638) (-0.445051,1.049885,0.6141371) (336.9586,272.0598,101.2859) (-0.1733345,1.233241,0.0978404) (323.031,341.191,8.940133)
compute 22.2253037859131(-0.378663033246994,1.34507155418396,0.49836677312851) (-0.4463585,1.142345,0.5593222) (310.0817,246.9418,127.3663) (-0.1805147,1.239707,0.1068333) (320.0392,344.976,7.701558)
compute 13.6696729937311(-0.340384215116501,1.47560298442841,0.511867642402649) (-0.378663,1.345072,0.4983668) (296.6163,244.9241,123.4082) (-0.1707581,1.246126,0.1149348) (317.843,355.319,4.015501)
compute 6.79107512585693(-0.318427205085754,1.49503421783447,0.57312273979187) (-0.3403842,1.475603,0.5118676) (293.3398,307.0389,60.39332) (-0.1402543,1.252198,0.1168799) (317.654,15.431,352.0621)
compute 8.96220672431985(-0.31208810210228,1.44332087039948,0.50020045042038) (-0.3184272,1.495034,0.5731227) (291.9141,282.144,63.59944) (-0.1175605,1.252681,0.1149603) (319.8444,26.4703,346.3294)
compute 9.54154698770718(-0.261783629655838,1.37764155864716,0.452663093805313) (-0.3120881,1.443321,0.5002005) (300.2385,264.8503,84.48055) (-0.09512706,1.245844,0.1160592) (321.8868,30.91026,342.9762)
compute 11.9059850116932(-0.148233339190483,1.3610622882843,0.420934438705444) (-0.2617836,1.377642,0.4526631) (294.0577,255.7448,95.39089) (-0.06807221,1.237563,0.1124776) (322.4719,33.26552,342.8821)
compute 13.3827195082503(-0.0157367531210184,1.37984943389893,0.422125250101089) (-0.1482333,1.361062,0.4209344) (289.2176,231.7833,144.1339) (-0.03219516,1.235914,0.1154757) (323.1792,36.74209,339.9062)
compute 14.649026640584(0.117482349276543,1.41798710823059,0.469639301300049) (-0.01573675,1.379849,0.4221253) (276.3257,177.5095,198.4731) (0.007442482,1.236393,0.1256809) (326.1162,38.86324,337.7855)
compute 13.8471463229326(0.18897357583046,1.4223393201828,0.588148415088654) (0.1174823,1.417987,0.4696393) (284.4158,17.27792,1.771944) (0.04994016,1.227409,0.137422) (333.0052,40.70007,336.1066)
compute 6.87764682309544(0.247298419475555,1.39417290687561,0.611279964447021) (0.1889736,1.422339,0.5881484) (291.7561,53.72433,337.5159) (0.07378117,1.225631,0.1429463) (335.1139,41.87172,334.1873)
compute 3.42533096930638(0.244183421134949,1.36892020702362,0.634212195873261) (0.2472984,1.394173,0.61128) (290.8292,35.24906,350.83) (0.09445304,1.220517,0.1450563) (338.8596,43.88427,332.597)
compute 3.36924475173676(0.218840524554253,1.34820663928986,0.642203867435455) (0.2441834,1.36892,0.6342122) (290.8457,12.46211,16.30051) (0.1119283,1.205844,0.1428477) (344.6517,47.88867,330.7136)
compute 11.1389965328088(0.158052787184715,1.32652378082275,0.551416039466858) (0.2188405,1.348207,0.6422039) (277.3494,348.937,34.85247) (0.1214858,1.197335,0.1433219) (348.8097,50.22584,331.299)
compute 14.300506287495(0.0730793327093124,1.25251019001007,0.463370889425278) (0.1580528,1.326524,0.551416) (288.8237,262.0681,117.0319) (0.1233896,1.189745,0.1439423) (352.6179,50.19721,331.9882)
compute 11.3602108155253(0.0220847837626934,1.16689229011536,0.408831268548965) (0.07307933,1.25251,0.4633709) (301.6329,258.7375,127.1401) (0.1244567,1.185623,0.1441755) (356.0444,48.40348,333.83)
compute 7.59788219590995(-0.00786218233406544,1.09706461429596,0.408594042062759) (0.02208478,1.166892,0.4088313) (303.8155,275.1459,108.0189) (0.1197332,1.183858,0.1439454) (355.4681,45.28236,334.8109)
compute 6.71654932417919(0.0135004818439484,1.0429515838623,0.442159205675125) (-0.007862182,1.097065,0.408594) (296.6672,303.6834,71.24586) (0.1000764,1.210824,0.1492399) (342.777,36.28304,332.7388)
compute 8.35653083790206(0.056535366922617,0.983252167701721,0.481746315956116) (0.01350048,1.042952,0.4421592) (303.2049,338.6208,34.9609) (0.07379049,1.225932,0.1475616) (335.1997,25.88744,335.3193)
compute 3.29949160522223(0.079742819070816,0.962285995483398,0.492258131504059) (0.05653537,0.9832522,0.4817463) (309.2362,346.0398,25.68663) (0.0519005,1.233927,0.1511576) (331.8825,16.64969,340.6212)
compute 1.75061687676302(0.0966662168502808,0.965160608291626,0.488822847604752) (0.07974282,0.962286,0.4922581) (308.2003,351.8028,1.890416) (0.03062232,1.239222,0.1577025) (329.5718,5.665047,349.2885)
compute 2.26447945049187(0.11928990483284,0.964702010154724,0.487959623336792) (0.09666622,0.9651606,0.4888228) (307.3562,358.8308,343.2014) (0.015587,1.242182,0.1549233) (326.7581,358.2959,355.3297)
compute 1.77809743799836(0.13259956240654,0.955478847026825,0.495304644107819) (0.1192899,0.964702,0.4879596) (308.5088,359.4717,339.3852) (0.003533211,1.242703,0.1541014) (325.649,352.9053,358.6762)
compute 1.25614202559263(0.136040061712265,0.947758972644806,0.504597425460815) (0.1325996,0.9554788,0.4953046) (308.5683,356.2232,342.9662) (-0.00364846,1.242972,0.1546564) (325.0485,349.6942,1.144116)
compute 2.0859971918037(0.137529239058495,0.928813576698303,0.513199329376221) (0.1360401,0.947759,0.5045974) (308.8524,349.5958,349.9759) (-0.004997093,1.242269,0.1561678) (323.2311,350.4726,1.300414)
compute 1.46263554956659(0.13530145585537,0.91454416513443,0.515512585639954) (0.1375292,0.9288136,0.5131993) (310.8487,343.8366,359.1973) (-0.002227329,1.24262,0.1559503) (322.9418,352.254,0.1773321)
compute 0.23783605584237(0.13447017967701,0.91242390871048,0.516198217868805) (0.1353015,0.9145442,0.5155126) (312.0357,343.6386,1.876922) (-0.002352394,1.242154,0.1575381) (322.7644,352.8643,359.9349)
compute 0.800121577269026(0.13458040356636,0.918530583381653,0.511029481887817) (0.1344702,0.9124239,0.5161982) (312.382,346.0535,0.3377599) (-0.001106679,1.241377,0.1582114) (322.2844,353.0525,358.7964)
compute 0.374149728989719(0.136454358696938,0.918449640274048,0.507792115211487) (0.1345804,0.9185306,0.5110295) (312.3783,348.2503,359.6745) (0.002155427,1.241319,0.1560408) (322.1981,353.6763,358.3192)
compute 1.17166268385185(0.141336351633072,0.907946884632111,0.509563446044922) (0.1364544,0.9184496,0.5077921) (313.0724,349.8691,359.3477) (0.004475802,1.241119,0.152188) (322.0892,354.8396,357.2958)
compute 0.222969714692649(0.140300661325455,0.90597265958786,0.509526968002319) (0.1413364,0.9079469,0.5095634) (313.5103,349.7649,1.282032) (0.003858257,1.241584,0.1486037) (322.652,355.7326,356.445)
compute 0.748612677896258(0.137176230549812,0.906367540359497,0.502735495567322) (0.1403007,0.9059727,0.509527) (313.0027,349.844,0.9841652) (0.001788784,1.237968,0.145051) (325.042,357.7806,355.309)
compute 0.142006971159336(0.137304455041885,0.906664371490479,0.501352727413177) (0.1371762,0.9063675,0.5027355) (313.684,351.1467,2.6511) (-0.002750331,1.235068,0.1429865) (328.4863,0.7867209,354.1125)
compute 0.676741450032251(0.140238463878632,0.908948957920074,0.495698511600494) (0.1373045,0.9066644,0.5013527) (313.6389,353.8708,1.31299) (-0.01145904,1.225063,0.1422019) (335.4011,5.651555,351.9026)
compute 1.54341126386536(0.140147134661675,0.916572570800781,0.482278972864151) (0.1402385,0.908949,0.4956985) (313.678,355.6872,2.039459) (-0.0265332,1.217051,0.1394472) (339.709,9.471751,350.7131)
compute 1.59007397365272(0.138853028416634,0.918018639087677,0.466497093439102) (0.1401471,0.9165726,0.482279) (314.4273,357.7717,3.225736) (-0.05099383,1.215343,0.1308847) (340.9554,11.22709,350.8497)
compute 1.52921457572168(0.138766944408417,0.910941779613495,0.45294126868248) (0.138853,0.9180186,0.4664971) (317.2616,3.706455,0.5834323) (-0.07870886,1.215107,0.1271442) (341.4276,14.82487,350.0862)
compute 2.21669990221573(0.13409411907196,0.897719740867615,0.435773909091949) (0.1387669,0.9109418,0.4529413) (321.5378,7.00312,0.4750304) (-0.1109648,1.219956,0.1285696) (341.4824,18.70449,352.4137)
compute 2.48132632723105(0.124657653272152,0.889779508113861,0.414242446422577) (0.1340941,0.8977197,0.4357739) (324.8445,3.12622,8.568726) (-0.1280007,1.222902,0.1321077) (342.0312,19.69427,358.5108)
compute 2.78866326424999(0.127980902791023,0.887263059616089,0.386669129133224) (0.1246577,0.8897795,0.4142424) (325.8399,1.068279,12.78351) (-0.1244924,1.220709,0.1243212) (343.4383,16.59011,359.6858)
compute 2.76858634690406(0.14781342446804,0.879375159740448,0.369035094976425) (0.1279809,0.8872631,0.3866691) (326.2411,1.338032,12.72173) (-0.1036276,1.219581,0.1073264) (344.7981,11.04298,359.8243)
compute 2.4719057773769(0.167057245969772,0.865716278553009,0.361676961183548) (0.1478134,0.8793752,0.3690351) (326.8802,2.237404,9.179971) (-0.06747988,1.214798,0.09557876) (346.5136,6.70086,1.716839)
compute 1.63604300546879(0.177873954176903,0.853738248348236,0.358995676040649) (0.1670572,0.8657163,0.361677) (327.3314,0.2105864,8.096335) (-0.02702971,1.214837,0.09144878) (346.7853,2.392002,3.241895)
compute 1.4232823923587(0.184715464711189,0.842016458511353,0.354710042476654) (0.177874,0.8537382,0.3589957) (328.3199,355.5145,9.557135) (0.006399248,1.214656,0.08705966) (347.9689,359.9722,2.4994)
compute 1.14793410907113(0.186870753765106,0.832019686698914,0.349495202302933) (0.1847155,0.8420165,0.35471) (329.1691,352.1949,9.430957) (0.02995433,1.214807,0.075477) (348.7427,359.8731,1.265382)
compute 0.686302990100754(0.188528537750244,0.829854667186737,0.343197137117386) (0.1868708,0.8320197,0.3494952) (330.2555,354.2318,6.404638) (0.03600351,1.216115,0.06147175) (349.688,359.8859,1.141675)
compute 1.2266386502962(0.187957391142845,0.83139044046402,0.331040680408478) (0.1885285,0.8298547,0.3431971) (329.2198,353.698,5.994323) (0.03299487,1.211512,0.04697188) (350.5137,1.178632,0.6128343)
compute 1.48923248254778(0.188467651605606,0.837683022022247,0.317552745342255) (0.1879574,0.8313904,0.3310407) (327.9137,353.9908,8.415916) (0.01138119,1.210277,0.03301104) (350.4036,2.609503,359.965)
compute 1.26197771318556(0.187635883688927,0.841335117816925,0.305501639842987) (0.1884677,0.837683,0.3175527) (328.0225,357.0923,6.737598) (-0.01894967,1.209915,0.02579473) (349.9771,3.519464,359.5753)
Average= 7.20340939864826
Max= 95.5452954076881
Standard Deviation= 8.06385902908871
Right: 18    Miss: 22
0
