yellow 325.091 331.9756 15.47941 (0.1771232,5,0.7) (0.1771232,1.413172,0.7)
yellow 325.5897 332.4311 16.09068 (-0.2303652,5,0.7) (-0.2303652,1.598764,0.7)
blue 326.5869 332.5978 10.43919 (0.1107804,5,0.7) (0.1107804,0.07674342,0.7)
purple 325.091 332.9089 13.20113 (-0.2813083,5,0.7) (-0.2813083,0.08078204,0.7)
blue 325.5897 332.9311 12.48767 (0.09399354,5,0.7) (0.09399354,0.07758788,0.7)
yellow 326.0876 333.1089 16.79442 (0.003458142,5,0.7) (0.003458142,1.686631,0.7)
blue 327.0872 333.3644 10.86165 (0.5515134,5,0.7) (0.5515134,0.07863627,0.7)
blue 329.0939 333.4756 10.7732 (-0.2288202,5,0.7) (-0.2288202,1.5474,0.7)
yellow 326.5869 333.4756 16.20051 (-0.3293401,5,0.7) (-0.3293401,1.604574,0.7)
yellow 327.0872 333.4867 15.03286 (-0.4730932,5,0.7) (-0.4730932,1.551294,0.7)
blue 328.0955 333.8867 12.93723 (-0.6670954,5,0.7) (-0.6670954,1.277206,0.7)
blue 326.0876 333.9644 13.28149 (-0.4840893,5,0.7) (-0.4840893,0.08036625,0.7)
yellow 329.0939 334.5867 13.74688 (-0.1560389,5,0.7) (-0.1560389,1.711873,0.7)
purple 327.0872 334.7645 12.97902 (-0.9020996,5,0.7) (-0.9020996,0.07638915,0.7)
yellow 328.5942 334.9867 13.99447 (0.1883265,5,0.7) (0.1883265,1.246976,0.7)
purple 326.0876 335.22 15.07506 (0.5906506,5,0.7) (0.5906506,0.08198082,0.7)
purple 326.5869 335.3422 14.53849 (-0.3343409,5,0.7) (-0.3343409,0.07910952,0.7)
blue 325.091 335.62 16.97081 (-0.6289752,5,0.7) (-0.6289752,0.08175841,0.7)
yellow 330.0918 335.7978 13.7516 (0.1761111,5,0.7) (0.1761111,1.585574,0.7)
purple 329.0939 335.82 15.9581 (0.09392965,5,0.7) (0.09392965,1.620811,0.7)
purple 325.5897 336.22 17.10331 (-0.7054377,5,0.7) (-0.7054377,0.0820398,0.7)
yellow 328.0955 336.8089 14.49407 (0.9950149,5,0.7) (0.9950149,0.08014536,0.7)
purple 330.0918 336.9756 11.80875 (-0.7870989,5,0.7) (-0.7870989,0.08108091,0.7)
blue 330.0918 337.1534 12.06504 (-0.2398597,5,0.7) (-0.2398597,0.07494768,0.7)
yellow 327.5971 337.2422 15.78804 (0.7415097,5,0.7) (0.7415097,0.07962626,0.7)
blue 330.591 337.6756 12.0992 (-0.9311574,5,0.7) (-0.9311574,0.07525423,0.7)
purple 331.5902 337.7645 10.70414 (-0.1757361,5,0.7) (-0.1757361,0.07810205,0.7)
blue 327.5971 337.8644 16.62975 (0.6271615,5,0.7) (0.6271615,0.0808973,0.7)
blue 328.5942 337.9311 15.36538 (0.1194094,5,0.7) (0.1194094,0.08118649,0.7)
purple 327.5971 337.9978 16.81326 (0.7692139,5,0.7) (0.7692139,0.08317792,0.7)
blue 329.5938 338.2311 14.38382 (0.7765305,5,0.7) (0.7765305,0.08011031,0.7)
purple 328.0955 338.42 16.70948 (0.9040632,5,0.7) (0.9040632,0.08301908,0.7)
yellow 331.5902 338.7645 15.37179 (0.3955576,5,0.7) (0.3955576,1.230163,0.7)
yellow 330.591 339.12 14.22708 (-0.7385137,5,0.7) (-0.7385137,0.0804925,0.7)
blue 332.0872 339.1978 12.13332 (-0.749902,5,0.7) (-0.749902,0.07552364,0.7)
purple 333.087 339.4422 10.9833 (-0.2906319,5,0.7) (-0.2906319,0.07882819,0.7)
blue 333.587 339.62 10.47612 (0.8294141,5,0.7) (0.8294141,0.07773125,0.7)
blue 331.0909 339.6756 14.30408 (-0.2982467,5,0.7) (-0.2982467,0.07966389,0.7)
purple 334.0917 339.8311 10.01875 (0.2621736,5,0.7) (0.2621736,0.07855681,0.7)
yellow 332.0872 339.9533 13.26491 (0.3887121,5,0.7) (0.3887121,0.08020098,0.7)
purple 330.591 339.9867 15.44895 (0.1635667,5,0.7) (0.1635667,0.08384991,0.7)
yellow 329.5938 340.0978 16.9426 (0.9790726,5,0.7) (0.9790726,0.08218813,0.7)
yellow 331.0909 340.4756 15.43019 (0.7932677,5,0.7) (0.7932677,0.0825246,0.7)
blue 332.5884 340.4756 13.3027 (0.5810609,5,0.7) (0.5810609,0.08250523,0.7)
yellow 332.5884 340.7311 13.66646 (-0.3341137,5,0.7) (-0.3341137,0.07932433,0.7)
purple 329.5938 341.1756 18.34712 (0.9845333,5,0.7) (0.9845333,0.08518758,0.7)
purple 328.5942 341.1756 19.59567 (-0.08561933,5,0.7) (-0.08561933,0.08557917,0.7)
yellow 334.5903 341.9089 16.53418 (0.5664458,5,0.7) (0.5664458,1.477639,0.7)
yellow 334.0917 341.9756 13.29616 (-0.9108953,5,0.7) (-0.9108953,0.07969669,0.7)
yellow 333.587 342.3755 16.95714 (0.695848,5,0.7) (0.695848,0.8959217,0.7)
yellow 333.087 342.4867 15.43523 (-0.3595277,5,0.7) (-0.3595277,0.07862371,0.7)
purple 332.0872 342.5645 16.90519 (-0.2482294,5,0.7) (-0.2482294,0.08450508,0.7)
purple 331.0909 343.2756 19.08881 (0.1843148,5,0.7) (0.1843148,0.08131035,0.7)
blue 331.5902 343.6534 18.9429 (0.6497326,5,0.7) (0.6497326,0.08332594,0.7)
purple 332.5884 344.1311 18.27785 (-0.2566334,5,0.7) (-0.2566334,0.08094628,0.7)
blue 333.087 344.7311 18.41084 (0.3164823,5,0.7) (0.3164823,0.08298368,0.7)
blue 334.0917 345.1422 17.64866 (-0.5124583,5,0.7) (-0.5124583,0.08018713,0.7)
purple 333.587 345.2311 18.40466 (0.2555916,5,0.7) (0.2555916,0.08087352,0.7)
purple 334.5903 347.0422 19.42031 (0.7848191,5,0.7) (0.7848191,0.08176462,0.7)
blue 334.5903 347.2756 19.7066 (-0.8736496,5,0.7) (-0.8736496,0.08186345,0.7)
0
