compute 17.7043838798766(0.179145976901054,1.29650974273682,0.443394333124161) (0.08146222,1.401337,0.5473827) (307.9303,335.9608,97.85152) (0.04743243,1.32502,-0.1477379) (310.0386,357.9103,354.0903)
compute 0.369865805131537(0.179554879665375,1.29845643043518,0.440276116132736) (0.179146,1.29651,0.4433943) (307.9236,335.9615,97.86364) (0.04701487,1.325032,-0.1494277) (309.9008,357.628,354.2433)
compute 0.283597627855069(0.179795861244202,1.30057048797607,0.438401162624359) (0.1795549,1.298456,0.4402761) (307.9174,335.9523,97.87776) (0.04709796,1.32501,-0.1506663) (309.6107,357.0917,354.6029)
compute 0.17185479508206(0.180059000849724,1.30205082893372,0.437568843364716) (0.1797959,1.30057,0.4384012) (307.9005,335.9404,97.89538) (0.04586021,1.324405,-0.1517262) (308.5591,357.2051,354.7473)
compute 0.152526967694516(0.180439606308937,1.3033355474472,0.436840087175369) (0.180059,1.302051,0.4375688) (307.8321,335.892,97.99112) (0.04520173,1.326642,-0.1586917) (306.1615,357.0185,355.2854)
compute 0.193652825300267(0.181334957480431,1.30488300323486,0.436095863580704) (0.1804396,1.303336,0.4368401) (307.8,335.8835,98.08055) (0.04556424,1.326871,-0.1633364) (305.3771,356.2516,355.8964)
compute 0.254573767139615(0.182767391204834,1.30638444423676,0.434621214866638) (0.181335,1.304883,0.4360959) (307.7894,335.8894,98.2937) (0.04512341,1.326848,-0.1640574) (305.2363,356.1154,356.193)
compute 0.480157651506965(0.183651998639107,1.31043934822083,0.432206600904465) (0.1827674,1.306384,0.4346212) (307.6595,335.7586,98.58157) (0.04351205,1.326743,-0.1644497) (305.1845,356.4995,356.1205)
compute 0.385907485088217(0.183828815817833,1.31393885612488,0.430589616298676) (0.183652,1.310439,0.4322066) (307.5057,335.4352,99.02174) (0.04318502,1.326806,-0.1646434) (305.2337,356.4778,356.3059)
compute 0.084383915916996(0.183938264846802,1.31437015533447,0.429872632026672) (0.1838288,1.313939,0.4305896) (307.4403,335.3032,99.21312) (0.04301691,1.327008,-0.1648576) (305.4077,356.278,356.5707)
compute 0.0294637650100504(0.18414118885994,1.31443059444427,0.429667741060257) (0.1839383,1.31437,0.4298726) (307.4608,335.2742,99.28783) (0.04264341,1.327013,-0.1647966) (305.4224,356.0086,356.7534)
compute 0.0417159510681051(0.1845333725214,1.31437027454376,0.429538995027542) (0.1841412,1.314431,0.4296677) (307.5345,335.2961,99.36242) (0.0422864,1.326791,-0.1647032) (305.1559,355.6639,356.8793)
compute 0.0635486812472885(0.185153260827065,1.31437480449677,0.429399132728577) (0.1845334,1.31437,0.429539) (307.5782,335.3192,99.39339) (0.0416382,1.326775,-0.1653474) (305.1443,355.6057,356.7863)
compute 0.0546779905654254(0.18559917807579,1.31428194046021,0.429096639156342) (0.1851533,1.314375,0.4293991) (307.586,335.327,99.39835) (0.04134218,1.326701,-0.1662488) (305.137,355.9655,356.4824)
compute 0.053676737595718(0.185838431119919,1.31422698497772,0.428619295358658) (0.1855992,1.314282,0.4290966) (307.5887,335.3256,99.40232) (0.04149219,1.326674,-0.1668411) (305.0473,355.7385,356.463)
compute 0.115627876883114(0.185885235667229,1.31419229507446,0.427464485168457) (0.1858384,1.314227,0.4286193) (307.5854,335.3207,99.40578) (0.04156388,1.326599,-0.1677562) (304.9777,355.6059,356.4374)
compute 0.0952332372792735(0.185898512601852,1.31412053108215,0.426514953374863) (0.1858852,1.314192,0.4274645) (307.5771,335.3102,99.4119) (0.04225591,1.326458,-0.1688481) (304.8766,354.6704,356.9659)
compute 0.061778690332219(0.186073482036591,1.31403887271881,0.425928115844727) (0.1858985,1.314121,0.426515) (307.5688,335.3093,99.41048) (0.04222617,1.326406,-0.1695324) (304.942,353.7684,357.5065)
compute 0.0840702303130451(0.186775073409081,1.31391704082489,0.425481230020523) (0.1860735,1.314039,0.4259281) (307.5563,335.3134,99.40845) (0.04159833,1.326108,-0.1699223) (305.0044,353.5361,357.7059)
compute 0.19062427368688(0.188667461276054,1.31371986865997,0.425363957881927) (0.1867751,1.313917,0.4254812) (307.5406,335.3215,99.4083) (0.0411458,1.325987,-0.1702766) (305.2495,353.7097,357.5727)
compute 0.139860100014473(0.190033137798309,1.31345736980438,0.425215274095535) (0.1886675,1.31372,0.425364) (307.5167,335.3368,99.40446) (0.04096009,1.326027,-0.1705025) (305.5045,353.6205,357.5388)
compute 0.129010496505349(0.19036565721035,1.31316018104553,0.424004703760147) (0.1900331,1.313457,0.4252153) (307.5037,335.3413,99.40344) (0.04015916,1.325926,-0.1704976) (305.5517,353.4079,357.7318)
compute 0.285285941094741(0.190367743372917,1.31300210952759,0.421156227588654) (0.1903657,1.31316,0.4240047) (307.4808,335.3026,99.43672) (0.0398337,1.325618,-0.170434) (305.5046,353.4735,357.5981)
compute 0.112843922351926(0.190222427248955,1.31297397613525,0.420037537813187) (0.1903677,1.313002,0.4211562) (307.3275,335.0686,99.60143) (0.03961599,1.325478,-0.170548) (305.4709,353.5698,357.5693)
compute 0.142788540544366(0.189855828881264,1.31319391727448,0.418675154447556) (0.1902224,1.312974,0.4200375) (307.1011,334.7465,99.84293) (0.03906293,1.325378,-0.1716492) (305.3546,353.5287,357.6429)
compute 0.313056194938817(0.189425811171532,1.31382870674133,0.415639936923981) (0.1898558,1.313194,0.4186752) (306.8383,334.5142,100.0631) (0.03863566,1.325325,-0.1729352) (305.31,353.8367,357.4173)
compute 0.327916495419032(0.189083874225616,1.31530022621155,0.412729501724243) (0.1894258,1.313829,0.4156399) (306.5248,334.3581,100.2603) (0.03821307,1.325319,-0.1733679) (305.4858,354.3855,357.0578)
compute 0.212942594765965(0.188986659049988,1.31726598739624,0.411916613578796) (0.1890839,1.3153,0.4127295) (306.1973,334.2532,100.4656) (0.03788526,1.325149,-0.1737065) (305.6248,355.0526,356.4846)
compute 0.225664621332065(0.188938155770302,1.31930899620056,0.410959422588348) (0.1889867,1.317266,0.4119166) (305.8838,334.1498,100.6789) (0.0392722,1.32512,-0.1743817) (306.0881,356.3058,355.4664)
compute 0.383225008934144(0.18883104622364,1.32128238677979,0.407676070928574) (0.1889382,1.319309,0.4109594) (305.6934,334.052,100.8453) (0.04229514,1.32482,-0.174757) (306.3348,357.9006,354.2266)
compute 0.400690182038304(0.188816323876381,1.32338905334473,0.404267698526382) (0.188831,1.321282,0.4076761) (305.5093,333.9529,101.0407) (0.04382373,1.324501,-0.1750408) (306.4495,359.114,353.0639)
compute 0.523772252522075(0.188953414559364,1.3268529176712,0.400341302156448) (0.1888163,1.323389,0.4042677) (305.1571,333.7542,101.372) (0.04552913,1.32439,-0.1752919) (306.609,359.7262,352.3736)
compute 0.627145763595054(0.1892269551754,1.33204746246338,0.396838009357452) (0.1889534,1.326853,0.4003413) (304.4979,333.3859,101.8506) (0.0473723,1.324552,-0.1755192) (306.8831,359.5124,352.3834)
compute 0.653304847962034(0.18976429104805,1.33744418621063,0.393195569515228) (0.189227,1.332047,0.396838) (303.8684,332.8969,102.3688) (0.04422335,1.324556,-0.1743487) (306.9693,352.1639,356.4752)
compute 0.731548408417726(0.191627830266953,1.34273970127106,0.388505041599274) (0.1897643,1.337444,0.3931956) (303.2173,332.2618,102.9708) (0.03932244,1.323881,-0.174422) (307.5102,346.2169,0.6062276)
compute 1.10764133048352(0.195589408278465,1.35022246837616,0.381363540887833) (0.1916278,1.34274,0.388505) (302.8737,331.6637,103.467) (0.03740377,1.322882,-0.1740583) (307.9017,344.3529,1.732651)
compute 0.357292203182855(0.195725604891777,1.35339689254761,0.379729449748993) (0.1955894,1.350222,0.3813635) (302.7073,331.1718,103.7636) (0.03648008,1.321952,-0.1744273) (307.5282,345.6175,1.185268)
compute 0.290443101839733(0.195700973272324,1.35629272460938,0.379507482051849) (0.1957256,1.353397,0.3797294) (302.5739,330.7954,103.9759) (0.03615056,1.321558,-0.1741232) (307.256,346.6226,0.8008793)
compute 0.261497484966916(0.194105163216591,1.35836124420166,0.379394739866257) (0.195701,1.356293,0.3795075) (302.4567,330.1609,104.4009) (0.03637666,1.321155,-0.1711998) (307.2023,346.9562,0.491821)
compute 0.130593478229563(0.192864939570427,1.35870099067688,0.379166960716248) (0.1941052,1.358361,0.3793947) (302.3116,329.5128,104.8123) (0.0368619,1.320713,-0.1689882) (307.3129,347.9988,359.5794)
compute 0.185366552622525(0.191299244761467,1.35968089103699,0.379010528326035) (0.1928649,1.358701,0.379167) (302.1398,329.0349,105.1344) (0.04094774,1.320189,-0.1662077) (307.5664,350.3162,358.0768)
compute 0.314707101073842(0.190120175480843,1.3625762462616,0.378648906946182) (0.1912992,1.359681,0.3790105) (301.8878,328.7336,105.361) (0.04440182,1.319119,-0.1634328) (307.7599,354.3958,355.1167)
compute 0.472804289036493(0.18945087492466,1.36720061302185,0.377926647663116) (0.1901202,1.362576,0.3786489) (301.425,328.5842,105.4868) (0.04859271,1.318296,-0.1602) (308.2346,358.3817,352.1625)
compute 0.951408541553995(0.188278272747993,1.37644267082214,0.375996053218842) (0.1894509,1.367201,0.3779266) (300.5646,328.6029,105.391) (0.05245572,1.31805,-0.1545418) (309.2678,1.23452,349.7455)
compute 0.471945672118059(0.188073351979256,1.38115608692169,0.37611848115921) (0.1882783,1.376443,0.3759961) (299.8082,328.7691,105.1566) (0.05534466,1.317529,-0.1472797) (310.1993,3.290921,348.0394)
compute 0.885077781330039(0.188779264688492,1.38873112201691,0.380641400814056) (0.1880734,1.381156,0.3761185) (298.6812,329.3098,104.6568) (0.05830596,1.31602,-0.136745) (311.2918,3.193458,347.5535)
compute 1.22917795943737(0.190026834607124,1.39914762973785,0.387046694755554) (0.1887793,1.388731,0.3806414) (296.9735,329.9692,104.2066) (0.03762301,1.314968,-0.1289373) (311.5302,344.1875,357.3068)
compute 1.24092663082239(0.185330554842949,1.40864992141724,0.380593687295914) (0.1900268,1.399148,0.3870467) (295.2751,329.243,104.3623) (0.02053899,1.312522,-0.1348184) (312.7515,333.7286,3.714696)
compute 2.37110163588604(0.16396202147007,1.41848075389862,0.383585810661316) (0.1853306,1.40865,0.3805937) (294.6725,326.8747,104.96) (0.01391103,1.310381,-0.1401699) (312.3769,331.6566,5.32177)
compute 2.4571621659436(0.14726884663105,1.42853629589081,0.398552060127258) (0.163962,1.418481,0.3835858) (294.1152,324.5786,104.87) (0.0105261,1.309626,-0.1421161) (311.3631,333.736,4.721176)
compute 1.17519850605054(0.136439725756645,1.43224251270294,0.401217252016068) (0.1472688,1.428536,0.3985521) (294.4397,323.7697,105.496) (0.01249887,1.309837,-0.1369856) (311.7727,340.6647,0.9448361)
compute 0.196995745564071(0.134869337081909,1.43197691440582,0.400057911872864) (0.1364397,1.432243,0.4012173) (294.6492,323.4425,105.9602) (0.03237393,1.308892,-0.1255942) (312.3519,358.8563,350.3519)
compute 1.14059063796388(0.140549182891846,1.4298141002655,0.390406161546707) (0.1348693,1.431977,0.4000579) (294.2102,327.1377,103.9051) (0.05407675,1.305537,-0.1117654) (314.8812,13.14742,340.3044)
compute 2.84465733352127(0.167421787977219,1.43158340454102,0.381244271993637) (0.1405492,1.429814,0.3904062) (292.6778,334.4889,99.56657) (0.06758159,1.295196,-0.08796951) (317.3716,15.74651,338.7295)
compute 4.52591161734768(0.193405345082283,1.44752955436707,0.414695173501968) (0.1674218,1.431583,0.3812443) (291.6483,337.6591,98.33176) (0.08201627,1.291718,-0.06641088) (317.0108,14.63551,339.3794)
compute 6.17349853622533(0.233736217021942,1.46964406967163,0.455872565507889) (0.1934053,1.44753,0.4146952) (291.0337,340.9935,98.10345) (0.1136024,1.292064,-0.03282953) (314.7508,16.02482,338.245)
compute 4.70319586643408(0.272056341171265,1.48912489414215,0.474953204393387) (0.2337362,1.469644,0.4558726) (289.9369,341.0443,99.81212) (0.1467718,1.290338,0.006516674) (315.0522,15.23855,339.6367)
compute 5.4122313126966(0.311665505170822,1.51589643955231,0.500322937965393) (0.2720563,1.489125,0.4749532) (289.1825,339.2067,102.5706) (0.1956498,1.287604,0.04882772) (315.7609,12.2766,342.223)
compute 6.84900217237343(0.344281643629074,1.56038773059845,0.5409135222435) (0.3116655,1.515896,0.5003229) (288.3124,333.2928,107.809) (0.2384838,1.294307,0.08190356) (313.517,9.414049,344.1218)
compute 6.44925810735945(0.365421980619431,1.60768568515778,0.579322934150696) (0.3442816,1.560388,0.5409135) (288.4606,323.4661,117.8869) (0.2662197,1.307579,0.1121448) (314.7432,3.84342,346.9803)
compute 4.18570522459125(0.37528532743454,1.64284789562225,0.599776446819305) (0.365422,1.607686,0.5793229) (289.0056,319.3063,121.6411) (0.2870542,1.309067,0.1251865) (317.1862,5.481497,344.7549)
compute 2.6150993356391(0.382110923528671,1.66793596744537,0.596970319747925) (0.3752853,1.642848,0.5997764) (289.7424,316.1564,123.9316) (0.3069081,1.303693,0.1321054) (314.1829,7.00298,346.4765)
compute 4.45997588131091(0.406391948461533,1.70507311820984,0.601487219333649) (0.3821109,1.667936,0.5969703) (285.5908,320.0854,116.7045) (0.3466387,1.311987,0.143167) (313.0506,9.235067,343.937)
compute 5.25790763376223(0.416545748710632,1.73034679889679,0.646461665630341) (0.4063919,1.705073,0.6014872) (291.9342,326.0973,113.404) (0.3897084,1.320683,0.1681881) (306.8,5.931145,344.2806)
compute 7.15036092505027(0.469514518976212,1.71821188926697,0.692935526371002) (0.4165457,1.730347,0.6464617) (297.1178,346.538,93.9257) (0.42362,1.314898,0.2069481) (312.2178,1.220366,346.8238)
compute 7.47824414259524(0.53580516576767,1.71078622341156,0.659129858016968) (0.4695145,1.718212,0.6929355) (289.6182,345.802,92.36464) (0.4336129,1.31176,0.2254982) (312.8669,347.1839,354.2141)
compute 8.05795068910732(0.594656050205231,1.72073757648468,0.604994833469391) (0.5358052,1.710786,0.6591299) (279.9625,327.9275,111.1113) (0.3891349,1.315093,0.222688) (318.4945,304.9365,15.22517)
compute 5.10334224554132(0.640596628189087,1.74040400981903,0.615343987941742) (0.5946561,1.720738,0.6049948) (277.3301,356.601,84.84183) (0.375475,1.311309,0.2122862) (327.7288,288.4862,19.90584)
compute 6.16585642393661(0.625031590461731,1.71997451782227,0.671398818492889) (0.6405966,1.740404,0.615344) (292.3983,350.1882,88.69026) (0.3596047,1.300694,0.2056477) (332.9993,287.4446,18.56881)
compute 9.04428716437256(0.549966096878052,1.68361449241638,0.63642692565918) (0.6250316,1.719975,0.6713988) (283.1298,316.9785,115.3916) (0.3469869,1.276932,0.2118883) (337.2477,292.6623,17.6705)
compute 21.7452206821956(0.371972918510437,1.5653657913208,0.59616357088089) (0.5499661,1.683614,0.6364269) (291.0446,277.7449,139.4085) (0.3374864,1.257174,0.2059449) (337.3005,295.1185,16.44098)
compute 29.5423455699071(0.134072721004486,1.39506411552429,0.55522632598877) (0.3719729,1.565366,0.5961636) (312.1357,268.8943,126.3538) (0.3027611,1.236981,0.1935763) (338.2693,294.2619,16.68884)
compute 22.7002272707293(-0.0545963197946548,1.27347207069397,0.521323502063751) (0.1340727,1.395064,0.5552263) (321.5239,269.0701,114.3411) (0.2452784,1.221804,0.1723858) (335.44,294.5786,18.60284)
compute 17.0222742465289(-0.216711387038231,1.22167217731476,0.517968058586121) (-0.05459632,1.273472,0.5213235) (326.5521,273.1514,106.9266) (0.1633347,1.209058,0.145938) (332.0002,295.286,19.08402)
compute 14.2699742861854(-0.357363760471344,1.19854199886322,0.524685382843018) (-0.2167114,1.221672,0.5179681) (327.7462,276.1797,106.8435) (0.0714258,1.200313,0.1211769) (328.3959,300.9082,17.47213)
compute 13.1764581388027(-0.480758458375931,1.15516352653503,0.54062157869339) (-0.3573638,1.198542,0.5246854) (330.5561,280.227,109.8654) (-0.03774425,1.198174,0.1050401) (326.335,304.2888,13.8758)
compute 9.3252584607896(-0.54244065284729,1.08951950073242,0.564750671386719) (-0.4807585,1.155164,0.5406216) (343.5774,289.6825,109.125) (-0.1185841,1.220192,0.1033743) (325.872,310.2734,12.80494)
compute 9.75082453490706(-0.58319765329361,1.17005586624146,0.527864098548889) (-0.5424407,1.08952,0.5647507) (332.283,278.6458,118.0176) (-0.1610586,1.246788,0.118721) (324.0142,315.7756,12.43716)
compute 10.8569078004676(-0.648938655853271,1.25627267360687,0.522204756736755) (-0.5831977,1.170056,0.5278641) (327.3966,275.2064,127.7827) (-0.1770476,1.253948,0.1532069) (324.5084,324.1603,8.976978)
compute 5.53413447604665(-0.658387839794159,1.23520874977112,0.572500765323639) (-0.6489387,1.256273,0.5222048) (342.2065,288.0706,128.2936) (-0.1776869,1.240534,0.1640648) (328.0314,327.3651,5.245442)
compute 12.0024663052715(-0.568793118000031,1.31066274642944,0.546320617198944) (-0.6583878,1.235209,0.5725008) (321.9933,281.0336,124.7933) (-0.158901,1.247396,0.1612244) (329.694,328.369,4.88125)
compute 12.5926930211459(-0.521171987056732,1.425816655159,0.528171300888062) (-0.5687931,1.310663,0.5463206) (310.6951,271.978,136.9389) (-0.1497683,1.258832,0.1450948) (326.871,326.447,5.345334)
compute 5.30511025682667(-0.546236634254456,1.45044553279877,0.567915499210358) (-0.521172,1.425817,0.5281713) (314.8065,282.9056,139.4184) (-0.1725332,1.237052,0.1491845) (330.7781,328.4254,3.616726)
compute 3.20239393419761(-0.550937294960022,1.42087304592133,0.579269111156464) (-0.5462366,1.450446,0.5679155) (316.2165,291.4644,126.2329) (-0.1624255,1.229466,0.1589588) (336.4518,337.7649,0.8168749)
compute 10.9374849358474(-0.465788304805756,1.36168110370636,0.544501006603241) (-0.5509373,1.420873,0.5792691) (309.5664,284.9619,119.6925) (-0.1208019,1.245947,0.1496868) (337.6541,0.4512518,356.0423)
compute 26.9728998660537(-0.202714189887047,1.32781887054443,0.495520353317261) (-0.4657883,1.361681,0.544501) (299.9548,276.5033,144.1587) (-0.08892112,1.243311,0.1457915) (336.4598,10.33557,351.3636)
compute 21.082306022003(0.0038738907314837,1.31715428829193,0.536189734935761) (-0.2027142,1.327819,0.4955204) (292.6449,315.6122,127.5876) (-0.06141149,1.233693,0.1443293) (336.6769,14.75915,349.9813)
compute 9.30656985611283(0.0358612649142742,1.29034030437469,0.619370520114899) (0.003873891,1.317154,0.5361897) (303.3057,332.5939,113.6942) (-0.02083783,1.239942,0.1363714) (334.2776,22.48871,346.059)
compute 8.92639459855632(0.051216933876276,1.25007092952728,0.54119998216629) (0.03586126,1.29034,0.6193705) (299.2902,332.6293,105.0671) (0.01532269,1.257214,0.1230193) (333.3408,27.56526,344.0688)
compute 10.3759795494008(0.10134169459343,1.16820681095123,0.501806199550629) (0.05121693,1.250071,0.5412) (303.2098,327.187,108.1504) (0.06964934,1.258119,0.1045517) (331.1821,33.05911,341.3981)
compute 16.0498820186907(0.255091905593872,1.12215530872345,0.501747250556946) (0.1013417,1.168207,0.5018062) (305.8745,353.3489,80.09751) (0.1349828,1.230868,0.1003302) (333.6914,33.64961,339.6271)
compute 19.9184720392335(0.448299109935761,1.11974585056305,0.550117969512939) (0.2550919,1.122155,0.5017473) (307.0479,20.29347,64.74568) (0.2161898,1.210224,0.1264011) (336.0671,33.8811,338.8668)
compute 12.1438307353394(0.479003101587296,1.15479266643524,0.662261843681335) (0.4482991,1.119746,0.550118) (309.9109,12.7033,74.53311) (0.2890377,1.206154,0.1570311) (338.7209,32.00531,339.113)
compute 7.46394445189316(0.512007772922516,1.16430997848511,0.728527665138245) (0.4790031,1.154793,0.6622618) (317.9599,8.881148,82.83699) (0.3316588,1.215307,0.1812292) (337.0161,31.54359,338.0409)
compute 8.64891356713988(0.552010416984558,1.17980468273163,0.653427243232727) (0.5120078,1.16431,0.7285277) (310.1828,8.507998,85.73748) (0.3373611,1.251597,0.1955976) (322.6734,28.04616,335.908)
compute 9.84344645154257(0.636329054832459,1.21252727508545,0.614582121372223) (0.5520104,1.179805,0.6534272) (302.1554,22.2612,74.53673) (0.3278107,1.273009,0.1535718) (312.4215,9.669479,341.079)
compute 8.84823259865252(0.696919560432434,1.18717181682587,0.673869669437408) (0.6363291,1.212527,0.6145821) (323.4547,18.76719,80.0248) (0.2924381,1.277169,0.103168) (308.0009,354.4693,349.5958)
compute 6.45739612321998(0.676177024841309,1.24123346805573,0.645288527011871) (0.6969196,1.187172,0.6738697) (309.9838,27.23664,61.80734) (0.2784171,1.265067,0.08491541) (310.7437,346.1964,356.9345)
compute 11.2925367519845(0.58718603849411,1.30850625038147,0.62776380777359) (0.676177,1.241233,0.6452885) (299.0204,5.941634,79.00101) (0.229088,1.264166,0.07990892) (317.5165,319.7725,9.829246)
compute 16.9281787318277(0.454518765211105,1.39196681976318,0.563810288906097) (0.587186,1.308506,0.6277638) (292.4041,338.6205,102.1783) (0.2021693,1.263908,0.07926469) (321.5544,318.6467,13.29427)
compute 18.6332712199377(0.285568386316299,1.44170808792114,0.502970695495605) (0.4545188,1.391967,0.5638103) (297.8043,304.3886,129.1262) (0.173985,1.263596,0.07589595) (324.2699,318.3138,12.85039)
compute 14.3370287211719(0.146695792675018,1.47230672836304,0.48471787571907) (0.2855684,1.441708,0.5029707) (304.4195,292.6313,131.0413) (0.1362534,1.260041,0.07207564) (323.8759,318.8412,12.75783)
compute 13.668067743362(0.0123483687639236,1.49733626842499,0.482288718223572) (0.1466958,1.472307,0.4847179) (309.0196,290.7483,130.3238) (0.08306484,1.258187,0.06947856) (324.772,321.4686,11.64298)
compute 11.0327404088995(-0.0922367423772812,1.53097367286682,0.492418676614761) (0.01234837,1.497336,0.4822887) (310.2709,293.9349,128.0848) (0.009379029,1.271606,0.07867941) (325.3924,326.8643,7.92587)
compute 11.4939298007783(-0.195156648755074,1.56943464279175,0.526172041893005) (-0.09223674,1.530974,0.4924187) (310.2668,297.5541,125.3425) (-0.06818575,1.294765,0.09878828) (326.5898,330.6208,5.301345)
compute 7.97008418896404(-0.244477763772011,1.58374202251434,0.587122440338135) (-0.1951566,1.569435,0.526172) (311.546,306.7659,124.533) (-0.118453,1.294734,0.127253) (329.6347,333.8432,2.908143)
compute 8.73945155745304(-0.263927131891251,1.49868977069855,0.592185854911804) (-0.2444778,1.583742,0.5871224) (314.4563,305.27,125.0497) (-0.1564657,1.273803,0.1462826) (345.4783,336.1225,3.268946)
compute 25.6296028929329(-0.303012251853943,1.25575315952301,0.520479440689087) (-0.2639271,1.49869,0.5921859) (323.2941,286.7794,125.9593) (-0.1630827,1.243852,0.1516391) (354.9209,332.724,5.379275)
compute 17.3868895240956(-0.378372043371201,1.10130000114441,0.546852111816406) (-0.3030123,1.255753,0.5204794) (335.3923,291.1611,121.0775) (-0.1546326,1.228551,0.1480513) (349.9714,330.6685,5.88969)
compute 7.14379828207329(-0.42438143491745,1.13281905651093,0.502208292484283) (-0.378372,1.1013,0.5468521) (331.9559,288.0272,119.6088) (-0.1810796,1.253161,0.1021501) (335.1948,324.0581,7.030527)
compute 14.0588409138697(-0.50488269329071,1.23606944084167,0.450983226299286) (-0.4243814,1.132819,0.5022083) (326.0123,282.1017,119.9853) (-0.228548,1.256315,0.07200776) (334.9672,318.9579,9.650161)
compute 13.9765048440661(-0.613103151321411,1.32335555553436,0.436709642410278) (-0.5048827,1.236069,0.4509832) (325.9209,281.6657,121.7956) (-0.2756022,1.264128,0.06909744) (330.0644,321.8083,8.060211)
compute 10.9778641264804(-0.70568722486496,1.37926495075226,0.455516010522842) (-0.6131032,1.323356,0.4367096) (325.6849,279.8014,128.1872) (-0.3076742,1.278799,0.07677485) (318.6505,325.3285,7.767147)
compute 6.78030767744486(-0.723242700099945,1.38945472240448,0.52020937204361) (-0.7056872,1.379265,0.455516) (332.2521,293.158,132.1079) (-0.3258632,1.275895,0.08542581) (320.6578,325.054,10.67653)
compute 3.54610526449094(-0.730850398540497,1.37326490879059,0.550827980041504) (-0.7232427,1.389455,0.5202094) (337.8589,289.3052,130.5992) (-0.3191861,1.26931,0.08737725) (320.295,328.0449,10.69438)
compute 5.00957052666442(-0.690061151981354,1.38800072669983,0.575901329517365) (-0.7308504,1.373265,0.550828) (332.1434,291.3887,130.0918) (-0.3010975,1.274083,0.08693211) (318.1958,335.1794,8.233734)
compute 13.5376008942867(-0.573870062828064,1.45659589767456,0.564901471138) (-0.6900612,1.388001,0.5759013) (319.6776,288.4393,132.7875) (-0.267982,1.286093,0.08402005) (315.4862,346.1909,1.695374)
compute 14.8614123610762(-0.463986456394196,1.54950714111328,0.527763187885284) (-0.5738701,1.456596,0.5649015) (311.5244,286.96,145.5173) (-0.2570792,1.299121,0.08352979) (315.771,352.2957,358.2779)
compute 9.47391300751641(-0.420948475599289,1.62539899349213,0.490835398435593) (-0.4639865,1.549507,0.5277632) (306.0931,283.9924,148.702) (-0.2569666,1.321177,0.07863098) (314.0743,354.4617,356.3658)
compute 5.56119783990164(-0.404794573783875,1.67751085758209,0.480060547590256) (-0.4209485,1.625399,0.4908354) (305.3733,286.2856,152.0841) (-0.2565929,1.343167,0.07093039) (312.3339,3.21185,351.607)
compute 3.83983638911412(-0.415839582681656,1.71427857875824,0.479301065206528) (-0.4047946,1.677511,0.4800605) (305.6793,287.7058,147.1693) (-0.2539703,1.353811,0.06511717) (311.8793,11.35684,348.7665)
compute 3.35108728455553(-0.444749891757965,1.71684896945953,0.496051162481308) (-0.4158396,1.714279,0.4793011) (309.9647,293.1344,145.4415) (-0.2496179,1.352576,0.06378056) (312.1457,14.31072,348.3108)
compute 3.91768697603677(-0.460672706365585,1.68809914588928,0.517375767230988) (-0.4447499,1.716849,0.4960512) (312.3996,298.2241,137.2699) (-0.242463,1.342318,0.07351268) (314.8858,16.09283,348.2332)
compute 5.08386550403637(-0.451525330543518,1.64254295825958,0.538004100322723) (-0.4606727,1.688099,0.5173758) (316.2076,299.7736,137.3233) (-0.2183318,1.332665,0.08609518) (320.4915,23.55345,344.4136)
compute 9.40096345352877(-0.392616748809814,1.57030379772186,0.525793671607971) (-0.4515253,1.642543,0.5380041) (308.3792,290.9309,136.3522) (-0.1531958,1.303322,0.09871874) (336.7029,37.64286,340.5559)
compute 16.8665983252817(-0.261780560016632,1.46435844898224,0.515513122081757) (-0.3926167,1.570304,0.5257937) (300.5864,287.0087,134.8462) (-0.1021339,1.273932,0.09563716) (346.0357,45.03896,339.8318)
compute 24.6408658513746(-0.0426408909261227,1.35230386257172,0.503731548786163) (-0.2617806,1.464358,0.5155131) (289.0095,313.5194,117.9286) (-0.0622836,1.25761,0.08920502) (346.186,46.60524,336.9461)
compute 22.551241079507(0.159459143877029,1.25470054149628,0.481708526611328) (-0.04264089,1.352304,0.5037315) (291.2128,4.078732,83.19547) (-0.02528564,1.265049,0.08226185) (333.7376,42.17549,336.6931)
compute 2.72806192601908(0.18656425178051,1.25644421577454,0.484259009361267) (0.1594591,1.254701,0.4817085) (296.7606,355.9715,94.81274) (0.001908504,1.268104,0.08158762) (324.3356,26.92688,343.0973)
compute 11.3784152985194(0.144868195056915,1.36230659484863,0.483063280582428) (0.1865643,1.256444,0.484259) (294.2657,328.0732,118.2959) (0.04066575,1.282988,0.08821756) (325.3408,18.44557,346.2155)
compute 17.161884254263(0.164476409554482,1.53117072582245,0.506588816642761) (0.1448682,1.362307,0.4830633) (287.9229,325.1207,115.7737) (0.07403369,1.290179,0.09551418) (324.6472,12.72264,348.0012)
compute 12.7549120371333(0.228829547762871,1.59431266784668,0.596813797950745) (0.1644764,1.531171,0.5065888) (298.6699,350.9627,101.3861) (0.08978117,1.289851,0.1012946) (323.2442,4.23015,350.0419)
compute 7.51157179558538(0.156519412994385,1.60312938690186,0.578486740589142) (0.2288295,1.594313,0.5968138) (296.162,331.8809,106.801) (0.07806017,1.29532,0.1029559) (326.1369,359.0547,353.7887)
compute 19.9631186273241(-0.0196780394762754,1.51449799537659,0.547639608383179) (0.1565194,1.603129,0.5784867) (308.0588,298.5135,126.5886) (0.07417668,1.294315,0.1055297) (324.8343,357.9914,354.4405)
compute 11.600399251773(-0.0934718996286392,1.44199109077454,0.600119531154633) (-0.01967804,1.514498,0.5476396) (319.4007,307.5876,125.5417) (0.06452034,1.275908,0.1255762) (323.5971,2.654217,349.2532)
compute 10.143960188435(-0.0166174452751875,1.50440669059753,0.578036069869995) (-0.0934719,1.441991,0.6001195) (304.8995,311.3197,121.7043) (0.02916798,1.285968,0.1447685) (323.6418,3.866832,348.9875)
compute 6.45816516102977(0.015543638728559,1.55344843864441,0.605079770088196) (-0.01661745,1.504407,0.5780361) (295.1046,318.873,114.0352) (0.05547021,1.291344,0.1552293) (326.037,22.69662,338.1498)
compute 6.16679604181861(0.069596104323864,1.5241219997406,0.600472331047058) (0.01554364,1.553448,0.6050798) (296.9395,329.7013,109.2717) (0.09060213,1.273111,0.1544079) (335.4995,39.63109,332.714)
compute 23.2923028026235(0.254389673471451,1.40404546260834,0.525066077709198) (0.0695961,1.524122,0.6004723) (282.6036,340.4994,91.95595) (0.1129223,1.25093,0.1517225) (340.1001,40.95642,333.8955)
compute 28.7082277308107(0.523594856262207,1.30460739135742,0.517524421215057) (0.2543897,1.404045,0.5250661) (297.7645,46.77251,43.53271) (0.1698668,1.231996,0.1511041) (337.7094,42.54269,332.7282)
compute 11.5756313930938(0.638677537441254,1.3090615272522,0.529171824455261) (0.5235949,1.304607,0.5175244) (298.9377,42.60284,58.57646) (0.2255839,1.235747,0.1613604) (335.7245,36.31099,333.6384)
compute 8.59056991771127(0.696838319301605,1.3136533498764,0.592227578163147) (0.6386775,1.309062,0.5291718) (308.2838,25.23267,80.70514) (0.2688555,1.235933,0.1589871) (339.826,32.34716,334.0957)
compute 6.24324584529513(0.702167689800262,1.25203800201416,0.60076916217804) (0.6968383,1.313653,0.5922276) (311.5999,25.2269,73.06234) (0.2997677,1.200373,0.1638464) (1.057163,32.98745,335.2121)
compute 24.0386879886155(0.720273315906525,1.02015137672424,0.540051519870758) (0.7021677,1.252038,0.6007692) (318.7025,37.2142,58.90463) (0.3073409,1.165205,0.1640092) (11.24948,37.61676,338.8337)
compute 29.4131953578271(0.759782016277313,0.728776812553406,0.547368466854095) (0.7202733,1.020151,0.5400515) (354.1772,39.70406,76.10276) (0.3237042,1.140751,0.1504211) (7.685801,40.68526,339.3457)
compute 1.79775764373823(0.76532107591629,0.730208039283752,0.564411461353302) (0.759782,0.7287768,0.5473685) (345.0863,41.64175,67.97324) (0.2888615,1.158361,0.1504996) (356.2796,25.28594,337.8911)
compute 5.90795042609461(0.719024419784546,0.747895181179047,0.596570014953613) (0.7653211,0.730208,0.5644115) (346.9778,31.32778,66.33961) (0.1951157,1.240901,0.1345929) (332.3686,350.0235,340.5858)
compute 14.1903106825543(0.612390637397766,0.841500401496887,0.598517298698425) (0.7190244,0.7478952,0.59657) (341.8848,29.85246,55.15946) (0.1338807,1.275178,0.08544456) (322.1244,321.6989,356.1349)
compute 28.4922891986798(0.393418669700623,1.02260172367096,0.577669084072113) (0.6123906,0.8415004,0.5985173) (316.8578,1.24744,61.97475) (0.1056554,1.280409,0.07451694) (321.8134,313.3476,3.906154)
compute 25.9703086986273(0.196489736437798,1.18378937244415,0.525869131088257) (0.3934187,1.022602,0.5776691) (303.3578,327.3934,84.118) (0.06220232,1.278517,0.06996951) (326.4617,313.6868,5.980334)
compute 23.2607427364665(-0.0176919586956501,1.26012682914734,0.476828217506409) (0.1964897,1.183789,0.5258691) (308.1052,294.0126,110.458) (0.005164862,1.269591,0.07068009) (329.8648,314.1463,6.777788)
compute 22.8258123022585(-0.238914519548416,1.29659056663513,0.434017658233643) (-0.01769196,1.260127,0.4768282) (315.1205,278.1601,116.013) (-0.06275403,1.278534,0.07461696) (324.8759,317.4721,6.209664)
compute 18.6038227237357(-0.423450469970703,1.31674599647522,0.446284025907516) (-0.2389145,1.296591,0.4340177) (317.758,277.8007,118.8379) (-0.1218037,1.288629,0.07340354) (321.0997,320.7098,6.44418)
compute 15.7036504167891(-0.569375991821289,1.30725181102753,0.503520965576172) (-0.4234505,1.316746,0.446284) (325.2729,283.6932,113.7045) (-0.1523292,1.298477,0.07675298) (313.7324,328.4557,4.034515)
compute 7.75902345479281(-0.61283928155899,1.26745069026947,0.553989350795746) (-0.569376,1.307252,0.503521) (335.5104,294.1771,113.1473) (-0.1727001,1.300139,0.08424523) (314.1224,330.9818,2.505536)
compute 3.11742265356494(-0.614915490150452,1.25602519512177,0.525058746337891) (-0.6128393,1.267451,0.5539894) (332.0209,285.424,112.665) (-0.1694698,1.29939,0.104006) (317.7188,345.0321,358.7235)
compute 9.7112648030152(-0.549619376659393,1.24834704399109,0.453586161136627) (-0.6149155,1.256025,0.5250587) (329.0113,271.4543,119.4915) (-0.1088843,1.299659,0.1045678) (319.7794,10.49564,349.6443)
compute 17.3649050151452(-0.389473259449005,1.24663150310516,0.386472284793854) (-0.5496194,1.248347,0.4535862) (322.7416,260.4608,119.9051) (-0.06750281,1.299855,0.08439957) (321.635,24.55457,342.7787)
compute 22.8254532480981(-0.16295425593853,1.26993072032928,0.402170091867447) (-0.3894733,1.246632,0.3864723) (308.155,269.4246,115.1537) (-0.02162031,1.291913,0.07551342) (328.2519,31.81633,339.0175)
compute 26.1959374190125(0.0943804308772087,1.27658712863922,0.450721800327301) (-0.1629543,1.269931,0.4021701) (294.7749,310.5474,103.6116) (0.02540013,1.277771,0.0806097) (333.9378,32.57571,338.0478)
compute 20.7327178273826(0.300478905439377,1.28752195835114,0.470429956912994) (0.09438043,1.276587,0.4507218) (293.0995,358.7242,72.09722) (0.0751104,1.271283,0.07907738) (327.9266,35.36256,336.5501)
compute 10.7620902911918(0.405793070793152,1.30963516235352,0.468949317932129) (0.3004789,1.287522,0.47043) (291.0019,10.22715,69.65869) (0.1318959,1.265837,0.08574257) (329.9106,35.90935,335.8058)
compute 15.7227116959786(0.537732422351837,1.22433412075043,0.462940484285355) (0.4057931,1.309635,0.4689493) (298.4224,47.14136,32.74495) (0.1901154,1.247175,0.1001673) (339.8321,34.00285,337.2964)
compute 26.1033109855221(0.662369310855865,1.00662589073181,0.53510046005249) (0.5377324,1.224334,0.4629405) (325.9518,49.12986,38.25303) (0.2208645,1.249922,0.102545) (329.3772,29.9034,337.0175)
compute 9.2443404814499(0.663144409656525,0.926861941814423,0.581821918487549) (0.6623693,1.006626,0.5351005) (336.6632,36.47991,56.29748) (0.243981,1.259269,0.1044392) (320.259,26.18527,336.0326)
compute 19.9980864504063(0.591084599494934,1.11324644088745,0.574040532112122) (0.6631444,0.9268619,0.5818219) (310.6054,32.67468,46.50083) (0.2562119,1.267888,0.1241728) (320.3303,19.02452,338.3134)
compute 23.3715628426064(0.508241951465607,1.33178579807281,0.574841737747192) (0.5910846,1.113246,0.5740405) (293.1985,6.639369,66.82431) (0.2634557,1.280652,0.1465587) (323.008,15.06905,341.4485)
compute 21.0642941389211(0.462866246700287,1.53429424762726,0.610922515392303) (0.508242,1.331786,0.5748417) (288.3532,357.3277,64.76015) (0.2528431,1.293606,0.1727241) (325.9629,0.5872532,347.7963)
compute 7.98686083443656(0.399465143680573,1.56241858005524,0.650524497032166) (0.4628662,1.534294,0.6109225) (308.2004,354.6048,89.15977) (0.2165028,1.297452,0.1856432) (327.2754,347.9564,352.2867)
compute 21.3623470937429(0.228670030832291,1.47357296943665,0.557947635650635) (0.3994651,1.562419,0.6505245) (303.8623,306.8239,103.6414) (0.1650736,1.293553,0.1600653) (327.774,322.3383,3.476825)
compute 11.5647084359945(0.172427043318748,1.38956367969513,0.614102900028229) (0.22867,1.473573,0.5579476) (311.6382,314.397,101.1106) (0.1261881,1.276249,0.1319927) (330.2137,309.9195,8.292283)
compute 8.34141143505134(0.0959706157445908,1.37998795509338,0.582155525684357) (0.172427,1.389564,0.6141029) (305.7613,307.6578,96.49338) (0.07702038,1.273684,0.127667) (331.7636,307.1639,11.0901)
compute 15.171836988336(-0.0468559972941875,1.4150378704071,0.544865787029266) (0.09597062,1.379988,0.5821555) (308.1306,292.5885,109.1816) (0.02418722,1.269239,0.1228739) (330.6449,308.8949,11.59231)
compute 18.4366150903022(-0.198535695672035,1.49327993392944,0.475135385990143) (-0.046856,1.415038,0.5448658) (303.9685,273.7913,122.5265) (-0.04926375,1.265224,0.1156797) (334.7749,309.1078,10.77939)
compute 15.3040829371978(-0.343168646097183,1.52198386192322,0.516109645366669) (-0.1985357,1.49328,0.4751354) (309.7229,284.1887,123.2917) (-0.1390266,1.254228,0.1111494) (340.8831,310.7999,8.495275)
compute 12.8663851927984(-0.453705161809921,1.45864486694336,0.534116268157959) (-0.3431686,1.521984,0.5161096) (314.5734,292.3892,115.375) (-0.2215119,1.250964,0.1105629) (346.399,311.367,7.275636)
compute 22.0266303263519(-0.583225131034851,1.28199934959412,0.51091742515564) (-0.4537052,1.458645,0.5341163) (324.0353,285.2686,109.9683) (-0.2748463,1.250571,0.1154117) (340.2419,319.9162,7.31668)
compute 22.6361724995646(-0.71763402223587,1.10264873504639,0.542654454708099) (-0.5832251,1.281999,0.5109174) (339.8314,284.8197,111.4634) (-0.2801071,1.265403,0.1205208) (324.5993,336.5313,4.594608)
compute 7.13900369435979(-0.743530631065369,1.0441278219223,0.574296295642853) (-0.717634,1.102649,0.5426545) (342.7345,290.3332,107.8932) (-0.2837681,1.286241,0.1086737) (318.8159,347.8838,3.840403)
compute 4.92275133018869(-0.711540937423706,1.04180705547333,0.536951661109924) (-0.7435306,1.044128,0.5742963) (343.1321,284.4255,108.5689) (-0.2348162,1.306571,0.09895688) (316.0296,2.928705,355.6029)
compute 8.59972803490942(-0.637966752052307,1.0795339345932,0.513307332992554) (-0.7115409,1.041807,0.5369517) (338.28,280.2525,109.3111) (-0.1842875,1.315235,0.09429972) (315.5975,18.7952,345.9109)
compute 13.6905193586543(-0.514749109745026,1.13757765293121,0.499473631381989) (-0.6379668,1.079534,0.5133073) (331.0709,278.3213,108.4301) (-0.1493639,1.31514,0.09760731) (319.1411,26.52796,340.2402)
compute 17.4752853803553(-0.352589309215546,1.20262885093689,0.502805650234222) (-0.5147491,1.137578,0.4994736) (317.9055,282.2693,109.6746) (-0.1035694,1.291431,0.1168144) (331.9486,33.08512,337.0349)
compute 23.9381303187355(-0.11917033046484,1.25406777858734,0.515959799289703) (-0.3525893,1.202629,0.5028057) (299.2761,306.1385,97.51609) (-0.05914188,1.274047,0.1292737) (331.245,37.66936,334.7297)
compute 18.3235292634306(0.0594628416001797,1.29486501216888,0.516934633255005) (-0.1191703,1.254068,0.5159598) (291.5858,332.6918,92.12347) (-0.01876445,1.278826,0.1266591) (324.9202,37.59002,335.8357)
compute 7.97493587977543(0.119341425597668,1.34752798080444,0.515872895717621) (0.05946284,1.294865,0.5169346) (289.2569,325.5439,108.52) (0.03463784,1.285618,0.1249844) (320.1906,34.70924,337.1146)
compute 6.98702356703387(0.123830907046795,1.41693508625031,0.509213447570801) (0.1193414,1.347528,0.5158729) (291.5167,310.0097,121.8428) (0.07834814,1.293275,0.1246964) (321.2248,28.20393,340.8884)
compute 10.6612221793159(0.11617748439312,1.52274167537689,0.519822716712952) (0.1238309,1.416935,0.5092134) (292.7743,307.3105,124.8679) (0.1203116,1.297161,0.1321422) (325.6323,26.72381,339.7275)
compute 12.165371388928(0.12691755592823,1.63654363155365,0.561456739902496) (0.1161775,1.522742,0.5198227) (289.1818,318.5572,120.4888) (0.1625544,1.309563,0.1453596) (326.9897,27.56192,335.2044)
compute 2.84122397223819(0.144362419843674,1.65013194084167,0.579297423362732) (0.1269176,1.636544,0.5614567) (301.6323,328.0354,120.5286) (0.1764168,1.312629,0.1535136) (327.0914,26.94627,333.2415)
compute 9.00851290122372(0.193621963262558,1.6969313621521,0.520148098468781) (0.1443624,1.650132,0.5792974) (285.6451,316.5874,120.2053) (0.1891849,1.302051,0.1561273) (330.498,29.59585,333.1125)
compute 13.9498200922846(0.318810313940048,1.67166423797607,0.576265811920166) (0.193622,1.696931,0.5201481) (301.2458,11.20367,70.89091) (0.2094796,1.287029,0.156999) (338.2101,31.50873,331.7748)
compute 13.8492735099362(0.383459150791168,1.58763265609741,0.487162172794342) (0.3188103,1.671664,0.5762658) (280.3274,33.14521,43.28991) (0.2221406,1.241193,0.1557524) (355.0833,38.47227,330.3828)
compute 27.4235659933501(0.544512033462524,1.3729339838028,0.430844813585281) (0.3834592,1.587633,0.4871622) (286.7738,76.08144,9.694098) (0.2291965,1.199689,0.1376652) (3.079398,46.23742,330.7187)
compute 28.4488165475728(0.650260925292969,1.11507487297058,0.487935692071915) (0.544512,1.372934,0.4308448) (309.9608,54.97475,39.96299) (0.261564,1.170651,0.1217728) (359.3318,48.89793,329.8822)
compute 16.5477123698569(0.689071953296661,0.985474705696106,0.583225667476654) (0.6502609,1.115075,0.4879357) (324.1619,31.55837,76.49718) (0.2936163,1.147735,0.1266484) (353.2261,43.86346,326.9764)
compute 7.44787188263365(0.731890797615051,0.935701847076416,0.618386566638947) (0.689072,0.9854747,0.5832257) (332.5038,37.34496,63.36644) (0.2865534,1.182482,0.1518302) (339.0387,25.82029,331.6938)
compute 2.6563231986153(0.724052906036377,0.954365968704224,0.635586082935333) (0.7318908,0.9357018,0.6183866) (335.2568,32.38419,63.59813) (0.2267453,1.245271,0.1474762) (323.2947,357.2876,341.4939)
compute 22.1148889836437(0.599733948707581,1.13673222064972,0.621651291847229) (0.7240529,0.954366,0.6355861) (311.5408,30.59692,48.25002) (0.1959986,1.27493,0.1254532) (318.354,340.053,351.5345)
compute 28.1450288811223(0.397585600614548,1.32818758487701,0.580479025840759) (0.5997339,1.136732,0.6216513) (294.5759,354.4969,74.03692) (0.1666466,1.292576,0.1226576) (318.9061,338.3396,355.2982)
compute 23.1456696527491(0.208818808197975,1.45643401145935,0.541850566864014) (0.3975856,1.328188,0.580479) (289.9208,312.8306,107.7118) (0.1252734,1.300741,0.122809) (319.012,336.7757,359.1816)
compute 19.6630008059029(0.0192513391375542,1.48770296573639,0.583680987358093) (0.2088188,1.456434,0.5418506) (303.2065,304.7015,111.09) (0.09226924,1.302078,0.1247252) (317.1793,348.1015,355.8895)
compute 9.33720586104172(-0.051413144916296,1.47087788581848,0.642347753047943) (0.01925134,1.487703,0.583681) (313.924,311.3508,116.5356) (0.0577457,1.29759,0.1417551) (315.9781,2.049805,347.0953)
compute 11.8511530636957(0.0559355653822422,1.51876950263977,0.627260327339172) (-0.05141314,1.470878,0.6423478) (298.8922,313.3188,122.0674) (0.044306,1.294556,0.1615677) (318.0249,9.452067,342.723)
compute 17.6033784368298(0.209049209952354,1.60431206226349,0.612207889556885) (0.05593557,1.51877,0.6272603) (281.605,336.9483,109.8559) (0.06849458,1.295396,0.17401) (319.554,17.76253,339.6506)
compute 9.72498960366431(0.300246804952621,1.60713469982147,0.645861625671387) (0.2090492,1.604312,0.6122079) (298.7013,9.064558,82.54205) (0.1359028,1.301641,0.1664396) (319.3385,29.80191,335.1649)
compute 8.30446177359019(0.289664417505264,1.56762206554413,0.573590099811554) (0.3002468,1.607135,0.6458616) (286.343,328.6999,109.2262) (0.1829185,1.30275,0.1548331) (319.0372,31.5456,335.7516)
compute 9.44249015735155(0.284042686223984,1.47355806827545,0.567554950714111) (0.2896644,1.567622,0.5735901) (296.402,315.3078,112.7603) (0.2234803,1.297288,0.1434704) (318.1035,33.7261,334.7048)
compute 5.16959703914427(0.330560475587845,1.45469486713409,0.579914093017578) (0.2840427,1.473558,0.567555) (299.9739,318.5135,110.5477) (0.2547241,1.290739,0.1389692) (318.0634,34.79787,333.8159)
compute 12.5931818699202(0.446113467216492,1.49754214286804,0.554021239280701) (0.3305605,1.454695,0.5799141) (287.3763,345.7766,82.38168) (0.2808848,1.288543,0.1453198) (319.9112,35.28088,333.9343)
compute 11.8337281811663(0.557717382907867,1.52299976348877,0.524018108844757) (0.4461135,1.497542,0.5540212) (287.3001,11.91103,67.51328) (0.3052004,1.290453,0.151763) (322.0602,35.77055,333.6042)
compute 7.74874740658333(0.630493879318237,1.53784024715424,0.501935303211212) (0.5577174,1.523,0.5240181) (288.7709,27.32713,61.26247) (0.322702,1.289695,0.1577914) (323.5291,37.38896,333.3001)
compute 5.92086132557856(0.687940657138824,1.54872965812683,0.511259913444519) (0.6304939,1.53784,0.5019353) (291.1761,27.26231,69.57166) (0.3422143,1.287923,0.1707452) (323.9846,38.77972,332.0806)
compute 6.40059795231805(0.743182301521301,1.56595659255981,0.538616061210632) (0.6879407,1.54873,0.5112599) (292.9964,30.24714,74.24537) (0.3673322,1.289295,0.1949404) (326.6567,37.96745,334.1984)
compute 5.16672954653864(0.782614886760712,1.58131682872772,0.568257987499237) (0.7431823,1.565957,0.5386161) (295.4483,32.47396,71.56803) (0.3928391,1.297899,0.210652) (326.1548,36.13735,334.4614)
compute 4.20102528982334(0.808469533920288,1.58986222743988,0.600248217582703) (0.7826149,1.581317,0.568258) (298.2736,31.96435,72.72688) (0.4112357,1.318475,0.2300549) (327.2694,34.51158,335.8861)
compute 4.23402218764582(0.82371711730957,1.59662687778473,0.639164090156555) (0.8084695,1.589862,0.6002482) (303.2188,28.38147,78.18724) (0.4184423,1.351126,0.2428566) (327.0057,36.10517,337.1743)
compute 2.84020805381169(0.832821547985077,1.59679174423218,0.666066884994507) (0.8237171,1.596627,0.6391641) (305.9718,27.77302,80.52053) (0.4197101,1.363693,0.2517454) (328.9349,33.9184,338.9519)
compute 5.32102671858577(0.850118041038513,1.5516791343689,0.688360750675201) (0.8328215,1.596792,0.6660669) (320.0126,30.93058,83.48803) (0.4016159,1.361559,0.2548831) (328.8369,26.78204,342.1137)
compute 4.48809046661709(0.812831521034241,1.54055976867676,0.66599178314209) (0.850118,1.551679,0.6883608) (306.4584,30.02788,73.58633) (0.3335712,1.347956,0.2591848) (325.0435,350.2553,351.0492)
compute 10.2123862506316(0.723866879940033,1.49894797801971,0.638009011745453) (0.8128315,1.54056,0.6659918) (295.7827,19.91049,64.93452) (0.2771396,1.322635,0.2117282) (327.9482,313.1004,1.377452)
compute 8.26653246804298(0.649669408798218,1.46908783912659,0.617112517356873) (0.7238669,1.498948,0.638009) (294.2,9.975846,66.32874) (0.2608589,1.299861,0.1845113) (332.4299,303.5647,1.668609)
compute 6.04626037049823(0.591205060482025,1.46832966804504,0.601715385913849) (0.6496694,1.469088,0.6171125) (292.9643,12.60305,47.96078) (0.2360991,1.301015,0.1692364) (334.0504,307.2562,4.119391)
compute 6.17933097422378(0.530117213726044,1.4775778055191,0.600638270378113) (0.5912051,1.46833,0.6017154) (293.3316,356.3602,67.99727) (0.1950263,1.303364,0.1509004) (335.2264,306.814,6.666358)
compute 5.42331701414561(0.478286296129227,1.4931845664978,0.597288370132446) (0.5301172,1.477578,0.6006383) (292.9659,352.2709,68.96603) (0.1436096,1.301587,0.1281721) (336.1414,306.1803,9.047384)
compute 7.01675632710187(0.40938264131546,1.50522077083588,0.591729283332825) (0.4782863,1.493185,0.5972884) (293.7565,342.1388,79.19488) (0.09260431,1.292864,0.1054856) (335.6682,307.8865,9.714224)
compute 7.71912703899243(0.333601981401443,1.50982582569122,0.577780187129974) (0.4093826,1.505221,0.5917293) (294.3896,336.6816,87.31652) (0.02826543,1.279704,0.07741023) (334.4662,311.4939,9.54959)
compute 6.67355964442935(0.271137595176697,1.50901579856873,0.554302871227264) (0.333602,1.509826,0.5777802) (291.9292,337.5517,87.41173) (-0.03312891,1.272751,0.06003905) (336.3018,316.4924,7.634262)
compute 5.60151946244932(0.215409353375435,1.50691497325897,0.549044370651245) (0.2711376,1.509016,0.5543029) (292.0626,340.0098,84.36909) (-0.06690488,1.281224,0.04807551) (339.6658,321.896,7.814668)
compute 4.14113282306368(0.176382496953011,1.51106464862823,0.535831391811371) (0.2154094,1.506915,0.5490444) (294.0238,340.3085,85.69866) (-0.08033554,1.291953,0.03726348) (337.6345,328.6992,6.57276)
compute 4.46448511131181(0.145870938897133,1.5261310338974,0.506931364536285) (0.1763825,1.511065,0.5358314) (293.6604,336.652,89.2905) (-0.08274839,1.293909,0.02697472) (337.6084,333.7487,6.354264)
compute 3.41833192749785(0.125745102763176,1.53660893440247,0.481364518404007) (0.1458709,1.526131,0.5069314) (292.6711,334.1213,91.60884) (-0.08389841,1.289707,0.02025922) (338.3492,336.6061,5.386505)
compute 1.97054076500486(0.109757654368877,1.54465532302856,0.473120719194412) (0.1257451,1.536609,0.4813645) (291.5454,330.8731,93.87656) (-0.07231295,1.285241,0.01040271) (337.8544,337.4082,5.474435)
compute 2.12207775906766(0.0917771905660629,1.55510699748993,0.477338165044785) (0.1097577,1.544655,0.4731207) (291.3441,324.2376,98.76945) (-0.04699583,1.284371,0.0002732808) (335.4475,339.4721,5.928786)
compute 1.36866790672336(0.0830245539546013,1.55519080162048,0.466816306114197) (0.09177719,1.555107,0.4773382) (291.6715,319.7996,101.6592) (-0.01426788,1.289967,-0.008963185) (333.8856,340.4503,4.838408)
compute 3.40522685057957(0.0821571499109268,1.54288375377655,0.435077667236328) (0.08302455,1.555191,0.4668163) (291.5335,315.2759,104.0514) (0.004936751,1.291107,-0.01589648) (331.7162,340.7338,5.520232)
compute 2.88404510571689(0.0798192843794823,1.5288667678833,0.409981250762939) (0.08215715,1.542884,0.4350777) (291.7031,309.092,109.5017) (0.01788201,1.2958,-0.02039916) (328.9429,342.6594,3.709391)
compute 1.76625275850039(0.0735114514827728,1.51685011386871,0.398677438497543) (0.07981928,1.528867,0.4099813) (291.9375,302.8061,116.4215) (0.01582967,1.296785,-0.02313339) (327.4113,346.1006,2.028091)
compute 1.30340701281958(0.0660267993807793,1.50618934631348,0.399141132831573) (0.07351145,1.51685,0.3986774) (294.0338,300.3588,122.8276) (0.005630225,1.294842,-0.02551783) (326.3185,350.0484,0.2713444)
compute 1.09316579930561(0.0610481575131416,1.49724292755127,0.39531022310257) (0.0660268,1.506189,0.3991411) (294.7495,302.0475,122.8979) (-0.0112575,1.300394,-0.02507543) (325.3354,353.0595,358.4113)
compute 0.792693621046132(0.0582619570195675,1.50007057189941,0.402171552181244) (0.06104816,1.497243,0.3953102) (294.199,305.7285,120.1301) (-0.01951779,1.303038,-0.02211136) (325.4323,353.8204,357.7831)
compute 1.09264462114714(0.0572506785392761,1.50536155700684,0.411677867174149) (0.05826196,1.500071,0.4021716) (292.9001,308.6856,117.1862) (-0.0313317,1.30253,-0.01683118) (325.5758,354.7591,357.4755)
compute 0.931389239791978(0.0507858768105507,1.50577068328857,0.418370217084885) (0.05725068,1.505362,0.4116779) (293.3195,308.6523,117.5518) (-0.03557234,1.301987,-0.01901004) (324.9177,355.4063,357.8519)
compute 0.37193217090015(0.0473232232034206,1.50612163543701,0.417058646678925) (0.05078588,1.505771,0.4183702) (294.0948,307.2293,119.7737) (-0.03679166,1.300972,-0.02344751) (323.9375,356.0211,357.7303)
compute 0.762897955796241(0.0474393032491207,1.50645697116852,0.409437924623489) (0.04732322,1.506122,0.4170586) (294.3428,305.8776,121.3974) (-0.03565588,1.303489,-0.02401516) (322.7202,356.0828,357.8232)
compute 0.394223118350979(0.0504341274499893,1.50762832164764,0.40715754032135) (0.0474393,1.506457,0.4094379) (294.3744,305.631,121.813) (-0.02703087,1.304056,-0.02539325) (322.6525,356.1748,358.0587)
compute 0.594247979791669(0.0563729926943779,1.50770604610443,0.407349646091461) (0.05043413,1.507628,0.4071575) (294.8862,305.7374,122.162) (-0.02162854,1.306249,-0.0247281) (321.9279,356.3697,357.674)
compute 0.654389291513259(0.0628916099667549,1.50828015804291,0.407325953245163) (0.05637299,1.507706,0.4073496) (294.9186,305.8053,122.141) (-0.01884418,1.30695,-0.02132205) (322.1636,355.9224,357.6377)
compute 0.135778166791124(0.0641404911875725,1.50808882713318,0.407823204994202) (0.06289161,1.50828,0.407326) (294.8882,306.0229,121.8935) (-0.01692597,1.307092,-0.01823283) (322.257,355.5216,357.4507)
compute 0.518901435418156(0.0638490095734596,1.50540959835052,0.412257462739944) (0.06414049,1.508089,0.4078232) (294.7568,306.9891,120.5218) (-0.0149297,1.307456,-0.01445769) (322.8378,355.2983,357.3506)
compute 1.15829591930876(0.0638307854533196,1.50268244743347,0.423514783382416) (0.06384901,1.50541,0.4122575) (295.0655,307.5249,119.7325) (-0.01338894,1.308774,-0.01107923) (322.7155,355.0528,357.15)
compute 0.714148352913376(0.0641147643327713,1.50126373767853,0.43050816655159) (0.06383079,1.502682,0.4235148) (295.2737,307.7009,119.3674) (-0.01228517,1.310031,-0.00632809) (323.2577,354.134,357.4748)
compute 0.615764832530044(0.0649292021989822,1.50093066692352,0.436602622270584) (0.06411476,1.501264,0.4305082) (295.2752,308.0094,118.9229) (-0.01327631,1.310774,-0.001737918) (324.4645,354.1187,357.2092)
compute 0.347339833191959(0.0654380545020103,1.49955654144287,0.439751803874969) (0.0649292,1.500931,0.4366026) (295.4606,308.6386,118.1387) (-0.01358876,1.311013,0.0003322372) (325.2526,354.5005,356.9401)
compute 0.308434060285943(0.0654284134507179,1.49905097484589,0.442794412374496) (0.06543805,1.499557,0.4397518) (295.7553,308.9829,117.7926) (-0.01293394,1.309448,0.001881142) (325.3883,354.4695,356.9933)
compute 0.307007132940762(0.0653616562485695,1.49813175201416,0.445722877979279) (0.06542841,1.499051,0.4427944) (295.8196,309.0946,117.6743) (-0.01264966,1.309636,0.004447148) (325.8375,354.2583,356.9714)
compute 0.482285588214073(0.0650256499648094,1.49340641498566,0.44662743806839) (0.06536166,1.498132,0.4457229) (295.9787,309.4304,117.3521) (-0.01287738,1.309737,0.008121141) (326.4017,354.1905,356.9229)
compute 0.501269466256734(0.0652007982134819,1.4897038936615,0.450002014636993) (0.06502565,1.493406,0.4466274) (296.1976,309.783,117.0304) (-0.01255115,1.309777,0.01161032) (326.6584,354.0648,356.948)
compute 0.825306897944557(0.0659800246357918,1.48656737804413,0.457595974206924) (0.0652008,1.489704,0.450002) (296.3762,310.635,116.2247) (-0.0109056,1.309912,0.01379884) (326.5695,353.8363,356.7496)
compute 0.683955476223321(0.0680078715085983,1.48300087451935,0.463068395853043) (0.06598002,1.486567,0.457596) (296.6501,311.7513,115.1671) (-0.009717923,1.309973,0.01464483) (326.3877,353.6584,356.6523)
compute 0.406063408693862(0.0687629133462906,1.4792138338089,0.464324176311493) (0.06800787,1.483001,0.4630684) (296.9066,312.2548,114.6687) (-0.009058602,1.310205,0.01474858) (326.5869,353.295,356.6589)
compute 0.228579457116774(0.0688385814428329,1.4769903421402,0.463799566030502) (0.06876291,1.479214,0.4643242) (297.1935,312.6129,114.2919) (-0.008100569,1.309619,0.0134445) (326.0546,353.0812,356.3156)
compute 0.178710281729321(0.0688294842839241,1.47704136371613,0.465585917234421) (0.06883858,1.47699,0.4637996) (297.1849,312.6581,114.1577) (-0.007017605,1.311302,0.008648102) (324.3632,352.4811,356.0948)
compute 0.242334204162357(0.0683591440320015,1.47713994979858,0.467961132526398) (0.06882948,1.477041,0.4655859) (297.2047,312.403,114.1511) (-0.007153988,1.315303,0.002373987) (320.84,351.6133,356.2687)
compute 0.229964612314157(0.067133367061615,1.47763240337372,0.469843506813049) (0.06835914,1.47714,0.4679611) (297.2386,312.0242,114.3031) (-0.006498732,1.324069,-0.01403751) (312.3115,350.5118,356.4756)
compute 0.0983168365634169(0.0665436163544655,1.47770166397095,0.470627099275589) (0.06713337,1.477632,0.4698435) (297.218,311.8047,114.3814) (-0.004227616,1.325882,-0.02987619) (307.6325,349.4778,357.3997)
compute 0.557157487540607(0.0678053647279739,1.47291874885559,0.468063086271286) (0.06654362,1.477702,0.4706271) (297.2748,312.3519,113.8687) (-0.004780199,1.325879,-0.03612601) (307.2188,349.3871,357.2912)
compute 1.35698683411364(0.0696443840861321,1.46838867664337,0.480721592903137) (0.06780536,1.472919,0.4680631) (297.1351,314.1999,112.2275) (-0.005991843,1.325416,-0.03842899) (307.1295,350.0388,356.9061)
compute 0.670765666235798(0.0694383382797241,1.46863460540771,0.487421572208405) (0.06964438,1.468389,0.4807216) (296.3892,315.2555,111.1929) (-0.006069019,1.325143,-0.03952006) (306.9474,350.41,356.5864)
compute 0.0696041461428929(0.0692126452922821,1.46928465366364,0.487526327371597) (0.06943834,1.468635,0.4874216) (296.1161,315.5192,110.9912) (-0.006125107,1.32513,-0.0398959) (307.1136,350.7616,356.2016)
compute 0.50110656264653(0.0690762624144554,1.46925914287567,0.482517182826996) (0.06921265,1.469285,0.4875263) (296.0326,315.8123,110.7376) (-0.005834103,1.325662,-0.03945978) (307.8173,351.4954,355.8628)
compute 0.452219382174714(0.0691559761762619,1.4686244726181,0.478040456771851) (0.06907626,1.469259,0.4825172) (296.1541,316.4391,110.195) (-0.005757425,1.326233,-0.0390626) (308.894,351.7712,355.9578)
compute 0.361946913721766(0.0698318257927895,1.4673171043396,0.474733710289001) (0.06915598,1.468624,0.4780405) (296.3997,316.8873,109.7888) (-0.005361076,1.326313,-0.0366527) (309.85,351.5569,356.3689)
compute 0.27442475592351(0.0706524699926376,1.46583485603333,0.472574919462204) (0.06983183,1.467317,0.4747337) (296.7195,316.9137,109.7652) (-0.005337037,1.326752,-0.0352727) (310.9634,351.3744,356.6212)
compute 0.107762975456608(0.071141853928566,1.46503806114197,0.47203928232193) (0.07065247,1.465835,0.4725749) (297.0444,316.8156,109.8139) (-0.00586303,1.325728,-0.03474096) (311.511,352.1071,356.1492)
Average= 8.13071823875923
Max= 29.5423455699071
Standard Deviation= 7.98078123459916
Right: 23    Wrong: 7
0
