red 337.7337 346.3533 16.03667 (0.09783947,5,0.7) (0.09783947,0.6911589,0.7)
red 338.2313 347.1756 14.8081 (0.6661949,5,0.7) (0.6661949,0.08067194,0.7)
red 339.7398 347.4533 15.38072 (-0.292379,5,0.7) (-0.292379,0.9449434,0.7)
red 339.2416 347.9756 14.53132 (0.9314697,5,0.7) (0.9314697,0.08247194,0.7)
red 340.7378 348.1978 14.63666 (-0.5220227,5,0.7) (-0.5220227,0.8415728,0.7)
red 338.7422 348.2756 15.64751 (-0.4724754,4.999,0.7) (-0.4724754,0.08388749,0.7)
red 340.2387 348.3311 13.60738 (-0.9506969,5,0.7) (-0.9506969,0.08153492,0.7)
red 341.237 350.32 15.00322 (-0.06129563,5,0.7) (-0.06129563,0.07811819,0.7)
red 342.2342 350.7867 14.26484 (0.6420691,5,0.7) (0.6420691,0.08296385,0.7)
red 343.2345 351.0422 13.17508 (0.09278858,5,0.7) (0.09278858,0.0765124,0.7)
red 343.7326 351.72 16.02248 (-0.04753101,5,0.7) (-0.04753101,1.005266,0.7)
red 341.7355 351.7645 16.31146 (0.8726182,5,0.7) (0.8726182,0.0841576,0.7)
red 344.2317 351.8422 15.72951 (-0.1329981,5,0.7) (-0.1329981,1.109799,0.7)
red 342.7352 352.8644 16.43601 (0.5838368,5,0.7) (0.5838368,0.08059877,0.7)
red 344.7422 353.3978 14.42037 (-0.7788334,4.998983,0.7) (-0.7788334,0.08209909,0.7)
red 345.7413 354.92 15.14274 (0.7877433,5,0.7) (0.7877433,0.07825206,0.7)
red 345.2409 355.0089 15.9585 (0.2872402,5,0.7) (0.2872402,0.08129483,0.7)
red 346.7392 355.0089 13.86609 (-0.2301861,5,0.7) (-0.2301861,0.08241129,0.7)
red 346.2389 355.4311 15.17189 (0.3525541,5,0.7) (0.3525541,0.08358008,0.7)
red 347.2372 356.2533 14.92011 (0.6411145,5,0.7) (0.6411145,0.08196938,0.7)
red 349.2347 356.3311 13.62446 (0.1458939,5,0.7) (0.1458939,0.6997542,0.7)
red 348.2345 356.5533 13.92996 (0.9887655,5,0.7) (0.9887655,0.08242837,0.7)
red 347.7364 356.6089 14.7148 (0.1585935,5,0.7) (0.1585935,0.08074147,0.7)
red 348.7345 356.9422 13.75689 (0.7223055,5,0.7) (0.7223055,0.07690746,0.7)
red 350.7369 357.8978 16.34731 (-0.2830206,5,0.7) (-0.2830206,1.505055,0.7)
red 351.2381 359.3422 13.62443 (-0.8988922,5,0.7) (-0.8988922,0.08193345,0.7)
red 350.2318 359.6422 15.46057 (0.3566625,5,0.7) (0.3566625,0.08245707,0.7)
red 351.7341 359.8978 13.70471 (0.6292548,5,0.7) (0.6292548,0.08185828,0.7)
red 352.2322 359.9644 13.07256 (0.5668795,5,0.7) (0.5668795,0.08156488,0.7)
red 349.732 360.1422 16.81136 (0.6941509,5,0.7) (0.6941509,0.08253932,0.7)
red 352.7384 361.7422 14.90063 (0.826195,5,0.7) (0.826195,0.08042356,0.7)
red 354.7343 362.2867 13.93435 (0.4369492,5,0.7) (0.4369492,0.5404003,0.7)
red 354.24 362.5533 15.55359 (0.4245524,5,0.7) (0.4245524,0.6858602,0.7)
red 353.2384 363.2311 16.26426 (0.8959606,5,0.7) (0.8959606,0.0832283,0.7)
red 353.7406 363.2867 15.65348 (-0.5940139,5,0.7) (-0.5940139,0.08047977,0.7)
red 355.7312 363.92 15.31049 (0.6625662,5,0.7) (0.6625662,0.6744759,0.7)
red 356.2422 364.1978 13.40288 (-0.7962286,4.998969,0.7) (-0.7962286,0.07686775,0.7)
red 355.2323 365.0756 16.05318 (0.8068972,5,0.7) (0.8068972,0.0828557,0.7)
red 357.2408 366.1756 16.99175 (0.06392658,5,0.7) (0.06392658,0.8333563,0.7)
red 356.7422 367.1756 16.85845 (-0.6085932,4.999016,0.7) (-0.6085932,0.08359528,0.7)
0
