compute 22.8120099495889(-0.356965065002441,0.779713571071625,0.314291149377823) (-0.1389183,0.8383965,0.3467058) (350.9151,359.113,43.39266) (-0.1995474,1.234655,0.03406893) (342.4279,347.6917,10.62259)
compute 0.0915986946598441(-0.356274008750916,0.779580175876617,0.314877390861511) (-0.3569651,0.7797136,0.3142911) (351.1342,359.2463,43.29099) (-0.1909917,1.283857,0.006726154) (312.6749,355.3144,12.51908)
compute 1.40956442915501(-0.364654779434204,0.770597100257874,0.32178783416748) (-0.356274,0.7795802,0.3148774) (353.8011,357.8495,44.38401) (-0.1868447,1.289565,-0.04286347) (299.1371,0.9616201,13.34296)
compute 8.75219467372733(-0.376648157835007,0.769393265247345,0.408475786447525) (-0.3646548,0.7705971,0.3217878) (354.2894,358.1691,44.96105) (-0.1964744,1.28446,-0.05505475) (297.4207,358.0562,16.01559)
compute 4.71014367975074(-0.349823296070099,0.78439474105835,0.444167912006378) (-0.3766482,0.7693933,0.4084758) (348.7159,0.6550441,43.96556) (-0.1998952,1.277835,-0.06154595) (295.359,357.2902,16.39826)
compute 2.01006491701556(-0.340828537940979,0.801702916622162,0.449021518230438) (-0.3498233,0.7843947,0.4441679) (345.0164,1.822698,44.00429) (-0.2031274,1.274026,-0.06816167) (291.9539,356.165,17.56936)
compute 1.02465294979202(-0.332007139921188,0.806348085403442,0.446655780076981) (-0.3408285,0.8017029,0.4490215) (344.1663,2.75703,44.2223) (-0.2060395,1.271927,-0.07232915) (291.1957,354.5015,19.12427)
compute 1.27200853914905(-0.320738762617111,0.807941257953644,0.440973699092865) (-0.3320071,0.8063481,0.4466558) (343.9979,3.131247,43.99115) (-0.2073285,1.271929,-0.07562879) (290.5529,353.9355,19.65502)
compute 0.941819152918236(-0.317272275686264,0.816588521003723,0.439591437578201) (-0.3207388,0.8079413,0.4409737) (342.4197,2.874777,43.99635) (-0.2078165,1.272294,-0.07764342) (290.9144,353.5504,20.01878)
compute 0.694444122361989(-0.319349735975266,0.822881817817688,0.441666007041931) (-0.3172723,0.8165885,0.4395914) (341.3921,2.344433,43.95534) (-0.2087975,1.272358,-0.08123264) (290.9149,356.006,18.40585)
compute 0.299040221956228(-0.321267813444138,0.822247326374054,0.44387075304985) (-0.3193497,0.8228818,0.441666) (341.8917,1.97646,44.23779) (-0.2089828,1.272247,-0.08382566) (290.9058,359.0874,16.19467)
compute 0.719814183423243(-0.320910155773163,0.815073549747467,0.444342195987701) (-0.3212678,0.8222473,0.4438708) (343.3409,2.168473,44.30924) (-0.2069407,1.272637,-0.08472012) (291.3669,359.1448,16.20898)
compute 0.326473846572118(-0.320436954498291,0.811852097511292,0.4441037774086) (-0.3209102,0.8150735,0.4443422) (343.9439,2.265609,44.44056) (-0.2055485,1.274185,-0.08333504) (291.1506,1.996984,13.24455)
compute 0.179462816866218(-0.319495290517807,0.810417592525482,0.443578273057938) (-0.320437,0.8118521,0.4441038) (344.1423,2.30911,44.43231) (-0.1992785,1.275109,-0.08247748) (291.0065,5.35196,9.816401)
compute 0.416621566677754(-0.32025870680809,0.806375563144684,0.442917555570602) (-0.3194953,0.8104176,0.4435783) (344.6856,2.149867,44.23859) (-0.1946979,1.275406,-0.08201237) (291.3972,8.383448,7.402154)
compute 0.14087360962963(-0.320842832326889,0.8050936460495,0.442912727594376) (-0.3202587,0.8063756,0.4429176) (344.8737,2.09876,44.15658) (-0.1911705,1.27491,-0.08026759) (291.6345,11.86973,4.673169)
compute 0.313663637469333(-0.31995752453804,0.802088022232056,0.44305744767189) (-0.3208428,0.8050936,0.4429127) (345.3374,2.471946,43.85185) (-0.190867,1.275085,-0.08032358) (292.0851,12.72264,4.672193)
compute 0.634865502772756(-0.315567642450333,0.797512114048004,0.443366348743439) (-0.3199575,0.802088,0.4430574) (346.3161,3.192968,43.661) (-0.1902076,1.274721,-0.07505964) (292.3492,12.69552,4.7442)
compute 0.214343693603961(-0.313616782426834,0.796653091907501,0.443591177463531) (-0.3155676,0.7975121,0.4433663) (346.819,3.768651,43.58962) (-0.1885661,1.276019,-0.06602293) (293.4507,11.67231,5.409736)
compute 0.0653050544177769(-0.313021838665009,0.796394050121307,0.443664759397507) (-0.3136168,0.7966531,0.4435912) (346.8475,4.06057,43.44202) (-0.1868176,1.27921,-0.06240774) (294.1215,11.17799,5.828204)
compute 0.0358827362150109(-0.312790155410767,0.796135663986206,0.443755954504013) (-0.3130218,0.7963941,0.4436648) (347.1029,4.011239,43.42523) (-0.1855348,1.280457,-0.06209515) (294.6199,10.25352,6.619877)
compute 0.0698937748007703(-0.312113523483276,0.79598993062973,0.443658769130707) (-0.3127902,0.7961357,0.443756) (347.3281,3.936605,43.36837) (-0.1847403,1.280602,-0.06086826) (295.5487,9.885669,7.064325)
compute 0.234334358993161(-0.309830665588379,0.79551488161087,0.44389146566391) (-0.3121135,0.7959899,0.4436588) (348.2908,3.802739,43.85683) (-0.1846492,1.280305,-0.06405542) (295.2914,9.065205,8.341529)
compute 0.543599271180784(-0.3044773042202,0.79538905620575,0.442955672740936) (-0.3098307,0.7955149,0.4438915) (348.3369,4.548179,43.81683) (-0.1854887,1.279389,-0.06750109) (295.4266,7.882534,9.798474)
compute 0.49522913537595(-0.29963693022728,0.795260548591614,0.441916704177856) (-0.3044773,0.7953891,0.4429557) (348.5764,4.870547,44.16156) (-0.1855397,1.279607,-0.06769634) (295.7532,8.323795,9.812689)
compute 0.391664805573153(-0.295754581689835,0.795104801654816,0.441423505544662) (-0.2996369,0.7952605,0.4419167) (348.6646,5.655857,44.15498) (-0.1863482,1.28351,-0.06734677) (295.5446,10.29872,8.59996)
compute 0.343175732261051(-0.293013453483582,0.797168254852295,0.44135046005249) (-0.2957546,0.7951048,0.4414235) (347.6483,8.541098,43.35337) (-0.1917192,1.285955,-0.06044594) (296.446,12.34013,7.256139)
compute 0.405857789179407(-0.293494254350662,0.799596607685089,0.444566667079926) (-0.2930135,0.7971683,0.4413505) (346.2212,11.8708,42.36976) (-0.2022886,1.286197,-0.05173369) (297.4131,11.64954,7.60818)
compute 0.291427887188432(-0.294629603624344,0.800699532032013,0.44701361656189) (-0.2934943,0.7995966,0.4445667) (344.5461,15.14446,39.8517) (-0.2007032,1.281434,-0.05193321) (298.9308,7.123403,12.68462)
compute 1.14239819476762(-0.283229678869247,0.800432860851288,0.44632226228714) (-0.2946296,0.8006995,0.4470136) (345.1028,13.72341,40.51896) (-0.1794726,1.280754,-0.06459228) (298.2083,5.303193,12.86049)
compute 1.35359299051894(-0.274762600660324,0.79743754863739,0.4361951649189) (-0.2832297,0.8004329,0.4463223) (343.4434,10.73603,40.96558) (-0.1651946,1.275946,-0.07313085) (295.7157,358.7266,18.08896)
compute 0.672517945930502(-0.275167644023895,0.795629918575287,0.429730147123337) (-0.2747626,0.7974375,0.4361952) (348.5061,4.704944,45.58578) (-0.1473764,1.28104,-0.07656971) (296.4293,358.644,15.69869)
compute 0.425844270628024(-0.276673316955566,0.794708013534546,0.425854921340942) (-0.2751676,0.7956299,0.4297301) (349.4788,4.854771,48.82012) (-0.1356544,1.282097,-0.07683494) (295.8959,356.6935,16.27725)
compute 0.203706192698421(-0.276228874921799,0.796060085296631,0.424397528171539) (-0.2766733,0.794708,0.4258549) (347.9478,5.292623,46.57919) (-0.1286989,1.281729,-0.06940534) (296.2646,355.2769,16.10563)
compute 0.509345865232911(-0.281175076961517,0.797139525413513,0.423837870359421) (-0.2762289,0.7960601,0.4243975) (346.3305,4.53819,45.83022) (-0.1259715,1.281197,-0.06249659) (296.838,355.7796,14.54797)
compute 0.597254260506343(-0.287146151065826,0.79717755317688,0.423964738845825) (-0.2811751,0.7971395,0.4238379) (346.6275,4.532753,45.45258) (-0.1241683,1.280175,-0.05894189) (296.5226,356.553,13.21119)
compute 0.582989174268118(-0.292893797159195,0.796795725822449,0.424862742424011) (-0.2871462,0.7971776,0.4239647) (347.7437,4.486763,44.69277) (-0.1256336,1.279284,-0.05778878) (295.3709,356.2281,13.10896)
compute 0.56381324758908(-0.298296093940735,0.796515166759491,0.426451772451401) (-0.2928938,0.7967957,0.4248627) (347.9637,4.320392,44.40789) (-0.1295231,1.279132,-0.05741428) (294.8805,355.4837,13.4461)
compute 0.516437960826917(-0.303432792425156,0.796800374984741,0.42690321803093) (-0.2982961,0.7965152,0.4264518) (346.9459,4.107261,43.50916) (-0.1306787,1.278875,-0.05688905) (294.8763,356.083,12.71035)
compute 0.305808003924383(-0.306209057569504,0.797081887722015,0.428154200315475) (-0.3034328,0.7968004,0.4269032) (346.7549,3.791379,41.27599) (-0.1317814,1.278826,-0.05192182) (295.0047,357.294,11.72796)
compute 0.540802790048672(-0.307515978813171,0.796023309230804,0.433294057846069) (-0.3062091,0.7970819,0.4281542) (349.0558,3.866164,41.90107) (-0.1316288,1.278724,-0.04803971) (294.3779,357.1856,11.89951)
compute 0.517197278519054(-0.307993948459625,0.79543924331665,0.438410669565201) (-0.307516,0.7960233,0.4332941) (349.8921,3.901537,41.83277) (-0.132973,1.278829,-0.04298913) (294.2463,355.502,12.82449)
compute 0.617145358643094(-0.312794119119644,0.795320093631744,0.442287653684616) (-0.3079939,0.7954392,0.4384107) (350.0378,3.85771,41.90076) (-0.1353371,1.280145,-0.03708605) (294.8983,353.8047,14.19364)
compute 0.392274585368032(-0.315167456865311,0.795410215854645,0.445409685373306) (-0.3127941,0.7953201,0.4422877) (349.9971,3.687714,42.05068) (-0.1394815,1.280338,-0.03484756) (295.0371,352.6834,15.34942)
compute 0.39936860148603(-0.318452537059784,0.795119345188141,0.447662055492401) (-0.3151675,0.7954102,0.4454097) (352.2349,1.973421,42.93727) (-0.1433009,1.281225,-0.03440118) (295.0744,351.2953,16.36074)
compute 0.527748176342241(-0.322305679321289,0.792282223701477,0.449888229370117) (-0.3184525,0.7951193,0.4476621) (359.9658,0.3637018,46.1279) (-0.145216,1.281439,-0.03264282) (295.6428,351.5941,16.69399)
compute 0.592345250277485(-0.32273468375206,0.787185966968536,0.452876776456833) (-0.3223057,0.7922822,0.4498882) (10.51223,0.7948113,47.97816) (-0.1460918,1.281867,-0.0310015) (296.4386,352.6817,15.93473)
compute 0.433675375154038(-0.322359144687653,0.783091843128204,0.45425683259964) (-0.3227347,0.787186,0.4528768) (17.97352,0.9896424,49.28214) (-0.1460047,1.28242,-0.02988072) (296.8057,353.5322,14.96579)
compute 0.198677516465918(-0.321983575820923,0.781238496303558,0.454866200685501) (-0.3223591,0.7830918,0.4542568) (20.72632,1.431485,48.509) (-0.1442266,1.282486,-0.02701438) (297.4552,353.4643,14.89601)
compute 0.157949850120841(-0.321018427610397,0.782459735870361,0.455134302377701) (-0.3219836,0.7812385,0.4548662) (17.50749,2.979975,47.16528) (-0.1432149,1.282511,-0.02724246) (297.8258,353.6884,13.8309)
compute 0.465015853492164(-0.323259621858597,0.786387383937836,0.45405051112175) (-0.3210184,0.7824597,0.4551343) (10.15569,4.419271,42.62438) (-0.1421062,1.28319,-0.03031208) (298.0276,352.0956,14.71408)
compute 0.876432598761289(-0.324096739292145,0.791684567928314,0.447118520736694) (-0.3232596,0.7863874,0.4540505) (0.6797957,5.004398,39.75438) (-0.140825,1.281193,-0.0386117) (299.5715,350.8939,14.82633)
compute 8.7685750246469(-0.390343755483627,0.798240005970001,0.390047073364258) (-0.3240967,0.7916846,0.4471185) (347.6271,7.921169,35.95657) (-0.1400051,1.282191,-0.0397037) (302.3493,353.3828,12.32255)
compute 4.90718592246624(-0.42393171787262,0.802923083305359,0.354579269886017) (-0.3903438,0.79824,0.3900471) (338.7975,11.63042,31.79082) (-0.133443,1.279347,-0.04257612) (301.7424,356.9346,8.918516)
compute 2.73340727693102(-0.398186564445496,0.802892446517944,0.363762825727463) (-0.4239317,0.8029231,0.3545793) (336.6098,13.79845,30.06441) (-0.1257355,1.278243,-0.05706787) (299.4259,359.9146,5.835634)
compute 7.72330134943503(-0.331926137208939,0.799431085586548,0.403291463851929) (-0.3981866,0.8028924,0.3637628) (340.5137,16.91235,36.66206) (-0.1235041,1.276176,-0.06311195) (299.7708,359.2384,6.182404)
compute 6.44418451315992(-0.381625801324844,0.797825992107391,0.362302213907242) (-0.3319261,0.7994311,0.4032915) (339.724,20.55702,32.83467) (-0.1228414,1.274612,-0.06562883) (301.3719,358.64,6.361642)
compute 1.04428602422841(-0.380104184150696,0.798390328884125,0.351986229419708) (-0.3816258,0.797826,0.3623022) (329.8765,21.77829,30.07043) (-0.1222248,1.271379,-0.06814203) (302.9939,358.4138,6.026167)
compute 1.95501613023074(-0.381618082523346,0.801419198513031,0.332731544971466) (-0.3801042,0.7983903,0.3519862) (310.2817,26.16659,18.96247) (-0.1228143,1.268075,-0.07445983) (305.2204,357.9232,5.110319)
compute 2.69415879397073(-0.388142585754395,0.801305413246155,0.306592166423798) (-0.3816181,0.8014192,0.3327315) (296.303,43.54832,3.060816) (-0.1276449,1.266146,-0.08166172) (306.854,356.7252,6.209782)
compute 2.19050004970986(-0.395984649658203,0.80021744966507,0.286167979240417) (-0.3881426,0.8013054,0.3065922) (289.5652,52.67875,352.8017) (-0.1291772,1.265171,-0.0879086) (308.1867,356.3584,7.137742)
compute 68.5508695013696(-0.129248440265656,1.4277458190918,0.356752216815948) (-0.3959846,0.8002174,0.286168) (287.5513,48.61212,354.9492) (-0.1277871,1.262905,-0.09714805) (309.6006,356.4582,7.44658)
compute 1.86365094714771(-0.128948926925659,1.44543290138245,0.36261710524559) (-0.1292484,1.427746,0.3567522) (284.472,41.75544,4.241352) (-0.1257976,1.261686,-0.1014895) (309.8616,354.9251,9.462046)
compute 0.686283085177836(-0.122461505234241,1.44764029979706,0.362244009971619) (-0.1289489,1.445433,0.3626171) (285.9951,41.48822,5.123366) (-0.1226651,1.260886,-0.1056023) (310.9789,355.6689,8.207014)
compute 1.8493240535822(-0.120648898184299,1.46108591556549,0.349676996469498) (-0.1224615,1.44764,0.362244) (285.6623,46.89898,359.8867) (-0.1227325,1.257749,-0.1094234) (313.6225,356.1755,8.232496)
compute 2.36643682901975(-0.122198820114136,1.48455715179443,0.352265655994415) (-0.1206489,1.461086,0.349677) (284.6952,47.73065,359.1848) (-0.1231444,1.253036,-0.1082567) (317.94,357.1285,7.66667)
compute 2.54794086934636(-0.125035747885704,1.50376999378204,0.368758648633957) (-0.1221988,1.484557,0.3522657) (282.1814,49.10214,354.864) (-0.123228,1.248977,-0.109739) (320.1487,357.4236,6.997789)
compute 0.717571086134179(-0.130887553095818,1.5010941028595,0.371934622526169) (-0.1250357,1.50377,0.3687586) (281.497,48.79578,352.3665) (-0.1241858,1.246261,-0.1130164) (322.2936,358.6349,6.242207)
compute 2.54027111714263(-0.139033541083336,1.49196875095367,0.39419823884964) (-0.1308876,1.501094,0.3719346) (283.9402,32.20818,8.407205) (-0.1244362,1.242415,-0.1162859) (324.4048,359.1683,5.347821)
compute 4.16865852232636(-0.152099132537842,1.47150015830994,0.428081840276718) (-0.1390335,1.491969,0.3941982) (287.5479,18.77226,20.18528) (-0.1270054,1.238724,-0.1177398) (326.1498,358.8651,5.782787)
compute 6.38760384821997(-0.167692944407463,1.43824183940887,0.480339527130127) (-0.1520991,1.4715,0.4280818) (296.0973,6.496875,35.36049) (-0.1333405,1.235833,-0.1169519) (328.4671,359.5951,4.555017)
compute 6.65896341970557(-0.167587578296661,1.39261937141418,0.528844773769379) (-0.1676929,1.438242,0.4803395) (303.7997,6.864023,33.18165) (-0.1382277,1.232516,-0.1169759) (330.5597,0.4888401,4.424457)
compute 5.20631596808317(-0.161256432533264,1.34668838977814,0.552526712417603) (-0.1675876,1.392619,0.5288448) (309.1128,6.76503,33.52286) (-0.1415159,1.231916,-0.1103352) (332.7112,2.48576,4.172411)
compute 2.29022386394046(-0.158400326967239,1.32609224319458,0.562126398086548) (-0.1612564,1.346688,0.5525267) (312.5549,3.506334,36.87875) (-0.1433487,1.230501,-0.1053893) (334.4915,4.683293,4.125431)
compute 4.93254291867464(-0.147104650735855,1.31043696403503,0.516735672950745) (-0.1584003,1.326092,0.5621264) (304.9943,1.241335,49.14108) (-0.1353546,1.225844,-0.1022298) (337.8739,10.10469,1.413126)
compute 6.64873074344177(-0.100969687104225,1.27948987483978,0.480206161737442) (-0.1471047,1.310437,0.5167357) (301.3661,18.96261,26.82712) (-0.1364381,1.220809,-0.1001016) (341.041,12.85371,0.789012)
compute 7.02065579818693(-0.0470704883337021,1.24646878242493,0.449653834104538) (-0.1009697,1.27949,0.4802062) (299.9596,37.1326,12.03937) (-0.141453,1.220354,-0.09791872) (343.707,12.64591,0.2065815)
compute 8.82630629642268(0.0225623343139887,1.19230389595032,0.446860313415527) (-0.04707049,1.246469,0.4496538) (311.0802,49.96575,3.923536) (-0.1445651,1.219723,-0.09132326) (344.8291,11.70251,1.640602)
compute 9.35679531838346(0.0813900157809258,1.11968076229095,0.451348751783371) (0.02256233,1.192304,0.4468603) (325.9536,54.59524,356.0917) (-0.1364533,1.209262,-0.09024131) (348.8824,9.027473,4.672616)
compute 6.11447104886789(0.102425083518028,1.06433963775635,0.466631472110748) (0.08139002,1.119681,0.4513488) (334.8577,48.03524,0.9725099) (-0.1177577,1.207864,-0.09069765) (350.2607,6.920786,5.1318)
compute 3.49929841283643(0.10105873644352,1.03265285491943,0.481416255235672) (0.1024251,1.06434,0.4666315) (338.103,41.30716,2.994348) (-0.09650031,1.217222,-0.08999244) (346.9656,6.242559,5.123114)
compute 2.03482070848113(0.0811705887317657,1.03651285171509,0.483316659927368) (0.1010587,1.032653,0.4814163) (334.8983,35.50183,10.20483) (-0.08479325,1.223337,-0.09916964) (346.279,5.08966,5.270864)
compute 2.15480403838241(0.0600955598056316,1.04062449932098,0.485120981931686) (0.08117059,1.036513,0.4833167) (332.7831,31.27068,12.39142) (-0.07800013,1.220797,-0.1002105) (347.1969,3.199321,5.923807)
compute 2.21963696153006(0.0436631105840206,1.02686011791229,0.490882515907288) (0.06009556,1.040624,0.485121) (336.6181,26.83568,13.85307) (-0.07732572,1.216129,-0.1005145) (349.2997,1.213705,4.831758)
compute 1.16756166450499(0.0333695784211159,1.02629399299622,0.485401391983032) (0.04366311,1.02686,0.4908825) (336.8126,26.81857,13.71035) (-0.07581855,1.21386,-0.09455418) (351.3745,0.6504278,4.470024)
compute 2.59518558462025(0.018060389906168,1.0326179265976,0.46542301774025) (0.03336958,1.026294,0.4854014) (332.4081,27.59819,12.10052) (-0.07350571,1.213062,-0.08548932) (353.0544,1.15751,3.708336)
compute 4.26348800305576(-0.00461273500695825,1.03200376033783,0.429321974515915) (0.01806039,1.032618,0.465423) (326.2561,26.54432,16.21265) (-0.06955916,1.208777,-0.07317721) (356.9645,1.388329,3.1614)
compute 4.97640665747627(-0.0316024571657181,1.01693999767303,0.390320688486099) (-0.004612735,1.032004,0.429322) (315.1533,22.39622,21.17777) (-0.06396078,1.202546,-0.05868856) (1.057047,1.407226,2.760512)
compute 3.05268793455078(-0.0318132452666759,0.988023579120636,0.400102645158768) (-0.03160246,1.01694,0.3903207) (317.2791,19.01625,25.17884) (-0.06442347,1.196581,-0.04661167) (4.639069,0.8771818,2.670468)
compute 6.11651362581357(-0.0194294285029173,0.963072538375854,0.454556852579117) (-0.03181325,0.9880236,0.4001026) (322.0348,13.08577,29.89611) (-0.07153721,1.192801,-0.03902367) (8.215307,359.8844,4.486125)
compute 4.72114792610987(-0.00349461962468922,0.929717838764191,0.483924686908722) (-0.01942943,0.9630725,0.4545569) (332.2368,9.845,34.34737) (-0.07330041,1.190522,-0.03553589) (11.6338,358.9058,5.581479)
compute 5.12595749762523(0.0189122892916203,0.884823441505432,0.49441123008728) (-0.00349462,0.9297178,0.4839247) (338.8007,13.66957,27.25583) (-0.07158035,1.18828,-0.03338753) (14.28374,358.4084,4.989343)
compute 4.88806744429005(0.0204384215176106,0.837147653102875,0.505088806152344) (0.01891229,0.8848234,0.4944112) (347.6628,11.76064,30.74697) (-0.06819242,1.188075,-0.03036145) (15.8409,358.9064,4.886794)
compute 4.8644420512677(0.0173897203058004,0.789969027042389,0.516541421413422) (0.02043842,0.8371477,0.5050888) (358.9424,8.662436,34.01833) (-0.06718639,1.18866,-0.02361754) (16.74137,358.6613,5.518738)
compute 2.29502709765393(0.0244096275418997,0.768485367298126,0.520527422428131) (0.01738972,0.789969,0.5165414) (359.4513,11.35537,30.2798) (-0.06699406,1.189115,-0.01608762) (17.74741,357.6908,5.206775)
compute 1.6251147381825(0.0251203365623951,0.752341210842133,0.522248148918152) (0.02440963,0.7684854,0.5205274) (1.272087,10.95469,30.79925) (-0.0683549,1.187357,-0.009179591) (19.21588,357.6491,5.034036)
compute 2.02924531024143(0.0210568010807037,0.732459783554077,0.522261917591095) (0.02512034,0.7523412,0.5222481) (4.391876,9.226415,32.32864) (-0.07166599,1.184441,-0.001275866) (20.41956,356.8963,5.661687)
compute 1.20119297052806(0.02015271037817,0.720565617084503,0.520848453044891) (0.0210568,0.7324598,0.5222619) (5.035635,9.265668,32.35803) (-0.0778805,1.183153,0.004787565) (21.5128,355.5226,5.489656)
compute 0.905919149044581(0.0179914459586143,0.713055551052094,0.516266226768494) (0.02015271,0.7205656,0.5208485) (6.517639,9.264196,32.52222) (-0.08695725,1.182502,0.01225127) (22.24532,352.1045,5.719819)
compute 0.478801773726754(0.0175893995910883,0.710979282855988,0.511970579624176) (0.01799145,0.7130556,0.5162662) (7.218483,9.13818,32.66971) (-0.1072069,1.173832,0.02086041) (24.98141,342.4879,4.224328)
compute 0.807568335803097(0.0236501656472683,0.71172159910202,0.506685435771942) (0.0175894,0.7109793,0.5119706) (6.780639,9.723199,33.74849) (-0.1237126,1.168447,0.02486937) (27.12791,335.7394,2.817628)
compute 2.22176912505827(0.0409592725336552,0.719943225383759,0.495441526174545) (0.02365017,0.7117216,0.5066854) (1.238727,14.29593,34.39644) (-0.1318784,1.167328,0.02984239) (28.14808,332.743,2.601876)
compute 4.34896816812316(0.0424792766571045,0.740582168102264,0.457191348075867) (0.04095927,0.7199432,0.4954415) (352.0274,19.04805,35.50487) (-0.1364895,1.165725,0.03731172) (29.15148,331.2573,2.637392)
compute 9.43489201773072(-0.0137074561789632,0.762386977672577,0.384601265192032) (0.04247928,0.7405822,0.4571913) (340.7238,17.55776,36.30748) (-0.1470347,1.159029,0.04709676) (31.45872,328.7346,3.102241)
compute 13.4563430576132(-0.128359824419022,0.741380333900452,0.317363828420639) (-0.01370746,0.762387,0.3846013) (338.729,4.676389,42.1842) (-0.1677744,1.151155,0.06424057) (31.09944,326.1486,3.790285)
compute 12.1264147577698(-0.223001167178154,0.698158144950867,0.255075365304947) (-0.1283598,0.7413803,0.3173638) (348.0211,354.628,39.37873) (-0.1830194,1.176527,0.06719201) (22.92678,325.7667,5.115974)
compute 6.67147752147681(-0.274858206510544,0.713712155818939,0.216090992093086) (-0.2230012,0.6981581,0.2550754) (347.0136,354.9336,32.47713) (-0.1872591,1.228185,0.05565909) (2.041848,327.2738,7.855558)
compute 6.34263821199076(-0.308132112026215,0.767458200454712,0.21088370680809) (-0.2748582,0.7137122,0.216091) (338.3114,356.5674,24.74933) (-0.1802232,1.242918,0.02546606) (358.6228,326.6576,10.06555)
compute 6.33111218876513(-0.328549057245255,0.827256441116333,0.214835524559021) (-0.3081321,0.7674582,0.2108837) (328.8574,354.6296,24.48323) (-0.1753615,1.239545,0.008407266) (0.4017802,327.326,9.04729)
compute 5.93387244121716(-0.336607396602631,0.883192121982574,0.232928261160851) (-0.3285491,0.8272564,0.2148355) (321.2208,351.8305,30.16552) (-0.1706273,1.239254,-0.005435242) (356.0444,327.9847,10.443)
compute 6.58378917277692(-0.345010489225388,0.943935692310333,0.256891459226608) (-0.3366074,0.8831921,0.2329283) (312.3249,350.7084,32.54172) (-0.1670031,1.232066,-0.01369647) (357.6319,327.7658,9.678261)
compute 6.39878433241327(-0.374813616275787,0.977287709712982,0.302650183439255) (-0.3450105,0.9439357,0.2568915) (313.2353,344.0836,39.80642) (-0.1650226,1.209717,-0.01679987) (3.704138,327.9196,8.293496)
compute 7.49493006633773(-0.413722991943359,0.992923676967621,0.364770829677582) (-0.3748136,0.9772877,0.3026502) (315.3586,340.1408,39.98872) (-0.1641555,1.199123,-0.0158112) (6.13938,327.6271,7.070667)
compute 6.36583869075419(-0.436657518148422,0.999272346496582,0.423813968896866) (-0.413723,0.9929237,0.3647708) (319.6599,342.1814,41.5602) (-0.1654256,1.193117,-0.01040464) (8.051479,328.3136,7.39144)
compute 6.81254393031726(-0.472717493772507,0.993038475513458,0.48127606511116) (-0.4366575,0.9992723,0.423814) (325.8919,341.2929,44.45128) (-0.1675164,1.193138,-0.008288975) (9.297681,329.8299,7.516093)
compute 4.78066888607902(-0.495914548635483,0.971212089061737,0.516926944255829) (-0.4727175,0.9930385,0.4812761) (332.291,339.6287,48.04972) (-0.1771746,1.191414,-0.006280209) (9.944032,330.2382,7.144966)
compute 4.57163855999948(-0.497005641460419,0.931919872760773,0.540270447731018) (-0.4959145,0.9712121,0.5169269) (339.7171,341.0972,46.0174) (-0.1849903,1.189723,-0.004875763) (10.89384,329.9446,7.289023)
compute 5.62862387840005(-0.497311413288116,0.878193080425262,0.557047784328461) (-0.4970056,0.9319199,0.5402704) (347.2943,343.0932,39.86143) (-0.1917277,1.188859,-0.002623922) (11.12872,329.9163,7.424485)
compute 4.46733585793099(-0.506472229957581,0.835291266441345,0.565487146377563) (-0.4973114,0.8781931,0.5570478) (351.7934,341.8454,38.19683) (-0.1972979,1.189616,0.0007016594) (11.5371,329.7771,7.734529)
compute 3.20550184499979(-0.51770144701004,0.806708633899689,0.556296825408936) (-0.5064722,0.8352913,0.5654871) (354.7668,339.0847,40.28933) (-0.2027278,1.194235,0.005616599) (9.723572,326.1936,7.689178)
compute 5.06197320146181(-0.549769520759583,0.801746129989624,0.517446219921112) (-0.5177014,0.8067086,0.5562968) (349.8453,332.6558,40.2565) (-0.2062415,1.195725,0.008354248) (10.7108,323.5912,7.279438)
compute 7.40749058439188(-0.607468664646149,0.806252002716064,0.471212059259415) (-0.5497695,0.8017461,0.5174462) (343.0073,319.1888,47.83005) (-0.2146609,1.192374,0.01481922) (10.43055,323.2695,7.730431)
compute 6.05908040881233(-0.665286421775818,0.814834892749786,0.455253154039383) (-0.6074687,0.806252,0.4712121) (344.4352,309.9149,49.85242) (-0.2314828,1.186524,0.01999049) (12.10864,322.4323,8.140002)
compute 3.36137386232682(-0.691724479198456,0.835549235343933,0.456605404615402) (-0.6652864,0.8148349,0.4552532) (342.3179,307.2896,47.34257) (-0.2461628,1.184677,0.02302718) (11.5585,321.8865,9.047116)
compute 2.33146254436872(-0.686698138713837,0.826914072036743,0.477670580148697) (-0.6917245,0.8355492,0.4566054) (344.9724,314.7684,43.76083) (-0.2508905,1.189227,0.02457422) (8.965659,322.6299,10.01038)
compute 3.90049877732601(-0.674074292182922,0.791563630104065,0.488271236419678) (-0.6866981,0.8269141,0.4776706) (349.562,320.132,39.55778) (-0.2519148,1.190559,0.02395232) (9.340511,323.5559,10.8144)
compute 5.56292019065724(-0.675640940666199,0.735975384712219,0.486821830272675) (-0.6740743,0.7915636,0.4882712) (358.0821,317.6937,42.26362) (-0.2525504,1.189089,0.0240162) (9.33241,323.9239,11.03277)
compute 5.11971454623615(-0.674283564090729,0.687683999538422,0.469873458147049) (-0.6756409,0.7359754,0.4868218) (5.391187,315.6786,41.78638) (-0.2465377,1.207572,0.02471438) (359.5349,326.4899,12.55338)
compute 6.41948362952389(-0.67005729675293,0.637359142303467,0.430243611335754) (-0.6742836,0.687684,0.4698735) (13.66691,308.6446,42.7253) (-0.2239993,1.241474,0.01758651) (341.7294,330.2108,15.31995)
compute 9.69704230085742(-0.646494388580322,0.589395403862,0.34932678937912) (-0.6700573,0.6373591,0.4302436) (30.28315,295.1325,41.22728) (-0.2047787,1.251423,-0.004725828) (335.1133,328.8912,14.79562)
compute 6.32648375497164(-0.644583225250244,0.60881096124649,0.289145201444626) (-0.6464944,0.5893954,0.3493268) (28.85652,285.6763,46.1472) (-0.1956939,1.251264,-0.01999662) (332.9601,326.8853,15.54217)
compute 14.6870876663133(-0.660611629486084,0.753554403781891,0.270080029964447) (-0.6445832,0.608811,0.2891452) (1.794256,284.419,51.96353) (-0.1800893,1.253248,-0.03043037) (328.8304,330.24,14.49902)
compute 17.1505202554558(-0.631141781806946,0.922284662723541,0.278778493404388) (-0.6606116,0.7535544,0.27008) (336.3685,290.1553,58.02288) (-0.1615863,1.255592,-0.04345234) (324.7319,334.2049,13.76904)
compute 18.0126677031654(-0.555731773376465,1.08546411991119,0.290242224931717) (-0.6311418,0.9222847,0.2787785) (311.8602,299.2548,59.2126) (-0.1552294,1.250046,-0.04851437) (328.1052,335.187,14.03074)
compute 15.3401648599082(-0.465361446142197,1.20942068099976,0.290039151906967) (-0.5557318,1.085464,0.2902422) (290.325,307.9081,58.05343) (-0.1523629,1.245846,-0.05109165) (329.2304,334.8059,12.93195)
compute 10.4827572788448(-0.409139722585678,1.28148519992828,0.341367930173874) (-0.4653614,1.209421,0.2900392) (290.785,339.8786,35.30608) (-0.1524052,1.244535,-0.05643597) (329.1246,334.4729,13.16066)
compute 7.96591410064428(-0.395153284072876,1.32116341590881,0.409011095762253) (-0.4091397,1.281485,0.3413679) (296.1382,345.6545,32.34484) (-0.15217,1.243697,-0.05850624) (331.0088,334.3273,13.37493)
compute 7.74423656192884(-0.402341336011887,1.3189868927002,0.486088424921036) (-0.3951533,1.321163,0.4090111) (306.994,346.7951,40.00195) (-0.1518979,1.240744,-0.0590397) (333.3993,333.7578,12.81912)
compute 5.19809090522599(-0.419812262058258,1.29827284812927,0.53044730424881) (-0.4023413,1.318987,0.4860884) (311.4213,343.171,42.19528) (-0.1537452,1.23801,-0.05447701) (336.1487,334.3268,12.27432)
compute 4.73901871634167(-0.445291429758072,1.27023696899414,0.55891889333725) (-0.4198123,1.298273,0.5304473) (316.5095,335.7484,54.61867) (-0.1593555,1.236392,-0.05000483) (336.9177,334.6689,12.00167)
compute 4.25882855807892(-0.470603555440903,1.2402937412262,0.575546026229858) (-0.4452914,1.270237,0.5589189) (320.9012,331.1532,56.82176) (-0.1612327,1.236641,-0.04482084) (337.6965,335.2845,12.53994)
compute 3.79718079662594(-0.495023399591446,1.2114405632019,0.579154849052429) (-0.4706036,1.240294,0.575546) (324.1599,326.4266,59.25175) (-0.1618481,1.236697,-0.04128909) (338.2551,337.0385,11.39406)
compute 2.71866873084663(-0.505941092967987,1.18676042556763,0.582442820072174) (-0.4950234,1.211441,0.5791548) (329.0454,327.3699,55.36306) (-0.1580858,1.241239,-0.03988063) (335.8853,339.8348,10.22224)
compute 4.80540664271176(-0.495065242052078,1.20511901378632,0.539386212825775) (-0.5059411,1.18676,0.5824428) (324.15,321.2984,60.1929) (-0.1524408,1.244141,-0.03963123) (334.6733,341.481,10.2963)
compute 8.08390874732904(-0.440099090337753,1.24102258682251,0.492220401763916) (-0.4950652,1.205119,0.5393862) (308.9318,329.1052,51.65508) (-0.1476708,1.242696,-0.03877807) (336.5213,340.8056,9.994751)
compute 4.55855211941589(-0.394546300172806,1.24269115924835,0.491774380207062) (-0.4400991,1.241023,0.4922204) (309.2209,343.3889,41.73427) (-0.1380043,1.236798,-0.03979615) (339.4523,339.3073,10.7222)
compute 5.57451068144423(-0.350481808185577,1.21580708026886,0.512823939323425) (-0.3945463,1.242691,0.4917744) (314.029,353.1998,31.08801) (-0.1256643,1.234397,-0.04076867) (343.2875,337.8317,11.53855)
compute 6.80107857624521(-0.341617614030838,1.16264033317566,0.554299116134644) (-0.3504818,1.215807,0.5128239) (327.7268,353.1902,35.7205) (-0.1141863,1.230906,-0.03716858) (345.2523,336.1989,12.73718)
compute 4.32317586450313(-0.342972248792648,1.11968493461609,0.55898779630661) (-0.3416176,1.16264,0.5542991) (332.0668,347.0216,42.26416) (-0.1117982,1.23289,-0.02717939) (343.9982,335.0711,13.05549)
compute 4.54374501427577(-0.347237378358841,1.07445323467255,0.559668838977814) (-0.3429722,1.119685,0.5589878) (334.096,347.9918,36.98829) (-0.1196591,1.23927,-0.01942971) (341.3208,334.2142,12.44929)
compute 4.64403513097177(-0.362914055585861,1.03089082241058,0.556026816368103) (-0.3472374,1.074453,0.5596688) (338.893,347.5645,39.007) (-0.1413599,1.247792,-0.01542761) (334.7156,330.9112,13.82024)
compute 3.89368220184053(-0.372995942831039,1.0077748298645,0.526360630989075) (-0.3629141,1.030891,0.5560268) (338.7453,345.9864,37.93959) (-0.1677788,1.251178,-0.01293711) (332.781,324.8406,15.82976)
compute 5.96126549454164(-0.36469778418541,1.01520442962646,0.467797756195068) (-0.3729959,1.007775,0.5263606) (327.338,350.9735,30.39027) (-0.1849108,1.250765,-0.004288248) (333.1875,321.9953,16.98838)
compute 9.01957630535657(-0.348006308078766,1.05403614044189,0.388118594884872) (-0.3646978,1.015204,0.4677978) (315.0011,0.09484942,19.95474) (-0.1884232,1.249843,0.007913013) (334.6237,321.1112,17.44273)
compute 13.3165778214994(-0.377304285764694,1.15023458003998,0.300822466611862) (-0.3480063,1.054036,0.3881186) (294.6863,3.99852,10.01692) (-0.1923104,1.236547,0.01324591) (338.6351,316.644,18.77073)
compute 13.5055056407459(-0.475267827510834,1.23020052909851,0.253404527902603) (-0.3773043,1.150235,0.3008225) (285.6182,320.2927,49.83483) (-0.1922112,1.238562,0.01629634) (341.5964,312.4001,18.52319)
compute 13.8963250113063(-0.596348524093628,1.26980292797089,0.30891939997673) (-0.4752678,1.230201,0.2534045) (299.6062,308.6081,59.71776) (-0.2028366,1.233805,0.01404286) (344.8027,310.3845,16.94638)
compute 13.8357771790102(-0.701921701431274,1.26807475090027,0.398329645395279) (-0.5963485,1.269803,0.3089194) (312.5948,316.0344,56.8008) (-0.2122881,1.230659,0.01566219) (346.6844,310.2064,17.06099)
compute 8.4409967611775(-0.746662139892578,1.23288834095001,0.460661441087723) (-0.7019217,1.268075,0.3983296) (323.8452,318.1292,55.45668) (-0.218764,1.22941,0.02305126) (348.4338,310.1343,17.24017)
compute 4.99965736400829(-0.751182973384857,1.19386863708496,0.491591721773148) (-0.7466621,1.232888,0.4606614) (331.4204,318.2374,52.19703) (-0.2207979,1.22853,0.03464523) (349.4729,310.4441,17.57269)
compute 4.63997890841302(-0.751700639724731,1.14923143386841,0.504248440265656) (-0.751183,1.193869,0.4915917) (337.5782,316.3768,51.74868) (-0.2195575,1.227614,0.04307796) (350.0241,311.3065,16.87557)
compute 3.78779479096696(-0.75141716003418,1.11146152019501,0.501403748989105) (-0.7517006,1.149231,0.5042484) (342.1357,314.7874,47.76253) (-0.2123166,1.227825,0.04813324) (350.1775,312.4907,16.49112)
compute 3.03658111766983(-0.756976246833801,1.08839344978333,0.482455313205719) (-0.7514172,1.111462,0.5014037) (345.8531,310.6023,50.10529) (-0.2011833,1.230668,0.05035059) (348.7198,315.7414,15.51298)
compute 1.56855367403768(-0.760923743247986,1.07381069660187,0.478236705064774) (-0.7569762,1.088393,0.4824553) (346.9234,310.2527,48.63569) (-0.1727442,1.251646,0.05053238) (336.72,331.5967,11.8917)
compute 3.22254277053887(-0.776471674442291,1.04795384407043,0.48955762386322) (-0.7609237,1.073811,0.4782367) (347.479,312.4395,46.67976) (-0.1117427,1.28016,0.03375348) (316.8398,8.667605,2.024416)
compute 11.6247001499892(-0.865530371665955,0.995648086071014,0.542905747890472) (-0.7764717,1.047954,0.4895576) (348.8294,312.9988,46.17902) (-0.09343123,1.282811,-0.006730377) (310.0749,30.80382,353.746)
compute 1.92223247184293(-0.856281638145447,1.01239788532257,0.541061043739319) (-0.8655304,0.9956481,0.5429057) (347.6605,311.012,42.99541) (-0.1063933,1.280204,-0.02038409) (308.781,20.38194,358.6319)
compute 6.84381327624271(-0.814970254898071,1.05243349075317,0.503989517688751) (-0.8562816,1.012398,0.541061) (342.5392,306.4012,42.75497) (-0.1103262,1.271912,-0.02424038) (311.6901,13.4843,359.6052)
compute 2.22035826532531(-0.800864815711975,1.05623316764832,0.487268328666687) (-0.8149703,1.052433,0.5039895) (345.3759,305.2314,39.33988) (-0.1084643,1.248528,0.001340889) (326.9282,9.854329,358.9922)
compute 10.5750104429106(-0.736337721347809,1.13499677181244,0.45870903134346) (-0.8008648,1.056233,0.4872683) (331.9516,302.8959,49.24821) (-0.1015242,1.21794,0.03858364) (344.325,8.254108,1.213572)
compute 19.5152805801567(-0.559069216251373,1.20646846294403,0.419309884309769) (-0.7363377,1.134997,0.458709) (308.6699,314.9931,47.1229) (-0.09321944,1.202637,0.05803534) (355.025,9.570057,0.8596318)
compute 24.1191921446817(-0.32321560382843,1.20649147033691,0.368845850229263) (-0.5590692,1.206468,0.4193099) (294.6621,2.30304,10.65427) (-0.08430584,1.197925,0.06499783) (358.2194,10.03674,1.667143)
compute 19.9659744681108(-0.134745121002197,1.15587341785431,0.326647460460663) (-0.3232156,1.206491,0.3688459) (300.0568,39.07169,351.5483) (-0.07542299,1.197542,0.06527673) (0.7423273,9.882129,2.726239)
compute 11.7464852180874(-0.0252733491361141,1.11359882354736,0.331822603940964) (-0.1347451,1.155873,0.3266475) (306.1627,46.06275,350.8334) (-0.06584394,1.199943,0.0656888) (2.196293,9.330415,2.713608)
compute 8.81636736015167(0.0309389755129814,1.08437132835388,0.393131345510483) (-0.02527335,1.113599,0.3318226) (313.8734,33.55301,10.43918) (-0.05549125,1.202354,0.06578553) (3.515743,9.214216,3.174137)
compute 7.97074145596422(0.0705119594931602,1.03978669643402,0.446041285991669) (0.03093898,1.084371,0.3931313) (318.8623,28.66237,13.4472) (-0.04797377,1.200752,0.06562182) (5.96372,8.921484,2.575523)
compute 7.37196606557993(0.0880812108516693,0.986266732215881,0.493596762418747) (0.07051196,1.039787,0.4460413) (329.6265,23.02936,22.50668) (-0.04385871,1.19482,0.0662953) (9.695817,8.637737,2.700804)
compute 3.68782024624476(0.0880756452679634,0.961268723011017,0.52070951461792) (0.08808121,0.9862667,0.4935968) (335.6036,19.85376,26.07655) (-0.04021779,1.190297,0.07686055) (12.67384,9.918157,2.289847)
compute 4.40413267283271(0.0832109972834587,0.93669718503952,0.556933999061584) (0.08807565,0.9612687,0.5207095) (339.3678,14.87535,26.92083) (-0.03327567,1.18561,0.08996429) (15.66147,11.51382,3.287487)
compute 3.77300375446443(0.0812568217515945,0.901904106140137,0.571397006511688) (0.083211,0.9366972,0.556934) (344.6674,12.62339,31.33837) (-0.02780503,1.178995,0.1022369) (19.03667,11.99788,3.591825)
compute 3.08207402786244(0.0868106186389923,0.872008204460144,0.566366255283356) (0.08125682,0.9019041,0.571397) (345.7777,14.77137,26.17597) (-0.02420127,1.173783,0.1125778) (21.98744,11.64683,3.840436)
compute 4.20575693970358(0.090808093547821,0.832385838031769,0.552841186523438) (0.08681062,0.8720082,0.5663663) (350.0195,15.92696,26.1383) (-0.02259276,1.167014,0.1190628) (25.56843,11.00158,3.383426)
compute 7.59204009433879(0.0933099687099457,0.766815721988678,0.514654695987701) (0.09080809,0.8323858,0.5528412) (355.7386,19.17876,23.11934) (-0.02045719,1.158156,0.124577) (30.13832,8.914299,3.577879)
compute 12.5165723298492(0.0938891172409058,0.653202891349792,0.462135672569275) (0.09330997,0.7668157,0.5146547) (6.003502,23.93043,17.56723) (-0.0200344,1.152315,0.1369102) (32.10892,7.405325,2.803763)
compute 11.099619322607(0.0701425448060036,0.547102868556976,0.439796447753906) (0.09388912,0.6532029,0.4621357) (18.3331,21.21201,20.0415) (-0.01488485,1.136496,0.162339) (35.05132,6.811541,3.384032)
compute 6.88405056774217(0.0686192736029625,0.478288501501083,0.438666105270386) (0.07014254,0.5471029,0.4397964) (20.14209,24.23891,21.91953) (-0.006944761,1.089076,0.2012381) (36.23038,5.657614,3.09816)
compute 6.5008758558636(0.072191558778286,0.414114207029343,0.448414832353592) (0.06861927,0.4782885,0.4386661) (19.10716,23.62589,21.89627) (0.01203528,1.024661,0.2279205) (40.95803,4.66099,3.619367)
compute 6.32601376914866(0.0719338059425354,0.352209448814392,0.461437106132507) (0.07219156,0.4141142,0.4484148) (22.63197,20.02464,21.59948) (0.03302225,0.9743152,0.2435933) (43.23845,5.474184,2.800267)
compute 4.500170213154(0.0746862143278122,0.315553218126297,0.487396657466888) (0.07193381,0.3522094,0.4614371) (23.54289,16.52053,18.93782) (0.04559366,0.9449559,0.2516931) (42.40788,7.846643,4.676522)
compute 3.94170504742869(0.0775942355394363,0.328307718038559,0.524579584598541) (0.07468621,0.3155532,0.4873967) (15.0101,9.833134,19.76264) (0.05383903,0.9260916,0.2579728) (41.36367,7.116885,5.369544)
compute 3.96255660300804(0.0870979577302933,0.351612597703934,0.555185914039612) (0.07759424,0.3283077,0.5245796) (5.388997,8.466315,17.56543) (0.05764705,0.9129494,0.2561302) (41.59965,4.730673,3.400918)
compute 4.47372960445629(0.0885868817567825,0.349995940923691,0.599869191646576) (0.08709796,0.3516126,0.5551859) (7.156159,3.816778,18.36368) (0.05809024,0.8969436,0.2525645) (40.41801,5.987172,4.393835)
compute 2.67673201371504(0.092528909444809,0.332904309034348,0.620088636875153) (0.08858688,0.3499959,0.5998692) (13.22844,2.85178,15.40501) (0.04934986,0.8859637,0.2470352) (40.73038,8.745937,7.436233)
compute 4.57785688042579(0.102647714316845,0.288859397172928,0.612785696983337) (0.09252891,0.3329043,0.6200886) (25.49107,7.575806,12.39504) (0.03231256,0.8794651,0.2514476) (39.57917,8.603344,9.567393)
compute 4.85625020608274(0.111964583396912,0.244416624307632,0.595570802688599) (0.1026477,0.2888594,0.6127857) (31.29951,15.30612,14.79119) (0.01908194,0.8689467,0.2554031) (41.10233,6.991355,9.686571)
compute 2.37624026513803(0.113836884498596,0.223551630973816,0.584354817867279) (0.1119646,0.2444166,0.5955708) (33.64946,16.80758,14.34107) (0.01559279,0.865008,0.258454) (43.19415,8.521461,10.64562)
compute 6.92325401792335(0.150954261422157,0.275015830993652,0.556662201881409) (0.1138369,0.2235516,0.5843548) (23.53109,23.12458,29.06192) (0.01108721,0.8789329,0.2602798) (43.39484,8.26244,10.29296)
compute 13.4223245381591(0.186262264847755,0.322266936302185,0.436094552278519) (0.1509543,0.2750158,0.5566622) (17.28544,40.47919,38.55425) (-0.005170085,0.9189911,0.260297) (36.75319,4.085876,7.137226)
compute 13.2231343464917(0.153376787900925,0.326724171638489,0.308095306158066) (0.1862623,0.3222669,0.4360946) (19.95684,47.66001,46.51802) (-0.0401525,1.002716,0.2596806) (24.94844,354.4395,1.527318)
compute 12.8019728807115(0.0604284219443798,0.360721170902252,0.226892739534378) (0.1533768,0.3267242,0.3080953) (24.37881,40.90093,48.98912) (-0.06695466,1.081368,0.234026) (11.57711,347.5986,359.5651)
compute 11.9843576621078(-0.0437150113284588,0.394431859254837,0.178105264902115) (0.06042842,0.3607212,0.2268927) (27.87926,36.11629,36.83091) (-0.08476161,1.149449,0.1894076) (359.4393,340.8048,0.6132099)
compute 10.5542782318133(-0.133274152874947,0.450021743774414,0.183416113257408) (-0.04371501,0.3944319,0.1781053) (30.32877,21.69907,35.18481) (-0.09539834,1.194713,0.1436008) (352.2933,336.0485,3.695751)
compute 12.036856475325(-0.187560334801674,0.540859580039978,0.240775421261787) (-0.1332742,0.4500217,0.1834161) (21.83717,9.442,30.0569) (-0.1048259,1.213804,0.1060711) (348.1979,332.0258,7.073468)
compute 12.4997070024929(-0.227728590369225,0.630628705024719,0.317926466464996) (-0.1875603,0.5408596,0.2407754) (7.133178,359.9141,28.92143) (-0.1129003,1.221943,0.08115585) (346.47,331.9939,9.181859)
compute 10.49824277443(-0.255202025175095,0.712878823280334,0.377099424600601) (-0.2277286,0.6306287,0.3179265) (349.5354,355.3844,29.7807) (-0.1160745,1.239606,0.0508297) (330.4218,333.0675,13.27922)
compute 7.08672726871788(-0.276570349931717,0.765358090400696,0.419661045074463) (-0.255202,0.7128788,0.3770994) (339.1311,352.6765,31.38639) (-0.1184472,1.241261,0.02239039) (323.2009,334.1312,15.72711)
compute 8.10702911529498(-0.303497225046158,0.833133161067963,0.455071151256561) (-0.2765703,0.7653581,0.419661) (330.7877,348.8566,34.75199) (-0.1193359,1.238043,0.005588708) (317.9663,340.2623,14.95004)
compute 6.70783056308485(-0.327122807502747,0.891403138637543,0.478436529636383) (-0.3034972,0.8331332,0.4550712) (325.1599,345.4752,41.39716) (-0.1067078,1.233615,-0.001988134) (314.2164,354.1521,11.44514)
compute 4.32134947787687(-0.336840897798538,0.931215107440948,0.492146819829941) (-0.3271228,0.8914031,0.4784365) (320.1478,345.3049,41.99547) (-0.08975415,1.225768,-0.003014564) (311.7906,13.82864,2.158276)
compute 1.02638804116187(-0.339754670858383,0.933133184909821,0.501799702644348) (-0.3368409,0.9312151,0.4921468) (321.4027,343.3369,44.47328) (-0.07761754,1.214839,0.001363219) (315.7089,29.33851,356.2905)
compute 2.81150409862334(-0.333375096321106,0.907833874225616,0.512273550033569) (-0.3397547,0.9331332,0.5017997) (325.2188,345.7662,44.62138) (-0.0766826,1.213073,0.01355279) (318.6428,33.75777,355.9801)
compute 3.06744259568437(-0.316594392061234,0.882295072078705,0.51493775844574) (-0.3333751,0.9078339,0.5122736) (329.7826,347.5444,43.85835) (-0.07892889,1.215936,0.02049272) (321.6451,32.24247,358.004)
compute 3.05750406212753(-0.30230051279068,0.863206923007965,0.49580243229866) (-0.3165944,0.8822951,0.5149378) (334.5374,348.43,45.06845) (-0.08066583,1.215124,0.03513524) (330.6611,32.48786,357.9409)
compute 3.45438405534719(-0.299198180437088,0.837643325328827,0.472777336835861) (-0.3023005,0.8632069,0.4958024) (337.3528,350.9983,41.52408) (-0.07669128,1.211251,0.05016547) (338.933,32.67772,1.344219)
compute 4.37540987314932(-0.299562811851501,0.807990252971649,0.44060617685318) (-0.2991982,0.8376433,0.4727773) (340.2678,353.8036,35.67801) (-0.08244737,1.198301,0.07309055) (352.8959,24.42136,7.79535)
compute 5.237996172742(-0.291993170976639,0.774117588996887,0.401376038789749) (-0.2995628,0.8079903,0.4406062) (345.9918,357.9379,30.18299) (-0.1111934,1.168643,0.09826864) (9.398669,6.510685,9.957704)
compute 5.45220418460768(-0.274527907371521,0.74903267621994,0.356227785348892) (-0.2919932,0.7741176,0.401376) (352.2983,1.279579,26.72694) (-0.133243,1.154604,0.1147321) (19.35332,350.7511,7.374535)
compute 3.80557329112229(-0.265163689851761,0.734510898590088,0.322321027517319) (-0.2745279,0.7490327,0.3562278) (358.7515,359.6836,25.94946) (-0.1439277,1.151683,0.1210805) (20.71164,341.2,3.576718)
compute 2.03519927093199(-0.262807875871658,0.725281476974487,0.304335713386536) (-0.2651637,0.7345109,0.322321) (1.463313,357.1327,27.57212) (-0.1488936,1.147438,0.1236471) (24.53,337.0688,3.478774)
compute 0.985303687079374(-0.263587802648544,0.719077050685883,0.296721309423447) (-0.2628079,0.7252815,0.3043357) (1.701439,355.8123,24.03003) (-0.1524628,1.145755,0.1198956) (28.82136,332.8699,2.811272)
compute 1.58701985649287(-0.272377699613571,0.708203017711639,0.289214223623276) (-0.2635878,0.7190771,0.2967213) (3.013652,353.418,23.86946) (-0.1534372,1.148069,0.1220748) (30.26996,331.0885,2.688728)
compute 2.49966719767608(-0.283996850252151,0.686122536659241,0.287703812122345) (-0.2723777,0.708203,0.2892142) (5.57545,350.9524,24.38864) (-0.1558441,1.150675,0.1219978) (30.87206,328.7688,3.019357)
compute 1.72340598044487(-0.290606319904327,0.670280337333679,0.286170035600662) (-0.2839969,0.6861225,0.2877038) (6.070166,349.7573,24.32196) (-0.1614971,1.151641,0.1155535) (31.76931,326.8299,2.518635)
compute 1.06598131828281(-0.291700720787048,0.662959277629852,0.278499573469162) (-0.2906063,0.6702803,0.28617) (6.257175,349.4396,24.37048) (-0.1638027,1.148822,0.1042249) (32.30416,325.5654,2.510687)
compute 1.50735577224737(-0.289004296064377,0.666650652885437,0.264135897159576) (-0.2917007,0.6629593,0.2784996) (7.009547,349.2214,25.05816) (-0.1635717,1.147446,0.08876107) (32.14927,324.2846,2.855448)
compute 1.57040859029895(-0.286406934261322,0.673906981945038,0.250453144311905) (-0.2890043,0.6666507,0.2641359) (7.193409,348.5257,25.40074) (-0.1627204,1.150482,0.07638711) (31.09424,322.9396,2.87615)
compute 1.36890408008335(-0.287469923496246,0.68185943365097,0.239361777901649) (-0.2864069,0.673907,0.2504531) (6.965516,347.0131,26.11685) (-0.1622322,1.154835,0.06561522) (29.34176,322.0541,2.791231)
compute 0.802989549054566(-0.295140713453293,0.680821239948273,0.237226277589798) (-0.2874699,0.6818594,0.2393618) (6.818836,345.7272,25.71499) (-0.1612072,1.161248,0.06158292) (26.51791,322.1267,2.81456)
compute 2.04039763188208(-0.313216030597687,0.690172255039215,0.238697230815887) (-0.2951407,0.6808212,0.2372263) (6.478002,343.3319,26.43484) (-0.1539753,1.178905,0.06163551) (19.74595,321.3752,2.462744)
compute 3.47227293546896(-0.334892481565475,0.713960349559784,0.251732796430588) (-0.313216,0.6901723,0.2386972) (3.709451,341.3734,26.32746) (-0.1405604,1.186116,0.0603509) (15.57488,321.4663,0.6702248)
compute 3.01715280854798(-0.352062314748764,0.731534838676453,0.269244372844696) (-0.3348925,0.7139603,0.2517328) (0.7897868,340.9193,26.71645) (-0.1319728,1.189661,0.05533206) (11.8509,320.2289,1.282421)
compute 2.88153611886966(-0.364404529333115,0.756532728672028,0.276531368494034) (-0.3520623,0.7315348,0.2692444) (358.225,338.8426,29.59843) (-0.1426522,1.192883,0.04412989) (9.255824,310.4283,0.7987214)
compute 3.3714759219197(-0.364073872566223,0.790008664131165,0.27253919839859) (-0.3644045,0.7565327,0.2765314) (355.2058,337.1414,30.24648) (-0.1613324,1.198252,0.03518088) (4.515761,299.0953,2.80775)
compute 1.49636874720201(-0.3644799888134,0.798925518989563,0.260529339313507) (-0.3640739,0.7900087,0.2725392) (353.6882,335.2547,31.16804) (-0.1736756,1.199513,0.02553287) (3.296187,289.7043,2.912234)
compute 1.4552342891046(-0.366359710693359,0.790046155452728,0.249154180288315) (-0.36448,0.7989255,0.2605293) (354.1995,333.0451,31.72897) (-0.1822589,1.194136,0.02443123) (4.734961,285.1949,3.825287)
compute 1.89856556488269(-0.369788467884064,0.774013459682465,0.239580705761909) (-0.3663597,0.7900462,0.2491542) (355.419,331.03,31.48083) (-0.1931523,1.18368,0.02691473) (8.246139,283.3591,3.700396)
compute 2.14208091494586(-0.378633975982666,0.756833553314209,0.230336308479309) (-0.3697885,0.7740135,0.2395807) (357.2703,327.8482,32.60881) (-0.2053376,1.171559,0.02831124) (12.8638,280.7085,3.831462)
compute 1.61465124552244(-0.385386407375336,0.748667299747467,0.21815325319767) (-0.378634,0.7568336,0.2303363) (357.8684,325.3333,33.64104) (-0.2166491,1.160127,0.02180855) (17.47967,276.7742,3.662282)
compute 2.17510348566274(-0.394623398780823,0.744335770606995,0.198943272233009) (-0.3853864,0.7486673,0.2181533) (357.2785,321.5459,32.5682) (-0.2271188,1.154262,0.01990872) (20.41669,275.2264,3.364387)
compute 3.19646133069406(-0.414503961801529,0.724671065807343,0.18345782160759) (-0.3946234,0.7443358,0.1989433) (357.9446,317.0612,31.11912) (-0.2336809,1.153932,0.02127282) (19.86804,277.1665,4.370543)
compute 2.25276820125346(-0.428162127733231,0.710557222366333,0.172423765063286) (-0.414504,0.7246711,0.1834578) (359.9748,315.04,33.01657) (-0.2307557,1.160292,0.03393418) (17.54089,288.4822,5.322362)
compute 0.212711649736798(-0.42719355225563,0.709021627902985,0.173532113432884) (-0.4281621,0.7105572,0.1724238) (358.9246,317.758,32.93616) (-0.2031037,1.17051,0.06328616) (13.24254,314.4633,10.65356)
compute 2.15620346365196(-0.409171909093857,0.715811729431152,0.183229342103004) (-0.4271936,0.7090216,0.1735321) (356.1937,323.756,32.29036) (-0.1529398,1.174326,0.07369483) (12.48466,336.2018,11.64979)
compute 4.08942586523369(-0.377055197954178,0.729567766189575,0.204480901360512) (-0.4091719,0.7158117,0.1832293) (356.9665,329.463,34.53721) (-0.1311889,1.173393,0.06776872) (12.51529,346.1935,9.911786)
compute 3.921196417688(-0.349925071001053,0.736952483654022,0.231812208890915) (-0.3770552,0.7295678,0.2044809) (357.3696,336.8251,35.09107) (-0.1155622,1.177012,0.05903189) (10.31876,354.4743,7.827147)
compute 3.80300601469892(-0.325497597455978,0.742979526519775,0.260329902172089) (-0.3499251,0.7369525,0.2318122) (355.8209,345.4413,34.55302) (-0.08276697,1.180578,0.05094478) (12.01578,9.847379,3.339165)
compute 3.70016536789641(-0.308795094490051,0.756187915802002,0.290590226650238) (-0.3254976,0.7429795,0.2603299) (354.0853,351.4545,34.36799) (-0.05377001,1.175321,0.03664058) (13.90752,26.01066,2.519168)
compute 4.2268249739906(-0.290307343006134,0.772591590881348,0.324879109859467) (-0.3087951,0.7561879,0.2905902) (352.732,356.7458,34.16477) (-0.0427845,1.175716,0.02073231) (14.78757,37.5532,5.149845)
compute 3.98738093694783(-0.262324213981628,0.780065059661865,0.352283716201782) (-0.2903073,0.7725916,0.3248791) (352.9849,2.857511,33.00429) (-0.03910147,1.176077,0.01767293) (14.58215,43.40051,4.804136)
compute 3.25053104630505(-0.237220957875252,0.773196935653687,0.371758073568344) (-0.2623242,0.7800651,0.3522837) (354.66,8.557185,32.91248) (-0.03979488,1.18463,0.02086504) (12.88188,43.98898,4.795273)
Average= 4.9028842560736
Max= 68.5508695013696
Standard Deviation= 5.90598147975478
Right: 3    Wrong: 3
0
