63.6715627898845 (0.200351044535637,0.590054094791412,0.1307762414217) (0,0,0) (285.4453,343.2408,348.7742) (0.2049462,0.9098462,0.1391807) (356.0083,352.7369,356.9441)
0.0417309730652618 (0.199934303760529,0.590037524700165,0.130762100219727) (0.200351,0.5900541,0.1307762) (285.1718,343.1533,349.2232) (0.2042167,0.9096445,0.1385909) (355.6356,352.731,357.1276)
0.296676012460012 (0.197377651929855,0.589697480201721,0.129295960068703) (0.1999343,0.5900375,0.1307621) (282.6551,326.7802,11.41481) (0.2019089,0.9097597,0.13974) (355.2881,352.873,357.6623)
0.590504777875018 (0.191543027758598,0.588937759399414,0.129795536398888) (0.1973777,0.5896975,0.129296) (278.0836,313.9777,31.30025) (0.1964182,0.9108173,0.1454087) (355.3629,352.4692,357.8579)
0.122843208507418 (0.190531268715858,0.588635087013245,0.130423054099083) (0.191543,0.5889378,0.1297955) (273.8038,323.113,16.61917) (0.18739,0.9092156,0.148953) (356.5589,349.7693,358.3904)
0.658311637812398 (0.185892328619957,0.589539289474487,0.135005638003349) (0.1905313,0.5886351,0.1304231) (280.4844,343.4471,347.9847) (0.1750064,0.9079307,0.1486167) (357.9132,346.6105,358.7418)
1.1379536536222 (0.175084426999092,0.593059182167053,0.135547369718552) (0.1858923,0.5895393,0.1350056) (284.7678,342.005,346.0616) (0.1610649,0.9117801,0.149342) (359.736,343.5251,359.0735)
1.88276938087945 (0.163473710417748,0.607807099819183,0.137021228671074) (0.1750844,0.5930592,0.1355474) (284.6292,342.044,343.5085) (0.148988,0.9379587,0.1558715) (1.841355,342.0415,359.3305)
3.96041709893498 (0.151077911257744,0.645175039768219,0.141319096088409) (0.1634737,0.6078071,0.1370212) (287.4286,329.9631,0.1892672) (0.1402853,0.9855527,0.1641565) (1.907493,340.8538,359.3041)
4.8033465147837 (0.141499474644661,0.692099690437317,0.144999399781227) (0.1510779,0.645175,0.1413191) (288.301,320.0401,15.20501) (0.136875,1.04604,0.1638232) (1.005445,341.8589,358.4778)
5.53893572327352 (0.136375367641449,0.747251451015472,0.145087450742722) (0.1414995,0.6920997,0.1449994) (290.2087,332.3747,17.41689) (0.1378076,1.117913,0.1552067) (358.0966,345.8707,358.8315)
6.92099134249048 (0.132734000682831,0.81635981798172,0.144200712442398) (0.1363754,0.7472515,0.1450875) (295.1399,337.7077,8.385369) (0.1418619,1.209277,0.1314643) (353.7488,351.3643,0.2011155)
8.41926983581355 (0.136362358927727,0.899659097194672,0.132518425583839) (0.132734,0.8163598,0.1442007) (302.3578,346.422,350.9104) (0.1393064,1.320522,0.09198166) (347.2849,357.0315,1.57802)
9.92266308521785 (0.133543506264687,0.995743989944458,0.107908017933369) (0.1363624,0.8996591,0.1325184) (305.4944,342.3072,359.5783) (0.136006,1.436831,0.03712085) (338.72,5.171452,1.460082)
10.1332636695498 (0.131198465824127,1.09118068218231,0.073927991092205) (0.1335435,0.995744,0.107908) (306.6649,334.8671,12.35299) (0.1363547,1.528635,-0.02504356) (329.1684,15.83637,358.8962)
7.43641328075024 (0.140493988990784,1.1527556180954,0.0332814082503319) (0.1311985,1.091181,0.07392799) (307.2537,334.8977,17.94089) (0.1398625,1.567,-0.09203354) (321.7199,23.36419,355.2992)
5.07674282550543 (0.15371161699295,1.17596542835236,-0.00989185739308596) (0.140494,1.152756,0.03328141) (305.5512,339.1015,16.25514) (0.1479335,1.571361,-0.1550978) (315.9339,24.2955,353.716)
5.18379033866007 (0.175467818975449,1.18323314189911,-0.0563785880804062) (0.1537116,1.175965,-0.009891857) (302.2343,352.3802,1.667478) (0.1705709,1.570467,-0.2137724) (310.28,20.81771,354.3145)
5.22471758707894 (0.203919768333435,1.18375754356384,-0.100196152925491) (0.1754678,1.183233,-0.05637859) (304.6213,356.2192,355.8603) (0.2065422,1.571636,-0.2634108) (306.757,18.70981,353.7345)
4.67965858949126 (0.231781482696533,1.18397212028503,-0.137794017791748) (0.2039198,1.183758,-0.1001962) (303.8433,349.4158,5.171554) (0.2339681,1.569827,-0.2944854) (306.115,17.88511,352.8981)
3.44414119862317 (0.252840638160706,1.18397152423859,-0.165046960115433) (0.2317815,1.183972,-0.137794) (301.5213,344.9861,9.745385) (0.2487852,1.568218,-0.3158085) (304.9576,18.23667,352.4769)
2.33511186255395 (0.265762537717819,1.18421447277069,-0.184495359659195) (0.2528406,1.183972,-0.165047) (304.1058,348.0085,8.38397) (0.2536455,1.575148,-0.3305973) (304.6308,17.72009,352.1423)
1.38512538144786 (0.26868200302124,1.18902945518494,-0.197150394320488) (0.2657625,1.184214,-0.1844954) (306.1969,351.135,5.658626) (0.2507131,1.579784,-0.3422041) (303.1935,15.89564,352.8222)
1.02550300088947 (0.264815002679825,1.19264554977417,-0.205933094024658) (0.268682,1.189029,-0.1971504) (304.0151,348.4802,7.426733) (0.242138,1.580968,-0.3502101) (301.789,15.14588,351.9863)
0.995859128193659 (0.25752928853035,1.19611537456512,-0.21176852285862) (0.264815,1.192646,-0.2059331) (301.817,344.5301,9.669608) (0.225334,1.583081,-0.3501305) (300.994,13.89081,353.1898)
1.88102297744191 (0.238871619105339,1.19831132888794,-0.210823059082031) (0.2575293,1.196115,-0.2117685) (299.1,342.5421,11.96252) (0.2017823,1.584949,-0.3445308) (300.3766,11.50647,354.3799)
2.42345981352033 (0.215674057602882,1.19999730587006,-0.204015240073204) (0.2388716,1.198311,-0.2108231) (298.7001,342.894,11.90672) (0.1765403,1.585025,-0.3346865) (300.3149,11.44219,354.4342)
3.00404118478895 (0.187470048666,1.20139348506927,-0.193767756223679) (0.2156741,1.199997,-0.2040152) (296.157,341.9047,15.37735) (0.1429448,1.586304,-0.3239034) (299.4368,12.89932,353.5917)
5.0458036920365 (0.139099091291428,1.20318233966827,-0.179517701268196) (0.18747,1.201393,-0.1937678) (292.8291,344.0865,17.06941) (0.104397,1.591429,-0.3081744) (299.5259,11.91064,355.1383)
3.7020535615928 (0.105228081345558,1.20545673370361,-0.164749428629875) (0.1390991,1.203182,-0.1795177) (288.596,341.8956,22.09154) (0.07255865,1.593132,-0.293364) (299.0818,12.35014,355.5678)
3.07743537732959 (0.0773212686181068,1.20648396015167,-0.151818245649338) (0.1052281,1.205457,-0.1647494) (284.2697,329.4579,36.58619) (0.0471974,1.595173,-0.2770684) (299.4413,14.06461,354.7938)
2.86384042789501 (0.0522060915827751,1.20842444896698,-0.138193979859352) (0.07732127,1.206484,-0.1518182) (281.0132,323.0273,45.02789) (0.03071499,1.597273,-0.2614399) (300.3168,16.28896,353.1848)
0.607994077423106 (0.051878996193409,1.20908653736115,-0.132159054279327) (0.05220609,1.208424,-0.138194) (278.8182,316.825,53.91798) (0.02173043,1.597422,-0.249121) (301.48,18.013,352.1188)
0.993097826140203 (0.0451567806303501,1.20934045314789,-0.12485346198082) (0.051879,1.209087,-0.1321591) (277.9235,318.4704,54.04698) (0.01911467,1.597617,-0.2427488) (301.9222,18.16121,352.2953)
0.539792847937528 (0.0442373491823673,1.20981514453888,-0.11955563724041) (0.04515678,1.20934,-0.1248535) (275.3546,330.1458,42.0399) (0.02172652,1.597536,-0.2380371) (301.8035,18.1322,352.2797)
0.65611949203689 (0.0486185513436794,1.20994937419891,-0.114673390984535) (0.04423735,1.209815,-0.1195556) (273.4941,335.6924,36.80315) (0.03721865,1.598372,-0.2384545) (301.6292,18.38576,351.8617)
1.67890956512453 (0.0654030218720436,1.20989680290222,-0.114282861351967) (0.04861855,1.209949,-0.1146734) (271.8683,336.1163,36.476) (0.06182146,1.597169,-0.238952) (301.6951,18.11819,351.5863)
2.4555090667998 (0.0899487361311913,1.2097544670105,-0.114946290850639) (0.06540302,1.209897,-0.1142829) (271.1443,336.3469,35.47651) (0.09525836,1.595706,-0.2394716) (301.6995,16.61781,352.1957)
3.52118117354816 (0.125153005123138,1.20904982089996,-0.114760018885136) (0.08994874,1.209754,-0.1149463) (270.4011,32.4867,337.2406) (0.1395147,1.595726,-0.2382227) (301.2357,14.0325,353.4502)
3.78404934465334 (0.162715539336205,1.20911109447479,-0.110182330012321) (0.125153,1.20905,-0.11476) (271.1986,50.46541,317.1944) (0.1782851,1.601771,-0.232946) (300.6465,11.05935,354.7591)
3.72643585505175 (0.198921799659729,1.21180093288422,-0.10178566724062) (0.1627155,1.209111,-0.1101823) (273.6487,43.46222,321.8862) (0.2131484,1.602248,-0.2242172) (300.9225,8.691157,355.6619)
2.36552951129341 (0.221539691090584,1.21295094490051,-0.0949532836675644) (0.1989218,1.211801,-0.1017857) (274.3025,35.39845,330.4797) (0.2327951,1.604433,-0.2136615) (303.1294,7.097092,356.2028)
1.51692584476003 (0.23626996576786,1.21451950073242,-0.0916875451803207) (0.2215397,1.212951,-0.09495328) (276.0983,36.53318,330.0015) (0.2427436,1.605743,-0.2054987) (306.3033,5.854781,357.479)
0.974464121984888 (0.245826914906502,1.21579372882843,-0.093101441860199) (0.23627,1.21452,-0.09168755) (277.4138,48.75428,322.8102) (0.2434558,1.600244,-0.1977325) (310.5524,6.076218,357.8363)
0.254305715437833 (0.247118845582008,1.21569001674652,-0.0952894315123558) (0.2458269,1.215794,-0.09310144) (277.4846,54.6175,317.7276) (0.2316586,1.596035,-0.1904768) (314.8347,7.309968,357.6417)
41.0449888623395 (0.511896848678589,1.43335926532745,0.130502104759216) (0.2471188,1.21569,-0.09528943) (278.3966,74.04446,301.0824) (0.2111502,1.591326,-0.1810765) (318.4671,9.24195,356.5592)
7.86567727735968 (0.439833581447601,1.42556750774384,0.0999560356140137) (0.5118968,1.433359,0.1305021) (279.5138,83.10686,296.1329) (0.183828,1.590993,-0.171574) (320.1698,10.99818,356.5419)
2.71716659365112 (0.41374260187149,1.42050302028656,0.105605036020279) (0.4398336,1.425568,0.09995604) (278.2837,80.03748,300.9376) (0.1608137,1.590044,-0.163583) (319.8708,13.69417,355.2489)
2.64671752681028 (0.393867611885071,1.40861964225769,0.118422269821167) (0.4137426,1.420503,0.105605) (278.5359,71.78794,312.2979) (0.1394024,1.590165,-0.1600034) (317.7897,17.29063,354.4507)
2.30539735371265 (0.371943771839142,1.40650939941406,0.125232398509979) (0.3938676,1.40862,0.1184223) (280.5977,67.99503,318.1278) (0.1199683,1.591121,-0.1595273) (316.6862,18.44626,354.7003)
3.16406154774411 (0.347361445426941,1.41386723518372,0.143744558095932) (0.3719438,1.406509,0.1252324) (285.1932,32.96823,353.8206) (0.1046693,1.593713,-0.1584144) (314.5883,18.78416,354.0956)
3.38772174788972 (0.323377430438995,1.43703103065491,0.14973384141922) (0.3473614,1.413867,0.1437446) (284.472,12.10923,14.53843) (0.09200582,1.594994,-0.1566293) (314.8275,19.62748,354.1189)
3.43427560670801 (0.309003204107285,1.46820163726807,0.15082922577858) (0.3233774,1.437031,0.1497338) (279.774,347.4783,41.46341) (0.08267128,1.595327,-0.1554693) (314.5187,21.20926,353.6792)
4.30561168069211 (0.293026387691498,1.50817263126373,0.151772737503052) (0.3090032,1.468202,0.1508292) (280.3299,300.829,84.59541) (0.07722341,1.5939,-0.1560756) (314.9957,22.73924,353.381)
4.39864449654066 (0.285798400640488,1.55143368244171,0.155096143484116) (0.2930264,1.508173,0.1517727) (281.7101,274.8385,112.8924) (0.07580297,1.592877,-0.1567172) (316.1649,23.62418,353.7167)
4.47995207751692 (0.281733840703964,1.5951474905014,0.164016872644424) (0.2857984,1.551434,0.1550961) (284.8267,263.8047,124.2827) (0.08598168,1.591454,-0.1534819) (317.0379,23.40681,354.3777)
5.63687045414837 (0.276007920503616,1.64646971225739,0.186614975333214) (0.2817338,1.595147,0.1640169) (290.542,263.6449,128.9151) (0.1041441,1.589832,-0.1484593) (318.1548,22.12278,354.8953)
5.14338984400538 (0.274486422538757,1.68999552726746,0.213976159691811) (0.2760079,1.64647,0.186615) (294.1593,263.0173,137.0948) (0.1264352,1.5885,-0.1409181) (318.791,20.69638,355.235)
4.77257888324257 (0.267134070396423,1.72221791744232,0.248405963182449) (0.2744864,1.689996,0.2139762) (296.4655,265.2188,137.6194) (0.1579637,1.586022,-0.1288773) (319.2951,18.66059,355.8328)
5.84220248591459 (0.256137102842331,1.74504613876343,0.301046937704086) (0.2671341,1.722218,0.248406) (299.5261,270.6268,130.5299) (0.2052695,1.582468,-0.1061014) (319.8786,15.96643,356.471)
5.39796148301231 (0.243308991193771,1.75449764728546,0.352621227502823) (0.2561371,1.745046,0.3010469) (305.0151,273.4064,129.0283) (0.2512749,1.582531,-0.08166759) (319.7384,13.46456,356.8235)
4.79883644674996 (0.249023631215096,1.76372504234314,0.399366080760956) (0.243309,1.754498,0.3526212) (302.153,270.8653,124.5251) (0.2958443,1.584583,-0.04899801) (319.9816,10.67168,356.6802)
3.67264831018778 (0.252850621938705,1.76415157318115,0.435890138149261) (0.2490236,1.763725,0.3993661) (301.8143,269.3563,122.9826) (0.3271646,1.586841,-0.02059461) (320.4899,8.218599,355.5148)
5.4414045501348 (0.285333126783371,1.77239644527435,0.478759676218033) (0.2528506,1.764152,0.4358901) (292.705,266.4571,120.6897) (0.3481542,1.591811,0.002292634) (320.5559,5.279075,355.7741)
7.18972368321009 (0.33389413356781,1.7797554731369,0.531265735626221) (0.2853331,1.772396,0.4787597) (278.6778,293.6729,82.78418) (0.364806,1.592089,0.02213579) (321.0193,2.969788,355.447)
6.51871281979982 (0.375216841697693,1.78072953224182,0.581672549247742) (0.3338941,1.779755,0.5312657) (276.8954,349.8326,24.8516) (0.3751161,1.592134,0.03622779) (321.6813,2.066642,354.6929)
5.78734984078624 (0.417279034852982,1.77017021179199,0.619995057582855) (0.3752168,1.78073,0.5816725) (281.3491,32.31479,341.0965) (0.3796241,1.593062,0.04571953) (321.9528,1.245588,354.8821)
3.72376024830452 (0.439989745616913,1.75342178344727,0.644292235374451) (0.417279,1.77017,0.6199951) (288.4348,42.52407,327.5737) (0.3847948,1.593874,0.05229673) (322.3829,0.1869386,355.2633)
3.52685804048253 (0.40482035279274,1.75460314750671,0.64665675163269) (0.4399897,1.753422,0.6442922) (285.0486,26.72863,342.3642) (0.3890235,1.595414,0.05685484) (321.5516,358.6977,355.6311)
8.58075273350138 (0.323622405529022,1.76447725296021,0.620727479457855) (0.4048204,1.754603,0.6466568) (280.3617,327.2939,37.46051) (0.3946128,1.594728,0.0596734) (321.4288,358.6561,354.9171)
7.40428447732729 (0.250062763690948,1.75603210926056,0.620768249034882) (0.3236224,1.764477,0.6207275) (290.7206,301.0262,59.45135) (0.4033896,1.594399,0.06259289) (322.0117,1.065702,354.3654)
2.15304849311629 (0.243042081594467,1.73953676223755,0.608844518661499) (0.2500628,1.756032,0.6207682) (296.3994,299.6992,60.69666) (0.4196834,1.590493,0.06481627) (326.3244,9.887066,351.2726)
12.1264228218874 (0.342325568199158,1.7142186164856,0.543984711170197) (0.2430421,1.739537,0.6088445) (277.1408,336.528,13.17179) (0.4451323,1.570942,0.07182358) (336.912,19.96943,348.7101)
9.67855966757965 (0.428254127502441,1.67015421390533,0.537499129772186) (0.3423256,1.714219,0.5439847) (278.2216,17.4594,335.8258) (0.4650236,1.552649,0.07723078) (346.409,24.4195,348.9956)
13.3424147891323 (0.547464728355408,1.63189780712128,0.583621621131897) (0.4282541,1.670154,0.5374991) (290.8728,53.17901,306.8819) (0.4774666,1.54276,0.08030212) (351.3211,26.57511,350.1531)
16.7248521081584 (0.689703702926636,1.55213856697083,0.620751202106476) (0.5474647,1.631898,0.5836216) (318.0523,65.9284,295.5504) (0.4846581,1.541983,0.08406268) (351.3622,26.99033,351.3619)
10.8323662650144 (0.758233189582825,1.46910405158997,0.632709264755249) (0.6897037,1.552139,0.6207512) (335.7347,68.42319,294.2683) (0.4902938,1.54204,0.08599433) (351.5071,25.53514,351.466)
7.47451767194923 (0.771992444992065,1.41130876541138,0.678065955638886) (0.7582332,1.469104,0.6327093) (344.0623,59.4405,298.102) (0.498934,1.541016,0.08903538) (352.5365,24.69691,350.5354)
2.96739183171484 (0.772992610931396,1.38665986061096,0.694557547569275) (0.7719924,1.411309,0.678066) (346.7325,59.30479,300.2623) (0.5059645,1.540308,0.09464511) (350.7788,24.92065,349.7228)
8.90422435481582 (0.751312911510468,1.47261130809784,0.686139643192291) (0.7729926,1.38666,0.6945575) (326.276,59.20511,304.3599) (0.5080817,1.554434,0.09851828) (344.7395,23.93872,349.8448)
8.22137312024091 (0.729039907455444,1.55154252052307,0.680405974388123) (0.7513129,1.472611,0.6861396) (313.3781,56.34164,303.4299) (0.5027482,1.563579,0.0975633) (341.115,21.74572,350.8947)
2.77312535203533 (0.707773327827454,1.5687849521637,0.675995349884033) (0.7290399,1.551543,0.680406) (315.8006,52.67863,301.2816) (0.4925649,1.570688,0.09287836) (338.1957,17.44359,353.2075)
10.0310056905897 (0.617808282375336,1.53678822517395,0.645260870456696) (0.7077733,1.568785,0.6759953) (319.4499,48.23031,297.608) (0.4649724,1.575909,0.08867828) (337.1663,4.420017,357.4515)
14.2036202895769 (0.478280574083328,1.51021957397461,0.644621253013611) (0.6178083,1.536788,0.6452609) (308.6018,18.16747,327.4773) (0.4447635,1.566339,0.08683067) (341.2915,352.2503,0.6796434)
12.2369873682232 (0.366069346666336,1.48823201656342,0.688205361366272) (0.4782806,1.51022,0.6446213) (310.1794,355.346,342.6011) (0.4362604,1.563323,0.08769076) (344.0121,347.5556,0.2415377)
3.0700381675124 (0.342435747385025,1.47929430007935,0.705643355846405) (0.3660693,1.488232,0.6882054) (318.1133,357.1259,343.3031) (0.4268358,1.561232,0.09080229) (345.1068,346.7992,359.8726)
12.0914078026434 (0.432242780923843,1.53092217445374,0.643277704715729) (0.3424357,1.479294,0.7056434) (311.1948,34.71087,304.3607) (0.4114701,1.573935,0.09196956) (336.5641,346.5369,0.2131892)
12.8371369761013 (0.51789379119873,1.59956586360931,0.576710760593414) (0.4322428,1.530922,0.6432777) (305.5354,73.80341,274.5308) (0.3990292,1.585533,0.08484563) (331.6938,343.5731,2.797138)
8.88052124164368 (0.539781391620636,1.67685639858246,0.538849532604218) (0.5178938,1.599566,0.5767108) (307.1991,91.94566,258.8202) (0.3939999,1.59067,0.08244732) (328.6471,342.6201,4.832292)
14.0847425473587 (0.418413728475571,1.74716925621033,0.551655411720276) (0.5397814,1.676856,0.5388495) (281.8337,58.97356,282.7887) (0.3918173,1.591786,0.08250879) (327.9834,342.7642,4.601751)
13.5049043072138 (0.286937832832336,1.75316631793976,0.581927001476288) (0.4184137,1.747169,0.5516554) (291.3374,312.3213,15.29657) (0.3866429,1.592237,0.08307364) (329.5956,342.5192,4.021984)
9.34590788893605 (0.224031537771225,1.70216393470764,0.628576278686523) (0.2869378,1.753166,0.581927) (311.6276,316.638,10.50828) (0.3786291,1.589525,0.08230381) (331.219,342.3276,3.519598)
5.7963836923827 (0.210293918848038,1.65209174156189,0.654341757297516) (0.2240315,1.702164,0.6285763) (323.6307,321.0083,351.0765) (0.3749462,1.587097,0.08057822) (332.5154,343.6017,3.490658)
6.19385552564496 (0.261179625988007,1.66915607452393,0.685258388519287) (0.2102939,1.652092,0.6543418) (318.9501,335.0614,340.6439) (0.3789923,1.591526,0.08374472) (329.0044,348.1229,2.345789)
14.4442831948362 (0.383588552474976,1.73919975757599,0.654054701328278) (0.2611796,1.669156,0.6852584) (299.4017,17.52365,315.7892) (0.3891092,1.597066,0.0843399) (325.9578,354.2992,0.7310081)
8.0174991092105 (0.443317472934723,1.78232550621033,0.622421562671661) (0.3835886,1.7392,0.6540547) (289.3404,34.52781,307.7184) (0.3993729,1.602101,0.08409201) (322.4644,358.2628,0.1490433)
5.56404009181269 (0.48939061164856,1.80745494365692,0.603938281536102) (0.4433175,1.782326,0.6224216) (287.7111,34.46021,321.9357) (0.4041797,1.6051,0.07885533) (320.5609,357.341,0.9345414)
6.19637978274351 (0.492742896080017,1.82374823093414,0.544249057769775) (0.4893906,1.807455,0.6039383) (284.5857,92.0669,261.2505) (0.4011896,1.606804,0.07034232) (320.4751,350.6862,4.784368)
7.97019344510139 (0.422352463006973,1.83769166469574,0.509562373161316) (0.4927429,1.823748,0.5442491) (278.1893,221.0746,141.921) (0.3964304,1.606653,0.06564029) (317.8209,347.2721,5.087033)
5.15149705287317 (0.392810821533203,1.86616587638855,0.478412687778473) (0.4223525,1.837692,0.5095624) (281.622,218.6792,138.0051) (0.3916601,1.608701,0.05977796) (316.1041,345.2309,5.538764)
5.55109515919353 (0.355475604534149,1.88774538040161,0.443457394838333) (0.3928108,1.866166,0.4784127) (287.7304,225.8833,133.1181) (0.3838551,1.6089,0.05405535) (314.8961,343.7346,6.812584)
5.63209647200147 (0.303156703710556,1.89634561538696,0.424462139606476) (0.3554756,1.887745,0.4434574) (295.3421,238.7667,128.4659) (0.3757065,1.608917,0.04760054) (314.5609,344.291,6.070846)
4.93188651781043 (0.253854930400848,1.8951563835144,0.42498317360878) (0.3031567,1.896346,0.4244621) (300.6169,251.0157,118.0312) (0.3597722,1.609322,0.04178781) (313.898,344.7796,5.631223)
6.41789882505864 (0.193227246403694,1.87998139858246,0.439575850963593) (0.2538549,1.895156,0.4249832) (307.9107,263.1479,110.2867) (0.3354581,1.60921,0.03584334) (312.8454,345.7633,5.049879)
7.22626694055486 (0.131719797849655,1.85596072673798,0.468931168317795) (0.1932272,1.879981,0.4395759) (316.3846,271.0084,106.7472) (0.3041843,1.609742,0.03151991) (311.9664,347.8091,3.676737)
7.77710843894999 (0.0768631100654602,1.81820130348206,0.509097218513489) (0.1317198,1.855961,0.4689312) (324.0635,277.3471,103.9896) (0.2664272,1.610317,0.03058626) (311.6992,350.8792,2.086267)
7.33657641756588 (0.0627456158399582,1.78431713581085,0.572619616985321) (0.07686311,1.818201,0.5090972) (329.0434,288.6546,99.80437) (0.23189,1.609669,0.03400602) (311.3919,352.0699,0.9720801)
8.18481376222853 (0.0977302640676498,1.77258062362671,0.645677447319031) (0.06274562,1.784317,0.5726196) (325.9836,300.4213,96.30802) (0.2003961,1.607337,0.03919695) (312.0751,353.9665,358.9203)
8.29882782761603 (0.159031912684441,1.77022814750671,0.701566874980927) (0.09773026,1.772581,0.6456774) (318.2464,317.1732,86.11614) (0.1758878,1.605455,0.04371314) (312.6936,355.7071,357.8995)
4.75918566129354 (0.181668817996979,1.75073766708374,0.738616526126862) (0.1590319,1.770228,0.7015669) (317.1984,331.1855,76.74261) (0.1571829,1.606014,0.04814819) (313.4438,356.2108,358.0865)
9.78806287527209 (0.0865589454770088,1.73204386234283,0.725005090236664) (0.1816688,1.750738,0.7386165) (324.3003,316.1353,87.41083) (0.145746,1.607506,0.05098079) (313.5174,355.0717,359.356)
12.5196724920983 (-0.0204638727009296,1.72017872333527,0.661133706569672) (0.08655895,1.732044,0.7250051) (331.7358,301.2515,101.4635) (0.1367334,1.607799,0.05052321) (312.963,354.0486,359.4097)
6.87884918512297 (-0.0770672261714935,1.73302829265594,0.624217510223389) (-0.02046387,1.720179,0.6611337) (331.9055,294.4619,99.35933) (0.1270411,1.609183,0.04494329) (312.0011,352.6966,359.8748)
6.57856521803501 (-0.0319448076188564,1.77269899845123,0.651012182235718) (-0.07706723,1.733028,0.6242175) (324.5945,301.6581,93.65445) (0.1182668,1.611836,0.03475694) (310.4131,352.1239,359.7514)
3.39454247229 (-0.0651116147637367,1.77571618556976,0.657581150531769) (-0.03194481,1.772699,0.6510122) (320.646,312.3709,83.62361) (0.1144847,1.61413,0.0233213) (309.1188,349.9525,1.895576)
11.0949754231602 (-0.144603297114372,1.77288019657135,0.580232083797455) (-0.06511161,1.775716,0.6575812) (324.6011,288.299,104.0883) (0.1223375,1.61484,0.01483311) (307.1194,350.2032,2.292298)
11.4957839618788 (-0.174246519804001,1.75200951099396,0.471140384674072) (-0.1446033,1.77288,0.5802321) (334.7285,268.9705,127.5314) (0.1397559,1.614146,0.01086661) (306.7379,356.9424,356.8665)
10.4196650378572 (-0.106092616915703,1.77706849575043,0.39641398191452) (-0.1742465,1.75201,0.4711404) (331.4799,253.1919,146.0182) (0.1549232,1.611834,0.01041406) (307.2043,1.427413,354.2517)
17.7374504257545 (0.0511984825134277,1.83603084087372,0.339451998472214) (-0.1060926,1.777068,0.396414) (318.3905,230.6556,163.175) (0.179662,1.609363,0.01263008) (308.6779,5.440032,352.3692)
20.4434389634656 (0.250606507062912,1.88108193874359,0.339959442615509) (0.05119848,1.836031,0.339452) (302.1604,203.8495,185.3926) (0.2127583,1.605356,0.01951322) (310.1008,9.554786,349.8379)
19.2325474129644 (0.437369972467422,1.89862096309662,0.382396221160889) (0.2506065,1.881082,0.3399594) (296.7962,151.4417,225.2202) (0.2474501,1.604467,0.02691449) (311.217,10.89112,349.1775)
14.1465270648643 (0.567682683467865,1.8828489780426,0.435143411159515) (0.43737,1.898621,0.3823962) (306.5701,110.9052,247.7523) (0.2795283,1.605889,0.03258058) (311.6642,9.958267,350.0159)
12.11844901466 (0.660988509654999,1.84449768066406,0.502291619777679) (0.5676827,1.882849,0.4351434) (319.3459,90.56535,249.8067) (0.3000796,1.608718,0.03513968) (312.1865,5.286518,353.3396)
9.7482152704898 (0.705212533473969,1.80411791801453,0.57921028137207) (0.6609885,1.844498,0.5022916) (329.9306,72.19344,257.7104) (0.3136986,1.608855,0.03822328) (314.6047,358.7578,357.6465)
8.44077581596673 (0.703097224235535,1.77045619487762,0.656586527824402) (0.7052125,1.804118,0.5792103) (337.7384,58.5973,262.8815) (0.3213898,1.605351,0.04057629) (317.3657,353.1125,0.9495269)
6.8304856567812 (0.653300940990448,1.7726366519928,0.703289091587067) (0.7030972,1.770456,0.6565865) (336.38,47.61458,267.9845) (0.3265807,1.603834,0.04143035) (318.2451,351.5952,1.25164)
7.93740312824616 (0.586481034755707,1.81505286693573,0.697272300720215) (0.6533009,1.772637,0.7032891) (327.3898,42.27325,266.7226) (0.3283859,1.603052,0.04154178) (318.0954,351.6576,0.2369579)
9.05854137539222 (0.520551264286041,1.86531400680542,0.660764753818512) (0.586481,1.815053,0.6972723) (314.2773,45.03503,272.5032) (0.3238361,1.603808,0.03866764) (316.5988,351.5599,359.3534)
14.5174833831125 (0.395388603210449,1.9146420955658,0.606204867362976) (0.5205513,1.865314,0.6607648) (289.3135,25.29776,318.2325) (0.3138151,1.607356,0.03412267) (313.6725,352.6998,358.144)
16.5240196612065 (0.237847432494164,1.90462017059326,0.557371854782104) (0.3953886,1.914642,0.6062049) (298.4001,289.9034,76.66386) (0.3011642,1.609561,0.0280189) (311.6778,354.1741,357.2927)
12.6507304541391 (0.132169306278229,1.83568501472473,0.548197031021118) (0.2378474,1.90462,0.5573719) (323.5516,281.0368,89.8957) (0.2862327,1.610483,0.02201563) (310.04,355.474,356.8255)
5.29810066356193 (0.110589072108269,1.79069221019745,0.565999507904053) (0.1321693,1.835685,0.548197) (336.1624,283.7878,87.32307) (0.2769729,1.610902,0.01783991) (309.9482,356.788,356.0884)
6.65940256558883 (0.162398308515549,1.78803873062134,0.607755064964294) (0.1105891,1.790692,0.5659995) (336.0793,300.1627,106.2111) (0.2681366,1.611264,0.01249725) (309.435,357.5541,356.4357)
8.12163050922971 (0.242551505565643,1.79529249668121,0.618660867214203) (0.1623983,1.788039,0.6077551) (335.9397,312.4462,129.7301) (0.266376,1.611418,0.01119166) (309.1978,358.6155,356.1841)
9.31996979229367 (0.331759870052338,1.81148767471313,0.640242516994476) (0.2425515,1.795292,0.6186609) (337.2481,327.2892,143.9023) (0.2754331,1.611247,0.01127428) (309.5439,0.09979784,355.3936)
5.57977981421864 (0.37907886505127,1.83906626701355,0.6509068608284) (0.3317599,1.811488,0.6402425) (332.2032,331.437,143.0764) (0.2892141,1.611084,0.01154471) (310.0909,0.764177,355.5149)
2.07461275726206 (0.394997626543045,1.84835481643677,0.660431444644928) (0.3790789,1.839066,0.6509069) (332.4846,331.6901,146.4954) (0.3056376,1.610173,0.01340376) (310.4177,1.911996,354.2079)
0.866036627445743 (0.400161415338516,1.84735453128815,0.667311608791351) (0.3949976,1.848355,0.6604314) (334.9327,331.3551,144.7914) (0.3195651,1.609317,0.01564665) (311.2282,2.386808,353.5464)
0.530942766133571 (0.402786463499069,1.84292542934418,0.668608605861664) (0.4001614,1.847355,0.6673116) (335.2744,331.1573,143.7975) (0.3302815,1.608636,0.01878582) (311.5223,1.861259,353.3753)
3.26064661956185 (0.428295254707336,1.82492923736572,0.678022444248199) (0.4027865,1.842925,0.6686086) (336.5324,334.528,138.5644) (0.3413247,1.6089,0.02121953) (312.6913,1.261245,353.79)
5.46349537352279 (0.47646576166153,1.80273127555847,0.691130876541138) (0.4282953,1.824929,0.6780224) (341.1012,340.3837,135.2132) (0.3542471,1.607819,0.02023125) (313.0399,1.819476,353.6)
7.11182568968898 (0.546769976615906,1.79304730892181,0.695750892162323) (0.4764658,1.802731,0.6911309) (338.4572,345.5565,126.9138) (0.369397,1.609051,0.0185318) (312.6881,2.708833,353.0767)
9.22398618913668 (0.637712359428406,1.77769482135773,0.694344997406006) (0.54677,1.793047,0.6957509) (339.8661,353.6833,120.3306) (0.3871998,1.610456,0.01553861) (311.8242,5.777562,351.309)
9.59517194252182 (0.729581654071808,1.78332948684692,0.667233824729919) (0.6377124,1.777695,0.694345) (332.3525,0.995957,111.8875) (0.4048143,1.612619,0.007669472) (309.9247,9.190734,350.0792)
7.19888958289908 (0.783846199512482,1.80692172050476,0.626231789588928) (0.7295817,1.783329,0.6672338) (318.8496,5.717608,99.29078) (0.4175749,1.612781,0.002436445) (309.255,9.754505,350.0828)
6.27585915720166 (0.809154450893402,1.84991788864136,0.58815997838974) (0.7838462,1.806922,0.6262318) (301.6158,7.312991,79.26257) (0.4327247,1.61236,-0.001521072) (309.2592,9.815317,350.4048)
7.40299950706182 (0.776088058948517,1.88817894458771,0.534093856811523) (0.8091545,1.849918,0.58816) (289.1241,352.9484,84.38125) (0.4503059,1.611276,-0.004649456) (309.5114,11.15834,349.4732)
12.2259198047613 (0.678051650524139,1.90258467197418,0.462479263544083) (0.7760881,1.888179,0.5340939) (292.4015,299.1676,134.7934) (0.4653036,1.610642,-0.006575531) (309.787,12.33895,348.8028)
12.0566004635659 (0.571962177753448,1.88851773738861,0.406951725482941) (0.6780517,1.902585,0.4624793) (308.321,279.483,157.2815) (0.4774865,1.60968,-0.007472157) (310.2842,13.00866,348.2914)
12.1086103177975 (0.477401226758957,1.84085643291473,0.34822803735733) (0.5719622,1.888518,0.4069517) (324.4072,268.8939,174.4384) (0.486584,1.608855,-0.00703737) (310.9489,13.93544,347.2141)
14.0948742053748 (0.383369624614716,1.76032280921936,0.280856370925903) (0.4774012,1.840856,0.348228) (342.9534,262.4744,183.0701) (0.4947787,1.608647,-0.003844491) (312.0063,14.59721,346.3357)
12.0225522326514 (0.321111023426056,1.67110300064087,0.229691252112389) (0.3833696,1.760323,0.2808564) (0.3609165,254.9356,181.5767) (0.5012774,1.606012,0.0005925493) (313.8148,15.45969,345.4763)
10.7895749314798 (0.296201884746552,1.58107805252075,0.175686284899712) (0.321111,1.671103,0.2296913) (13.65024,243.1751,172.055) (0.5060698,1.602906,0.006190808) (315.7856,15.44118,345.4879)
5.14581563327657 (0.299649149179459,1.53612005710602,0.150890380144119) (0.2962019,1.581078,0.1756863) (16.94549,237.4902,170.7009) (0.5073062,1.599754,0.01230911) (318.0448,15.04063,345.8904)
0.4293454842139 (0.302598476409912,1.53383302688599,0.153012812137604) (0.2996491,1.53612,0.1508904) (12.27569,237.3922,162.9881) (0.5083898,1.597382,0.01818053) (320.1647,14.75251,346.5165)
1.6140766916628 (0.301668047904968,1.53691446781158,0.168829366564751) (0.3025985,1.533833,0.1530128) (7.44063,241.2531,157.7854) (0.5092273,1.59428,0.02262771) (322.2796,15.05188,346.6046)
5.77487364626841 (0.314099252223969,1.54442393779755,0.224722027778625) (0.301668,1.536914,0.1688294) (4.679571,245.3855,156.1741) (0.5097727,1.592132,0.02813224) (324.6938,15.43246,346.8055)
5.12909859391003 (0.32204806804657,1.55127096176147,0.274928599596024) (0.3140993,1.544424,0.224722) (359.6587,249.5926,150.9115) (0.5106093,1.589367,0.0311932) (326.636,15.52001,347.4829)
6.53618159012371 (0.344740122556686,1.55600678920746,0.336041688919067) (0.3220481,1.551271,0.2749286) (355.1941,256.6843,146.5382) (0.5121896,1.585359,0.03725118) (329.6145,16.01928,347.9411)
8.00112165374119 (0.364303529262543,1.54166507720947,0.41228723526001) (0.3447401,1.556007,0.3360417) (351.7515,266.3842,139.7296) (0.5139363,1.579349,0.04539459) (333.1372,16.10795,349.1945)
7.4336249570672 (0.398555099964142,1.52567195892334,0.476294487714767) (0.3643035,1.541665,0.4122872) (348.8331,275.8523,133.4243) (0.5156638,1.57447,0.05312051) (336.2216,15.97084,350.6149)
7.50625033238885 (0.439687281847,1.50640094280243,0.536053597927094) (0.3985551,1.525672,0.4762945) (347.0729,285.5234,125.1232) (0.5182201,1.569851,0.05744256) (338.5708,15.99749,351.3806)
7.59025256859298 (0.487578809261322,1.485884308815,0.59125018119812) (0.4396873,1.506401,0.5360536) (345.5031,294.72,119.1163) (0.5203326,1.566884,0.0602975) (340.1218,16.48276,351.4995)
7.41456061886522 (0.546859264373779,1.46760737895966,0.63186240196228) (0.4875788,1.485884,0.5912502) (342.1314,303.7549,111.6294) (0.5223387,1.563585,0.06062692) (341.616,16.95178,351.5504)
7.53678245249987 (0.61508983373642,1.4480893611908,0.657238483428955) (0.5468593,1.467607,0.6318624) (338.4963,313.9288,104.3102) (0.5231906,1.560261,0.06009883) (343.0534,17.28872,351.8983)
8.4089287245015 (0.69113951921463,1.41723608970642,0.675555944442749) (0.6150898,1.448089,0.6572385) (335.5055,326.1952,93.4077) (0.522229,1.557597,0.05928953) (344.5046,17.58504,352.4298)
10.8831116121869 (0.776710450649261,1.35237610340118,0.693304479122162) (0.6911395,1.417236,0.6755559) (335.8306,343.4186,77.7224) (0.5208262,1.555566,0.05679335) (345.6763,17.23108,353.5797)
6.82784545068789 (0.789204955101013,1.2853057384491,0.696024954319) (0.7767105,1.352376,0.6933045) (343.9615,356.0279,70.41384) (0.5076024,1.557475,0.05255765) (344.8368,11.53804,355.4223)
17.2287546248033 (0.625690400600433,1.27941524982452,0.642068564891815) (0.789205,1.285306,0.696025) (336.4485,332.3189,77.54011) (0.4603379,1.568603,0.05263565) (340.6986,349.5028,359.9915)
23.0876542222533 (0.431666016578674,1.28040862083435,0.516938507556915) (0.6256904,1.279415,0.6420686) (331.0318,299.5172,88.69944) (0.4071541,1.567326,0.03485698) (342.4803,324.4523,5.074893)
19.3869627462369 (0.294706702232361,1.30393755435944,0.381757259368896) (0.431666,1.280409,0.5169385) (326.44,273.2165,95.18666) (0.3644905,1.552874,0.01295179) (349.2476,307.356,7.66139)
14.120300820083 (0.191990152001381,1.30702531337738,0.28491684794426) (0.2947067,1.303938,0.3817573) (327.4084,255.4272,94.67021) (0.3281708,1.530686,0.001183282) (0.06274854,299.5872,8.486526)
11.0622809452065 (0.125688135623932,1.28303158283234,0.199677482247353) (0.1919902,1.307025,0.2849168) (332.7247,245.7921,93.30795) (0.2822175,1.495175,-0.0007929103) (13.8153,298.284,8.718691)
11.4817656169307 (0.107871249318123,1.24732959270477,0.092015877366066) (0.1256881,1.283032,0.1996775) (338.1736,230.6445,97.06815) (0.2380853,1.464941,0.001249735) (24.37094,301.0632,9.599373)
9.68575416674842 (0.107854582369328,1.21915328502655,-0.000652775692287833) (0.1078712,1.24733,0.09201588) (341.157,218.7225,96.56559) (0.191004,1.446308,0.006963094) (29.86525,306.3361,9.894303)
5.61576542132963 (0.0899419412016869,1.21114313602448,-0.0532708056271076) (0.1078546,1.219153,-0.0006527757) (339.9641,212.2383,95.57884) (0.1434938,1.434153,0.01399682) (33.1305,313.372,10.02439)
5.30437222890464 (0.0376432612538338,1.20272386074066,-0.0560276918113232) (0.08994194,1.211143,-0.05327081) (340.1355,217.6383,92.96564) (0.09673916,1.429593,0.02502934) (34.47259,323.5142,10.93949)
5.71132511763644 (-0.0179891102015972,1.19967341423035,-0.0434715151786804) (0.03764326,1.202724,-0.05602769) (340.1633,227.0324,87.77052) (0.06476495,1.426523,0.03256226) (35.41764,332.1151,11.93165)
3.59442139482403 (-0.0520166903734207,1.20037662982941,-0.0319122821092606) (-0.01798911,1.199673,-0.04347152) (338.2497,234.6743,84.12952) (0.04946782,1.426455,0.0399502) (34.67963,339.657,10.62428)
1.99961006112512 (-0.0663736835122108,1.19859981536865,-0.0181077998131514) (-0.05201669,1.200377,-0.03191228) (338.9027,243.9939,81.77317) (0.06123783,1.429167,0.04584064) (35.5932,351.6302,7.81498)
2.44631734582251 (-0.057526521384716,1.19526982307434,0.00445512775331736) (-0.06637368,1.1986,-0.0181078) (340.4689,254.0023,79.42544) (0.09216583,1.428027,0.04154792) (37.736,2.951473,7.142595)
3.58043358851493 (-0.0322190560400486,1.19363856315613,0.02973004989326) (-0.05752652,1.19527,0.004455128) (343.1683,263.4271,81.45734) (0.1216346,1.425686,0.03086697) (39.84975,10.34478,9.089131)
3.30347862306165 (-0.00216404581442475,1.19848418235779,0.0425563305616379) (-0.03221906,1.193639,0.02973005) (341.9647,271.8445,80.50557) (0.151665,1.430113,0.02122831) (39.02139,13.78558,9.843642)
3.45747000225112 (0.0321426875889301,1.20277714729309,0.0423882156610489) (-0.002164046,1.198484,0.04255633) (340.1574,276.9093,80.57133) (0.1915358,1.43434,0.005147652) (37.52417,17.52598,10.25597)
3.5546182918715 (0.0661725476384163,1.19796919822693,0.0333116836845875) (0.03214269,1.202777,0.04238822) (339.942,279.0407,81.25587) (0.2285798,1.434901,-0.01267067) (37.41877,18.21005,9.952749)
3.75024246509091 (0.0858437418937683,1.17430078983307,0.0118808066472411) (0.06617255,1.197969,0.03331168) (339.7356,280.0352,81.91438) (0.262606,1.437413,-0.02477389) (34.83864,14.85765,9.017379)
4.50552244981325 (0.130160972476006,1.16622138023376,0.012705153785646) (0.08584374,1.174301,0.01188081) (340.9257,281.6135,83.34357) (0.2925092,1.439985,-0.03335712) (33.12521,10.94013,8.481457)
6.7794862329794 (0.182886928319931,1.16720402240753,0.0553097501397133) (0.130161,1.166221,0.01270515) (342.4449,285.0146,89.29594) (0.3134808,1.435158,-0.04211991) (33.10266,7.088223,7.389365)
8.61297308583196 (0.233135059475899,1.18811762332916,0.122063606977463) (0.1828869,1.167204,0.05530975) (343.48,288.8682,96.0413) (0.3241426,1.435422,-0.04755078) (33.35473,4.080225,7.041025)
6.46598482161157 (0.259093701839447,1.21287751197815,0.175859451293945) (0.2331351,1.188118,0.1220636) (342.9011,291.3067,97.16595) (0.3242286,1.437944,-0.05360211) (33.23735,0.2920175,6.283754)
4.13581751837468 (0.266256153583527,1.22233295440674,0.2154800593853) (0.2590937,1.212878,0.1758595) (342.3973,291.7309,98.79062) (0.3237195,1.435757,-0.05900586) (32.26267,356.8313,4.036029)
2.1006215469796 (0.266218155622482,1.22188401222229,0.236481443047524) (0.2662562,1.222333,0.2154801) (342.1198,293.1751,100.0536) (0.3188298,1.439441,-0.06400176) (30.70702,357.0727,4.32386)
0.718420695826736 (0.26955983042717,1.21661603450775,0.240044370293617) (0.2662182,1.221884,0.2364814) (341.098,294.1863,99.28925) (0.3072281,1.442471,-0.06801647) (29.82119,357.2162,4.948514)
0.665707563230625 (0.276146709918976,1.21673119068146,0.241001665592194) (0.2695598,1.216616,0.2400444) (340.5469,297.2842,99.08041) (0.28264,1.44232,-0.07196906) (30.02522,356.2503,4.050528)
0.968313192167457 (0.285299926996231,1.21605491638184,0.237915515899658) (0.2761467,1.216731,0.2410017) (339.2472,301.5682,97.37553) (0.2547363,1.431391,-0.06836629) (31.82838,357.9325,4.109504)
1.66927906983463 (0.291189283132553,1.20056414604187,0.235915318131447) (0.2852999,1.216055,0.2379155) (339.5634,305.9568,97.49844) (0.2237684,1.408588,-0.05843771) (37.44824,2.62289,6.151593)
1.75141776434551 (0.295325011014938,1.18418228626251,0.240528002381325) (0.2911893,1.200564,0.2359153) (339.967,312.0125,95.42665) (0.1895033,1.399206,-0.04523028) (40.71424,7.8199,8.661433)
0.606040142375985 (0.295623481273651,1.17875552177429,0.243209347128868) (0.295325,1.184182,0.240528) (340.2576,317.5601,93.8996) (0.1547462,1.388158,-0.04174858) (44.23609,9.012922,10.42459)
0.746697454325127 (0.288831323385239,1.17601191997528,0.24465674161911) (0.2956235,1.178756,0.2432093) (338.8638,321.5408,90.58418) (0.119895,1.381169,-0.04084231) (46.58027,7.129251,8.521158)
2.7036128165719 (0.264700651168823,1.16616809368134,0.251851320266724) (0.2888313,1.176012,0.2446567) (338.5494,322.8858,87.13442) (0.09280097,1.373567,-0.04197631) (50.34958,4.357992,7.193303)
4.48063415389629 (0.22130198776722,1.16209137439728,0.262221693992615) (0.2647007,1.166168,0.2518513) (335.6579,322.2239,70.94241) (0.07179582,1.365532,-0.04471451) (52.59608,1.198645,6.036719)
4.28649104553982 (0.179647251963615,1.16424822807312,0.272102564573288) (0.221302,1.162091,0.2622217) (330.8793,327.0113,38.22411) (0.05597213,1.366727,-0.04159757) (52.59967,0.4308514,6.312027)
4.33418732074641 (0.136946246027946,1.15743553638458,0.275057107210159) (0.1796473,1.164248,0.2721026) (329.7877,336.6969,0.5280842) (0.04242359,1.363418,-0.03982331) (53.53286,0.07430997,8.581481)
5.9893615150214 (0.0798098966479301,1.14109921455383,0.267586678266525) (0.1369462,1.157436,0.2750571) (328.5978,337.9108,332.3603) (0.02729947,1.358303,-0.03842261) (54.51042,358.2455,9.986485)
4.05491899000484 (0.0451369360089302,1.14047288894653,0.24657167494297) (0.0798099,1.141099,0.2675867) (321.9697,347.1013,311.0121) (0.00931789,1.346047,-0.03807172) (57.13503,353.9753,10.48405)
1.88291699889356 (0.0309981014579535,1.13941478729248,0.234181702136993) (0.04513694,1.140473,0.2465717) (322.7417,352.0669,286.761) (-0.006397538,1.330552,-0.04185041) (60.35762,347.8238,7.942317)
1.33028807471724 (0.022363031283021,1.13493168354034,0.225109547376633) (0.0309981,1.139415,0.2341817) (324.0507,354.3014,272.6937) (-0.01603954,1.32067,-0.04981401) (62.51205,341.2508,3.507354)
1.70510180568967 (0.0243869125843048,1.11802911758423,0.224137753248215) (0.02236303,1.134932,0.2251095) (327.4805,355.9973,264.3607) (-0.01963542,1.318377,-0.05447583) (63.13013,337.3916,0.3584008)
2.79572118667744 (0.0510194562375546,1.11039161682129,0.220398515462875) (0.02438691,1.118029,0.2241378) (327.8566,358.5916,269.3745) (-0.01374686,1.318498,-0.05462947) (62.63614,336.9716,358.1163)
4.4118299025442 (0.0934203118085861,1.10194969177246,0.229192018508911) (0.05101946,1.110392,0.2203985) (326.5731,1.343679,268.8674) (0.002198428,1.333123,-0.04242719) (57.0308,342.0695,357.9804)
2.6867921749233 (0.11812674254179,1.10287070274353,0.218673974275589) (0.09342031,1.10195,0.229192) (325.2746,1.895325,273.8639) (0.02703416,1.360324,-0.03312356) (48.30208,348.3097,358.8811)
3.31687253250182 (0.142495766282082,1.12028706073761,0.204426676034927) (0.1181267,1.102871,0.218674) (323.9046,4.31968,273.8971) (0.05890533,1.384033,-0.03393934) (43.03594,352.5293,0.03329881)
2.80544119943669 (0.163064360618591,1.13910138607025,0.20126374065876) (0.1424958,1.120287,0.2044267) (322.2447,8.435513,271.0088) (0.08818471,1.395286,-0.03841196) (43.49355,356.8732,1.773588)
1.932044755746 (0.17371778190136,1.15453946590424,0.196632325649261) (0.1630644,1.139101,0.2012637) (320.0541,12.60956,267.5374) (0.1074467,1.389796,-0.04274827) (46.41226,359.4875,4.835299)
0.743664605371046 (0.179291725158691,1.15098166465759,0.200034812092781) (0.1737178,1.154539,0.1966323) (318.9105,11.65538,268.2785) (0.1124613,1.368252,-0.04087114) (51.53434,359.7137,7.411484)
0.74468490675592 (0.182288721203804,1.14437901973724,0.201731473207474) (0.1792917,1.150982,0.2000348) (319.5025,11.84535,269.8035) (0.108919,1.35681,-0.0391163) (53.95805,0.3568978,6.991113)
0.963267886305533 (0.183342427015305,1.13480937480927,0.201415076851845) (0.1822887,1.144379,0.2017315) (321.6979,12.6835,269.6074) (0.0946583,1.355293,-0.02551728) (53.57534,0.2487628,6.002736)
2.91005656116594 (0.196971252560616,1.11140716075897,0.212065637111664) (0.1833424,1.134809,0.2014151) (322.6136,12.40856,273.9626) (0.072621,1.347359,-0.00904779) (55.08346,1.854495,5.979706)
1.89084932468097 (0.210127174854279,1.09938263893127,0.218379408121109) (0.1969713,1.111407,0.2120656) (322.7247,14.95269,277.7087) (0.04311252,1.340345,0.01147306) (56.84128,4.635992,6.49145)
1.28030371222659 (0.220185667276382,1.09248626232147,0.222276136279106) (0.2101272,1.099383,0.2183794) (325.3041,20.44589,278.4563) (0.008550551,1.324018,0.02069142) (60.53973,1.466969,2.552899)
0.485455573803257 (0.224494948983192,1.09244155883789,0.224511042237282) (0.2201857,1.092486,0.2222761) (325.8048,26.09082,276.8034) (-0.01733591,1.317528,0.02994137) (61.68643,3.5772,3.590492)
0.583474024685176 (0.225715145468712,1.09799778461456,0.223213478922844) (0.2244949,1.092442,0.224511) (325.0629,29.54852,276.4932) (-0.03625263,1.322515,0.0364883) (59.367,3.197293,3.563527)
0.914955781587148 (0.220518037676811,1.1052280664444,0.221109315752983) (0.2257151,1.097998,0.2232135) (323.4552,30.63122,277.2601) (-0.05556547,1.346426,0.03918817) (52.08109,0.7898619,1.737554)
1.47325961972203 (0.210332587361336,1.11523401737213,0.217477932572365) (0.220518,1.105228,0.2211093) (323.0959,32.07818,276.4033) (-0.06317646,1.387776,0.0385621) (39.04929,3.813286,1.713054)
2.31136190111146 (0.207263693213463,1.13679087162018,0.209724009037018) (0.2103326,1.115234,0.2174779) (321.0916,34.81755,274.8029) (-0.06064907,1.427082,0.02714586) (28.40356,8.739609,2.464932)
3.23642957876226 (0.20729498565197,1.16718459129334,0.198603376746178) (0.2072637,1.136791,0.209724) (317.3654,36.46737,275.1814) (-0.04529749,1.452729,0.009113432) (20.35559,14.68823,3.632656)
4.92315593812228 (0.215179204940796,1.21151745319366,0.178699031472206) (0.207295,1.167185,0.1986034) (313.0462,40.12104,275.6914) (-0.0193775,1.479147,-0.009332529) (10.91667,21.62179,3.14493)
4.39408598150252 (0.254885375499725,1.19999718666077,0.163816064596176) (0.2151792,1.211517,0.178699) (311.5775,44.4855,273.9401) (0.002857299,1.497787,-0.02746145) (3.183132,25.40467,1.175334)
5.36855087580923 (0.300783216953278,1.17522299289703,0.151097521185875) (0.2548854,1.199997,0.1638161) (311.8621,49.66052,270.9116) (0.02698085,1.5041,-0.04705104) (0.4886935,27.16985,0.2928742)
3.56465163963399 (0.333266139030457,1.16574788093567,0.139883413910866) (0.3007832,1.175223,0.1510975) (312.2527,53.28567,268.6743) (0.05698109,1.507276,-0.06541096) (359.337,29.16214,0.3934079)
2.91592989348334 (0.360521137714386,1.16620516777039,0.129528671503067) (0.3332661,1.165748,0.1398834) (312.1922,54.39304,267.9984) (0.09341849,1.509244,-0.07830691) (358.2666,31.05075,1.063986)
3.74835649506514 (0.396972745656967,1.16732347011566,0.120865680277348) (0.3605211,1.166205,0.1295287) (311.8144,54.97259,267.761) (0.1307123,1.509817,-0.08849089) (357.8047,32.42737,0.5488637)
2.85218938453833 (0.424717664718628,1.16989648342133,0.114774905145168) (0.3969727,1.167323,0.1208657) (312.1208,55.4257,266.9498) (0.1610456,1.505919,-0.09284871) (359.3942,30.87722,0.8975803)
2.20197910512965 (0.446584731340408,1.17216598987579,0.11352913081646) (0.4247177,1.169896,0.1147749) (312.5125,54.91776,266.5867) (0.1792826,1.501176,-0.0892331) (0.704067,28.09643,2.194857)
1.94947390314613 (0.466074079275131,1.17193257808685,0.113923713564873) (0.4465847,1.172166,0.1135291) (312.676,54.50701,266.6151) (0.1929182,1.500277,-0.08866379) (0.3357649,26.47123,2.259585)
1.25693786784762 (0.477520257234573,1.16741502285004,0.116486132144928) (0.4660741,1.171933,0.1139237) (313.708,53.88477,266.4447) (0.2044635,1.5008,-0.087192) (0.6041754,24.68715,1.441944)
0.896812232216667 (0.483650267124176,1.16112339496613,0.118293233215809) (0.4775203,1.167415,0.1164861) (314.5125,53.59392,265.9605) (0.2127949,1.500306,-0.08626071) (0.9043154,23.85828,0.6388153)
0.419016662917002 (0.484786599874496,1.15719294548035,0.119197562336922) (0.4836503,1.161123,0.1182932) (315.5551,53.17451,265.5739) (0.2175063,1.500507,-0.08842638) (0.983885,23.52256,0.6120106)
0.938740985500192 (0.486983299255371,1.14838218688965,0.121578425168991) (0.4847866,1.157193,0.1191976) (315.8856,52.24987,265.9592) (0.2188542,1.502308,-0.08900797) (0.7611904,22.93007,0.7291828)
0.0857394435934947 (0.487788498401642,1.14864218235016,0.121439926326275) (0.4869833,1.148382,0.1215784) (315.9465,51.99598,265.9343) (0.2177995,1.504526,-0.09275123) (0.8927639,22.55462,0.6120794)
0.328820800582188 (0.48767414689064,1.15192246437073,0.121242478489876) (0.4877885,1.148642,0.1214399) (315.9219,52.04969,265.7297) (0.2186032,1.504545,-0.09872901) (1.09961,22.93184,0.8251307)
0.201148460681085 (0.486879408359528,1.15352094173431,0.120315477252007) (0.4876741,1.151922,0.1212425) (316.0805,52.22942,265.3201) (0.2183206,1.504345,-0.103187) (0.5898621,22.93984,0.9882057)
0.308677486674826 (0.48844239115715,1.15098202228546,0.119516007602215) (0.4868794,1.153521,0.1203155) (316.0974,52.24218,265.2329) (0.2192915,1.505151,-0.1082117) (359.9302,22.578,0.7469414)
0.33434008025399 (0.488845974206924,1.15051436424255,0.116230167448521) (0.4884424,1.150982,0.119516) (316.6364,52.96197,264.4735) (0.218574,1.507167,-0.1126564) (0.4260765,22.14297,0.7573947)
0.396301831967202 (0.490025371313095,1.15115344524384,0.112501077353954) (0.488846,1.150514,0.1162302) (316.7303,53.06322,264.3694) (0.2168682,1.507121,-0.1156577) (0.2564575,22.0801,0.7843361)
0.694893980275801 (0.487616628408432,1.15595662593842,0.108094811439514) (0.4900254,1.151153,0.1125011) (316.698,53.07058,264.4221) (0.2159047,1.507888,-0.1191928) (0.1402544,22.73199,0.5283873)
0.238856339314828 (0.486310034990311,1.15698409080505,0.106379479169846) (0.4876166,1.155957,0.1080948) (316.7644,53.36448,264.277) (0.2176053,1.508568,-0.1219222) (0.06661433,23.16529,0.5646905)
0.146765052882863 (0.486385017633438,1.15559029579163,0.105925925076008) (0.48631,1.156984,0.1063795) (316.8401,53.54476,264.3213) (0.2179643,1.509495,-0.123966) (0.02959334,23.27035,0.6025404)
0.1829761341485 (0.486416548490524,1.15428352355957,0.104645542800426) (0.486385,1.15559,0.1059259) (316.8606,53.64605,264.3348) (0.2175203,1.509533,-0.1265725) (359.8003,23.2064,0.534035)
0.320384153073245 (0.485083609819412,1.15504109859467,0.101832367479801) (0.4864165,1.154284,0.1046455) (316.865,53.86585,264.4171) (0.2175701,1.509302,-0.1297545) (359.541,23.59494,0.4127977)
0.385478161185852 (0.486935943365097,1.15513098239899,0.0984530001878738) (0.4850836,1.155041,0.1018324) (316.9291,54.2204,264.5124) (0.2209064,1.511121,-0.1340881) (359.06,23.99523,0.3180222)
0.542853243670984 (0.490385383367538,1.15472590923309,0.0942809209227562) (0.4869359,1.155131,0.098453) (317.0845,54.65017,264.5188) (0.2230105,1.511744,-0.136192) (359.0398,24.04086,0.2646475)
0.61234386522655 (0.494725078344345,1.15232419967651,0.0906899124383926) (0.4903854,1.154726,0.09428092) (317.2912,55.03647,264.4878) (0.2243255,1.512278,-0.1372646) (358.8636,24.06325,0.2630521)
0.385081106706973 (0.497034162282944,1.15203750133514,0.0876215770840645) (0.4947251,1.152324,0.09068991) (317.5108,55.44642,264.2097) (0.2266462,1.512322,-0.1392295) (358.8719,24.2068,0.09256823)
0.16982888343369 (0.497380822896957,1.15189242362976,0.0859653875231743) (0.4970342,1.152038,0.08762158) (317.8226,55.78861,264.0772) (0.2289806,1.512171,-0.1411946) (358.8142,24.35325,359.9184)
0.0953686014435999 (0.497413158416748,1.15231096744537,0.0851090624928474) (0.4973808,1.151892,0.08596539) (318.0319,55.92594,264.0297) (0.2296272,1.512184,-0.1419911) (358.778,24.30548,359.9405)
0.301953540690826 (0.497417867183685,1.1534503698349,0.0823127552866936) (0.4974132,1.152311,0.08510906) (318.0583,55.93423,264.0224) (0.2304388,1.512754,-0.1427172) (358.6559,24.33498,359.778)
0.055208406850162 (0.497877776622772,1.1531810760498,0.0824568420648575) (0.4974179,1.15345,0.08231276) (318.0533,55.9344,264.0215) (0.2310127,1.513315,-0.1433004) (358.5842,24.491,359.8738)
0.162903511136487 (0.498546421527863,1.15190827846527,0.0832227766513824) (0.4978778,1.153181,0.08245684) (318.0522,55.93123,264.0221) (0.2316072,1.513767,-0.1435183) (358.628,24.29859,0.01801066)
0.374623853824593 (0.500310301780701,1.14902400970459,0.0848364755511284) (0.4985464,1.151908,0.08322278) (318.0146,55.78455,264.0869) (0.2322441,1.514619,-0.1429557) (358.7315,24.02494,0.122526)
0.0672308741114565 (0.500713586807251,1.14954876899719,0.084954746067524) (0.5003103,1.149024,0.08483648) (317.9273,55.44783,264.2363) (0.2312472,1.515259,-0.1402723) (358.9233,23.9846,0.2864721)
0.345641539188793 (0.500613927841187,1.15300357341766,0.0849894136190414) (0.5007136,1.149549,0.08495475) (317.8246,55.17731,264.3652) (0.2314236,1.515487,-0.1367792) (359.0087,23.99942,0.2882123)
0.213335523887659 (0.500337183475494,1.15504992008209,0.0855252146720886) (0.5006139,1.153004,0.08498941) (317.7993,55.00529,264.4996) (0.2315642,1.515504,-0.1340559) (358.9055,23.90868,0.4048124)
0.895836908868383 (0.496445387601852,1.16214680671692,0.0893645510077477) (0.5003372,1.15505,0.08552521) (317.7305,54.72007,264.7436) (0.2318878,1.515631,-0.1313744) (358.9198,23.79986,0.457907)
0.356076673116175 (0.497058272361755,1.16252970695496,0.0928512141108513) (0.4964454,1.162147,0.08936455) (317.717,54.5965,264.8399) (0.2329289,1.515568,-0.1293792) (358.8701,23.8168,0.5312787)
0.277933433421388 (0.498347401618958,1.16233837604523,0.0953060537576675) (0.4970583,1.16253,0.09285121) (317.717,54.54525,264.8918) (0.2338019,1.51539,-0.1279601) (358.8195,23.93578,0.4385945)
0.434332322060101 (0.500242650508881,1.15922236442566,0.0976646468043327) (0.4983474,1.162338,0.09530605) (317.722,54.53581,264.8952) (0.2344044,1.515131,-0.1274751) (358.701,23.85995,0.4300332)
0.625418211331628 (0.50245612859726,1.15397334098816,0.10024593770504) (0.5002427,1.159222,0.09766465) (317.7254,54.52884,264.8995) (0.2346949,1.515482,-0.1271603) (358.8461,23.73825,0.4193833)
0.0226352282434245 (0.502605020999908,1.15396189689636,0.100416041910648) (0.5024561,1.153973,0.1002459) (317.7365,54.51873,264.9051) (0.2347929,1.515568,-0.1268743) (358.9084,23.82061,0.416753)
0.031324485522846 (0.50252366065979,1.15424835681915,0.100513219833374) (0.502605,1.153962,0.100416) (317.919,54.44732,265.1322) (0.2350439,1.515736,-0.1264203) (359.0391,23.88185,0.418912)
Average= 5.55010294891007
Max= 41.0449888623395
Standard Deviation= 6.11687416002868
Right: 15    Wrong: 4
0
0.048976241840573 (0.502370953559875,1.15470719337463,0.100590787827969) (0.5025237,1.154248,0.1005132) (318.3259,54.41297,265.2986) (0.2354406,1.51574,-0.1262717) (359.0183,23.66904,0.4800056)
0.0486266228619507 (0.502065598964691,1.15508282184601,0.100544780492783) (0.502371,1.154707,0.1005908) (318.3681,54.39864,265.3249) (0.2354755,1.51594,-0.1260525) (359.1302,23.60801,0.529201)
0.0410534304937043 (0.502004325389862,1.15470826625824,0.100701279938221) (0.5020656,1.155083,0.1005448) (318.3906,54.36748,265.3504) (0.2355745,1.516022,-0.1253456) (359.1763,23.65116,0.5401956)
0.531406404595938 (0.503334641456604,1.1496673822403,0.101730369031429) (0.5020043,1.154708,0.1007013) (318.4599,54.31826,265.3779) (0.2356554,1.516222,-0.1246386) (359.2551,23.54817,0.6565733)
0.0663099667491235 (0.503845691680908,1.14937853813171,0.102038748562336) (0.5033346,1.149667,0.1017304) (318.4924,54.30896,265.3802) (0.2362554,1.516215,-0.1235022) (359.3627,23.56561,0.5496706)
0.0403128746105754 (0.503770709037781,1.14975726604462,0.102154746651649) (0.5038457,1.149379,0.1020387) (318.6083,54.30602,265.3847) (0.2371328,1.516179,-0.1223148) (359.4193,23.54491,0.6024311)
0.342722654602116 (0.504881381988525,1.14668619632721,0.103194370865822) (0.5037707,1.149757,0.1021547) (318.775,54.34602,265.3461) (0.2378013,1.51603,-0.1213525) (359.4174,23.54955,0.5656005)
0.0884460840535097 (0.50538694858551,1.14617657661438,0.103711053729057) (0.5048814,1.146686,0.1031944) (318.9147,54.33555,265.3805) (0.2383024,1.515153,-0.1205173) (359.21,23.58605,0.4852291)
1.98438326848251 (0.489990592002869,1.14247345924377,0.115670017898083) (0.5053869,1.146177,0.1037111) (318.5432,54.59455,268.2953) (0.2380774,1.514813,-0.1184477) (358.3276,22.2349,0.9898217)
9.7556300014344 (0.409743100404739,1.10954737663269,0.160318031907082) (0.4899906,1.142473,0.11567) (324.2334,41.75313,279.9216) (0.2306187,1.520796,-0.1179184) (355.9741,20.19963,0.8636636)
12.6508202678837 (0.294766455888748,1.06210577487946,0.183426290750504) (0.4097431,1.109547,0.160318) (327.1499,16.64415,295.4266) (0.2185227,1.527816,-0.1171913) (353.2043,17.23603,0.2851985)
10.9333331044824 (0.195688143372536,1.01612508296967,0.178626134991646) (0.2947665,1.062106,0.1834263) (332.0349,355.0842,311.6913) (0.2015209,1.534147,-0.1143184) (350.0232,13.38715,359.961)
5.38021497223023 (0.145427986979485,1.00243437290192,0.165166839957237) (0.1956881,1.016125,0.1786261) (334.9793,347.9044,318.5675) (0.1782153,1.540343,-0.1078299) (346.7087,7.752795,0.3422848)
3.41022836086916 (0.112231269478798,1.00024485588074,0.157673522830009) (0.145428,1.002434,0.1651668) (339.2302,343.0124,332.8593) (0.1530178,1.544014,-0.1010279) (344.8113,3.062145,0.74501)
0.343566167335999 (0.108951732516289,1.00082552433014,0.158516868948936) (0.1122313,1.000245,0.1576735) (340.5193,342.0048,334.3184) (0.1288456,1.546301,-0.09177577) (344.6896,0.7073582,1.090686)
2.0759402760225 (0.126126855611801,0.992563188076019,0.166744977235794) (0.1089517,1.000826,0.1585169) (343.637,347.2017,327.4926) (0.09924614,1.540845,-0.07678423) (347.0229,359.9846,1.769205)
2.01765267575764 (0.138616412878037,0.980173110961914,0.176623702049255) (0.1261269,0.9925632,0.166745) (346.8969,351.4961,332.9479) (0.06391165,1.514121,-0.05952597) (359.5147,359.9117,3.397061)
0.268684766221742 (0.137045055627823,0.979566156864166,0.1787169277668) (0.1386164,0.9801731,0.1766237) (349.1871,353.8597,333.507) (0.0360415,1.493955,-0.04675133) (8.924005,1.458555,5.616488)
1.30243053298296 (0.124807007610798,0.977297008037567,0.182552769780159) (0.1370451,0.9795662,0.1787169) (349.4317,354.909,331.3047) (0.01327866,1.488765,-0.03321362) (10.98228,2.013002,6.417932)
1.96959278051491 (0.105398237705231,0.975693762302399,0.179610177874565) (0.124807,0.977297,0.1825528) (349.4677,355.0263,331.265) (-0.00672415,1.488301,-0.02014688) (10.21376,3.823009,5.890181)
1.94133535237423 (0.0865969881415367,0.975113034248352,0.174808710813522) (0.1053982,0.9756938,0.1796102) (350.0977,355.5236,332.3791) (-0.0219258,1.485154,-0.008885733) (11.07761,5.907914,5.601362)
1.87794223230397 (0.0689631775021553,0.981474459171295,0.17369170486927) (0.08659699,0.975113,0.1748087) (350.1447,356.3506,338.4938) (-0.03351008,1.483937,-0.002464554) (10.27552,8.315685,4.861187)
0.963573713099906 (0.0634097456932068,0.988428056240082,0.177386879920959) (0.06896318,0.9814745,0.1736917) (350.4325,358.0268,338.9346) (-0.03086384,1.491634,0.004228034) (6.12055,13.09348,3.813685)
1.51485968186471 (0.0710706934332848,0.97655177116394,0.182840660214424) (0.06340975,0.9884281,0.1773869) (0.155868,4.103797,321.1147) (-0.004977033,1.503727,-0.001009814) (2.249346,22.60218,2.702336)
0.868756524263141 (0.0737878456711769,0.970130443572998,0.188023075461388) (0.07107069,0.9765518,0.1828407) (0.4115486,7.829355,326.5978) (0.01922088,1.504807,-0.008095718) (2.229994,31.19558,3.015524)
2.67816967689689 (0.0498340912163258,0.963062763214111,0.197693899273872) (0.07378785,0.9701304,0.1880231) (359.3314,0.6521336,348.3362) (0.03793834,1.504633,-0.007675006) (3.287048,31.71314,4.367651)
3.24989546037169 (0.0178496278822422,0.958652377128601,0.193989217281342) (0.04983409,0.9630628,0.1976939) (358.7736,349.2375,354.6186) (0.06175313,1.500332,-0.004785432) (4.183635,28.97052,3.74112)
0.977971900524115 (0.0220038071274757,0.953375697135925,0.201098531484604) (0.01784963,0.9586524,0.1939892) (358.9842,347.1908,1.643119) (0.1025313,1.495372,-0.005765243) (3.563162,28.80447,1.76933)
1.11081591958276 (0.0327535234391689,0.952512443065643,0.19843590259552) (0.02200381,0.9533757,0.2010985) (353.3128,340.1228,1.632658) (0.163148,1.491787,-0.005744844) (4.043275,28.67004,1.333624)
3.00185763391525 (0.0547733120620251,0.936045229434967,0.186391204595566) (0.03275352,0.9525124,0.1984359) (351.5732,336.6569,3.965855) (0.2240878,1.485688,0.001662434) (4.912896,28.15296,359.7818)
3.24924111936386 (0.0751101076602936,0.911408662796021,0.192325100302696) (0.05477331,0.9360452,0.1863912) (355.0702,334.4541,1.225661) (0.2660187,1.478164,0.003809267) (6.002135,28.31446,358.5445)
2.22927967466662 (0.086231917142868,0.897815585136414,0.206054717302322) (0.07511011,0.9114087,0.1923251) (353.1299,337.1038,349.4048) (0.2910599,1.48069,0.006347165) (6.307476,27.91979,358.0288)
1.6196438875377 (0.089477576315403,0.896827638149261,0.221891835331917) (0.08623192,0.8978156,0.2060547) (343.9251,336.5612,342.0076) (0.3070162,1.483864,0.007689648) (5.788309,25.69699,358.7008)
1.8912045371721 (0.102686010301113,0.896394312381744,0.235420137643814) (0.08947758,0.8968276,0.2218918) (339.331,342.9216,333.5908) (0.3207088,1.483498,0.01192507) (6.079296,23.8029,358.5573)
1.37420457617279 (0.112854741513729,0.903669059276581,0.241122663021088) (0.102686,0.8963943,0.2354201) (329.152,352.4223,322.2964) (0.3310772,1.474225,0.02345829) (8.287113,21.87333,358.6039)
1.39353217726552 (0.112823709845543,0.890698850154877,0.246218338608742) (0.1128547,0.9036691,0.2411227) (334.7826,358.1496,325.0109) (0.334472,1.449108,0.05188388) (12.16227,20.18817,358.2364)
2.81358070963316 (0.107132777571678,0.864010989665985,0.239363044500351) (0.1128237,0.8906989,0.2462183) (338.5963,4.143856,337.9948) (0.3310647,1.422323,0.0892209) (13.47588,19.90648,357.7676)
1.02899373067145 (0.100341193377972,0.862654864788055,0.231752648949623) (0.1071328,0.864011,0.239363) (338.2931,6.568709,342.2479) (0.3160198,1.398607,0.1163803) (15.89603,18.78629,357.6576)
2.85205764745265 (0.0991014018654823,0.890873491764069,0.227803558111191) (0.1003412,0.8626549,0.2317526) (330.8982,12.26763,345.9519) (0.2922773,1.385169,0.1364817) (19.15483,17.71609,357.0527)
0.689867819583139 (0.0969462245702744,0.897312939167023,0.226586803793907) (0.0991014,0.8908735,0.2278036) (327.9095,21.26735,341.3972) (0.2711582,1.385483,0.140352) (20.09085,19.16683,356.0204)
1.53867399591896 (0.0821581110358238,0.893306612968445,0.228005543351173) (0.09694622,0.8973129,0.2265868) (329.0064,22.46587,339.9567) (0.2521434,1.388885,0.1442556) (19.65188,20.35627,356.1167)
1.63563140149248 (0.0696945935487747,0.891007602214813,0.21766608953476) (0.08215811,0.8933066,0.2280055) (329.2111,22.68522,339.827) (0.2369349,1.388054,0.14743) (20.59707,20.18607,355.4292)
2.29293411624301 (0.0568837039172649,0.879696369171143,0.202379107475281) (0.06969459,0.8910076,0.2176661) (329.9774,24.03961,338.9281) (0.221644,1.379324,0.1553419) (10.23135,17.46658,354.3101)
2.97897049542079 (0.044438648968935,0.859070241451263,0.184854552149773) (0.0568837,0.8796964,0.2023791) (331.332,24.8546,338.1854) (0.219677,1.364497,0.1682215) (0.7859972,17.91211,352.7092)
4.10150652366822 (0.0405415110290051,0.820283651351929,0.172101184725761) (0.04443865,0.8590702,0.1848546) (332.9926,24.78808,338.0786) (0.2253143,1.330817,0.1929758) (336.1166,21.59769,354.5206)
11.7368953251569 (0.0664984360337257,0.74113792181015,0.254791349172592) (0.04054151,0.8202837,0.1721012) (334.1528,24.42344,338.5201) (0.2403359,1.304258,0.2159915) (311.564,24.45327,356.8978)
7.71176742211148 (0.0946230515837669,0.706319510936737,0.317591190338135) (0.06649844,0.7411379,0.2547913) (334.3665,24.96657,338.7461) (0.2454396,1.282347,0.2271402) (301.9367,24.02136,356.3977)
4.06626410296512 (0.106678381562233,0.682801485061646,0.348494619131088) (0.09462305,0.7063195,0.3175912) (334.2922,24.99853,339.3279) (0.2458398,1.263506,0.2350451) (299.6996,24.99747,354.2925)
2.22432321781061 (0.110960111021996,0.668644845485687,0.365108400583267) (0.1066784,0.6828015,0.3484946) (334.2846,24.67255,340.3713) (0.2489966,1.249941,0.2415084) (300.1395,22.73058,356.3979)
1.88028874890924 (0.110952988266945,0.649973034858704,0.367324709892273) (0.1109601,0.6686448,0.3651084) (333.8474,24.9715,341.4917) (0.2516544,1.228987,0.2459815) (302.0895,19.82322,359.9804)
1.9622160221552 (0.1132792532444,0.630634725093842,0.364948272705078) (0.110953,0.649973,0.3673247) (333.9567,25.52286,342.5251) (0.2556691,1.212877,0.2539614) (302.9214,19.31828,1.388452)
1.61357534489219 (0.118712052702904,0.616576790809631,0.370712101459503) (0.1132793,0.6306347,0.3649483) (334.7779,26.03682,343.7248) (0.2554348,1.203751,0.2684083) (300.3266,19.03096,1.360822)
1.79307049525882 (0.121543951332569,0.606201410293579,0.385059297084808) (0.1187121,0.6165768,0.3707121) (335.2697,27.4175,344.8397) (0.2538983,1.192121,0.2773025) (298.9474,18.64299,2.166169)
2.51442270241372 (0.125365197658539,0.588639378547668,0.402643531560898) (0.121544,0.6062014,0.3850593) (334.0639,29.88774,349.7869) (0.2501501,1.16681,0.2841684) (297.553,17.03065,3.84368)
2.73041082500093 (0.126359388232231,0.563168406486511,0.412429004907608) (0.1253652,0.5886394,0.4026435) (331.1151,30.85492,356.7346) (0.2484211,1.132503,0.2885151) (295.5937,14.67674,6.03966)
4.2390611228767 (0.126231029629707,0.521702170372009,0.421232342720032) (0.1263594,0.5631684,0.412429) (327.7183,29.8197,2.625872) (0.249831,1.083855,0.2874597) (294.1528,15.75725,5.995794)
3.6851505622681 (0.128300964832306,0.48511153459549,0.425089061260223) (0.126231,0.5217022,0.4212323) (321.4277,28.94967,4.293528) (0.2476501,1.048332,0.2834567) (292.5564,15.69366,6.720325)
2.67203547764157 (0.127841398119926,0.458410322666168,0.425989866256714) (0.128301,0.4851115,0.4250891) (316.9614,25.94428,7.794749) (0.2438644,1.025869,0.2793486) (291.359,14.1395,8.641756)
2.13405045129703 (0.126037031412125,0.437201648950577,0.424455732107162) (0.1278414,0.4584103,0.4259899) (312.2542,24.49891,9.177122) (0.2371597,1.010751,0.2729065) (289.2586,10.29054,12.76812)
1.38814918300225 (0.124090433120728,0.42348513007164,0.423581838607788) (0.126037,0.4372016,0.4244557) (310.3434,22.34497,13.43068) (0.2312423,1.002118,0.2666476) (287.0239,7.860086,17.06734)
0.671222884359638 (0.125173434615135,0.41729262471199,0.425934284925461) (0.1240904,0.4234851,0.4235818) (310.9038,21.39576,17.91139) (0.2301149,0.9961621,0.2623107) (285.7989,5.400851,21.16642)
0.630507511548967 (0.128938853740692,0.412740737199783,0.428137898445129) (0.1251734,0.4172926,0.4259343) (310.7202,19.57858,22.46698) (0.2280056,0.993457,0.2593899) (285.099,1.943419,26.5701)
0.714569845839354 (0.135724410414696,0.411852836608887,0.430194318294525) (0.1289389,0.4127407,0.4281379) (310.4728,18.45924,23.86916) (0.2278521,0.993527,0.2563813) (285.0286,359.0347,31.18241)
0.538694458910286 (0.140894740819931,0.410347819328308,0.430341899394989) (0.1357244,0.4118528,0.4301943) (309.3825,19.22567,22.64197) (0.2276822,0.9943347,0.255269) (284.4572,359.876,31.26935)
0.40018401019468 (0.144896104931831,0.410291910171509,0.430315732955933) (0.1408947,0.4103478,0.4303419) (309.2077,19.33497,22.63865) (0.2296972,0.9942517,0.2532504) (283.6555,359.4941,32.42255)
0.26698840664021 (0.147279024124146,0.409661114215851,0.43134143948555) (0.1448961,0.4102919,0.4303157) (309.9276,18.65013,24.46444) (0.2291561,0.9922752,0.2532725) (283.8318,358.0027,34.41467)
0.402898623416207 (0.151133373379707,0.408490747213364,0.431424885988235) (0.147279,0.4096611,0.4313414) (309.4034,19.63831,23.69283) (0.2302573,0.9908138,0.2527348) (283.4619,359.0049,33.92246)
0.1958257149521 (0.1529740691185,0.407824456691742,0.431476533412933) (0.1511334,0.4084907,0.4314249) (309.2163,19.98392,23.70164) (0.2308021,0.9898636,0.2527998) (283.4019,359.2845,34.0655)
0.164470665732755 (0.154413297772408,0.407338887453079,0.432107329368591) (0.1529741,0.4078245,0.4314765) (309.1129,19.98776,23.69461) (0.2315595,0.9884662,0.2528944) (283.1897,0.7334908,32.24032)
0.18687918358657 (0.154741853475571,0.405500113964081,0.432165175676346) (0.1544133,0.4073389,0.4321073) (308.8265,19.98874,23.52526) (0.2327934,0.9843409,0.2530007) (283.4648,359.6406,33.04283)
0.315908970683786 (0.155378147959709,0.402405798435211,0.432151436805725) (0.1547419,0.4055001,0.4321652) (308.5658,20.30288,22.2891) (0.2354664,0.9811155,0.2560287) (283.8272,0.8978422,31.42537)
0.167823815893915 (0.155754387378693,0.400775164365768,0.432277768850327) (0.1553781,0.4024058,0.4321514) (308.8269,20.24278,21.44752) (0.2371097,0.9801343,0.2563293) (283.6746,1.355972,30.84529)
0.143633782323322 (0.156223610043526,0.399421185255051,0.432375937700272) (0.1557544,0.4007752,0.4322778) (309.0023,20.04392,20.99739) (0.2393227,0.9786007,0.2556388) (283.866,2.108071,30.14021)
0.447122973030461 (0.157268404960632,0.395098626613617,0.431911408901215) (0.1562236,0.3994212,0.4323759) (309.0282,20.00654,20.675) (0.24011,0.9733801,0.2564875) (284.1216,3.179904,29.05039)
0.217228396453443 (0.15761025249958,0.39295420050621,0.431969672441483) (0.1572684,0.3950986,0.4319114) (309.0581,19.91931,20.51195) (0.2401275,0.9716368,0.2566457) (284.2462,3.427398,28.58759)
0.153860926134566 (0.157700300216675,0.391418427228928,0.431994378566742) (0.1576103,0.3929542,0.4319697) (309.1039,19.76189,20.53248) (0.2403136,0.9708056,0.2566971) (284.0856,3.638737,28.3009)
0.08266525577956 (0.157784909009933,0.390596151351929,0.431986749172211) (0.1577003,0.3914184,0.4319944) (309.1862,19.51826,20.66966) (0.2414606,0.9704813,0.256174) (283.9385,2.987221,28.60764)
0.0324663108484138 (0.157809615135193,0.390275448560715,0.431942641735077) (0.1577849,0.3905962,0.4319867) (309.2933,19.20011,20.82783) (0.2419157,0.9702884,0.2558977) (283.7679,2.986924,28.42791)
0.0534157703720106 (0.157643139362335,0.389875441789627,0.432255059480667) (0.1578096,0.3902754,0.4319426) (310.0723,18.24009,21.51754) (0.2424307,0.9701225,0.2553889) (283.6269,2.807758,28.28317)
0.278356945151234 (0.155894681811333,0.389481246471405,0.430125325918198) (0.1576431,0.3898754,0.4322551) (310.6954,17.61096,21.79709) (0.2390525,0.9705845,0.2503604) (283.193,1.552262,28.60995)
0.437807162323178 (0.153193786740303,0.389347851276398,0.426682233810425) (0.1558947,0.3894812,0.4301253) (311.0425,17.25419,21.56957) (0.2365741,0.9713101,0.2491713) (282.9948,1.192777,27.66966)
0.73296409047025 (0.146012797951698,0.389370560646057,0.425213724374771) (0.1531938,0.3893479,0.4266822) (311.1852,16.88297,21.44601) (0.2316431,0.970863,0.2534492) (283.3831,359.8898,26.8485)
1.13330211423611 (0.134816005825996,0.389334231615067,0.423462182283401) (0.1460128,0.3893706,0.4252137) (311.4041,16.57297,21.26308) (0.2244279,0.9699817,0.2559579) (283.2606,357.4341,27.07698)
1.12195958379609 (0.123717039823532,0.389216154813766,0.421825617551804) (0.134816,0.3893342,0.4234622) (311.5908,16.4803,20.90962) (0.2196053,0.9699729,0.2553813) (283.3302,355.5955,27.48683)
0.591518713478885 (0.118058159947395,0.38925763964653,0.420103758573532) (0.123717,0.3892162,0.4218256) (311.2167,16.73042,20.29766) (0.217498,0.9699035,0.2535984) (282.8428,355.2809,27.74651)
0.25622965774978 (0.115804769098759,0.389267414808273,0.418884128332138) (0.1180582,0.3892576,0.4201038) (311.2363,16.60192,20.35055) (0.2171201,0.9701681,0.2523526) (282.9351,354.8495,28.12606)
0.121823703481935 (0.114899046719074,0.389272153377533,0.418069422245026) (0.1158048,0.3892674,0.4188841) (311.201,16.56307,20.38935) (0.2168031,0.968533,0.2516605) (283.3344,355.1725,28.1065)
0.0928455046232475 (0.11438176035881,0.388891518115997,0.417398929595947) (0.114899,0.3892722,0.4180694) (311.2003,16.55037,20.40956) (0.2184615,0.9679949,0.2499584) (283.2253,354.8276,29.12309)
0.0585295338818458 (0.114601619541645,0.388395637273788,0.417618781328201) (0.1143818,0.3888915,0.4173989) (312.61,15.63722,22.01006) (0.2183413,0.9681344,0.2481992) (283.1624,354.3231,29.73118)
0.0550155628846755 (0.114639274775982,0.38791835308075,0.417889803647995) (0.1146016,0.3883956,0.4176188) (313.6753,14.59159,23.292) (0.2161909,0.9685742,0.2477137) (283.0147,354.3803,29.15673)
0.217555956013253 (0.113008365035057,0.38774299621582,0.416460663080215) (0.1146393,0.3879184,0.4178898) (313.9519,13.92492,23.49603) (0.2121167,0.969531,0.2488974) (283.2505,353.3987,29.59378)
0.366309800317668 (0.10937462002039,0.387728124856949,0.415998101234436) (0.1130084,0.387743,0.4164607) (313.8901,13.58682,23.52677) (0.2096438,0.9698521,0.2498098) (283.2934,352.5191,30.11402)
0.477933132006938 (0.104640386998653,0.387784898281097,0.416650652885437) (0.1093746,0.3877281,0.4159981) (313.9734,13.30564,23.60498) (0.2052832,0.9684969,0.2526081) (283.5021,352.4489,28.77476)
0.633341559055803 (0.0983419641852379,0.387713611125946,0.415989637374878) (0.1046404,0.3877849,0.4166507) (314.0206,13.22367,23.56164) (0.2038169,0.9684366,0.2531118) (283.2486,352.9347,27.83593)
0.242894526173498 (0.0959144756197929,0.387633472681046,0.416015177965164) (0.09834196,0.3877136,0.4159896) (314.0462,13.158,23.55981) (0.2037688,0.9684919,0.2530798) (283.1621,352.5592,28.5797)
0.0396729978334604 (0.0955318138003349,0.387529015541077,0.416007876396179) (0.09591448,0.3876335,0.4160152) (314.0506,13.14525,23.56648) (0.2037231,0.9681915,0.2526972) (283.4074,352.691,28.72227)
0.0180843701575137 (0.095437079668045,0.38738876581192,0.415944159030914) (0.09553181,0.387529,0.4160079) (314.0515,13.14608,23.56732) (0.203718,0.9677162,0.2527919) (283.5065,353.1943,28.36151)
0.0252721145625446 (0.0953052043914795,0.387175619602203,0.415911823511124) (0.09543708,0.3873888,0.4159442) (314.054,13.15534,23.56484) (0.2039971,0.9675616,0.2526564) (283.4278,353.5602,28.13127)
