red 11.98333 18.49111 16.26317 (0.5156786,5,0.7) (0.5156786,1.807029,0.7)
red 12.48333 18.76889 16.10817 (0.2835471,5,0.7) (0.2835471,1.880997,0.7)
black 12.98333 18.76889 10.08003 (0.3311763,5,0.7) (0.3311763,0.07332,0.7)
red 12.98333 19.53555 14.55815 (0.7816725,5,0.7) (0.7816725,1.329606,0.7)
blue 11.98333 19.63556 16.30149 (0.8107915,5,0.7) (0.8107915,1.252228,0.7)
red 13.98333 19.86889 14.26557 (0.7173784,5,0.7) (0.7173784,1.626407,0.7)
red 13.48333 20.26889 15.88081 (0.321263,5,0.7) (0.321263,1.572733,0.7)
blue 12.98333 20.39111 17.19106 (0.219941,5,0.7) (0.219941,1.600451,0.7)
black 12.48333 20.46889 13.43497 (0.7237244,5,0.7) (0.7237244,0.07676334,0.7)
blue 13.98333 20.90222 11.85132 (0.6345391,5,0.7) (0.6345391,0.0773031,0.7)
red 15.48333 20.99111 13.52591 (0.1751298,5,0.7) (0.1751298,1.6424,0.7)
black 13.48333 21.09111 17.39925 (0.1169559,5,0.7) (0.1169559,1.559425,0.7)
blue 13.48333 21.25778 13.13377 (0.8839331,5,0.7) (0.8839331,0.07978562,0.7)
red 14.98333 21.35778 16.31517 (0.4472165,5,0.7) (0.4472165,1.885038,0.7)
blue 12.48333 21.52444 14.94766 (0.7990961,5,0.7) (0.7990961,0.08055788,0.7)
red 15.98333 22.55778 16.67617 (0.1339437,5,0.7) (0.1339437,1.870926,0.7)
black 13.98333 22.59111 19.6825 (0.1295472,5,0.7) (0.1295472,1.662173,0.7)
black 14.98333 22.65778 12.98106 (0.7766085,5,0.7) (0.7766085,0.07729314,0.7)
red 16.98333 22.81333 15.20578 (0.2948162,5,0.7) (0.2948162,1.901801,0.7)
black 14.48333 22.84667 13.9957 (-0.7625437,5,0.7) (-0.7625437,0.08322629,0.7)
blue 16.98333 23.00222 10.456 (-0.178892,5,0.7) (-0.178892,0.07637362,0.7)
blue 14.48333 23.00222 14.20517 (-0.9005961,5,0.7) (-0.9005961,0.07803923,0.7)
red 16.48333 23.23556 16.96321 (0.05749333,5,0.7) (0.05749333,1.85202,0.7)
blue 15.98333 23.92444 13.37094 (-0.02010691,5,0.7) (-0.02010691,0.07706236,0.7)
black 11.98333 24.05778 18.95453 (-0.6260486,5,0.7) (-0.6260486,0.08258724,0.7)
black 16.48333 24.09111 12.89479 (-0.4300469,5,0.7) (-0.4300469,0.0825842,0.7)
red 17.98333 24.42444 16.50307 (0.5566745,5,0.7) (0.5566745,1.895684,0.7)
red 14.48333 24.64667 16.48343 (-0.3205546,5,0.7) (-0.3205546,0.08161879,0.7)
red 18.48333 24.80222 16.81468 (0.2446235,5,0.7) (0.2446235,2.023502,0.7)
black 15.48333 25.05778 15.69265 (-0.374184,5,0.7) (-0.374184,0.08369641,0.7)
blue 17.98333 25.25778 12.3903 (0.5762424,5,0.7) (0.5762424,0.07864714,0.7)
black 16.98333 25.35778 14.00912 (-0.4937307,5,0.7) (-0.4937307,0.08219433,0.7)
black 17.98333 25.55778 12.84037 (0.9457848,5,0.7) (0.9457848,0.08030874,0.7)
blue 14.98333 25.88 17.45925 (0.07835066,5,0.7) (0.07835066,0.08449108,0.7)
red 19.48333 25.91333 16.9347 (0.4216246,5,0.7) (0.4216246,1.997063,0.7)
blue 17.48333 26.24667 14.55566 (0.2722997,5,0.7) (0.2722997,0.07967389,0.7)
blue 18.98333 26.75778 13.12638 (-0.2144302,5,0.7) (-0.2144302,0.07659215,0.7)
red 18.98333 27.10222 13.62855 (-0.180267,5,0.7) (-0.180267,0.07686478,0.7)
black 17.48333 27.20222 15.88507 (0.9137435,5,0.7) (0.9137435,0.08201668,0.7)
black 15.98333 27.53556 18.29268 (0.9122584,5,0.7) (0.9122584,0.08115441,0.7)
blue 18.48333 27.53556 14.96713 (0.2073935,5,0.7) (0.2073935,0.08212131,0.7)
red 17.48333 27.66889 16.51331 (-0.9365149,5,0.7) (-0.9365149,0.08167256,0.7)
red 19.98333 27.70222 13.04956 (-0.8951335,5,0.7) (-0.8951335,0.0786767,0.7)
blue 15.48333 27.90222 19.38567 (-0.538904,5,0.7) (-0.538904,0.08384602,0.7)
red 20.98333 28.30222 16.91744 (0.6964226,5,0.7) (0.6964226,1.574793,0.7)
red 21.48333 28.45778 16.02725 (0.8289785,5,0.7) (0.8289785,1.515406,0.7)
blue 16.48333 28.64667 19.07371 (0.1529971,5,0.7) (0.1529971,0.08534138,0.7)
black 19.48333 28.65778 15.13022 (0.8139007,5,0.7) (0.8139007,0.07940179,0.7)
blue 19.48333 28.72445 15.22916 (-0.2114688,5,0.7) (-0.2114688,0.08197518,0.7)
red 20.48333 28.75778 13.85365 (-0.9023466,5,0.7) (-0.9023466,0.07723874,0.7)
black 18.48333 29.25778 17.28827 (0.9799776,5,0.7) (0.9799776,0.0804995,0.7)
blue 20.48333 29.80222 15.33615 (-0.5445228,5,0.7) (-0.5445228,0.08172506,0.7)
blue 19.98333 29.91333 16.16679 (0.3305752,5,0.7) (0.3305752,0.08044499,0.7)
black 20.48333 30.51333 16.3109 (0.02876222,5,0.7) (0.02876222,0.08391733,0.7)
blue 21.48333 30.55778 14.98776 (-0.4019567,5,0.7) (-0.4019567,0.07807994,0.7)
blue 20.98333 31.20222 16.56224 (-0.2275616,5,0.7) (-0.2275616,0.08328384,0.7)
black 21.48333 31.48 16.25838 (-0.001207709,5,0.7) (-0.001207709,0.08107717,0.7)
black 18.98333 31.62444 19.66154 (-0.088745,5,0.7) (-0.088745,0.08488561,0.7)
black 19.98333 32.75778 19.82381 (0.7918546,5,0.7) (0.7918546,0.08480029,0.7)
black 20.98333 33.74667 19.80142 (0.781821,5,0.7) (0.781821,0.08200032,0.7)
0
black 7.083333 0 19.13569 (0,0.336,0) (0,-16.46043,0)
