compute 94.1010152255334(-0.0075840032659471,0.911068141460419,0.235366672277451) (0,0,0) (321.456,296.2775,107.2778) (0.04900421,1.254459,-0.02999517) (328.4369,351.8663,356.0126)
compute 0.320620846861349(-0.00513990176841617,0.912584185600281,0.233949720859528) (-0.007584003,0.9110681,0.2353667) (321.1837,296.6185,107.3153) (0.0537868,1.254814,-0.02753273) (329.2011,353.9656,355.3926)
compute 0.32849762285951(-0.00441306177526712,0.913457155227661,0.230867400765419) (-0.005139902,0.9125842,0.2339497) (321.141,296.6679,107.4905) (0.05598266,1.25538,-0.025887) (330.1263,355.4219,355.1537)
compute 0.289527696403807(-0.00403084140270948,0.914835631847382,0.228350192308426) (-0.004413062,0.9134572,0.2308674) (321.0554,296.6743,107.7495) (0.0565737,1.255293,-0.02584235) (330.419,356.7725,354.7643)
compute 0.660897887757418(0.00250812876038253,0.91556316614151,0.227724760770798) (-0.004030841,0.9148356,0.2283502) (320.8984,297.0036,108.1514) (0.05849528,1.254956,-0.02705311) (330.5644,358.4838,354.4297)
compute 1.09813365941977(0.0134788965806365,0.916019141674042,0.22756952047348) (0.002508129,0.9155632,0.2277248) (320.7007,297.3447,108.4053) (0.06141268,1.254294,-0.0288211) (330.8446,1.316745,353.9292)
compute 1.55725439135084(0.0290490463376045,0.916268885135651,0.227459087967873) (0.0134789,0.9160191,0.2275695) (320.5431,297.4654,108.6249) (0.06678075,1.253466,-0.03063209) (330.4962,5.320627,353.4364)
compute 2.27943630366818(0.0518312267959118,0.916522860527039,0.226758539676666) (0.02904905,0.9162689,0.2274591) (320.2065,297.7663,108.872) (0.07344365,1.252917,-0.03591017) (329.7121,11.36457,352.9981)
compute 3.32045392088498(0.0846364870667458,0.916756689548492,0.221630021929741) (0.05183123,0.9165229,0.2267585) (319.9168,298.1557,109.0091) (0.07809736,1.253085,-0.03975254) (329.7763,16.23153,352.2109)
compute 2.09001972061876(0.104899890720844,0.916847050189972,0.216510981321335) (0.08463649,0.9167567,0.22163) (319.882,298.5818,109.2542) (0.07755586,1.252705,-0.04211435) (329.7123,18.26669,352.3044)
compute 0.704872050817218(0.111580058932304,0.916931688785553,0.214263170957565) (0.1048999,0.9168471,0.216511) (319.8881,299.0583,109.2879) (0.07622576,1.250208,-0.04360284) (330.6427,17.27345,352.5833)
compute 0.245201328727776(0.112052842974663,0.916891038417816,0.211857512593269) (0.1115801,0.9169317,0.2142632) (319.9399,299.3152,109.3295) (0.0751038,1.248904,-0.04313163) (331.0393,17.39542,352.4994)
compute 0.163357747976935(0.112036801874638,0.916861236095428,0.210224285721779) (0.1120528,0.916891,0.2118575) (319.9079,299.4165,109.2624) (0.07686529,1.246537,-0.04298113) (331.9847,16.38836,352.5783)
compute 0.351401326598195(0.108598202466965,0.916637003421783,0.209535777568817) (0.1120368,0.9168612,0.2102243) (319.7014,299.1822,109.0787) (0.07725744,1.245663,-0.04156452) (332.1909,13.20874,352.6264)
compute 1.23746272709568(0.0962501987814903,0.916469812393188,0.210329666733742) (0.1085982,0.916637,0.2095358) (319.3225,298.4485,108.7486) (0.07580978,1.245313,-0.03887175) (332.2081,10.144,353.0814)
compute 1.18217878865851(0.0850418657064438,0.91629946231842,0.214084520936012) (0.0962502,0.9164698,0.2103297) (319.1838,297.1323,108.7572) (0.07662195,1.245137,-0.03735693) (332.2232,8.715773,352.8079)
compute 0.961533345743237(0.0754697769880295,0.916192829608917,0.214989170432091) (0.08504187,0.9162995,0.2140845) (318.8741,295.5111,108.9511) (0.07691682,1.245773,-0.03644388) (331.9269,6.443964,353.2038)
compute 1.27182353915299(0.0627946481108665,0.916384339332581,0.216017737984657) (0.07546978,0.9161928,0.2149892) (318.1686,294.5514,108.4605) (0.07587028,1.24793,-0.03579247) (332.5868,3.767964,353.7032)
compute 1.14309029763466(0.0513717196881771,0.916478097438812,0.216434225440025) (0.06279465,0.9163843,0.2160177) (318.0222,293.6005,108.3544) (0.07449172,1.248171,-0.03514001) (332.9996,2.768906,353.4884)
compute 0.417773941002761(0.0471953637897968,0.916517317295074,0.216534331440926) (0.05137172,0.9164781,0.2164342) (318.133,293.2808,108.47) (0.07460766,1.248604,-0.03366578) (333.2917,2.393054,353.9281)
compute 0.108861049583743(0.0461933091282845,0.91671758890152,0.216909632086754) (0.04719536,0.9165173,0.2165343) (318.0466,293.3998,108.7039) (0.07618619,1.24853,-0.03337793) (333.3381,3.524347,353.6399)
compute 0.260818126856054(0.0487271882593632,0.917049765586853,0.217430904507637) (0.04619331,0.9167176,0.2169096) (317.9293,294.4475,108.8925) (0.07903915,1.248901,-0.0339025) (333.7239,5.098189,353.2515)
compute 0.554291978537313(0.0542219392955303,0.917749404907227,0.217636272311211) (0.04872719,0.9170498,0.2174309) (318.0002,295.1801,108.8329) (0.07986677,1.249698,-0.03378418) (334.1364,5.002645,353.8615)
compute 0.157520884859169(0.0554069578647614,0.918787181377411,0.217642098665237) (0.05422194,0.9177494,0.2176363) (318.1453,295.7077,108.6853) (0.07579167,1.25,-0.03179473) (334.7187,3.12921,354.721)
compute 1.01073902951268(0.0453210175037384,0.919435083866119,0.21775771677494) (0.05540696,0.9187872,0.2176421) (318.2538,295.9176,108.7827) (0.06874627,1.250043,-0.02800734) (335.0225,358.7732,356.0867)
compute 2.60795110738481(0.0192598607391119,0.919717013835907,0.218694478273392) (0.04532102,0.9194351,0.2177577) (318.2568,295.9279,108.7989) (0.05959532,1.250365,-0.02653878) (335.3154,351.1158,357.3351)
compute 3.71380692631017(-0.0178722236305475,0.919649481773376,0.218031167984009) (0.01925986,0.919717,0.2186945) (318.5164,293.7346,109.8963) (0.05043466,1.249909,-0.02793762) (333.8168,343.2452,358.4099)
compute 3.66973808038675(-0.0535878092050552,0.919385194778442,0.209603548049927) (-0.01787222,0.9196495,0.2180312) (318.5528,290.3151,111.4775) (0.04406119,1.253501,-0.03319108) (332.4125,335.899,359.8397)
compute 3.07744114619789(-0.0816660150885582,0.919188261032104,0.197008311748505) (-0.05358781,0.9193852,0.2096035) (318.4425,286.9271,113.0647) (0.04272305,1.254758,-0.03831853) (330.6878,331.3598,1.027322)
compute 2.03580758355545(-0.0996242389082909,0.918996453285217,0.18742099404335) (-0.08166602,0.9191883,0.1970083) (318.3373,283.0655,114.4944) (0.04225449,1.255798,-0.0391966) (329.5124,329.3,0.5641843)
compute 1.05767851167071(-0.108868487179279,0.917794525623322,0.182424232363701) (-0.09962424,0.9189965,0.187421) (318.5244,279.7662,116.5195) (0.04238405,1.254701,-0.03912018) (327.8133,328.1777,359.8141)
compute 0.589370873072964(-0.113485187292099,0.917184233665466,0.178811833262444) (-0.1088685,0.9177945,0.1824242) (318.3826,278.3128,117.3908) (0.04588598,1.257142,-0.04236203) (324.1181,327.6695,359.7442)
compute 0.701919239247636(-0.120263710618019,0.915534138679504,0.178038612008095) (-0.1134852,0.9171842,0.1788118) (318.2343,278.2428,117.2611) (0.04629028,1.257114,-0.04622272) (321.313,325.6841,0.1305515)
compute 1.18627840471825(-0.132024705410004,0.91481351852417,0.176665529608727) (-0.1202637,0.9155341,0.1780386) (318.2232,278.2711,117.2435) (0.04554331,1.258746,-0.04917026) (318.732,323.5503,0.3293945)
compute 0.579681210868169(-0.13686740398407,0.914546310901642,0.173490643501282) (-0.1320247,0.9148135,0.1766655) (318.0262,278.5913,117.1855) (0.04872619,1.262343,-0.05351207) (314.6769,325.2256,359.1753)
compute 0.228743816098244(-0.134663209319115,0.914421617984772,0.174089267849922) (-0.1368674,0.9145463,0.1734906) (317.7936,278.5807,117.615) (0.05640708,1.263152,-0.06195899) (309.9929,327.415,357.6249)
compute 1.23933723794871(-0.123801879584789,0.914494514465332,0.180057674646378) (-0.1346632,0.9144216,0.1740893) (316.4177,275.493,121.6089) (0.06240886,1.263716,-0.07209823) (305.6218,329.466,356.9006)
compute 0.485802475841599(-0.119452737271786,0.915284693241119,0.18207286298275) (-0.1238019,0.9144945,0.1800577) (313.434,272.9063,124.3046) (0.06434868,1.264974,-0.08298988) (302.575,327.7248,357.8789)
compute 0.347629261662576(-0.119629539549351,0.916792750358582,0.178945705294609) (-0.1194527,0.9152847,0.1820729) (310.2491,270.5784,124.8049) (0.06511977,1.264109,-0.08862223) (301.2219,328.7703,357.6246)
compute 0.814868524046349(-0.111480981111526,0.916778862476349,0.178902372717857) (-0.1196295,0.9167928,0.1789457) (309.891,266.7325,129.1824) (0.07194249,1.263363,-0.09113166) (299.736,333.6299,354.5838)
compute 1.22110358432446(-0.12167239934206,0.91688460111618,0.17217680811882) (-0.111481,0.9167789,0.1789024) (308.8122,263.2055,132.5767) (0.07833061,1.263126,-0.09385391) (298.528,336.0241,353.6293)
compute 1.18198508433716(-0.109869323670864,0.917469203472137,0.171943306922913) (-0.1216724,0.9168846,0.1721768) (307.0023,261.4793,134.7751) (0.08493285,1.263308,-0.09569048) (299.4022,336.9119,354.4382)
compute 1.15706972914811(-0.0985533446073532,0.917706310749054,0.174346104264259) (-0.1098693,0.9174692,0.1719433) (306.1918,257.7445,140.3406) (0.08866029,1.264013,-0.09635901) (299.5925,335.8384,357.256)
compute 1.19900581699333(-0.0870385244488716,0.917436063289642,0.177677378058434) (-0.09855334,0.9177063,0.1743461) (305.9767,252.548,148.8484) (0.08882858,1.263724,-0.09787842) (300.1152,336.2905,357.4219)
compute 2.2171915418654(-0.0653153657913208,0.917495906352997,0.182115241885185) (-0.08703852,0.9174361,0.1776774) (304.9642,242.9188,166.2003) (0.08258346,1.262282,-0.1043489) (302.7621,337.0516,356.7089)
compute 1.34008369204809(-0.0625322163105011,0.917427122592926,0.169006779789925) (-0.06531537,0.9174959,0.1821152) (304.7896,227.7217,187.5193) (0.07232399,1.260203,-0.1236466) (302.0361,339.1055,356.5022)
compute 1.59814917338176(-0.0649111643433571,0.915972232818604,0.153270453214645) (-0.06253222,0.9174271,0.1690068) (308.0237,216.5759,201.2369) (0.05649012,1.260539,-0.1442983) (300.2723,339.6147,357.0991)
compute 54.8870633437113(-0.0262762550264597,1.46188819408417,0.111532002687454) (-0.06491116,0.9159722,0.1532705) (311.8704,218.441,209.9728) (0.04376702,1.26296,-0.1583541) (301.2275,341.7814,355.91)
compute 7.28459085655396(-0.0314923860132694,1.53420984745026,0.118524625897408) (-0.02627626,1.461888,0.111532) (307.4872,221.9806,206.8596) (0.03304087,1.262666,-0.1721157) (302.2417,343.0904,355.4666)
compute 5.37951776131424(-0.0319450497627258,1.58795511722565,0.116252563893795) (-0.03149239,1.53421,0.1185246) (302.1047,228.5091,201.9754) (0.02397645,1.259668,-0.1890558) (301.393,344.2758,354.7854)
compute 4.41279780648186(-0.043530248105526,1.6245973110199,0.0945635959506035) (-0.03194505,1.587955,0.1162526) (304.0049,238.8002,198.1606) (0.01404161,1.260249,-0.2024101) (300.954,343.719,355.7189)
compute 4.23090844775064(-0.0706831514835358,1.6561553478241,0.087022453546524) (-0.04353025,1.624597,0.0945636) (307.8608,243.7416,193.2884) (0.008102274,1.257527,-0.2131722) (300.9019,342.8641,357.0377)
compute 4.23471734689889(-0.104448363184929,1.67602062225342,0.103102393448353) (-0.07068315,1.656155,0.08702245) (310.7051,254.7387,179.5774) (0.004656193,1.257257,-0.2198896) (300.4099,343.0209,356.8879)
compute 5.38199048287579(-0.12846165895462,1.68714618682861,0.149965658783913) (-0.1044484,1.676021,0.1031024) (309.6661,272.3477,159.5252) (-0.001247539,1.257658,-0.2219524) (299.7407,340.2535,359.5221)
compute 4.00781914039302(-0.137434378266335,1.68159341812134,0.18862983584404) (-0.1284617,1.687146,0.1499657) (312.7819,281.1171,152.4787) (-0.003974236,1.257981,-0.218074) (300.0713,337.968,1.351384)
compute 4.21607307668582(-0.131153419613838,1.66775059700012,0.227954804897308) (-0.1374344,1.681593,0.1886298) (314.5656,290.4509,143.3486) (-0.00291082,1.256999,-0.208269) (300.5596,338.1668,1.0113)
compute 4.24324709103579(-0.11541972309351,1.65314471721649,0.264555811882019) (-0.1311534,1.667751,0.2279548) (316.1204,296.8378,136.2909) (0.005935646,1.25935,-0.1923007) (301.0101,337.4317,1.870874)
compute 3.94101565765272(-0.102259561419487,1.63839662075043,0.298650741577148) (-0.1154197,1.653145,0.2645558) (319.6932,302.8425,131.6824) (0.02175301,1.258603,-0.1671851) (302.0193,338.3314,0.3631233)
compute 3.36771667313379(-0.0960216522216797,1.62586987018585,0.329282760620117) (-0.1022596,1.638397,0.2986507) (318.1245,300.5096,132.4727) (0.03974597,1.257007,-0.1363425) (303.2758,337.9883,359.8845)
compute 5.13630188637352(-0.0957853347063065,1.60281801223755,0.37518173456192) (-0.09602165,1.62587,0.3292828) (322.9453,301.8637,134.9232) (0.05856462,1.247212,-0.1082617) (305.5129,336.2505,2.731912)
compute 3.00610077687179(-0.0949149876832962,1.59319806098938,0.403648614883423) (-0.09578533,1.602818,0.3751817) (323.5037,299.5476,139.1152) (0.07570571,1.245191,-0.08315416) (306.0545,333.7072,3.940237)
compute 2.71077816297296(-0.0957920253276825,1.59366154670715,0.430738240480423) (-0.09491499,1.593198,0.4036486) (323.2768,296.9976,137.0305) (0.08968725,1.249749,-0.06059648) (306.3919,333.0697,1.684343)
compute 3.85766490626876(-0.105007141828537,1.59221184253693,0.468170017004013) (-0.09579203,1.593662,0.4307382) (321.1073,296.3994,133.5602) (0.08813223,1.263335,-0.04228994) (308.0283,329.166,3.414512)
compute 6.04287667036925(-0.122478656470776,1.56729805469513,0.520378112792969) (-0.1050071,1.592212,0.46817) (321.8752,299.9076,124.5483) (0.07185997,1.265088,-0.01948836) (308.6955,327.5849,2.955771)
compute 8.13795856405471(-0.145401120185852,1.50832343101501,0.571556150913239) (-0.1224787,1.567298,0.5203781) (331.0916,306.2842,118.8984) (0.05024304,1.267593,0.0009049) (310.6143,328.599,1.771877)
compute 6.94421260334842(-0.154042541980743,1.45012331008911,0.60843813419342) (-0.1454011,1.508323,0.5715562) (340.4028,311.9902,113.2651) (0.02400927,1.262658,0.01001914) (313.4457,330.9067,0.777598)
compute 2.08137864133141(-0.172453865408897,1.4595992565155,0.610546052455902) (-0.1540425,1.450123,0.6084381) (336.6269,307.9621,121.4803) (-0.002973449,1.258451,0.003820092) (313.5021,330.6102,1.972911)
compute 6.1528481010733(-0.206048980355263,1.50170803070068,0.580814361572266) (-0.1724539,1.459599,0.6105461) (329.3119,298.7592,129.9131) (-0.02604768,1.263554,-0.009099715) (311.6482,326.3284,4.335873)
compute 10.2339594447474(-0.254279524087906,1.54027032852173,0.499204576015472) (-0.206049,1.501708,0.5808144) (323.5298,283.2534,144.4588) (-0.04405685,1.258995,-0.01677328) (311.434,324.5124,4.82231)
compute 11.5591939393041(-0.321655929088593,1.55191195011139,0.406003773212433) (-0.2542795,1.54027,0.4992046) (323.3908,266.5945,150.3542) (-0.06567594,1.255818,-0.02062077) (311.1696,321.4194,7.152443)
compute 10.7166831226582(-0.414038598537445,1.53856420516968,0.353353887796402) (-0.3216559,1.551912,0.4060038) (330.0772,259.884,153.7774) (-0.08613748,1.249904,-0.01529222) (313.7201,314.7516,11.57515)
compute 9.45145294387992(-0.504068911075592,1.51467180252075,0.337332248687744) (-0.4140386,1.538564,0.3533539) (335.0004,256.2294,150.9596) (-0.1100322,1.251831,-0.008133321) (315.0903,310.6113,13.81668)
compute 5.90671283144913(-0.555121541023254,1.48498022556305,0.338314563035965) (-0.5040689,1.514672,0.3373322) (339.1106,259.0658,149.4913) (-0.1368898,1.252965,0.003554962) (316.1918,307.6434,15.482)
compute 3.41238804360243(-0.580807209014893,1.46784973144531,0.352848380804062) (-0.5551215,1.48498,0.3383146) (337.6761,259.9677,145.5945) (-0.151116,1.241348,0.02456975) (320.6229,307.8242,13.19903)
compute 3.93111889801867(-0.603027999401093,1.46420562267303,0.385071456432343) (-0.5808072,1.46785,0.3528484) (334.6461,260.6913,143.5756) (-0.1628675,1.243726,0.04486879) (321.3672,307.5211,12.42998)
compute 5.24803965186669(-0.634250521659851,1.45778524875641,0.426762282848358) (-0.603028,1.464206,0.3850715) (335.4322,262.394,141.4635) (-0.1743686,1.248766,0.0768556) (322.0451,303.7003,12.95842)
compute 3.46331332249298(-0.652541875839233,1.46026813983917,0.456066131591797) (-0.6342505,1.457785,0.4267623) (332.7863,262.4418,138.3494) (-0.1873033,1.250598,0.1223464) (323.3892,302.8397,10.27605)
compute 4.74869321137393(-0.687648177146912,1.46951973438263,0.486676007509232) (-0.6525419,1.460268,0.4560661) (331.7642,262.2629,136.2409) (-0.2095549,1.251427,0.1619152) (322.1378,299.5291,10.24501)
compute 6.17471207074105(-0.736537098884583,1.46753513813019,0.524340867996216) (-0.6876482,1.46952,0.486676) (333.1046,266.0051,124.476) (-0.2397033,1.252911,0.2091323) (323.1347,294.6951,11.33943)
compute 6.56137642880579(-0.780388116836548,1.43750190734863,0.562815010547638) (-0.7365371,1.467535,0.5243409) (343.0185,273.1879,116.6396) (-0.2596947,1.263517,0.2468805) (324.5317,292.4646,11.35309)
compute 0.965994170598609(-0.78192549943924,1.43009924888611,0.568827629089355) (-0.7803881,1.437502,0.562815) (349.961,270.752,120.9402) (-0.2566807,1.266517,0.2634667) (323.0092,295.1067,11.33467)
compute 10.0049671114074(-0.719725549221039,1.50844824314117,0.570420682430267) (-0.7819255,1.430099,0.5688276) (327.597,265.3185,133.4115) (-0.2416347,1.269069,0.2707938) (319.3661,302.2328,7.986494)
compute 10.4614919483594(-0.63068413734436,1.56036448478699,0.588326334953308) (-0.7197255,1.508448,0.5704207) (311.8215,262.2974,144.0605) (-0.2317578,1.268628,0.2694311) (319.1471,307.0197,6.363615)
compute 7.58939975700522(-0.583668947219849,1.55905485153198,0.647889375686646) (-0.6306841,1.560364,0.5883263) (314.0378,279.5957,128.6626) (-0.2403282,1.265441,0.2644815) (318.5535,309.5192,4.562003)
compute 6.54703473880955(-0.561998128890991,1.57761192321777,0.706816256046295) (-0.5836689,1.559055,0.6478894) (305.9894,289.0388,123.8889) (-0.2432687,1.269923,0.2498299) (318.1669,313.6821,3.126793)
compute 8.1437738485912(-0.545237720012665,1.54200208187103,0.778112351894379) (-0.5619981,1.577612,0.7068163) (324.3891,310.2626,101.9233) (-0.2437366,1.275639,0.23725) (317.8095,320.7893,0.7265401)
compute 5.73396394318272(-0.488757610321045,1.53953170776367,0.76853483915329) (-0.5452377,1.542002,0.7781124) (316.8157,307.2543,116.2954) (-0.2283068,1.273367,0.210811) (314.2682,329.4093,359.3692)
compute 5.75813925317716(-0.441619902849197,1.53827345371246,0.73548835515976) (-0.4887576,1.539532,0.7685348) (314.7532,298.5877,128.9759) (-0.2112784,1.273706,0.1841809) (311.896,336.2694,356.8062)
compute 6.63323472165311(-0.389101445674896,1.53457510471344,0.695138454437256) (-0.4416199,1.538273,0.7354884) (314.262,293.3066,140.1306) (-0.2023232,1.272892,0.1697128) (312.4427,341.5838,354.6372)
compute 4.38332778736709(-0.358548194169998,1.53222858905792,0.663796007633209) (-0.3891014,1.534575,0.6951385) (315.1563,288.2159,149.6933) (-0.198013,1.270885,0.1601529) (310.7108,343.8523,353.977)
compute 2.07022861890029(-0.346111923456192,1.53487539291382,0.647458374500275) (-0.3585482,1.532229,0.663796) (314.8643,287.4204,152.9743) (-0.1992067,1.271603,0.1560823) (311.242,345.7234,353.7062)
compute 1.52624628998856(-0.34841713309288,1.5467631816864,0.638168096542358) (-0.3461119,1.534875,0.6474584) (316.1397,284.1861,159.3926) (-0.1963327,1.271943,0.1564299) (311.5316,345.3991,353.8795)
compute 4.19876331097933(-0.378838032484055,1.57567489147186,0.639450013637543) (-0.3484171,1.546763,0.6381681) (314.5412,280.1367,159.6153) (-0.1952437,1.274044,0.1643031) (309.6086,344.9163,354.6006)
compute 3.14578204472971(-0.400333523750305,1.58810687065125,0.658762812614441) (-0.378838,1.575675,0.63945) (316.5121,288.3364,150.5232) (-0.1908952,1.272712,0.1771114) (309.583,347.9085,354.2031)
compute 2.66551693815247(-0.395864903926849,1.56627941131592,0.673394680023193) (-0.4003335,1.588107,0.6587628) (322.2138,296.8338,142.5671) (-0.1862856,1.271297,0.1792857) (310.6353,355.1097,351.365)
compute 7.79450269148009(-0.319922178983688,1.57757771015167,0.659960448741913) (-0.3958649,1.566279,0.6733947) (310.7851,290.4403,151.3784) (-0.1820226,1.271585,0.1654835) (310.3574,1.339685,349.625)
compute 12.5232701580931(-0.19609098136425,1.59594571590424,0.656542599201202) (-0.3199222,1.577578,0.6599604) (299.3189,298.318,150.7107) (-0.1730652,1.272945,0.1559716) (310.2146,6.396297,347.5526)
compute 12.762683035776(-0.0830598250031471,1.54907751083374,0.692818462848663) (-0.196091,1.595946,0.6565426) (312.19,337.9242,112.5146) (-0.1611003,1.274147,0.1512325) (310.8849,7.663203,348.2579)
compute 7.89010296453719(-0.0337181054055691,1.49272835254669,0.717628538608551) (-0.08305983,1.549078,0.6928185) (329.4532,339.8755,120.2114) (-0.1263597,1.269363,0.1456716) (311.2082,9.039584,347.7744)
compute 4.43541260209801(-0.0102191725745797,1.5302482843399,0.714918673038483) (-0.03371811,1.492728,0.7176285) (314.7951,333.4182,122.9079) (-0.09386466,1.262976,0.144656) (311.7796,7.316494,348.4348)
compute 6.68591444501971(0.0256531275808811,1.58044505119324,0.689158082008362) (-0.01021917,1.530248,0.7149187) (300.5976,328.453,128.4978) (-0.05671237,1.257767,0.1532853) (311.4162,3.876137,350.7816)
compute 3.14936762525751(0.0544430650770664,1.58725094795227,0.699959516525269) (0.02565313,1.580445,0.6891581) (307.2306,336.3022,111.1332) (-0.01758807,1.25437,0.1623429) (311.5211,357.5779,353.8174)
compute 5.24832602179829(0.0585048384964466,1.5526477098465,0.73921012878418) (0.05444307,1.587251,0.6999595) (324.2598,339.1378,112.4092) (0.002444875,1.254699,0.1653352) (311.2578,352.649,356.4771)
compute 5.02538312939012(0.00837863329797983,1.55622267723084,0.739034950733185) (0.05850484,1.552648,0.7392101) (316.3804,326.1758,121.1321) (0.01037651,1.260277,0.1626208) (310.3071,345.6542,359.4708)
compute 15.5862097915441(-0.121801316738129,1.53095924854279,0.657132983207703) (0.008378633,1.556223,0.739035) (320.1863,289.7009,153.5799) (0.01249767,1.264449,0.1624446) (312.9648,341.1051,2.075367)
compute 16.963852650076(-0.249877840280533,1.44005680084229,0.593020737171173) (-0.1218013,1.530959,0.657133) (336.5044,275.4931,150.2092) (0.004883065,1.262795,0.1539623) (313.5794,342.0051,1.013444)
compute 11.237582812806(-0.30182933807373,1.34918177127838,0.633899807929993) (-0.2498778,1.440057,0.5930207) (351.6684,293.8998,146.9635) (-0.007360778,1.258026,0.143227) (314.6287,346.1347,359.5914)
compute 3.57475761888882(-0.29621297121048,1.31388068199158,0.634322643280029) (-0.3018293,1.349182,0.6338998) (354.5825,291.9607,140.0239) (-0.005545019,1.267178,0.1377311) (314.0589,357.1613,354.1503)
compute 8.23340831057127(-0.224743768572807,1.3533056974411,0.645126461982727) (-0.296213,1.313881,0.6343226) (339.6552,290.2714,147.188) (0.008919678,1.268545,0.1383559) (315.9195,10.07697,347.3102)
compute 19.2162612379286(-0.0494514293968678,1.43203890323639,0.645508170127869) (-0.2247438,1.353306,0.6451265) (311.6851,293.1783,144.4669) (0.03149633,1.267653,0.1371296) (317.1728,18.36669,344.3848)
compute 22.0379208646891(0.169207900762558,1.45949995517731,0.646500825881958) (-0.04945143,1.432039,0.6455082) (291.0447,318.9161,128.1061) (0.07435147,1.258846,0.139494) (319.4297,23.15766,340.9445)
compute 18.4976259765798(0.352869629859924,1.43893074989319,0.638659060001373) (0.1692079,1.4595,0.6465008) (288.1055,16.86543,73.95866) (0.1194084,1.248354,0.1432218) (321.8629,25.79412,337.6225)
compute 16.9374079192606(0.484862565994263,1.35870254039764,0.708149194717407) (0.3528696,1.438931,0.6386591) (311.0638,33.68645,48.15971) (0.1570948,1.241956,0.1486838) (322.6051,25.93525,339.9054)
compute 9.67237665888299(0.489935010671616,1.28344357013702,0.768695414066315) (0.4848626,1.358703,0.7081492) (329.9782,9.490496,71.17852) (0.1879346,1.238822,0.1516355) (320.0493,25.89591,340.0803)
compute 1.1673397929716(0.483272314071655,1.27747917175293,0.776198923587799) (0.489935,1.283444,0.7686954) (330.1538,7.031641,68.37848) (0.2047241,1.248546,0.1458698) (318.0721,24.28924,341.1508)
compute 4.58530285885728(0.456876814365387,1.31490039825439,0.77386873960495) (0.4832723,1.277479,0.7761989) (324.9178,357.308,89.07089) (0.2131536,1.250033,0.1361162) (316.0039,22.69599,342.1401)
compute 10.6495603165157(0.405588358640671,1.39142084121704,0.72043251991272) (0.4568768,1.3149,0.7738687) (307.2184,347.2612,99.98816) (0.2099806,1.249539,0.1282676) (312.7747,13.31038,345.5294)
compute 12.6837352949478(0.31136566400528,1.44924128055573,0.658250570297241) (0.4055884,1.391421,0.7204325) (301.336,318.0019,128.7213) (0.1998339,1.251182,0.1180905) (311.523,5.380398,349.4596)
compute 13.5023345459521(0.196629405021667,1.47656106948853,0.592519879341125) (0.3113657,1.449241,0.6582506) (308.1713,291.8201,153.0453) (0.1832227,1.253646,0.1038808) (309.6392,359.0794,352.4281)
compute 13.7181484646796(0.0796895548701286,1.50188899040222,0.525420486927032) (0.1966294,1.476561,0.5925199) (314.9743,276.8677,163.1956) (0.1587476,1.24925,0.09390202) (308.5117,353.5223,355.3308)
compute 11.1482757968523(-0.00113567337393761,1.53303992748261,0.455239951610565) (0.07968955,1.501889,0.5254205) (314.4456,265.8032,167.0538) (0.1310708,1.250661,0.08941466) (308.9904,348.5424,358.4482)
compute 4.82221328656352(-0.0463260263204575,1.54718613624573,0.446124523878098) (-0.001135673,1.53304,0.45524) (316.139,265.0415,169.3975) (0.1051514,1.252461,0.08914328) (310.683,344.6908,2.033703)
compute 3.96945799917241(-0.0812274590134621,1.55114412307739,0.464614629745483) (-0.04632603,1.547186,0.4461245) (317.6414,271.2684,167.5235) (0.07269844,1.252837,0.09094936) (311.044,341.2383,4.6122)
compute 3.80248987155799(-0.0898943617939949,1.56609427928925,0.498486012220383) (-0.08122746,1.551144,0.4646146) (315.06,276.6069,163.7677) (0.04615795,1.257511,0.09283336) (310.7191,340.7273,4.6722)
compute 4.39888056853411(-0.0930732116103172,1.57915806770325,0.540369749069214) (-0.08989436,1.566094,0.498486) (312.4376,282.7543,160.7828) (0.02208428,1.262986,0.09633005) (311.1329,338.9457,5.680743)
compute 6.16691553690498(-0.0998314619064331,1.565793633461,0.600192844867706) (-0.09307321,1.579158,0.5403697) (312.2534,295.9726,140.9821) (-0.003422526,1.266745,0.1067627) (312.9441,337.9044,6.006357)
compute 10.7410974950096(-0.132041499018669,1.48530519008636,0.663606107234955) (-0.09983146,1.565794,0.6001928) (328.9199,310.2949,124.3762) (-0.02452616,1.269439,0.1147549) (315.8296,333.2028,8.329196)
compute 7.69417856701535(-0.203090235590935,1.46529567241669,0.641886651515961) (-0.1320415,1.485305,0.6636061) (327.6339,299.2512,139.3456) (-0.04282318,1.267414,0.1161147) (317.0423,325.8324,10.22277)
compute 14.4784780166301(-0.313584715127945,1.45541489124298,0.548849165439606) (-0.2030902,1.465296,0.6418867) (333.9626,275.0135,157.5291) (-0.05714381,1.26948,0.1127816) (318.6389,322.1981,10.89684)
compute 13.5587128273363(-0.41973027586937,1.43775033950806,0.46635702252388) (-0.3135847,1.455415,0.5488492) (340.7297,259.4888,161.5345) (-0.07319208,1.265392,0.1062821) (320.3469,317.7486,12.26978)
compute 11.5225135203022(-0.52383828163147,1.41256403923035,0.423883438110352) (-0.4197303,1.43775,0.466357) (344.1803,254.3828,157.6945) (-0.09497224,1.262973,0.101588) (321.9517,312.1768,14.03798)
compute 8.92960227926011(-0.605185687541962,1.3758704662323,0.420727282762527) (-0.5238383,1.412564,0.4238834) (345.6264,257.7145,150.9115) (-0.1210871,1.253937,0.1012015) (325.0565,308.1332,15.66281)
compute 5.16679691595085(-0.642366588115692,1.34262585639954,0.434216380119324) (-0.6051857,1.37587,0.4207273) (347.7467,263.0955,148.8245) (-0.14288,1.241125,0.1046445) (327.644,305.0402,16.19869)
compute 4.00461425997278(-0.658593654632568,1.33275091648102,0.469470620155334) (-0.6423666,1.342626,0.4342164) (343.7805,269.5443,135.6705) (-0.1674076,1.233582,0.1126967) (329.2471,300.9692,17.49777)
compute 4.56240108153974(-0.669893205165863,1.31601762771606,0.510383546352386) (-0.6585937,1.332751,0.4694706) (343.5739,274.4189,126.5533) (-0.1806045,1.228976,0.1294719) (330.5971,300.4313,16.61898)
compute 5.0079286841415(-0.687164783477783,1.27744781970978,0.537253558635712) (-0.6698932,1.316018,0.5103835) (350.2708,275.7574,122.8879) (-0.1898732,1.222512,0.1474492) (332.4331,298.7424,16.95779)
compute 6.09770985546885(-0.697449147701263,1.22025394439697,0.55572783946991) (-0.6871648,1.277448,0.5372536) (357.3087,274.9795,115.3396) (-0.1912637,1.229902,0.1558606) (332.3964,300.7625,18.2299)
compute 3.75901029453517(-0.693910360336304,1.18771433830261,0.574212074279785) (-0.6974491,1.220254,0.5557278) (3.12835,273.6115,118.7133) (-0.1768524,1.254456,0.1698617) (327.7027,307.7169,17.37086)
compute 7.50623544362129(-0.646695554256439,1.24455189704895,0.587426126003265) (-0.6939104,1.187714,0.5742121) (352.1337,269.608,125.2551) (-0.1570107,1.269959,0.1775634) (321.4269,315.3275,18.14997)
compute 15.4790472767488(-0.547619462013245,1.36272668838501,0.600795388221741) (-0.6466956,1.244552,0.5874261) (338.022,266.7353,140.6867) (-0.1369666,1.278894,0.1901765) (316.8654,320.8891,18.11246)
compute 15.4872476251092(-0.438869029283524,1.47086346149445,0.622365415096283) (-0.5476195,1.362727,0.6007954) (324.0905,265.2723,147.5278) (-0.1211959,1.280724,0.2068252) (315.9136,325.8804,17.04404)
compute 10.7598275348534(-0.367165327072144,1.53935730457306,0.664133369922638) (-0.438869,1.470863,0.6223654) (318.1202,270.1279,153.0385) (-0.110354,1.277453,0.2276741) (315.334,327.7917,17.5106)
compute 4.90980452851746(-0.352178454399109,1.55713641643524,0.707375884056091) (-0.3671653,1.539357,0.6641334) (323.4268,279.6415,143.8456) (-0.1007613,1.272866,0.2497454) (313.8469,326.7117,17.66273)
compute 6.44813235106384(-0.358748286962509,1.51952850818634,0.759340524673462) (-0.3521785,1.557136,0.7073759) (338.5153,293.2677,120.638) (-0.09180885,1.272061,0.2710268) (314.2115,328.3423,15.72055)
compute 3.58792777164969(-0.332947134971619,1.53596031665802,0.740589022636414) (-0.3587483,1.519529,0.7593405) (330.9766,289.8917,139.4688) (-0.08631001,1.268766,0.2780707) (309.4953,332.263,15.85336)
compute 15.0475834807159(-0.220642164349556,1.61146175861359,0.674785494804382) (-0.3329471,1.53596,0.740589) (300.9414,262.6328,162.7769) (-0.08120333,1.265037,0.2832478) (307.4993,339.9015,11.04364)
compute 9.65564534888053(-0.128390803933144,1.63735485076904,0.686717927455902) (-0.2206422,1.611462,0.6747855) (291.8459,285.7736,132.9229) (-0.08498122,1.27106,0.2786267) (305.3946,345.2804,8.402654)
compute 8.26240040824909(-0.121005833148956,1.59666538238525,0.758248031139374) (-0.1283908,1.637355,0.6867179) (322.3769,311.0821,107.305) (-0.09006859,1.275483,0.2703382) (304.4554,350.7216,4.389441)
compute 3.1067796204878(-0.0946527868509293,1.58374547958374,0.768436312675476) (-0.1210058,1.596665,0.758248) (322.2787,315.3192,112.1442) (-0.09185028,1.27515,0.2658698) (302.366,1.165916,356.7603)
compute 3.78810442664156(-0.0652991607785225,1.58861494064331,0.744992196559906) (-0.09465279,1.583745,0.7684363) (312.6389,303.3722,133.6089) (-0.09063128,1.279542,0.2556466) (301.2876,8.503601,352.8193)
compute 4.09186308702656(-0.0410459935665131,1.5815908908844,0.712793111801147) (-0.06529916,1.588615,0.7449922) (306.8744,290.1448,144.7718) (-0.07928347,1.278588,0.2394192) (300.8026,24.51685,340.3843)
compute 6.34167710279126(-0.0335642024874687,1.54021525382996,0.665319263935089) (-0.04104599,1.581591,0.7127931) (312.7139,287.2149,157.7699) (-0.07416265,1.276139,0.2221663) (302.115,35.70054,332.9217)
compute 6.92244617262598(0.0132088363170624,1.5160915851593,0.620348632335663) (-0.0335642,1.540215,0.6653193) (308.7146,290.1422,159.7939) (-0.06161087,1.270857,0.2128175) (308.8544,46.84291,327.6669)
compute 12.152569981532(0.132274776697159,1.51006865501404,0.596779108047485) (0.01320884,1.516092,0.6203486) (294.1537,308.0422,144.0426) (-0.04448601,1.263033,0.2107281) (313.4879,50.95918,326.5002)
compute 16.5998062770654(0.29591977596283,1.48237764835358,0.59379917383194) (0.1322748,1.510069,0.5967791) (288.9572,6.219016,84.74009) (-0.01723075,1.256021,0.2088672) (315.2068,47.7849,330.199)
compute 13.5827625643982(0.427370727062225,1.44832134246826,0.596955060958862) (0.2959198,1.482378,0.5937992) (295.2852,34.40146,61.57569) (0.02720601,1.244872,0.20835) (316.0611,45.94855,329.5283)
compute 9.85416977720669(0.515520989894867,1.4271045923233,0.635553598403931) (0.4273707,1.448321,0.5969551) (303.7705,36.13432,55.46438) (0.08099318,1.238829,0.2097069) (316.5184,44.20437,330.203)
compute 7.56686984557186(0.56438547372818,1.40947961807251,0.690575182437897) (0.515521,1.427105,0.6355536) (310.5116,25.83684,63.73476) (0.1318412,1.236674,0.2164334) (315.0729,42.75195,331.7885)
compute 7.84946624971989(0.578460097312927,1.35621321201324,0.746485888957977) (0.5643855,1.40948,0.6905752) (325.6749,12.73376,67.06503) (0.1719071,1.239594,0.2169078) (314.5113,39.16135,334.0049)
compute 0.939157573997694(0.574440360069275,1.34884560108185,0.750700354576111) (0.5784601,1.356213,0.7464859) (324.9709,2.26073,85.33661) (0.2006917,1.241681,0.2213795) (314.3343,41.70793,332.1703)
compute 9.38546109580958(0.580628931522369,1.41648542881012,0.685929656028748) (0.5744404,1.348846,0.7507004) (301.3494,13.88691,76.77879) (0.2211557,1.248276,0.2262742) (316.2488,40.48601,333.0529)
compute 7.01876322469663(0.592366635799408,1.47221779823303,0.64491218328476) (0.5806289,1.416485,0.6859297) (290.5759,18.79556,73.94238) (0.2350106,1.249354,0.2295405) (315.9384,40.61717,332.0667)
compute 4.86985626205418(0.631180107593536,1.50159919261932,0.643571257591248) (0.5923666,1.472218,0.6449122) (289.6193,21.61775,70.81628) (0.2400482,1.256079,0.2351798) (316.2561,38.83388,334.0252)
compute 6.10412528294201(0.691730916500092,1.50415778160095,0.650857388973236) (0.6311801,1.501599,0.6435713) (296.7691,40.65458,41.44751) (0.2608054,1.262663,0.2390539) (317.3596,34.74084,336.5081)
compute 5.89361667114452(0.732629776000977,1.46540832519531,0.668155789375305) (0.6917309,1.504158,0.6508574) (307.189,38.24056,33.0358) (0.2803262,1.256469,0.2409487) (318.0132,32.14413,335.1758)
compute 6.2742647932736(0.747259736061096,1.41125798225403,0.696268856525421) (0.7326298,1.465408,0.6681558) (315.6833,32.8406,30.92917) (0.2729639,1.256095,0.2447745) (315.9503,18.02184,337.9969)
compute 2.73089150987571(0.720174908638,1.4099555015564,0.69950807094574) (0.7472597,1.411258,0.6962689) (309.2808,37.59511,30.7983) (0.2576916,1.254343,0.2418159) (312.465,7.633323,342.4453)
compute 13.0814606753436(0.600880980491638,1.46304416656494,0.691569864749908) (0.7201749,1.409956,0.6995081) (292.0246,38.88027,29.15576) (0.2372773,1.255331,0.2248078) (308.0942,1.387144,345.1468)
compute 23.6865556089235(0.373012572526932,1.51912117004395,0.659372806549072) (0.600881,1.463044,0.6915699) (283.5531,295.4688,131.2696) (0.210062,1.253508,0.2169863) (306.6732,356.8444,347.9317)
compute 22.395926888278(0.157410159707069,1.51737534999847,0.598789751529694) (0.3730126,1.519121,0.6593728) (308.2784,275.003,153.1747) (0.1756027,1.256465,0.2136345) (305.756,354.8188,349.7449)
compute 10.6361814165953(0.0599693432450294,1.55182552337646,0.573663890361786) (0.1574102,1.517375,0.5987898) (309.6012,269.3435,152.8477) (0.1301637,1.257855,0.2121725) (306.1483,352.3602,351.9451)
compute 5.5386717355119(0.0105608962476254,1.57685172557831,0.573235869407654) (0.05996934,1.551826,0.5736639) (310.2761,270.1903,145.9297) (0.08446564,1.259435,0.2109406) (306.0851,349.8755,355.2104)
compute 7.8011563351635(-0.0173059664666653,1.56497514247894,0.645125985145569) (0.0105609,1.576852,0.5732359) (318.8333,294.4186,126.2605) (0.04125763,1.262765,0.2151035) (308.5292,346.6772,0.6892523)
compute 5.78276753080756(-0.0555187724530697,1.52163708209991,0.642752349376678) (-0.01730597,1.564975,0.645126) (320.8615,284.4086,130.5709) (0.009251631,1.264243,0.2169342) (310.5815,345.2112,2.821527)
compute 13.5218768650744(-0.123180203139782,1.40491282939911,0.633724868297577) (-0.05551877,1.521637,0.6427523) (335.9995,281.432,138.3129) (-0.01338694,1.264892,0.215686) (313.3114,343.6111,5.60781)
compute 8.44715607393801(-0.179247066378593,1.34237051010132,0.642692029476166) (-0.1231802,1.404913,0.6337249) (343.9294,284.7977,141.6237) (-0.03185788,1.264285,0.2114149) (314.1405,340.6545,8.723283)
compute 7.14551469624301(-0.241102293133736,1.31831824779511,0.616210758686066) (-0.1792471,1.342371,0.642692) (347.6855,278.7587,151.5037) (-0.04629719,1.263203,0.2025735) (315.9185,337.8192,11.18906)
compute 5.68157616318673(-0.289192616939545,1.28994846343994,0.605698525905609) (-0.2411023,1.318318,0.6162108) (352.2489,279.2902,146.4488) (-0.04970413,1.259231,0.193331) (316.3816,337.2677,11.64115)
compute 1.94766791829054(-0.305131047964096,1.27999663352966,0.610823810100555) (-0.2891926,1.289948,0.6056985) (354.9449,284.7775,149.7464) (-0.04644766,1.256111,0.1845625) (313.7995,342.9856,8.72944)
compute 3.364604804403(-0.280996531248093,1.29707312583923,0.594762206077576) (-0.305131,1.279997,0.6108238) (349.5362,281.0046,148.9208) (-0.02869445,1.264529,0.1788162) (309.6805,352.1831,3.578772)
compute 11.9540191541613(-0.183397620916367,1.36519253253937,0.583624124526978) (-0.2809965,1.297073,0.5947622) (335.2119,276.9351,150.3009) (-0.002570698,1.265752,0.179896) (308.5296,5.301995,354.8274)
compute 15.9311354740022(-0.0419103279709816,1.4375251531601,0.595001518726349) (-0.1833976,1.365193,0.5836241) (316.8404,279.8754,154.0273) (0.017701,1.267032,0.1858057) (308.328,12.77992,349.9614)
compute 16.3055740202516(0.111075483262539,1.48738241195679,0.621397912502289) (-0.04191033,1.437525,0.5950015) (300.6572,290.5024,151.5244) (0.04169977,1.266246,0.1982194) (309.2492,16.81794,346.5002)
compute 11.9952226346911(0.22710132598877,1.50949001312256,0.642321467399597) (0.1110755,1.487382,0.6213979) (289.8969,309.6249,138.7639) (0.079946,1.265317,0.2165434) (310.4637,19.77475,343.5869)
compute 8.29929999407456(0.301574498414993,1.51185381412506,0.678872764110565) (0.2271013,1.50949,0.6423215) (290.5462,329.5117,118.7357) (0.1312068,1.258935,0.2396307) (312.5004,24.24943,340.7081)
compute 9.06469255731003(0.362292587757111,1.50923597812653,0.746128439903259) (0.3015745,1.511854,0.6788728) (297.1264,339.6112,110.9369) (0.1846486,1.251012,0.255627) (315.3177,27.37557,337.8217)
compute 7.45144826189135(0.394522279500961,1.4925365447998,0.81120365858078) (0.3622926,1.509236,0.7461284) (308.6796,335.4888,109.3569) (0.2363861,1.251634,0.2632886) (317.2122,31.55342,335.2763)
compute 4.05202962591528(0.411367624998093,1.45576906204224,0.808697462081909) (0.3945223,1.492537,0.8112037) (311.0909,327.9445,120.9733) (0.2744479,1.253232,0.2686423) (319.8895,35.7854,332.744)
compute 4.24485957654231(0.428918361663818,1.4292174577713,0.780610680580139) (0.4113676,1.455769,0.8086975) (305.9985,313.9319,135.4306) (0.2940669,1.24857,0.2703317) (321.8123,38.03833,332.8004)
compute 3.31969916728386(0.430744022130966,1.41758501529694,0.749572098255157) (0.4289184,1.429217,0.7806107) (304.8738,299.1969,154.6189) (0.3067448,1.249471,0.2648987) (317.4594,36.05446,335.1127)
compute 4.26630715026008(0.420295506715775,1.41848933696747,0.708218157291412) (0.430744,1.417585,0.7495721) (305.64,289.3288,165.7483) (0.3051527,1.25825,0.2438761) (311.2437,32.23791,336.295)
compute 4.64820352420415(0.394647538661957,1.42411935329437,0.669863700866699) (0.4202955,1.418489,0.7082182) (307.1302,283.0584,169.7439) (0.2887743,1.25819,0.2301537) (307.2679,25.84818,338.0773)
compute 6.08193693843733(0.35011425614357,1.42909204959869,0.628741264343262) (0.3946475,1.424119,0.6698637) (311.4368,278.0164,174.9884) (0.2638412,1.254766,0.2179086) (304.8087,17.84061,342.6777)
compute 5.55186790867585(0.302756816148758,1.44280755519867,0.603217124938965) (0.3501143,1.429092,0.6287413) (313.5573,274.6293,174.3525) (0.2393675,1.253526,0.2125723) (304.3498,10.66457,347.8195)
compute 5.32750860929927(0.252511531114578,1.45648598670959,0.591967821121216) (0.3027568,1.442808,0.6032171) (316.6147,272.3114,176.7876) (0.2118399,1.254205,0.2103214) (303.7708,1.241204,354.1223)
compute 5.77097459938584(0.1954106092453,1.46210169792175,0.585774004459381) (0.2525115,1.456486,0.5919678) (319.4354,269.8654,176.6116) (0.1859143,1.256707,0.2097484) (303.979,351.7062,1.646501)
compute 4.37117429431631(0.152284801006317,1.46616947650909,0.579914450645447) (0.1954106,1.462102,0.585774) (320.9464,267.6581,176.2923) (0.162748,1.258692,0.2058419) (303.4894,345.0074,6.689347)
compute 3.04464546395803(0.125554695725441,1.47996258735657,0.575198709964752) (0.1522848,1.466169,0.5799145) (321.7907,266.5282,176.2711) (0.1433569,1.260064,0.1994071) (303.5073,338.1122,11.76874)
compute 3.36435290699065(0.113823786377907,1.51148438453674,0.576004385948181) (0.1255547,1.479963,0.5751987) (318.7626,267.0508,174.0058) (0.1244247,1.256814,0.1953969) (303.4239,336.4333,12.87569)
compute 3.90726532394445(0.113685876131058,1.5504275560379,0.579179704189301) (0.1138238,1.511484,0.5760044) (312.5419,268.6039,172.2406) (0.1110556,1.259856,0.1933567) (303.56,339.3718,9.805518)
compute 3.22563090699438(0.117100611329079,1.58238279819489,0.581949472427368) (0.1136859,1.550428,0.5791797) (306.2111,270.5532,166.9093) (0.09825066,1.262704,0.1959161) (303.9585,344.3655,4.951751)
compute 3.45655993272345(0.125976219773293,1.61284399032593,0.595665156841278) (0.1171006,1.582383,0.5819495) (300.0239,274.08,159.7745) (0.07765084,1.270783,0.2012208) (303.8867,345.4002,3.074832)
compute 5.69540297618837(0.138255834579468,1.63890886306763,0.644793510437012) (0.1259762,1.612844,0.5956652) (294.5872,293.9325,130.6727) (0.05691108,1.277444,0.2080292) (307.0935,339.34,5.607996)
compute 4.732120678636(0.13888780772686,1.63927149772644,0.692109107971191) (0.1382558,1.638909,0.6447935) (295.1457,317.8647,105.5443) (0.04014687,1.276978,0.2095345) (308.7193,326.9681,13.08805)
compute 8.78368332448605(0.0558354333043098,1.61197853088379,0.683582305908203) (0.1388878,1.639271,0.6921091) (294.9739,291.8917,123.3815) (0.03828504,1.264466,0.2112677) (312.7183,322.476,13.78431)
compute 18.1121718062583(-0.102048106491566,1.53870010375977,0.633500993251801) (0.05583543,1.611979,0.6835823) (315.358,270.6073,143.5703) (0.02928936,1.255058,0.2057093) (314.0341,318.5438,15.38096)
compute 13.662845968906(-0.215149477124214,1.47955393791199,0.584744989871979) (-0.1020481,1.5387,0.633501) (330.4832,261.8516,150.0224) (0.008422664,1.254546,0.1940626) (312.2986,317.3887,16.20173)
compute 11.0607157606724(-0.319624692201614,1.44914495944977,0.564891338348389) (-0.2151495,1.479554,0.584745) (336.1258,258.8835,147.1769) (-0.02728415,1.255852,0.1854986) (314.4803,314.6368,16.67316)
compute 9.54804882027967(-0.398626834154129,1.40804672241211,0.599331438541412) (-0.3196247,1.449145,0.5648913) (343.4573,269.5244,133.9091) (-0.06381892,1.257146,0.177265) (316.2365,311.2092,17.24943)
compute 7.35624516428555(-0.450757682323456,1.36610865592957,0.629909336566925) (-0.3986268,1.408047,0.5993314) (351.9962,276.429,133.8325) (-0.09252724,1.256631,0.1762263) (316.2151,310.8041,17.7785)
compute 3.33369494859175(-0.482003539800644,1.36853325366974,0.618544042110443) (-0.4507577,1.366109,0.6299093) (348.6165,272.8783,135.9487) (-0.1181955,1.25927,0.1808969) (316.868,307.7402,18.52411)
compute 6.4953178149045(-0.510893285274506,1.40728497505188,0.575155079364777) (-0.4820035,1.368533,0.618544) (339.3078,263.8533,142.5426) (-0.1420665,1.260646,0.1913055) (318.6282,306.5956,17.94177)
compute 6.94022254389606(-0.557563006877899,1.4302875995636,0.529225945472717) (-0.5108933,1.407285,0.5751551) (335.2399,254.4809,142.6734) (-0.1637726,1.260759,0.1983435) (320.8712,304.7027,18.25162)
compute 7.12141684634728(-0.618643701076508,1.42870593070984,0.492645829916) (-0.557563,1.430288,0.5292259) (339.9739,250.3498,142.0966) (-0.1847678,1.258235,0.2049312) (320.1559,300.0964,19.2107)
compute 6.53772953080925(-0.682147979736328,1.41583335399628,0.483945578336716) (-0.6186437,1.428706,0.4926458) (340.6573,251.1035,136.1311) (-0.206192,1.259662,0.2232) (323.7204,298.8787,17.37888)
compute 7.57183076342859(-0.746587216854095,1.39516913890839,0.51791375875473) (-0.682148,1.415833,0.4839456) (341.8352,259.0705,127.6476) (-0.2252912,1.252191,0.2429333) (323.5165,296.9195,17.17646)
compute 8.82799862174739(-0.782136619091034,1.33088779449463,0.566878080368042) (-0.7465872,1.395169,0.5179138) (349.5135,267.037,110.5128) (-0.2342164,1.252741,0.2666448) (324.5229,296.3784,17.82048)
compute 5.14238728787687(-0.77967232465744,1.2903698682785,0.598447680473328) (-0.7821366,1.330888,0.5668781) (0.04361418,269.6722,124.7684) (-0.2293366,1.251147,0.2938277) (321.392,299.1429,17.05329)
compute 7.17047423785754(-0.740753710269928,1.34976255893707,0.608418643474579) (-0.7796723,1.29037,0.5984477) (348.9196,263.6841,121.6631) (-0.2203365,1.251132,0.3178682) (318.5154,301.1011,17.97109)
compute 10.6085912662997(-0.686083555221558,1.44063782691956,0.611079692840576) (-0.7407537,1.349763,0.6084186) (336.5602,256.3337,136.6286) (-0.2180411,1.2554,0.3399371) (317.5193,302.3799,17.6714)
compute 9.83275736879684(-0.628316700458527,1.52020680904388,0.610797464847565) (-0.6860836,1.440638,0.6110797) (324.3972,249.8009,140.4845) (-0.2196793,1.253034,0.3531434) (317.6275,304.6339,15.65277)
compute 5.17082756833234(-0.595506131649017,1.5596387386322,0.604290902614594) (-0.6283167,1.520207,0.6107975) (318.859,246.1417,140.9891) (-0.2330332,1.26044,0.3509367) (315.2124,306.6249,16.17365)
compute 7.72153305377231(-0.626941561698914,1.5596958398819,0.674817621707916) (-0.5955061,1.559639,0.6042909) (325.1159,267.1944,116.4121) (-0.2442259,1.267647,0.3432744) (311.0468,315.6172,13.35754)
compute 5.59220829848756(-0.635314106941223,1.51214480400085,0.703032493591309) (-0.6269416,1.559696,0.6748176) (340.7144,271.2957,125.2068) (-0.2493287,1.274121,0.328481) (305.9336,330.3443,7.523125)
compute 3.40938746033566(-0.603846430778503,1.4994615316391,0.699669122695923) (-0.6353141,1.512145,0.7030325) (337.9607,266.788,128.796) (-0.2436945,1.277807,0.3195103) (302.8755,350.6298,355.2059)
compute 5.47108911337373(-0.550176441669464,1.50658643245697,0.691791951656342) (-0.6038464,1.499462,0.6996691) (331.0271,262.3925,142.0136) (-0.2426824,1.277421,0.303183) (299.6107,359.4262,349.6039)
compute 9.13147120194171(-0.465885877609253,1.53181433677673,0.667357742786407) (-0.5501764,1.506586,0.691792) (321.6364,258.2489,154.5511) (-0.2555318,1.278569,0.2949189) (299.2372,1.628914,350.7039)
compute 7.73266701711922(-0.392642199993134,1.5498286485672,0.650320649147034) (-0.4658859,1.531814,0.6673577) (318.1186,260.1109,162.7644) (-0.258822,1.275406,0.2933018) (300.0548,9.403448,347.8861)
compute 6.74551586100832(-0.335223168134689,1.5812976360321,0.63410472869873) (-0.3926422,1.549829,0.6503206) (312.0664,259.9426,167.9092) (-0.257915,1.274285,0.2897897) (298.8322,11.41124,347.1184)
compute 4.8717045072752(-0.304049551486969,1.61497664451599,0.617756009101868) (-0.3352232,1.581298,0.6341047) (308.8979,262.409,168.0819) (-0.2572966,1.27502,0.2886215) (299.4075,10.43774,348.903)
compute 2.56277025389374(-0.297811031341553,1.63817346096039,0.608824729919434) (-0.3040496,1.614977,0.617756) (307.6707,266.5701,162.9721) (-0.2557737,1.272186,0.2846234) (299.2057,5.966314,353.0613)
compute 1.91024610749074(-0.305664330720901,1.65354955196381,0.616998195648193) (-0.297811,1.638173,0.6088247) (308.1496,269.5632,158.8917) (-0.2567953,1.270658,0.2802299) (298.63,359.6223,357.5772)
compute 5.65853807067218(-0.31096339225769,1.65597343444824,0.673282742500305) (-0.3056643,1.65355,0.6169982) (311.341,293.3958,132.0595) (-0.2547001,1.269807,0.2737117) (298.4014,355.5059,0.5897505)
compute 5.42975505064449(-0.320718765258789,1.62398290634155,0.716057300567627) (-0.3109634,1.655973,0.6732827) (322.1145,300.8811,122.0494) (-0.2545798,1.26769,0.2658812) (297.6886,352.0079,2.461794)
compute 0.920571642721677(-0.327150136232376,1.62043702602386,0.710506677627563) (-0.3207188,1.623983,0.7160573) (318.3796,293.3581,136.1661) (-0.2558664,1.267584,0.260421) (297.041,351.9945,2.285199)
compute 5.84809619692112(-0.336446493864059,1.62441504001617,0.652906537055969) (-0.3271501,1.620437,0.7105067) (312.168,273.2236,155.6213) (-0.2564859,1.267956,0.259187) (297.9088,352.8914,1.585795)
compute 5.14929482519945(-0.35439595580101,1.62669229507446,0.604697048664093) (-0.3364465,1.624415,0.6529065) (313.0889,260.4686,169.7709) (-0.2667805,1.267744,0.2583229) (298.5592,352.2582,2.795128)
compute 3.484838293128(-0.383332699537277,1.629798412323,0.585528671741486) (-0.354396,1.626692,0.604697) (315.8554,258.7457,170.4136) (-0.2780606,1.265999,0.2561996) (298.4892,349.1123,6.013287)
compute 3.33789519630979(-0.416675865650177,1.6312358379364,0.584961652755737) (-0.3833327,1.629798,0.5855287) (318.8102,263.3352,166.9647) (-0.2861528,1.26721,0.2545926) (298.6466,347.259,7.776439)
compute 2.10106520220581(-0.432353049516678,1.64186596870422,0.594054162502289) (-0.4166759,1.631236,0.5849617) (317.2346,268.4692,160.6105) (-0.2885661,1.276234,0.2563249) (299.1732,347.9851,7.578126)
compute 2.75988331441502(-0.436116427183151,1.64409470558167,0.621304214000702) (-0.432353,1.641866,0.5940542) (316.2244,277.2131,147.5004) (-0.2764972,1.278748,0.266008) (300.1084,357.4889,0.9850516)
compute 2.1680238835072(-0.434861719608307,1.64109754562378,0.642739593982697) (-0.4361164,1.644095,0.6213042) (315.9523,280.1373,149.8583) (-0.2526146,1.281122,0.271299) (299.5285,8.363527,354.0291)
compute 3.93007605825139(-0.42334046959877,1.60741055011749,0.659382820129395) (-0.4348617,1.641098,0.6427396) (323.7473,286.3707,141.2636) (-0.2268216,1.280959,0.2729652) (301.3514,20.7464,345.7947)
compute 4.57946988124772(-0.382577538490295,1.58688366413116,0.655616521835327) (-0.4233405,1.607411,0.6593828) (325.6659,283.7358,145.0698) (-0.1876262,1.280325,0.2724272) (303.1208,33.95474,336.0565)
compute 7.03116379910237(-0.315574079751968,1.57886219024658,0.635870158672333) (-0.3825775,1.586884,0.6556165) (323.9408,277.798,150.0947) (-0.1489907,1.273557,0.2680389) (303.7227,39.06086,332.3132)
compute 10.4027582678072(-0.215299934148788,1.58177077770233,0.608331561088562) (-0.3155741,1.578862,0.6358702) (316.23,267.3701,163.9641) (-0.1039922,1.265475,0.265516) (305.1794,42.03222,331.6301)
compute 14.5155696090716(-0.0705281645059586,1.57672965526581,0.599063396453857) (-0.2152999,1.581771,0.6083316) (309.0553,266.1182,172.9837) (-0.04535679,1.249485,0.2623345) (306.9186,44.91842,331.1853)
compute 20.3413489489597(0.132639244198799,1.56931149959564,0.592353403568268) (-0.07052816,1.57673,0.5990634) (291.4277,267.4538,175.8601) (0.02008676,1.232036,0.2625178) (308.3878,44.92253,330.9487)
compute 22.0760790373289(0.351255536079407,1.53959381580353,0.600041389465332) (0.1326392,1.569311,0.5923534) (276.0919,81.96693,353.7704) (0.08108269,1.232256,0.2617357) (310.3758,42.26416,331.5036)
compute 13.7812488128562(0.46430966258049,1.50166702270508,0.669125437736511) (0.3512555,1.539594,0.6000414) (292.5362,43.68508,25.49592) (0.1248337,1.244139,0.2564959) (310.3813,43.31989,328.5376)
compute 8.24369902701924(0.504266858100891,1.4597635269165,0.727805733680725) (0.4643097,1.501667,0.6691254) (306.0288,35.87021,24.59477) (0.1465743,1.248678,0.2552327) (311.7121,39.93836,329.8213)
compute 3.4451790700785(0.486194252967834,1.45629978179932,0.756931483745575) (0.5042669,1.459764,0.7278057) (302.6852,22.81216,38.96892) (0.154832,1.248618,0.2525055) (310.8218,35.85199,330.8048)
compute 7.57419718902403(0.421884298324585,1.4916398525238,0.738165676593781) (0.4861943,1.4563,0.7569315) (291.5233,7.189987,60.87469) (0.1441754,1.247808,0.2444543) (308.3692,33.09862,332.3504)
compute 14.40569768525(0.307561755180359,1.52859497070313,0.658685564994812) (0.4218843,1.49164,0.7381657) (284.1169,294.7195,132.5698) (0.1249717,1.247022,0.2408646) (307.1606,31.11646,333.6741)
compute 8.76151204341289(0.224960044026375,1.55130517482758,0.640311300754547) (0.3075618,1.528595,0.6586856) (295.3811,285.8738,136.9438) (0.1074441,1.24553,0.238791) (308.2296,29.67304,335.5392)
compute 3.87210144451592(0.208059266209602,1.57539391517639,0.665479004383087) (0.22496,1.551305,0.6403113) (297.9621,301.8385,128.1332) (0.08486836,1.250648,0.233887) (307.2693,27.87284,337.6928)
compute 2.15394904328763(0.19945439696312,1.57211530208588,0.684950947761536) (0.2080593,1.575394,0.665479) (305.7307,310.1607,122.1586) (0.08010823,1.250398,0.2280294) (306.0228,31.00224,334.4923)
compute 2.89134944113(0.208468869328499,1.5698573589325,0.65757155418396) (0.1994544,1.572115,0.6849509) (296.9887,295.0461,136.6223) (0.07783516,1.251793,0.2239551) (306.3672,33.96356,332.1361)
compute 5.85073500874594(0.254956603050232,1.56296360492706,0.622722208499908) (0.2084689,1.569857,0.6575716) (288.2967,276.8688,159.0809) (0.08755767,1.253837,0.2227233) (307.3091,37.93552,331.0048)
compute 10.0547823473931(0.349093616008759,1.55823588371277,0.587711691856384) (0.2549566,1.562964,0.6227222) (279.3199,260.3079,182.5311) (0.1247825,1.252513,0.2261459) (310.0142,46.14037,325.4259)
compute 13.4653381306527(0.479227811098099,1.53736650943756,0.56012374162674) (0.3490936,1.558236,0.5877117) (273.6315,135.2925,308.1917) (0.1669365,1.245158,0.2384988) (312.8244,46.97115,327.2293)
compute 12.7532916919663(0.603439509868622,1.51377153396606,0.543409168720245) (0.4792278,1.537367,0.5601237) (280.5008,97.05302,348.6961) (0.2219006,1.233295,0.2503842) (313.5162,47.24014,327.7209)
compute 8.63847595383671(0.68771231174469,1.49487280845642,0.541603684425354) (0.6034395,1.513772,0.5434092) (283.7225,73.69177,13.6236) (0.2842499,1.224496,0.268216) (314.3206,46.97625,328.6489)
compute 5.3349083684747(0.740999042987823,1.49254560470581,0.542714178562164) (0.6877123,1.494873,0.5416037) (283.573,73.76728,12.41107) (0.3408799,1.230803,0.2854274) (315.261,44.93131,330.1792)
compute 4.21064155935762(0.769137442111969,1.50355517864227,0.572039425373077) (0.740999,1.492546,0.5427142) (280.7455,47.19476,39.71176) (0.3810039,1.24582,0.2977724) (315.5573,44.1451,330.5564)
compute 3.5557098602364(0.791087806224823,1.51245141029358,0.598560094833374) (0.7691374,1.503555,0.5720394) (283.2063,44.28532,41.39848) (0.4041036,1.250868,0.3090421) (317.5352,44.91222,331.3293)
compute 3.12374474419524(0.803776919841766,1.51137566566467,0.627083897590637) (0.7910878,1.512451,0.5985601) (289.3549,41.04298,42.16823) (0.4166767,1.255039,0.3163866) (319.4485,45.8162,331.9131)
compute 3.67463000507427(0.83333283662796,1.50351846218109,0.647455513477325) (0.8037769,1.511376,0.6270839) (296.2026,41.90719,43.22902) (0.4222767,1.254352,0.3243486) (320.3173,44.99544,332.7465)
compute 5.74808863971579(0.877839922904968,1.47352981567383,0.668043196201324) (0.8333328,1.503518,0.6474555) (306.9446,45.28519,32.32869) (0.4331511,1.247858,0.3309349) (321.4418,44.32597,332.533)
compute 7.90362636055644(0.932010531425476,1.42214393615723,0.693961679935455) (0.8778399,1.47353,0.6680432) (319.7521,52.39154,22.46139) (0.4418035,1.245609,0.3396942) (323.6303,39.71331,332.9843)
compute 2.52279732900804(0.937385261058807,1.41742014884949,0.718153595924377) (0.9320105,1.422144,0.6939617) (314.1818,48.35135,29.0757) (0.4266087,1.244927,0.3426387) (321.1635,30.3581,336.2265)
compute 4.58469780393123(0.902560114860535,1.44625091552734,0.710541665554047) (0.9373853,1.41742,0.7181536) (300.4242,58.76889,16.91873) (0.3896316,1.254074,0.333277) (313.5381,13.08488,341.4187)
compute 12.4950229527922(0.789074957370758,1.48765158653259,0.678609490394592) (0.9025601,1.446251,0.7105417) (284.2859,75.23859,358.9265) (0.3483126,1.261337,0.3147669) (308.0958,350.206,354.1122)
compute 14.3866270074552(0.64893102645874,1.51284265518188,0.658052444458008) (0.789075,1.487652,0.6786095) (271.7734,233.8799,192.1675) (0.3069393,1.262195,0.2938665) (306.2865,334.8588,3.415685)
compute 13.6230664974736(0.513532161712646,1.51876747608185,0.644237995147705) (0.648931,1.512843,0.6580524) (283.8795,255.8006,166.4937) (0.2773556,1.262191,0.2814465) (305.6727,327.4149,8.509798)
compute 12.2555768863306(0.393782466650009,1.51254498958588,0.618915915489197) (0.5135322,1.518767,0.644238) (294.4187,251.6552,167.7703) (0.237015,1.259619,0.2665505) (305.9028,324.912,9.738564)
compute 10.7021124534371(0.293897747993469,1.49190652370453,0.58650267124176) (0.3937825,1.512545,0.6189159) (303.5306,245.0896,171.5831) (0.2017142,1.259365,0.2506324) (306.5083,322.9571,10.76501)
compute 11.4325668619249(0.203875482082367,1.44249427318573,0.536255478858948) (0.2938977,1.491907,0.5865027) (312.7966,238.6713,173.6194) (0.1718161,1.25862,0.2317063) (306.8174,322.927,10.968)
compute 12.3710483444883(0.122977651655674,1.36227631568909,0.488038212060928) (0.2038755,1.442494,0.5362555) (321.8596,236.056,174.7602) (0.1435379,1.255462,0.2113476) (307.9081,326.0338,9.570587)
compute 13.4474015285602(0.0466572903096676,1.25688827037811,0.45409968495369) (0.1229777,1.362276,0.4880382) (332.1363,237.5806,176.8348) (0.1203951,1.254933,0.1950478) (311.3787,329.7062,8.159828)
compute 10.1153203134966(0.00101830868516117,1.16674256324768,0.449324160814285) (0.04665729,1.256888,0.4540997) (335.6038,242.8866,178.9603) (0.1073889,1.247352,0.1838654) (314.8445,337.9171,2.804255)
compute 5.67888437303186(-0.000438516814028844,1.11006903648376,0.446013301610947) (0.001018309,1.166743,0.4493242) (325.345,249.364,161.6722) (0.1023634,1.243767,0.1760421) (318.999,342.6963,1.655389)
compute 4.95001553832655(0.020324943587184,1.06616258621216,0.436454653739929) (-0.0004385168,1.110069,0.4460133) (315.6364,255.1656,154.1813) (0.1056949,1.237098,0.1720068) (322.4361,344.3891,0.1027142)
compute 3.29263343906482(0.0404214486479759,1.04146933555603,0.428057193756104) (0.02032494,1.066163,0.4364547) (315.7901,260.4567,151.5497) (0.1211112,1.232441,0.1645876) (325.4321,345.4275,359.2309)
compute 2.77569972434702(0.06656414270401,1.03397560119629,0.422502517700195) (0.04042145,1.041469,0.4280572) (312.319,262.0408,150.1401) (0.1403025,1.232058,0.1536382) (325.899,344.7858,359.354)
compute 2.5721574055421(0.0860565379261971,1.02485382556915,0.408415675163269) (0.06656414,1.033976,0.4225025) (310.8316,259.4728,149.3974) (0.1655537,1.240784,0.1428568) (326.2727,344.44,359.4621)
compute 2.82001696923123(0.0993781611323357,1.03476023674011,0.385619908571243) (0.08605654,1.024854,0.4084157) (315.06,262.5392,149.597) (0.1798694,1.251756,0.1351775) (324.2503,344.5133,357.7254)
compute 3.78881595495671(0.13066454231739,1.0442088842392,0.366452276706696) (0.09937816,1.03476,0.3856199) (309.9108,265.7271,148.2424) (0.1816887,1.249817,0.1329185) (325.6001,344.0038,358.1739)
compute 1.70756678893409(0.142857521772385,1.04321813583374,0.354538917541504) (0.1306645,1.044209,0.3664523) (306.4515,268.877,142.3897) (0.1721839,1.245856,0.1316565) (326.4778,343.3391,357.9931)
compute 1.40005099097321(0.135510340332985,1.03134703636169,0.355592578649521) (0.1428575,1.043218,0.3545389) (308.5087,269.3791,141.4275) (0.1596352,1.247302,0.1305679) (326.1926,340.6754,359.0664)
compute 3.65053838891482(0.119146779179573,1.00129497051239,0.368310689926147) (0.1355103,1.031347,0.3555926) (309.8524,269.3506,141.0508) (0.1415877,1.246733,0.1299867) (327.679,339.1884,359.6053)
compute 1.98021112150308(0.0995685458183289,0.999363839626312,0.366055220365524) (0.1191468,1.001295,0.3683107) (312.535,267.036,144.0978) (0.1245213,1.243255,0.1283748) (325.6049,340.5449,0.2547811)
compute 1.42395600731491(0.088058739900589,0.991505801677704,0.368977665901184) (0.09956855,0.9993638,0.3660552) (314.3452,269.9625,142.2675) (0.1087081,1.25186,0.1106407) (321.1446,343.4909,358.3418)
compute 2.17562532690914(0.088743269443512,0.993780851364136,0.390603810548782) (0.08805874,0.9915058,0.3689777) (312.7796,274.1249,138.9552) (0.0998867,1.258662,0.08365034) (317.3319,343.51,357.5783)
compute 2.03873450785351(0.0905912443995476,1.01036739349365,0.402313441038132) (0.08874327,0.9937809,0.3906038) (308.9123,272.5246,138.9736) (0.09725669,1.259364,0.03824025) (314.4609,343.5023,356.5584)
compute 2.16024170922663(0.0944843739271164,1.0277065038681,0.414596080780029) (0.09059124,1.010367,0.4023134) (306.6914,269.0526,139.6207) (0.09260275,1.25557,0.01561674) (313.0298,343.3376,356.7544)
compute 2.91155004546315(0.107924751937389,1.04417908191681,0.434488862752914) (0.09448437,1.027707,0.4145961) (307.7693,266.538,143.0788) (0.08638669,1.252986,0.003651449) (311.0642,343.4024,357.8526)
compute 2.01679379660913(0.121448509395123,1.05259191989899,0.446861326694489) (0.1079248,1.044179,0.4344889) (308.3459,264.9207,145.4607) (0.08456126,1.252722,-0.0003683744) (311.1064,345.2556,357.8039)
compute 1.02874345951581(0.131648138165474,1.05258274078369,0.445520132780075) (0.1214485,1.052592,0.4468613) (308.6805,266.3773,145.9287) (0.08255008,1.252174,0.002078929) (311.8029,347.3842,357.1552)
compute 1.44907799789959(0.145289927721024,1.05275571346283,0.440636038780212) (0.1316481,1.052583,0.4455201) (308.4519,267.4266,145.4047) (0.0869739,1.250141,0.004735836) (313.8779,349.1202,356.7054)
Average= 6.71746855640332
Max= 54.8870633437113
Standard Deviation= 7.45823292448025
Right: 28    Miss: 12
0
