compute 22.5839238095258(-0.078892782330513,0.832385003566742,0.267800778150558) (-0.2081861,0.6685451,0.354074) (310.9304,20.99372,243.2469) (-0.1431467,1.192983,-0.08589786) (315.4441,4.614267,350.9132)
compute 0.485483450488446(-0.0761407539248466,0.834349513053894,0.271284520626068) (-0.07889278,0.832385,0.2678008) (311.6657,22.66682,242.328) (-0.1443296,1.194832,-0.08558662) (314.6407,4.383072,350.6781)
compute 0.736503615784995(-0.07138592004776,0.833779454231262,0.276880085468292) (-0.07614075,0.8343495,0.2712845) (312.5782,23.75105,242.1171) (-0.1471889,1.195761,-0.08590697) (314.6716,2.862814,351.1055)
compute 0.406353894479013(-0.0708544701337814,0.833984732627869,0.280903488397598) (-0.07138592,0.8337795,0.2768801) (312.8888,24.02943,242.0329) (-0.1495892,1.195641,-0.08712479) (313.651,2.515619,350.8085)
compute 0.461056758433106(-0.0745107531547546,0.836417615413666,0.282307058572769) (-0.07085447,0.8339847,0.2809035) (312.2424,24.03145,241.6917) (-0.1504653,1.195598,-0.09051624) (313.555,2.538537,350.6426)
compute 0.223433260501882(-0.0742654353380203,0.838314235210419,0.283462435007095) (-0.07451075,0.8364176,0.2823071) (311.8282,24.59602,241.365) (-0.1516002,1.194455,-0.09189242) (312.9724,3.642087,349.8333)
compute 0.53562687378164(-0.0694014206528664,0.840326428413391,0.28247144818306) (-0.07426544,0.8383142,0.2834624) (311.4027,25.59155,241.0638) (-0.14918,1.194698,-0.09517181) (311.8091,6.406028,347.9612)
compute 1.03722500979151(-0.0608916878700256,0.840657651424408,0.276550441980362) (-0.06940142,0.8403264,0.2824714) (311.4289,26.78238,240.9046) (-0.1459128,1.196463,-0.09588023) (310.8437,9.816471,346.0215)
compute 1.37122595626549(-0.0482638813555241,0.841293692588806,0.271243840456009) (-0.06089169,0.8406577,0.2765504) (311.015,28.68159,241.0619) (-0.144672,1.196769,-0.0960155) (311.5665,11.39231,345.801)
compute 1.32120698242203(-0.035614226013422,0.844250738620758,0.268835335969925) (-0.04826388,0.8412937,0.2712438) (309.5511,30.37849,241.7944) (-0.1449081,1.196408,-0.09381135) (311.755,12.18405,345.7563)
compute 0.812366125539496(-0.0276742503046989,0.844797968864441,0.267207086086273) (-0.03561423,0.8442507,0.2688353) (309.6935,31.32334,241.9882) (-0.1453115,1.196537,-0.09331251) (311.617,12.77299,345.3785)
compute 0.701856212328443(-0.0210268869996071,0.843884408473969,0.265148401260376) (-0.02767425,0.844798,0.2672071) (310.2037,32.14579,242.1864) (-0.144863,1.198024,-0.0957028) (310.6526,13.7605,344.5264)
compute 0.278880000488235(-0.0193635784089565,0.844238758087158,0.262938141822815) (-0.02102689,0.8438844,0.2651484) (310.0859,32.44572,242.1241) (-0.1437292,1.197956,-0.09959781) (310.6656,14.43342,343.8931)
compute 0.347411349002728(-0.0174478124827147,0.844598948955536,0.260062456130981) (-0.01936358,0.8442388,0.2629381) (309.057,32.8813,241.5381) (-0.1437752,1.198102,-0.1034141) (310.7253,14.7199,343.7624)
compute 0.228459362277371(-0.0163211580365896,0.845329165458679,0.258213996887207) (-0.01744781,0.8445989,0.2600625) (307.6025,33.15827,241.4331) (-0.1434033,1.197538,-0.1062862) (310.6247,14.46645,344.1143)
compute 0.0888379669808797(-0.016141016036272,0.845848560333252,0.257516145706177) (-0.01632116,0.8453292,0.258214) (306.9261,33.24438,242.0487) (-0.1457954,1.196915,-0.1094536) (310.0572,14.69371,343.6502)
compute 0.172249670818531(-0.0163156110793352,0.846469044685364,0.255918800830841) (-0.01614102,0.8458486,0.2575161) (306.2259,32.90914,245.155) (-0.1467193,1.196836,-0.1121846) (309.5787,14.45494,343.5922)
compute 0.178340135277678(-0.0166977383196354,0.84693169593811,0.25423938035965) (-0.01631561,0.846469,0.2559188) (306.0077,32.83115,247.1146) (-0.1469428,1.197206,-0.1127969) (309.5203,13.75988,344.2642)
compute 0.236403837295716(-0.0190248042345047,0.847092747688293,0.253855317831039) (-0.01669774,0.8469317,0.2542394) (305.8375,33.60501,247.4984) (-0.1434702,1.197559,-0.11227) (309.8251,12.90544,345.0464)
compute 0.115680058971707(-0.0200842395424843,0.847550392150879,0.253934979438782) (-0.0190248,0.8470927,0.2538553) (305.74,33.74571,247.769) (-0.1322636,1.200256,-0.1106001) (309.1349,11.86963,345.2983)
compute 0.575792215078485(-0.0157573521137238,0.849631607532501,0.257113069295883) (-0.02008424,0.8475504,0.253935) (304.0303,33.35453,249.1532) (-0.1229609,1.201861,-0.1092742) (308.753,11.72985,345.3343)
compute 0.89217107163899(-0.00698661804199219,0.850918829441071,0.258120149374008) (-0.01575735,0.8496316,0.2571131) (303.0147,35.62479,248.0983) (-0.1140747,1.201637,-0.1091233) (308.6257,12.23974,345.3542)
compute 0.955545178248197(0.00229696021415293,0.852052867412567,0.256161630153656) (-0.006986618,0.8509188,0.2581201) (299.2885,40.30529,247.7427) (-0.1073225,1.20061,-0.1096183) (308.9247,12.84127,344.9862)
compute 0.787443182982054(0.00972607638686895,0.85306715965271,0.253756195306778) (0.00229696,0.8520529,0.2561616) (297.1749,43.32727,249.8149) (-0.1031324,1.200389,-0.1100146) (309.3637,13.45521,344.5737)
compute 0.65461007162665(0.0159654002636671,0.853417932987213,0.251807034015656) (0.009726076,0.8530672,0.2537562) (297.2246,43.14535,251.1722) (-0.09996857,1.199554,-0.1090866) (309.3387,12.86859,345.0472)
compute 0.203712900856042(0.0179516673088074,0.853396534919739,0.252258896827698) (0.0159654,0.8534179,0.251807) (299.4149,39.95014,256.6332) (-0.09812581,1.19875,-0.1089149) (309.2156,11.64752,345.8353)
compute 0.226610543710926(0.0172185879200697,0.85335385799408,0.254402726888657) (0.01795167,0.8533965,0.2522589) (303.0193,32.69157,265.8125) (-0.09552971,1.198391,-0.1116124) (309.0488,11.31386,345.8112)
compute 0.280387981178207(0.0171724166721106,0.85243159532547,0.257050186395645) (0.01721859,0.8533539,0.2544027) (307.9932,29.38756,270.2387) (-0.09260617,1.197578,-0.1174755) (308.1429,11.10661,345.5182)
compute 0.0962514481278281(0.0173630211502314,0.851494371891022,0.257158428430557) (0.01717242,0.8524316,0.2570502) (308.7785,29.05821,270.624) (-0.09091972,1.197095,-0.1216372) (307.0214,9.755687,346.2589)
compute 1.00624593902463(0.00730838906019926,0.851147711277008,0.256965309381485) (0.01736302,0.8514944,0.2571584) (307.2077,30.70657,269.3835) (-0.0885663,1.196326,-0.127073) (306.7543,6.916354,347.9454)
compute 1.31139680820893(-0.00564835499972105,0.85091358423233,0.258976310491562) (0.007308389,0.8511477,0.2569653) (306.0472,33.5775,266.5297) (-0.08822723,1.195959,-0.1289576) (306.2421,4.548249,349.5083)
compute 1.01112012623062(-0.0157414097338915,0.850560188293457,0.259467989206314) (-0.005648355,0.8509136,0.2589763) (304.6839,35.57363,264.2195) (-0.08890316,1.195523,-0.1291583) (306.2442,3.276482,350.4085)
compute 0.806920773479875(-0.0237997770309448,0.850453972816467,0.259063571691513) (-0.01574141,0.8505602,0.259468) (302.2395,35.89329,263.8017) (-0.08781512,1.195403,-0.131774) (305.9535,1.39209,351.6775)
compute 0.622643223157627(-0.0300075430423021,0.850039899349213,0.258817315101624) (-0.02379978,0.850454,0.2590636) (301.0895,35.97266,263.192) (-0.08558521,1.194976,-0.1350963) (305.2238,2.087646,350.775)
compute 0.541717459924309(-0.0246859602630138,0.849600851535797,0.257904201745987) (-0.03000754,0.8500399,0.2588173) (299.9205,37.80826,261.4863) (-0.0776477,1.194724,-0.1373956) (305.142,4.195444,349.148)
compute 1.34482901707711(-0.0115402601659298,0.849500060081482,0.255069255828857) (-0.02468596,0.8496009,0.2579042) (298.8836,40.67886,260.4923) (-0.07241413,1.194129,-0.1383173) (304.7263,6.393306,347.4484)
compute 1.08975434037919(-0.000966517545748502,0.849338412284851,0.252437472343445) (-0.01154026,0.8495001,0.2550693) (299.0306,41.64321,261.0797) (-0.06642966,1.195029,-0.1365536) (305.0724,7.385258,346.5699)
compute 0.599943792266908(0.00437869969755411,0.849788010120392,0.249750509858131) (-0.0009665175,0.8493384,0.2524375) (296.6048,42.84507,263.4246) (-0.05934155,1.195596,-0.1308948) (306.029,7.956289,345.9319)
compute 0.734313210604432(0.011286361142993,0.850505590438843,0.247364953160286) (0.0043787,0.849788,0.2497505) (293.3175,45.60639,264.3989) (-0.05624627,1.195429,-0.1245348) (307.1931,9.457342,345.0279)
compute 0.802405712254674(0.0192391462624073,0.850774824619293,0.246332377195358) (0.01128636,0.8505056,0.247365) (292.7592,46.89716,266.0479) (-0.05815043,1.195692,-0.1216625) (307.3658,10.68623,344.5505)
compute 0.203158772374729(0.0211953092366457,0.85131573677063,0.246422871947289) (0.01923915,0.8507748,0.2463324) (293.4353,44.50433,272.7039) (-0.06771436,1.197132,-0.119874) (307.6093,9.717406,345.5732)
compute 1.63743725934753(0.00523057486861944,0.852003872394562,0.249996915459633) (0.02119531,0.8513157,0.2464229) (295.6062,41.55359,277.0005) (-0.08109207,1.198986,-0.1179731) (307.5536,4.261538,349.3258)
compute 4.75375560516109(-0.0414142645895481,0.852699995040894,0.259139865636826) (0.005230575,0.8520039,0.2499969) (295.6013,40.25882,278.4409) (-0.09986532,1.200526,-0.1156317) (307.9941,355.589,354.8637)
compute 4.25855888921093(-0.0838246718049049,0.854005515575409,0.262771040201187) (-0.04141426,0.8527,0.2591399) (292.2782,29.57238,290.114) (-0.1096124,1.200393,-0.1152203) (308.1826,354.2318,355.0423)
compute 1.15592022984233(-0.0953353345394135,0.854559600353241,0.263672590255737) (-0.08382467,0.8540055,0.262771) (292.7314,25.56292,292.2869) (-0.1128213,1.199902,-0.1132031) (308.8662,356.3461,352.5193)
compute 0.550850631441438(-0.100759647786617,0.854860067367554,0.264583736658096) (-0.09533533,0.8545596,0.2636726) (292.8787,23.84199,292.5862) (-0.1156577,1.200806,-0.1100014) (309.5824,353.1362,354.4203)
compute 0.833197550577818(-0.109054930508137,0.855516850948334,0.265006512403488) (-0.1007596,0.8548601,0.2645837) (291.8586,21.76456,293.9901) (-0.1184001,1.200148,-0.1088037) (309.979,356.7119,352.362)
compute 1.58473256838525(-0.0932258814573288,0.856078565120697,0.264493256807327) (-0.1090549,0.8555169,0.2650065) (290.9369,21.46797,297.603) (-0.1157807,1.199933,-0.1070268) (311.6447,3.196807,349.2768)
compute 3.4954783040461(-0.0586471222341061,0.856963574886322,0.25945708155632) (-0.09322588,0.8560786,0.2644933) (293.1682,21.54527,306.5844) (-0.1136665,1.198706,-0.107576) (312.942,10.49172,346.041)
compute 3.51529826587282(-0.0251876767724752,0.858205616474152,0.248749375343323) (-0.05864712,0.8569636,0.2594571) (292.924,22.10109,315.108) (-0.1116876,1.197239,-0.1056887) (314.4748,14.69982,345.2297)
compute 1.12141250179321(-0.015744574368,0.858814120292664,0.242731556296349) (-0.02518768,0.8582056,0.2487494) (290.2916,25.09979,314.8568) (-0.1234031,1.199174,-0.1017298) (314.8916,7.432775,351.4601)
compute 6.20332599896479(-0.0769745111465454,0.859669983386993,0.252645581960678) (-0.01574457,0.8588141,0.2427316) (284.8774,2.418508,343.8452) (-0.1442304,1.201356,-0.09725135) (314.5975,354.1989,359.6633)
compute 8.37559575454538(-0.160352736711502,0.859690546989441,0.260591119527817) (-0.07697451,0.85967,0.2526456) (284.9356,339.3492,6.270994) (-0.1695967,1.191851,-0.0901469) (316.709,345.9988,2.462119)
compute 4.94532944100453(-0.209373027086258,0.854117214679718,0.257188558578491) (-0.1603527,0.8596905,0.2605911) (278.7569,288.8646,59.44317) (-0.1948024,1.186359,-0.08257363) (317.2599,346.9987,0.3248535)
compute 19.5150133310156(-0.245405331254005,1.04078805446625,0.301225423812866) (-0.209373,0.8541172,0.2571886) (281.1853,243.8671,105.8593) (-0.2186841,1.183536,-0.07779047) (316.7059,349.1425,356.5915)
compute 5.31855892408849(-0.294442474842072,1.06020271778107,0.308091014623642) (-0.2454053,1.040788,0.3012254) (283.2623,231.2178,121.3338) (-0.239228,1.189144,-0.07743002) (318.3055,349.0666,354.8504)
compute 4.45158447274394(-0.338305681943893,1.05373883247375,0.312078207731247) (-0.2944425,1.060203,0.308091) (289.402,236.6278,123.678) (-0.2556002,1.189719,-0.07234909) (319.1676,346.9637,356.4414)
compute 3.4000991768227(-0.371550440788269,1.04909551143646,0.317490518093109) (-0.3383057,1.053739,0.3120782) (295.1866,237.973,129.3822) (-0.2634103,1.191717,-0.06239471) (319.7863,343.5604,359.2015)
compute 6.95969232948429(-0.38579660654068,1.11711621284485,0.313753813505173) (-0.3715504,1.049096,0.3174905) (300.0703,222.8173,148.0129) (-0.2669886,1.186565,-0.04654606) (321.1262,341.9392,0.1935203)
compute 11.5628552592323(-0.402315735816956,1.23134982585907,0.306842774152756) (-0.3857966,1.117116,0.3137538) (307.6069,210.5108,167.1573) (-0.2865793,1.180535,-0.02270778) (320.1409,344.0794,358.6075)
compute 11.0403663058471(-0.424219101667404,1.33911740779877,0.316608011722565) (-0.4023157,1.23135,0.3068428) (309.7314,207.1642,180.7117) (-0.3149254,1.16814,0.001709563) (321.1929,347.2598,356.9171)
compute 7.87227490515428(-0.453816711902618,1.40874028205872,0.338377445936203) (-0.4242191,1.339117,0.316608) (309.8353,210.2507,186.2763) (-0.3553627,1.159313,0.0234539) (321.1574,352.0172,353.651)
compute 6.20662897900512(-0.486942261457443,1.45624661445618,0.360694944858551) (-0.4538167,1.40874,0.3383774) (311.7681,218.5247,186.2185) (-0.4040928,1.172139,0.04228054) (317.8844,355.5045,351.2314)
compute 6.57809943871189(-0.524807333946228,1.49664437770844,0.396211087703705) (-0.4869423,1.456247,0.3606949) (312.5979,221.5602,186.8131) (-0.4481136,1.193825,0.05752903) (318.1118,354.147,352.7013)
compute 4.48712648028545(-0.560494542121887,1.50913119316101,0.420375794172287) (-0.5248073,1.496644,0.3962111) (313.7867,226.2683,184.2658) (-0.4771048,1.194892,0.07416291) (320.4678,354.5853,352.4273)
compute 4.861238190629(-0.596285164356232,1.50219321250916,0.452532589435577) (-0.5604945,1.509131,0.4203758) (317.3834,224.4865,186.3976) (-0.4999991,1.187275,0.08980712) (320.7821,356.4724,350.8729)
compute 12.5766880883004(-0.633215487003326,1.45265698432922,0.56207537651062) (-0.5962852,1.502193,0.4525326) (312.097,258.7204,156.0526) (-0.5161317,1.17503,0.1049901) (320.519,357.3464,349.7104)
compute 10.1289201110453(-0.639453589916229,1.37309420108795,0.62444806098938) (-0.6332155,1.452657,0.5620754) (321.2559,285.745,135.567) (-0.5163693,1.168244,0.1078799) (322.5391,1.747977,350.0373)
compute 3.65456243084987(-0.616546094417572,1.35638403892517,0.601391613483429) (-0.6394536,1.373094,0.6244481) (312.5147,253.5354,155.4399) (-0.4842796,1.168187,0.09691597) (320.9624,19.11405,345.0628)
compute 10.3913602239302(-0.532430827617645,1.33051383495331,0.546134114265442) (-0.6165461,1.356384,0.6013916) (307.9331,237.3897,159.4273) (-0.4382266,1.17479,0.07090677) (323.9914,39.19635,338.8723)
compute 16.4070410590503(-0.390284210443497,1.30489659309387,0.468306124210358) (-0.5324308,1.330514,0.5461341) (307.0169,218.0042,177.283) (-0.4090672,1.173835,0.0537857) (326.0667,45.18296,337.1591)
compute 15.6334023586904(-0.248557761311531,1.28285813331604,0.406110882759094) (-0.3902842,1.304897,0.4683061) (306.8331,218.5949,189.0216) (-0.380419,1.166946,0.04631693) (327.3611,42.9753,339.7658)
compute 15.3481881987452(-0.100787103176117,1.27442944049835,0.36549711227417) (-0.2485578,1.282858,0.4061109) (301.2324,216.1385,207.3661) (-0.3348971,1.153382,0.04294276) (329.2785,41.23166,340.6218)
compute 11.5860034869554(0.0150229213759303,1.27763819694519,0.366633266210556) (-0.1007871,1.274429,0.3654971) (290.8616,213.5587,216.872) (-0.2628604,1.139208,0.05649781) (332.1729,39.84946,342.4464)
compute 9.63221049492095(0.11051856726408,1.27695143222809,0.379205346107483) (0.01502292,1.277638,0.3666333) (285.1796,203.5645,228.1379) (-0.1922177,1.136114,0.07039884) (333.3931,39.21122,342.952)
compute 8.30170810206972(0.189707383513451,1.28515315055847,0.402736157178879) (0.1105186,1.276951,0.3792053) (283.3008,193.4778,237.3957) (-0.1185926,1.142665,0.08199833) (335.7336,37.01226,344.6144)
compute 5.44516566084086(0.226620003581047,1.31243300437927,0.432032078504562) (0.1897074,1.285153,0.4027362) (284.0342,213.0429,218.4536) (-0.07521611,1.170498,0.09729749) (335.0655,35.00248,345.4024)
compute 7.6074699104103(0.281772911548615,1.32193052768707,0.483561813831329) (0.22662,1.312433,0.4320321) (283.6294,202.4291,233.6732) (-0.05019062,1.171739,0.1116352) (335.2578,34.60046,344.0359)
compute 12.4916788436102(0.335627108812332,1.2789044380188,0.587738037109375) (0.2817729,1.321931,0.4835618) (301.3336,21.26398,49.41379) (-0.03890616,1.16488,0.128152) (336.1298,33.72665,342.9304)
compute 8.93774044459832(0.27603554725647,1.27018046379089,0.521699726581573) (0.3356271,1.278904,0.587738) (273.1212,239.8155,183.4384) (-0.02890943,1.165944,0.1371728) (337.8447,33.73662,342.7614)
compute 5.34311934481059(0.225511834025383,1.25323820114136,0.517800152301788) (0.2760355,1.27018,0.5216997) (288.2191,239.563,182.0873) (-0.001699496,1.158657,0.1477759) (338.6424,33.46908,343.7376)
compute 6.71828825298676(0.185089111328125,1.22798800468445,0.5651496052742) (0.2255118,1.253238,0.5178002) (300.8098,245.6248,175.333) (0.03857139,1.141448,0.1634843) (337.3984,32.88285,343.4264)
compute 13.8867433037074(0.172088012099266,1.1702516078949,0.690774619579315) (0.1850891,1.227988,0.5651496) (322.2244,303.4847,122.4043) (0.08257697,1.139695,0.173987) (337.0856,33.29467,342.295)
compute 12.6568503176274(0.246489718556404,1.22793471813202,0.606177747249603) (0.172088,1.170252,0.6907746) (297.8271,258.7249,161.8076) (0.1029281,1.152566,0.1813831) (336.9067,32.08541,343.5282)
compute 12.4621670002129(0.330980837345123,1.2873203754425,0.536427080631256) (0.2464897,1.227935,0.6061777) (295.4354,228.644,200.9879) (0.1147785,1.161854,0.1763983) (334.9701,32.34859,342.9615)
compute 15.2284901996258(0.464761883020401,1.30502068996429,0.606996357440948) (0.3309808,1.28732,0.5364271) (288.7622,62.84118,350.3802) (0.1119534,1.174362,0.1507759) (328.1101,33.40397,341.2718)
compute 4.95169727233119(0.437969982624054,1.30009353160858,0.565646052360535) (0.4647619,1.305021,0.6069964) (275.3933,26.90951,30.21733) (0.08888025,1.184878,0.1175732) (320.2473,28.80271,343.0795)
compute 2.77204300586466(0.427887618541718,1.27992725372314,0.581773340702057) (0.43797,1.300094,0.5656461) (284.2436,358.2462,58.28495) (0.07035393,1.182649,0.09466255) (317.399,22.32286,344.7496)
compute 6.34621264190205(0.379422158002853,1.2737752199173,0.541267871856689) (0.4278876,1.279927,0.5817733) (275.0682,315.4042,99.32833) (0.03478869,1.17147,0.07874859) (314.5538,7.025126,352.6969)
compute 11.3274502509702(0.277946531772614,1.26371800899506,0.491945832967758) (0.3794222,1.273775,0.5412679) (291.281,249.3751,166.3912) (-0.009175997,1.15924,0.06211059) (315.8418,353.8295,357.7243)
compute 9.97480646226399(0.18321530520916,1.26596212387085,0.460790812969208) (0.2779465,1.263718,0.4919458) (301.615,229.3769,181.084) (-0.03753261,1.161605,0.05072738) (316.259,354.9075,355.0568)
compute 11.1741880711793(0.085848331451416,1.31897580623627,0.446809738874435) (0.1832153,1.265962,0.4607908) (304.9408,221.7248,184.7417) (-0.05648344,1.174694,0.05086266) (319.0416,356.8127,351.0854)
compute 9.77042447145834(0.0078118578530848,1.3769543170929,0.437067002058029) (0.08584833,1.318976,0.4468097) (306.806,216.6376,185.4169) (-0.07041545,1.181017,0.06789474) (319.7218,355.5358,352.955)
compute 8.40865238871471(-0.0619351156055927,1.4238213300705,0.440130800008774) (0.007811858,1.376954,0.437067) (309.5322,221.4082,181.146) (-0.07241905,1.181194,0.09571254) (320.5041,351.261,355.6611)
compute 5.59665437985174(-0.102166041731834,1.4558961391449,0.462152004241943) (-0.06193512,1.423821,0.4401308) (312.139,226.4925,178.9155) (-0.06684321,1.17135,0.1316974) (321.5432,347.0981,358.0443)
compute 4.99692090051211(-0.131558924913406,1.48752570152283,0.48730257153511) (-0.102166,1.455896,0.462152) (315.6638,224.2687,181.1891) (-0.06459048,1.187603,0.1592134) (319.9565,341.7919,0.5122772)
compute 7.30536184234053(-0.158169254660606,1.52147042751312,0.546264231204987) (-0.1315589,1.487526,0.4873026) (315.6096,228.7695,182.5226) (-0.06875283,1.205827,0.1748779) (319.2014,335.1438,2.952588)
compute 12.8517277365884(-0.174246281385422,1.53651642799377,0.672881126403809) (-0.1581693,1.52147,0.5462642) (311.7865,277.3388,140.4729) (-0.07753026,1.198595,0.1846842) (329.2238,323.4991,10.29422)
compute 15.3906906563444(-0.176698327064514,1.44178354740143,0.551608681678772) (-0.1742463,1.536516,0.6728811) (314.5116,231.5308,175.2871) (-0.1017035,1.167247,0.1749723) (343.6155,311.953,14.30424)
compute 29.229064867758(-0.258433848619461,1.1976203918457,0.413270384073257) (-0.1766983,1.441784,0.5516087) (344.0779,220.6268,169.3311) (-0.1145867,1.133811,0.1398125) (348.8654,309.8373,12.65715)
compute 21.282195495314(-0.382448077201843,1.02774119377136,0.380794018507004) (-0.2584338,1.19762,0.4132704) (356.0374,219.1672,156.3901) (-0.1262317,1.110209,0.1093698) (347.2445,314.1853,8.018164)
compute 20.5799637919858(-0.543564856052399,0.968491196632385,0.494303107261658) (-0.3824481,1.027741,0.380794) (352.5436,243.852,141.9546) (-0.1480856,1.103934,0.07167819) (345.7527,315.3666,6.346865)
compute 10.6599702932299(-0.582894921302795,0.878462076187134,0.535672187805176) (-0.5435649,0.9684912,0.4943031) (19.53461,257.4326,146.1976) (-0.1695297,1.140482,0.0315762) (337.4911,320.3915,1.499102)
compute 10.1498050003004(-0.578609526157379,0.961336135864258,0.477230936288834) (-0.5828949,0.8784621,0.5356722) (0.5209406,254.776,137.52) (-0.1884023,1.166762,0.01023049) (335.1871,322.4389,359.2731)
compute 15.0699080159301(-0.56296694278717,1.09452152252197,0.40847647190094) (-0.5786095,0.9613361,0.4772309) (339.0337,235.3144,148.4329) (-0.2112546,1.169635,0.008682516) (337.2786,324.9011,0.09393937)
compute 9.45889009176963(-0.555566489696503,1.18311774730682,0.376180917024612) (-0.5629669,1.094522,0.4084765) (332.5935,226.0028,159.5363) (-0.2379243,1.167998,0.03016715) (336.3688,322.1709,1.111234)
compute 6.72335308669679(-0.576684355735779,1.24569165706635,0.388786047697067) (-0.5555665,1.183118,0.3761809) (324.8,219.4521,163.7142) (-0.2616799,1.165793,0.07651048) (337.1436,319.8518,0.6297948)
compute 7.55867388604722(-0.620272040367126,1.28521573543549,0.436234086751938) (-0.5766844,1.245692,0.388786) (322.2744,219.9467,165.0728) (-0.289484,1.158256,0.1216902) (336.7847,316.9024,1.070172)
compute 5.97011340222325(-0.642680525779724,1.31787478923798,0.480904787778854) (-0.620272,1.285216,0.4362341) (317.0545,215.8112,166.0442) (-0.313926,1.149249,0.1538906) (334.4799,312.8869,0.8053004)
compute 13.3248334326819(-0.722764909267426,1.30479657649994,0.586595714092255) (-0.6426805,1.317875,0.4809048) (322.0666,257.687,125.6586) (-0.3304258,1.146919,0.1706299) (333.2544,311.1683,1.499311)
compute 4.44977390226756(-0.703866839408875,1.28354370594025,0.552372515201569) (-0.7227649,1.304797,0.5865957) (317.5051,236.9917,141.5799) (-0.3145785,1.161031,0.1643117) (327.6201,316.8657,1.577379)
compute 11.9271513476352(-0.638726413249969,1.25305509567261,0.457225978374481) (-0.7038668,1.283544,0.5523725) (322.7513,205.1342,160.4136) (-0.267607,1.176659,0.1246077) (320.1574,326.3711,357.4749)
compute 6.49543359619117(-0.603488564491272,1.23698496818542,0.405080884695053) (-0.6387264,1.253055,0.457226) (328.0262,201.8183,161.7088) (-0.2443051,1.177723,0.08395767) (317.968,334.7373,354.5322)
compute 4.48486278871921(-0.568745315074921,1.23520958423615,0.376776218414307) (-0.6034886,1.236985,0.4050809) (327.885,205.6683,159.805) (-0.2283441,1.172061,0.04322264) (317.7816,346.4594,350.2639)
compute 5.24650771772042(-0.520966768264771,1.25686609745026,0.375887215137482) (-0.5687453,1.23521,0.3767762) (327.0916,209.164,165.7249) (-0.225964,1.180232,0.01608472) (318.7174,347.3321,351.0171)
compute 8.90439484032453(-0.448895514011383,1.30882894992828,0.381754189729691) (-0.5209668,1.256866,0.3758872) (317.1375,210.8992,168.7053) (-0.2222516,1.184286,0.01228056) (321.046,348.5718,350.5844)
compute 7.1401372629626(-0.38620188832283,1.34210622310638,0.389518767595291) (-0.4488955,1.308829,0.3817542) (317.3633,220.4874,175.7515) (-0.2141902,1.175888,0.02583531) (325.2452,353.0464,350.2105)
compute 12.9622835468385(-0.258924633264542,1.3624632358551,0.375801175832748) (-0.3862019,1.342106,0.3895188) (315.6414,210.0076,193.9738) (-0.1999786,1.169357,0.05340284) (326.5001,359.9426,347.3449)
compute 13.086631191417(-0.132611677050591,1.39420819282532,0.388579517602921) (-0.2589246,1.362463,0.3758012) (312.362,202.7271,215.9549) (-0.1903333,1.171962,0.07716033) (324.8186,3.11224,345.7309)
compute 16.4661526223018(-0.0669969469308853,1.43786573410034,0.533155262470245) (-0.1326117,1.394208,0.3885795) (290.6925,219.3551,203.5056) (-0.1799949,1.17057,0.09721327) (324.9408,6.178321,345.0034)
compute 8.68876597045701(-0.0581265464425087,1.40014541149139,0.610923886299133) (-0.06699695,1.437866,0.5331553) (291.3072,291.2112,135.1975) (-0.1737553,1.172325,0.1020726) (327.2725,10.81965,343.8809)
compute 6.7341282768404(-0.0587101206183434,1.35683810710907,0.559358537197113) (-0.05812655,1.400145,0.6109239) (298.1075,259.4963,165.4091) (-0.171296,1.175051,0.09416117) (330.0631,17.24685,342.7757)
compute 11.8088467723242(0.0298671424388886,1.33655643463135,0.483942300081253) (-0.05871012,1.356838,0.5593585) (294.69,203.1204,219.1553) (-0.1605382,1.182089,0.08062139) (332.1277,23.73012,340.4917)
compute 7.7621610282189(0.0999858677387238,1.33239650726318,0.450909376144409) (0.02986714,1.336556,0.4839423) (297.2778,192.923,235.0564) (-0.1307245,1.174452,0.08036059) (334.9371,23.31592,342.4577)
compute 9.04356580574016(0.1512371301651,1.32398962974548,0.52494478225708) (0.09998587,1.332397,0.4509094) (285.4849,204.3385,223.9979) (-0.09044844,1.155666,0.0846035) (335.7604,21.36706,343.2903)
compute 10.7205535620679(0.189752340316772,1.2766444683075,0.613081276416779) (0.1512371,1.32399,0.5249448) (286.64,356.8002,69.55264) (-0.06276581,1.160403,0.09252046) (330.2263,19.79892,342.0661)
compute 7.57189933468765(0.131367564201355,1.3006819486618,0.571286737918854) (0.1897523,1.276644,0.6130813) (286.5102,264.6128,156.4324) (-0.04449011,1.171562,0.1007252) (327.8602,15.96263,344.4123)
compute 9.77022763247374(0.0866724103689194,1.35982692241669,0.507647514343262) (0.1313676,1.300682,0.5712867) (300.054,229.5097,187.1819) (-0.03389354,1.182922,0.1072845) (327.6268,12.49789,346.7148)
compute 8.44787737203811(0.0860407054424286,1.44063293933868,0.483017206192017) (0.08667241,1.359827,0.5076475) (299.0925,215.2372,200.5698) (-0.0238106,1.194692,0.1117352) (325.695,8.367423,348.4576)
compute 4.80974983807053(0.105746164917946,1.48328280448914,0.472718983888626) (0.08604071,1.440633,0.4830172) (305.2629,198.5043,219.1894) (-0.01595569,1.200293,0.1220577) (324.632,4.6032,349.3698)
compute 15.0730143892141(0.150648161768913,1.50812935829163,0.614444196224213) (0.1057462,1.483283,0.472719) (285.71,349.1945,62.46733) (-0.02886758,1.197223,0.1341795) (329.7062,355.1168,356.7126)
compute 11.1421385413112(0.0892183184623718,1.45132768154144,0.540859758853912) (0.1506482,1.508129,0.6144442) (289.2003,227.8399,181.8643) (-0.07617994,1.170337,0.1392115) (343.8666,337.4885,3.990201)
compute 28.0610027766503(-0.0792788043618202,1.25605225563049,0.43032369017601) (0.08921832,1.451328,0.5408598) (323.3813,221.7838,175.0246) (-0.09158342,1.156272,0.127031) (349.8028,328.4386,5.860366)
compute 23.9480374741258(-0.239530056715012,1.08323395252228,0.387847572565079) (-0.0792788,1.256052,0.4303237) (334.9489,217.2757,160.0069) (-0.09800681,1.147237,0.1144011) (350.5107,329.8379,4.367285)
compute 23.2556637133493(-0.385548859834671,1.02823090553284,0.560288190841675) (-0.2395301,1.083234,0.3878476) (330.9541,253.2771,130.1024) (-0.1142383,1.142221,0.1017318) (346.7768,333.7804,359.4848)
compute 8.75749655085813(-0.418659746646881,0.973112523555756,0.619744122028351) (-0.3855489,1.028231,0.5602882) (349.1487,271.4478,128.5191) (-0.1493753,1.153937,0.08449019) (344.5661,333.5242,1.063733)
compute 11.2427195178595(-0.436490535736084,1.01203048229218,0.515785813331604) (-0.4186597,0.9731125,0.6197441) (327.8273,251.6676,132.0348) (-0.1945265,1.14671,0.07226592) (354.2201,323.4303,4.47922)
compute 13.1374793981308(-0.493399798870087,0.958799660205841,0.410016477108002) (-0.4364905,1.01203,0.5157858) (336.9717,232.8434,141.8281) (-0.2367385,1.120677,0.06578619) (0.6847419,316.7515,3.38402)
compute 14.6089062759153(-0.595337867736816,0.863771498203278,0.366195321083069) (-0.4933998,0.9587997,0.4100165) (340.633,221.916,137.262) (-0.2567168,1.116591,0.07164019) (349.1765,319.5802,1.708854)
compute 15.2399570242284(-0.685009360313416,0.763922333717346,0.438408881425858) (-0.5953379,0.8637715,0.3661953) (1.903769,255.6434,111.5976) (-0.2515659,1.160421,0.08285079) (331.0038,333.6259,353.2675)
compute 10.3894147376895(-0.668062686920166,0.85535603761673,0.392076581716537) (-0.6850094,0.7639223,0.4384089) (341.3614,236.7963,120.2535) (-0.2373599,1.172298,0.08886433) (327.7891,340.0496,354.7009)
compute 18.7058821043349(-0.585215508937836,1.02286028862,0.40042370557785) (-0.6680627,0.855356,0.3920766) (324.0379,223.3314,138.5733) (-0.2257772,1.180122,0.09169007) (325.7321,343.9987,352.8871)
compute 19.3004723161045(-0.482706844806671,1.18505442142487,0.421300977468491) (-0.5852155,1.02286,0.4004237) (319.1767,209.7006,167.9573) (-0.2325164,1.177168,0.1044623) (323.5443,339.7518,354.5145)
compute 13.2721846988414(-0.424603849649429,1.30372166633606,0.433839589357376) (-0.4827068,1.185054,0.421301) (315.5649,205.97,182.7158) (-0.2370884,1.176388,0.1249169) (324.6974,338.4885,355.105)
compute 9.94982879904262(-0.420595973730087,1.39634382724762,0.469964116811752) (-0.4246038,1.303722,0.4338396) (316.0308,208.597,189.9909) (-0.238184,1.182116,0.1454138) (324.1921,338.4161,355.1066)
compute 9.10485472849064(-0.444183588027954,1.46034228801727,0.530277132987976) (-0.420596,1.396344,0.4699641) (308.9694,216.6658,183.4913) (-0.2380998,1.191653,0.1627981) (323.2553,337.4967,355.1006)
compute 11.6374023854811(-0.487734466791153,1.45908486843109,0.638187527656555) (-0.4441836,1.460342,0.5302771) (310.1062,275.2067,128.4856) (-0.2399111,1.192301,0.1719897) (324.3511,339.5555,353.0599)
compute 7.25148987910622(-0.465517401695251,1.41821014881134,0.582563161849976) (-0.4877345,1.459085,0.6381875) (307.6341,254.2362,142.6068) (-0.229768,1.183573,0.1677827) (327.6685,351.3246,348.6292)
compute 16.2778945621209(-0.349273175001144,1.34735596179962,0.493322193622589) (-0.4655174,1.41821,0.5825632) (304.4076,197.013,185.8206) (-0.1989195,1.167651,0.1453827) (331.8396,14.20496,341.7822)
compute 14.5326595379573(-0.22608108818531,1.28870618343353,0.443284869194031) (-0.3492732,1.347356,0.4933222) (309.3274,184.7222,204.3114) (-0.1866,1.16045,0.1110656) (336.5586,22.88122,342.2807)
compute 12.2497435123779(-0.121580220758915,1.24586737155914,0.395850419998169) (-0.2260811,1.288706,0.4432849) (314.1574,193.4325,209.9371) (-0.1792231,1.163986,0.0872832) (338.2092,23.54646,344.0284)
compute 9.98810899373025(-0.0226070489734411,1.23496031761169,0.403697729110718) (-0.1215802,1.245867,0.3958504) (307.6565,197.7314,222.1539) (-0.1535187,1.154156,0.08345417) (339.326,21.77911,345.4889)
compute 21.4414294191237(0.0633244067430496,1.18728852272034,0.594267070293427) (-0.02260705,1.23496,0.4036977) (273.1812,267.1669,155.4541) (-0.1134395,1.127344,0.08858093) (342.5173,21.97523,343.8778)
compute 9.97449320944849(0.0760462954640388,1.10315835475922,0.646318197250366) (0.06332441,1.187289,0.5942671) (293.1072,338.2765,81.77406) (-0.0682557,1.128108,0.1022485) (343.9012,26.25856,339.6267)
compute 13.0330373914308(0.143144220113754,1.08909904956818,0.535475015640259) (0.0760463,1.103158,0.6463182) (284.0541,181.5492,239.8455) (-0.03158179,1.138905,0.12262) (348.0985,28.93212,338.6266)
compute 19.0497593726729(0.302950441837311,1.02819740772247,0.451556622982025) (0.1431442,1.089099,0.535475) (312.5795,141.7418,286.7603) (0.001590944,1.123057,0.1353387) (350.6877,33.55612,336.4143)
compute 17.0751533221451(0.44402888417244,0.938371300697327,0.417143970727921) (0.3029504,1.028197,0.4515566) (323.5468,137.2364,306.7776) (0.04029492,1.098693,0.1517524) (352.9012,37.69711,337.1442)
compute 22.5245558286378(0.51189249753952,0.823368072509766,0.598539531230927) (0.4440289,0.9383713,0.417144) (340.2994,49.84835,353.3692) (0.05991922,1.102174,0.157432) (346.289,37.94456,336.4565)
compute 8.60445415987328(0.515264689922333,0.858831942081451,0.520215809345245) (0.5118925,0.8233681,0.5985395) (325.7776,89.16474,332.8207) (0.05702607,1.152969,0.1517209) (330.3454,30.88666,335.6799)
compute 14.483602495205(0.447472125291824,0.982190370559692,0.486093372106552) (0.5152647,0.8588319,0.5202158) (300.5765,114.8729,304.1867) (0.01526085,1.182641,0.1285069) (320.3542,17.68608,341.7318)
compute 17.34361059906(0.335602819919586,1.11133217811584,0.456298470497131) (0.4474721,0.9821904,0.4860934) (299.11,160.3221,249.1566) (-0.005735435,1.189119,0.1128723) (319.2858,11.29181,344.331)
compute 16.833903587334(0.215200737118721,1.22686386108398,0.434076845645905) (0.3356028,1.111332,0.4562985) (299.7567,183.372,220.2726) (-0.01903085,1.182379,0.104125) (322.6766,10.39413,345.258)
compute 10.0615305807754(0.147163778543472,1.28898859024048,0.393642574548721) (0.2152007,1.226864,0.4340768) (307.4702,176.2228,214.2219) (-0.04653671,1.183296,0.09424794) (322.421,354.3394,353.2266)
compute 12.0969541481606(0.0333644524216652,1.3155472278595,0.362369865179062) (0.1471638,1.288989,0.3936426) (311.6752,194.1512,199.0976) (-0.08693917,1.183868,0.07435612) (323.8706,334.5434,0.8606364)
compute 13.5364794853745(-0.0964594632387161,1.3096045255661,0.324500858783722) (0.03336445,1.315547,0.3623699) (318.2715,198.403,187.1933) (-0.1264911,1.182882,0.05591538) (327.7975,321.2888,5.587762)
compute 11.6572716774098(-0.212740749120712,1.30309498310089,0.319452404975891) (-0.09645946,1.309605,0.3245009) (323.4496,203.2955,180.2198) (-0.1544743,1.184543,0.04352995) (324.5921,323.2421,1.508822)
compute 7.3627035122591(-0.254986763000488,1.3377822637558,0.368777930736542) (-0.2127407,1.303095,0.3194524) (310.7102,198.2475,180.4732) (-0.1723819,1.194818,0.04033041) (320.8195,328.5431,358.0422)
compute 7.01892311481553(-0.297821521759033,1.3593487739563,0.420028269290924) (-0.2549868,1.337782,0.3687779) (303.6472,202.6064,179.7316) (-0.1925955,1.19622,0.05911189) (321.802,329.7556,356.1755)
compute 6.54385003017099(-0.357615679502487,1.36306583881378,0.446353912353516) (-0.2978215,1.359349,0.4200283) (311.1402,219.0478,170.9921) (-0.2158157,1.191615,0.09394881) (321.0659,328.7601,356.2362)
compute 6.76665920049101(-0.401721090078354,1.37133347988129,0.497000992298126) (-0.3576157,1.363066,0.4463539) (310.9769,227.4045,161.5305) (-0.2348856,1.177882,0.1430706) (320.992,326.8499,357.6908)
compute 6.06284352253945(-0.43580150604248,1.37346577644348,0.547098755836487) (-0.4017211,1.371333,0.497001) (308.9469,227.4252,156.7209) (-0.2464819,1.171612,0.1818452) (320.4344,324.9885,357.0916)
compute 4.97273393421045(-0.469090014696121,1.34231126308441,0.56695020198822) (-0.4358015,1.373466,0.5470988) (314.119,225.2681,158.4334) (-0.2585509,1.190869,0.206102) (318.9564,324.9689,357.6289)
compute 2.43647096765388(-0.485913038253784,1.32504403591156,0.570481181144714) (-0.46909,1.342311,0.5669502) (318.189,221.5526,162.4128) (-0.2632627,1.202003,0.214498) (320.1489,326.0175,356.7331)
compute 1.16261125814432(-0.487791448831558,1.33287358283997,0.562094509601593) (-0.485913,1.325044,0.5704812) (317.7614,216.5643,169.0821) (-0.2661988,1.203971,0.2156398) (323.8178,326.8385,355.0848)
compute 4.10092987129847(-0.486482411623001,1.36698019504547,0.539361536502838) (-0.4877914,1.332874,0.5620945) (317.3312,210.6979,176.0984) (-0.2708853,1.196747,0.2120113) (324.0918,327.3164,354.2757)
compute 6.8300633060255(-0.46298024058342,1.42539536952972,0.512898504734039) (-0.4864824,1.36698,0.5393615) (315.6628,206.8296,183.4019) (-0.2817515,1.196901,0.2115226) (324.6409,327.0175,354.4285)
compute 7.49491608703662(-0.440484315156937,1.4968878030777,0.513275802135468) (-0.4629802,1.425395,0.5128985) (311.9155,202.712,190.8996) (-0.2936884,1.194209,0.2260536) (323.9596,326.5991,354.5957)
compute 7.47474039056785(-0.448636084794998,1.56212723255157,0.548836171627045) (-0.4404843,1.496888,0.5132758) (307.7306,208.9909,189.2572) (-0.3040947,1.209911,0.2384573) (323.1051,326.6452,353.831)
compute 11.3890733071293(-0.48700338602066,1.56760013103485,0.655930042266846) (-0.4486361,1.562127,0.5488362) (301.4155,262.0053,143.7783) (-0.316094,1.219047,0.2458802) (323.5945,325.8611,354.4613)
compute 6.3920860378314(-0.484251886606216,1.52639198303223,0.607142806053162) (-0.4870034,1.5676,0.65593) (304.8048,234.9264,172.2283) (-0.3379238,1.210103,0.2386689) (325.8862,318.7709,358.8274)
compute 16.983394177361(-0.49423885345459,1.41056382656097,0.483337849378586) (-0.4842519,1.526392,0.6071428) (326.4581,203.3919,187.7229) (-0.3577002,1.19943,0.2139136) (327.8069,310.9818,2.222009)
compute 12.9867830560758(-0.580902099609375,1.33311712741852,0.425396978855133) (-0.4942389,1.410564,0.4833378) (331.6374,204.9908,174.7923) (-0.3677597,1.191719,0.1882539) (330.0446,311.4326,0.9952748)
compute 9.3939369977363(-0.665235102176666,1.31300497055054,0.389229983091354) (-0.5809021,1.333117,0.425397) (329.3813,202.9389,166.1614) (-0.3814456,1.184135,0.1692965) (330.4392,313.6953,358.5272)
compute 7.94933400889841(-0.744443595409393,1.31312012672424,0.38250744342804) (-0.6652351,1.313005,0.38923) (329.6053,201.0968,166.1427) (-0.4099284,1.185222,0.1656788) (327.8165,314.2682,357.4919)
compute 9.76993260487443(-0.826912522315979,1.32204377651215,0.434125304222107) (-0.7444436,1.31312,0.3825074) (325.9083,214.1694,156.8166) (-0.430977,1.168829,0.1852097) (328.5106,313.6504,357.2614)
compute 14.5421506015037(-0.905549108982086,1.29786598682404,0.554038345813751) (-0.8269125,1.322044,0.4341253) (332.7414,257.7931,122.6471) (-0.453869,1.161169,0.2268981) (326.8184,315.2762,355.5791)
compute 3.80086414448056(-0.872089207172394,1.31369948387146,0.562663435935974) (-0.9055491,1.297866,0.5540383) (312.4858,238.2701,130.6504) (-0.4585969,1.175587,0.2316064) (325.6331,322.1412,353.0992)
compute 9.72741217962157(-0.806090533733368,1.28817105293274,0.495919674634933) (-0.8720892,1.313699,0.5626634) (320.5447,205.7061,159.2593) (-0.4120803,1.186845,0.21818) (323.4799,341.8964,349.5196)
compute 10.9438233390149(-0.727953851222992,1.25115287303925,0.428829878568649) (-0.8060905,1.288171,0.4959197) (328.4751,197.7238,161.8076) (-0.3663031,1.183797,0.1924695) (323.9719,356.5099,344.6705)
compute 12.0670295520839(-0.60998672246933,1.26082015037537,0.405343264341354) (-0.7279539,1.251153,0.4288299) (324.0515,188.8612,168.8043) (-0.3502047,1.179945,0.1615425) (324.7276,359.7139,345.5175)
compute 15.2922525066638(-0.457591950893402,1.27333569526672,0.40322333574295) (-0.6099867,1.26082,0.4053433) (325.277,188.57,186.5993) (-0.3423612,1.187843,0.1448443) (329.6368,358.0081,347.9344)
compute 12.4888152139054(-0.338542342185974,1.24900388717651,0.432071298360825) (-0.457592,1.273336,0.4032233) (323.2505,204.6265,208.207) (-0.3217776,1.173432,0.1472781) (336.9345,358.2704,348.6646)
compute 26.326631117023(-0.246577337384224,1.13077390193939,0.648573637008667) (-0.3385423,1.249004,0.4320713) (286.5326,258.7412,154.8725) (-0.2943904,1.135878,0.1489056) (343.3256,357.3067,348.4434)
compute 10.4805110800573(-0.24839286506176,1.02737593650818,0.665593504905701) (-0.2465773,1.130774,0.6485736) (295.8708,296.046,117.5106) (-0.2820365,1.130287,0.154065) (342.1485,355.444,347.4855)
compute 10.7651299183013(-0.321606516838074,1.06971573829651,0.598990917205811) (-0.2483929,1.027376,0.6655935) (300.9775,246.5185,161.0696) (-0.2724935,1.144867,0.1605929) (339.7433,353.7863,347.2662)
compute 11.0659055304306(-0.350012511014938,1.15900886058807,0.540124416351318) (-0.3216065,1.069716,0.5989909) (310.1042,220.5403,183.2332) (-0.2702253,1.155535,0.1609077) (338.9686,352.6022,347.9968)
compute 4.8758406207811(-0.396515697240829,1.17079257965088,0.548841059207916) (-0.3500125,1.159009,0.5401244) (324.6102,217.2397,182.9618) (-0.2674409,1.150693,0.1598235) (339.9098,352.7739,347.9595)
compute 17.0729474786041(-0.449603080749512,1.12016463279724,0.703006863594055) (-0.3965157,1.170793,0.5488411) (338.9418,282.0784,136.6128) (-0.2645067,1.150926,0.1407086) (333.573,355.3908,345.4886)
compute 11.4155579267958(-0.437500894069672,1.18111085891724,0.607243657112122) (-0.4496031,1.120165,0.7030069) (326.1953,246.8301,157.4042) (-0.2649603,1.171521,0.1343233) (329.3319,354.8514,346.0344)
compute 13.1202267900775(-0.387033224105835,1.29197824001312,0.558504819869995) (-0.4375009,1.181111,0.6072437) (311.2597,233.9482,165.2754) (-0.2658119,1.173526,0.1415002) (329.7745,354.1921,345.0497)
compute 8.52304479192172(-0.345952540636063,1.36606860160828,0.549165368080139) (-0.3870332,1.291978,0.5585048) (309.0034,218.56,188.6817) (-0.2677485,1.173806,0.1592689) (327.64,354.3055,344.0097)
compute 10.8762120781439(-0.337748646736145,1.42873322963715,0.637681126594543) (-0.3459525,1.366069,0.5491654) (298.3958,228.1961,179.9592) (-0.2671654,1.179119,0.1762867) (323.3007,354.4885,343.2957)
compute 4.23087322783758(-0.342328250408173,1.42111968994141,0.679046452045441) (-0.3377486,1.428733,0.6376811) (303.7916,278.5401,131.9467) (-0.2691307,1.185353,0.182467) (317.9973,355.436,342.5173)
compute 6.23276698443632(-0.326927095651627,1.40348815917969,0.621282517910004) (-0.3423283,1.42112,0.6790465) (302.8049,246.7896,165.3533) (-0.2786931,1.18174,0.1705225) (318.4764,354.5827,343.3647)
compute 5.60168842415169(-0.32368803024292,1.3980553150177,0.565623879432678) (-0.3269271,1.403488,0.6212825) (307.0461,227.3,181.3589) (-0.2909495,1.179347,0.1525372) (318.0975,352.6746,345.3792)
compute 3.93622484877477(-0.328284680843353,1.4073714017868,0.527657210826874) (-0.323688,1.398055,0.5656239) (312.2582,219.388,188.4163) (-0.2960012,1.176964,0.1436756) (317.7947,353.5615,344.2178)
compute 2.86318009297862(-0.327550381422043,1.43507587909698,0.52046674489975) (-0.3282847,1.407371,0.5276572) (309.7669,216.2296,188.0189) (-0.2981758,1.176817,0.1460025) (317.5652,354.5435,344.4825)
compute 2.74051129033379(-0.319237500429153,1.46072924137115,0.525349497795105) (-0.3275504,1.435076,0.5204667) (308.3903,220.548,188.1543) (-0.2924146,1.175028,0.1656953) (316.7318,355.3538,344.3102)
compute 3.4822770982869(-0.297696977853775,1.48684394359589,0.53351366519928) (-0.3192375,1.460729,0.5253495) (305.3911,217.4017,190.983) (-0.2808539,1.181401,0.1902736) (315.4751,355.956,343.0388)
compute 4.64101499413803(-0.287070065736771,1.52496349811554,0.557759702205658) (-0.297697,1.486844,0.5335137) (305.2488,215.1812,194.4989) (-0.2727184,1.204614,0.2094836) (311.8799,353.134,344.9158)
compute 4.68032399879875(-0.288909435272217,1.55383050441742,0.594554483890533) (-0.2870701,1.524963,0.5577597) (305.7536,212.7735,197.5184) (-0.2699793,1.211481,0.2245286) (310.4278,347.9513,347.4467)
compute 6.15982904316648(-0.302367925643921,1.55829095840454,0.654498815536499) (-0.2889094,1.553831,0.5945545) (296.5629,268.8222,147.5382) (-0.2784368,1.212483,0.2277414) (310.6546,343.9889,349.5073)
compute 10.9286049102388(-0.289746761322021,1.49974358081818,0.563085734844208) (-0.3023679,1.558291,0.6544988) (309.5056,198.806,204.4749) (-0.2871732,1.204604,0.2020242) (310.8285,341.9709,353.6276)
compute 7.20107625581637(-0.299659252166748,1.43024671077728,0.54703962802887) (-0.2897468,1.499744,0.5630857) (306.1894,202.4079,187.0226) (-0.2913634,1.190828,0.1642144) (313.8723,348.2754,349.6676)
compute 9.92296905798615(-0.300978600978851,1.33717262744904,0.512659311294556) (-0.2996593,1.430247,0.5470396) (306.9439,200.2524,180.4462) (-0.3004826,1.185613,0.1268909) (315.9675,354.1328,347.1619)
compute 8.53950179633419(-0.301667124032974,1.25488936901093,0.489827305078506) (-0.3009786,1.337173,0.5126593) (307.7631,204.3743,180.2005) (-0.2888832,1.184297,0.09716921) (323.9517,15.47393,340.3717)
compute 6.61885385393729(-0.300195544958115,1.18922340869904,0.481657922267914) (-0.3016671,1.254889,0.4898273) (303.5482,211.4743,175.7011) (-0.2694481,1.184674,0.07531821) (331.118,32.31954,337.6549)
compute 4.853601987036(-0.276861518621445,1.14910221099854,0.467460811138153) (-0.3001955,1.189223,0.4816579) (301.1262,213.7784,174.816) (-0.2475037,1.174935,0.06122306) (336.2205,39.29123,335.955)
compute 4.60864834395149(-0.23962339758873,1.12211453914642,0.470452785491943) (-0.2768615,1.149102,0.4674608) (301.9377,225.2612,169.9821) (-0.230343,1.166843,0.06201683) (339.6268,40.66636,336.9327)
compute 5.722492369634(-0.19048099219799,1.09311985969543,0.474814504384995) (-0.2396234,1.122115,0.4704528) (299.8168,230.9212,165.6853) (-0.207912,1.155378,0.07865101) (345.2152,40.86053,337.9291)
compute 8.09731635929052(-0.117706097662449,1.05817413330078,0.481080621480942) (-0.190481,1.09312,0.4748145) (301.4584,244.9413,167.4927) (-0.175364,1.139848,0.1084587) (350.3891,41.4459,338.4973)
compute 15.9227192081841(0.0326878353953362,1.0097484588623,0.46133428812027) (-0.1177061,1.058174,0.4810806) (289.3385,208.4942,215.744) (-0.1223489,1.123605,0.1419639) (348.3124,42.99908,338.387)
compute 6.91789094544677(0.0700350552797318,0.951519012451172,0.461822658777237) (0.03268784,1.009748,0.4613343) (294.4596,231.7633,194.036) (-0.09227544,1.157601,0.1557406) (332.025,40.24189,332.4321)
compute 3.76638978250226(0.0533398538827896,0.919981181621552,0.473872750997543) (0.07003506,0.951519,0.4618227) (304.5884,241.6132,175.5092) (-0.07247841,1.182263,0.1561729) (318.3478,27.59308,336.0171)
compute 4.37447135337467(0.0102463681250811,0.926083981990814,0.47826674580574) (0.05333985,0.9199812,0.4738728) (311.2371,234.2951,170.2212) (-0.06360832,1.194618,0.1499188) (311.6087,10.82843,342.9945)
compute 4.60896989491277(-0.0338636562228203,0.937386929988861,0.471138656139374) (0.01024637,0.926084,0.4782667) (316.8532,225.6592,166.7102) (-0.06991253,1.199147,0.1372862) (309.1726,353.5534,350.6286)
compute 2.76705829776529(-0.0552937015891075,0.948545336723328,0.45765146613121) (-0.03386366,0.9373869,0.4711387) (308.7739,206.1706,170.6311) (-0.1013153,1.195526,0.1205303) (311.8686,338.7533,357.0031)
compute 3.38017062890607(-0.088198259472847,0.950249493122101,0.450105518102646) (-0.0552937,0.9485453,0.4576515) (298.7888,185.1144,179.4571) (-0.1314007,1.186265,0.0996528) (315.4324,327.6237,0.9402273)
compute 5.26221295929149(-0.1360904276371,0.929940402507782,0.442170172929764) (-0.08819826,0.9502495,0.4501055) (290.1138,166.9327,190.7921) (-0.1629025,1.186603,0.07992503) (318.2579,321.2454,3.366105)
compute 7.22198169294557(-0.196079179644585,0.90001368522644,0.415310472249985) (-0.1360904,0.9299404,0.4421702) (279.4561,159.5258,190.4781) (-0.1843881,1.19281,0.06477863) (323.586,321.3171,2.603817)
compute 6.90495820191727(-0.238706856966019,0.877330482006073,0.365952610969543) (-0.1960792,0.9000137,0.4153105) (273.5467,148.2473,194.3971) (-0.1978183,1.19013,0.05623889) (328.33,323.7169,359.9349)
compute 5.04362571401526(-0.256737589836121,0.864627599716187,0.320594638586044) (-0.2387069,0.8773305,0.3659526) (271.0363,105.4013,235.3654) (-0.2000114,1.178627,0.0449445) (337.261,329.0255,357.4632)
compute 4.64747540238941(-0.248747020959854,0.847198069095612,0.278259485960007) (-0.2567376,0.8646276,0.3205946) (274.2465,344.425,354.3799) (-0.185252,1.164741,0.0370179) (345.8926,331.5913,357.2322)
compute 6.98798354517054(-0.218162357807159,0.797659158706665,0.316907465457916) (-0.248747,0.8471981,0.2782595) (281.1869,311.559,28.60535) (-0.1731928,1.156538,0.02295186) (350.7447,330.881,357.5675)
compute 2.17458834483728(-0.211584538221359,0.801736831665039,0.296585351228714) (-0.2181624,0.7976592,0.3169075) (282.6122,287.8373,51.21169) (-0.1415459,1.151556,0.01550561) (355.3749,333.9464,357.8969)
compute 3.96304719927428(-0.189406767487526,0.803732812404633,0.263802170753479) (-0.2115845,0.8017368,0.2965854) (285.0274,266.7538,68.34696) (-0.1042055,1.153063,0.01126986) (353.9804,339.1881,357.2835)
compute 4.30744744291229(-0.152186512947083,0.792346954345703,0.245351552963257) (-0.1894068,0.8037328,0.2638022) (285.2275,287.0159,48.17185) (-0.07900424,1.163319,0.001345583) (349.6599,340.9009,355.8661)
compute 3.31750949854276(-0.127087026834488,0.772086024284363,0.237599298357964) (-0.1521865,0.792347,0.2453516) (290.2506,314.2075,21.28054) (-0.06445652,1.190497,-0.0140214) (335.3416,340.9618,353.8832)
compute 1.70920274402472(-0.121085643768311,0.761831939220428,0.225312128663063) (-0.127087,0.772086,0.2375993) (293.4794,313.1142,21.00313) (-0.05205672,1.1924,-0.03529145) (330.6076,343.0126,351.9571)
compute 1.13172390814311(-0.116181805729866,0.754609405994415,0.218110233545303) (-0.1210856,0.7618319,0.2253121) (291.548,312.1292,25.09833) (-0.05688693,1.191112,-0.04883385) (327.4871,346.6919,350.535)
compute 1.53131834013039(-0.117046669125557,0.73940634727478,0.219726592302322) (-0.1161818,0.7546094,0.2181102) (290.0822,317.0719,23.59352) (-0.07081906,1.190951,-0.06724937) (324.5058,351.4354,347.9482)
compute 2.33683879937812(-0.131896778941154,0.72171425819397,0.2232685983181) (-0.1170467,0.7394063,0.2197266) (291.127,323.0037,20.78617) (-0.09342317,1.193772,-0.0886154) (319.8863,354.4791,347.2201)
compute 2.7297720546493(-0.153457716107368,0.719383120536804,0.206689774990082) (-0.1318968,0.7217143,0.2232686) (290.8148,324.5478,19.63601) (-0.1205821,1.191517,-0.1095323) (317.7188,355.6215,347.6424)
compute 3.63736241713603(-0.183984100818634,0.722579419612885,0.187171474099159) (-0.1534577,0.7193831,0.2066898) (288.4912,316.5711,27.67689) (-0.149465,1.18991,-0.1248632) (317.1499,355.6345,348.621)
compute 2.5836394203719(-0.206149384379387,0.725522935390472,0.17422716319561) (-0.1839841,0.7225794,0.1871715) (287.288,321.7364,22.43904) (-0.1740091,1.1902,-0.1374507) (316.8352,354.5345,350.0921)
compute 1.69748222208404(-0.22076877951622,0.72789192199707,0.165932238101959) (-0.2061494,0.7255229,0.1742272) (286.5295,327.1505,16.01926) (-0.1849198,1.187618,-0.1420156) (318.3841,353.5249,350.6025)
compute 1.55181863698577(-0.221392065286636,0.71242344379425,0.167005464434624) (-0.2207688,0.7278919,0.1659322) (291.9608,329.6657,15.44506) (-0.1893383,1.187852,-0.1419327) (321.4599,353.7081,352.0354)
compute 6.5166912659385(-0.196025267243385,0.658712387084961,0.193807974457741) (-0.2213921,0.7124234,0.1670055) (301.9274,336.0394,16.74929) (-0.1875442,1.184354,-0.138985) (328.491,354.3044,352.2656)
compute 9.14356690347854(-0.140919283032417,0.589026212692261,0.215433180332184) (-0.1960253,0.6587124,0.193808) (318.9795,346.3813,16.69501) (-0.1741096,1.177742,-0.1380809) (334.1735,355.0087,351.9309)
compute 3.94374828823868(-0.109275743365288,0.56645280122757,0.222099706530571) (-0.1409193,0.5890262,0.2154332) (332.074,348.9751,22.18694) (-0.1511737,1.175799,-0.136561) (335.9056,356.0924,352.3787)
compute 21.5730558932605(0.00724607426673174,0.416323840618134,0.120003499090672) (-0.1092757,0.5664528,0.2220997) (345.0697,347.9575,26.41076) (-0.1273195,1.177657,-0.139894) (336.2833,356.6667,352.7849)
compute 8.86376831147748(0.063139334321022,0.365823328495026,0.0732886120676994) (0.007246074,0.4163238,0.1200035) (355.6928,352.6178,23.73432) (-0.1057948,1.180857,-0.1434069) (337.6318,357.9622,353.6519)
compute 7.45319347919919(0.111766681075096,0.329217791557312,0.0302720442414284) (0.06313933,0.3658233,0.07328861) (0.02545975,359.0461,19.65894) (-0.08569215,1.181949,-0.1448049) (339.7734,0.3156073,353.2044)
compute 3.87556280162754(0.140864163637161,0.317702233791351,0.00740881636738777) (0.1117667,0.3292178,0.03027204) (358.5056,6.043505,17.67382) (-0.06566337,1.174463,-0.1431296) (345.0026,3.425763,352.1721)
compute 2.67231974390786(0.165435999631882,0.318257600069046,-0.0030814518686384) (0.1408642,0.3177022,0.007408816) (358.2726,12.64214,13.80565) (-0.05168677,1.170061,-0.1443426) (345.8659,1.578675,353.0733)
compute 0.859123591544335(0.17172072827816,0.32125186920166,0.0019530167337507) (0.165436,0.3182576,-0.003081452) (358.9523,13.90268,10.62664) (-0.0418236,1.172342,-0.1449159) (344.17,355.2123,354.4873)
compute 1.23666488334924(0.168536260724068,0.330443531274796,0.00958888791501522) (0.1717207,0.3212519,0.001953017) (359.8371,10.84597,8.303188) (-0.04615816,1.177372,-0.1519447) (342.3422,345.3381,356.9783)
compute 7.333123724176(0.143646597862244,0.393651127815247,0.0372072644531727) (0.1685363,0.3304435,0.009588888) (0.7197734,7.134447,7.171502) (-0.05256507,1.177617,-0.1613808) (342.1439,337.3047,358.5855)
compute 2.95869233636584(0.129813179373741,0.414544105529785,0.0529395900666714) (0.1436466,0.3936511,0.03720726) (0.9624038,4.430508,7.304965) (-0.05997307,1.173239,-0.1708553) (342.6214,332.5575,359.8386)
compute 1.48408665947174(0.122918978333473,0.419721245765686,0.0650192648172379) (0.1298132,0.4145441,0.05293959) (359.4649,4.661682,6.183566) (-0.06383024,1.17097,-0.1743919) (342.7911,331.5409,0.4604256)
compute 1.98440328806624(0.117578528821468,0.428285598754883,0.0821048468351364) (0.122919,0.4197212,0.06501926) (357.7786,5.423331,4.796032) (-0.06101965,1.169843,-0.1774963) (341.958,334.4398,0.05468318)
compute 0.837438472106526(0.121915854513645,0.430171191692352,0.0751938074827194) (0.1175785,0.4282856,0.08210485) (357.3103,4.840756,4.789764) (-0.05206438,1.167883,-0.175345) (341.6312,341.4066,356.9048)
compute 3.15998335886187(0.140674784779549,0.430653363466263,0.0497690252959728) (0.1219159,0.4301712,0.07519381) (356.6725,4.054675,5.313993) (-0.04322354,1.169866,-0.1714458) (341.4287,351.5164,353.0646)
compute 3.56634473160015(0.149464473128319,0.434654533863068,0.0154380854219198) (0.1406748,0.4306534,0.04976903) (356.2967,5.309692,5.626904) (-0.04044626,1.170437,-0.1719702) (343.1679,359.9722,352.0177)
compute 3.96827092715782(0.137499421834946,0.47242733836174,0.0132539868354797) (0.1494645,0.4346545,0.01543809) (356.0196,5.815871,6.818275) (-0.04450064,1.170518,-0.1746375) (343.953,3.345721,351.5317)
compute 0.319297975383101(0.138116478919983,0.469304323196411,0.013501244597137) (0.1374994,0.4724273,0.01325399) (356.0853,6.543863,9.481121) (-0.04547363,1.167733,-0.1773211) (344.2678,5.29348,351.6625)
compute 6.04154628367835(0.135235041379929,0.425588876008987,0.055102750658989) (0.1381165,0.4693043,0.01350124) (357.5913,10.70515,9.232418) (-0.04972547,1.167136,-0.1846225) (343.0758,4.308417,352.0071)
compute 3.43858406080281(0.158394768834114,0.400645822286606,0.0502183735370636) (0.135235,0.4255889,0.05510275) (359.8027,17.07907,355.4934) (-0.05513412,1.167367,-0.1872174) (341.5558,1.546613,352.7501)
compute 1.07138227848694(0.16286689043045,0.403710186481476,0.0594593584537506) (0.1583948,0.4006458,0.05021837) (358.6315,20.61323,337.0032) (-0.06348303,1.169834,-0.1886183) (340.8411,355.3188,353.9007)
compute 5.4728204651434(0.134382173418999,0.442653626203537,0.0852896869182587) (0.1628669,0.4037102,0.05945936) (356.6622,20.96191,315.634) (-0.06812724,1.168624,-0.1890602) (344.1095,350.9568,354.6994)
compute 9.00511666295396(0.0844446122646332,0.512838065624237,0.111549869179726) (0.1343822,0.4426536,0.08528969) (352.2077,19.26661,298.2391) (-0.06899992,1.163739,-0.186738) (347.2834,349.9667,354.8562)
compute 7.11380903996426(0.0370089784264565,0.562398016452789,0.130372732877731) (0.08444461,0.5128381,0.1115499) (347.4334,16.68164,278.855) (-0.07073998,1.166537,-0.1881752) (344.5874,349.9137,354.8122)
compute 6.19442518472549(-0.0115413637831807,0.600821971893311,0.132258057594299) (0.03700898,0.562398,0.1303727) (337.8695,11.65858,263.8838) (-0.07123826,1.166375,-0.1950466) (343.3215,350.7761,354.9269)
compute 6.41931171040082(-0.0605750344693661,0.638030588626862,0.114037893712521) (-0.01154136,0.600822,0.1322581) (334.1508,1.487933,260.4874) (-0.07564836,1.167223,-0.2002931) (343.1431,351.0179,355.3939)
compute 4.42979617129145(-0.0925581753253937,0.651440441608429,0.08647770434618) (-0.06057503,0.6380306,0.1140379) (341.4684,352.9268,250.4263) (-0.08597857,1.165958,-0.2033543) (343.593,351.2283,355.5859)
Average= 7.51774873495207
Max= 29.229064867758
Standard Deviation= 5.8542401550556
Right: 21    Wrong: 1
0
