red 333.6997 339.7689 14.25202 (-0.5846076,5,0.7) (-0.5846076,1.51325,0.7)
red 333.2021 340.9578 16.62812 (0.4458584,5,0.7) (0.4458584,1.288072,0.7)
red 335.1977 340.9689 13.33571 (0.2678852,5,0.7) (0.2678852,1.41954,0.7)
red 334.698 341.6689 15.14138 (0.5234671,5,0.7) (0.5234671,1.269356,0.7)
red 334.1979 341.6689 16.06454 (0.5490639,5,0.7) (0.5490639,1.274329,0.7)
red 336.1954 342.78 15.5041 (-0.1013781,5,0.7) (-0.1013781,1.577106,0.7)
red 336.6951 343.3134 13.46724 (-0.5609248,5,0.7) (-0.5609248,0.9370639,0.7)
red 335.6962 343.4467 13.10189 (-0.9367666,5,0.7) (-0.9367666,0.08015525,0.7)
black 333.2021 343.48 16.64073 (0.8384945,5,0.7) (0.8384945,0.07952476,0.7)
red 337.1941 344.0356 15.02816 (-0.7450502,5,0.7) (-0.7450502,1.308285,0.7)
black 335.6962 344.0467 17.83267 (-0.7976043,5,0.7) (-0.7976043,1.334096,0.7)
black 333.6997 344.9133 17.87212 (-0.371682,5,0.7) (-0.371682,0.08307667,0.7)
red 337.692 345.0911 16.62449 (-0.01152408,5,0.7) (-0.01152408,1.463487,0.7)
black 336.1954 345.3356 15.08169 (-0.5311933,5,0.7) (-0.5311933,0.07852042,0.7)
black 338.1921 345.5356 12.48965 (-0.4285609,5,0.7) (-0.4285609,0.07849386,0.7)
red 339.2005 345.6022 14.24238 (0.2372473,5,0.7) (0.2372473,1.317188,0.7)
black 337.692 345.6578 13.40697 (0.5643232,5,0.7) (0.5643232,0.0786367,0.7)
red 340.1998 346.1467 14.06702 (0.2164904,5,0.7) (0.2164904,1.531209,0.7)
red 338.1921 346.58 16.88924 (-0.3210167,5,0.7) (-0.3210167,1.06448,0.7)
red 338.7013 346.6356 13.38316 (0.8994687,5,0.7) (0.8994687,0.08226728,0.7)
black 334.1979 346.7467 19.54216 (0.7235408,5,0.7) (0.7235408,0.08152992,0.7)
black 340.6968 346.7689 10.54985 (-0.7234087,5,0.7) (-0.7234087,0.07962848,0.7)
black 334.698 347.08 19.34551 (0.7444289,5,0.7) (0.7444289,0.08418575,0.7)
black 336.6951 347.2133 16.95016 (0.1643449,5,0.7) (0.1643449,0.07965417,0.7)
black 335.1977 347.3134 19.01456 (-0.982553,5,0.7) (-0.982553,0.08407527,0.7)
black 337.1941 347.6689 16.89907 (-0.7098207,5,0.7) (-0.7098207,0.08231103,0.7)
red 341.1963 347.68 15.01204 (-0.410946,5,0.7) (-0.410946,1.497218,0.7)
black 339.2005 347.7245 14.21964 (-0.2142133,5,0.7) (-0.2142133,0.07748437,0.7)
black 338.7013 347.88 15.1495 (-0.9645007,5,0.7) (-0.9645007,0.080936,0.7)
red 339.7005 348.0578 13.99045 (-0.781471,5,0.7) (-0.781471,0.0810894,0.7)
red 340.6968 348.38 15.91372 (0.104436,5,0.7) (0.104436,1.124534,0.7)
red 342.1923 348.8689 13.01554 (0.541333,5,0.7) (0.541333,0.7370961,0.7)
black 342.1923 349.5578 12.51733 (-0.3179282,5,0.7) (-0.3179282,0.0760068,0.7)
black 342.7015 349.7689 12.09439 (0.2929599,5,0.7) (0.2929599,0.08080508,0.7)
black 340.1998 349.9911 15.98657 (0.1777152,5,0.7) (0.1777152,0.08047293,0.7)
red 342.7015 350.7578 13.54957 (-0.9631841,5,0.7) (-0.9631841,0.07750831,0.7)
red 343.6983 350.8467 16.68868 (-0.4370273,5,0.7) (-0.4370273,1.597126,0.7)
black 344.1969 351.18 11.96167 (-0.6906352,5,0.7) (-0.6906352,0.08159591,0.7)
red 343.1972 351.38 13.73972 (-0.6599035,5,0.7) (-0.6599035,0.08317256,0.7)
red 344.1969 351.7022 16.56552 (-0.9575403,5,0.7) (-0.9575403,1.394532,0.7)
black 339.7005 352.0022 19.24714 (0.2765507,5,0.7) (0.2765507,0.08347192,0.7)
black 343.1972 352.0356 14.67472 (0.2717704,5,0.7) (0.2717704,0.08351235,0.7)
red 341.6933 352.1133 16.82444 (0.9768875,5,0.7) (0.9768875,0.0819189,0.7)
black 341.6933 352.1467 16.87494 (-0.9310877,5,0.7) (-0.9310877,0.08425975,0.7)
red 345.6955 352.3578 14.03745 (-0.236837,5,0.7) (-0.236837,1.103157,0.7)
red 345.1995 352.58 15.61108 (-0.3802418,5,0.7) (-0.3802418,1.18968,0.7)
black 341.1963 352.88 18.47072 (-0.9414346,5,0.7) (-0.9414346,0.08411718,0.7)
red 346.6976 353.1911 14.84594 (-0.2978543,5,0.7) (-0.2978543,1.444416,0.7)
black 346.6976 353.1911 11.2087 (0.5465212,5,0.7) (0.5465212,0.07947201,0.7)
black 345.1995 354.0133 14.64164 (-0.4401051,5,0.7) (-0.4401051,0.08275659,0.7)
red 347.6981 354.0911 15.31245 (-0.2510439,5,0.7) (-0.2510439,1.626238,0.7)
black 343.6983 354.3689 17.16945 (0.08535278,5,0.7) (0.08535278,0.08474441,0.7)
red 344.6988 354.4911 15.98577 (0.4108844,5,0.7) (0.4108844,0.08019933,0.7)
black 344.6988 354.5689 16.09419 (-0.9653003,5,0.7) (-0.9653003,0.08135025,0.7)
black 345.6955 355.1133 15.46962 (-0.2265826,5,0.7) (-0.2265826,0.08002749,0.7)
red 347.1966 355.3022 13.61345 (0.4286518,5,0.7) (0.4286518,0.07729056,0.7)
red 346.1945 355.9689 15.95723 (0.6725197,5,0.7) (0.6725197,0.08076119,0.7)
black 347.6981 356.6911 14.8889 (-0.4482478,5,0.7) (-0.4482478,0.08191931,0.7)
black 347.1966 356.7245 15.62824 (0.5217445,5,0.7) (0.5217445,0.08235535,0.7)
black 346.1945 358.6467 19.42732 (-0.8239739,5,0.7) (-0.8239739,0.08405845,0.7)
0
