red 286.1759 292.2689 13.99306 (0.4789822,5,0.7) (0.4789822,1.424164,0.7)
red 285.6746 292.9022 15.66929 (0.8041699,5,0.7) (0.8041699,1.287174,0.7)
red 287.6722 293.7467 14.02218 (0.1216074,5,0.7) (0.1216074,1.446013,0.7)
red 286.675 294.7467 13.57407 (-0.6427128,5,0.7) (-0.6427128,0.08103143,0.7)
red 288.6726 295.0133 15.30688 (-0.087762,5,0.7) (-0.087762,1.654275,0.7)
red 289.6698 295.48 13.25675 (-0.4202358,5,0.7) (-0.4202358,1.373775,0.7)
red 287.1743 295.5356 13.99099 (-0.6454549,5,0.7) (-0.6454549,0.08130231,0.7)
red 289.1706 296.0133 13.21991 (-0.7627814,5,0.7) (-0.7627814,0.7078923,0.7)
red 290.669 297.5689 16.23284 (-0.2525817,5,0.7) (-0.2525817,1.607238,0.7)
red 291.1782 298.2245 14.08963 (0.06270015,5,0.7) (0.06270015,0.8917522,0.7)
red 288.1733 298.5578 16.77994 (0.8106878,5,0.7) (0.8106878,0.08179557,0.7)
red 290.171 298.6467 14.1534 (-0.8698037,5,0.7) (-0.8698037,0.08273402,0.7)
red 292.1783 299.0133 15.90546 (-0.04076827,5,0.7) (-0.04076827,1.550849,0.7)
red 293.1758 299.6133 13.16051 (0.4227411,5,0.7) (0.4227411,0.9399765,0.7)
red 293.6748 300.5133 14.85168 (-0.5655208,5,0.7) (-0.5655208,1.256088,0.7)
red 294.1709 300.7911 14.88209 (-0.3998994,5,0.7) (-0.3998994,1.387458,0.7)
red 295.1721 300.9578 13.3441 (-0.5763073,5,0.7) (-0.5763073,1.415207,0.7)
red 292.6776 301.5133 14.67439 (-0.9078925,5,0.7) (-0.9078925,0.08334124,0.7)
red 291.6772 301.5467 16.09698 (-0.8966494,5,0.7) (-0.8966494,0.08234783,0.7)
red 294.6699 301.6356 15.85729 (-0.5067811,5,0.7) (-0.5067811,1.47595,0.7)
red 296.1765 303.9244 16.62903 (0.04350197,5,0.7) (0.04350197,1.293662,0.7)
red 297.1765 304.2356 15.26091 (0.1707715,5,0.7) (0.1707715,1.256695,0.7)
red 298.1717 304.8467 14.28846 (-0.4310032,5,0.7) (-0.4310032,1.177122,0.7)
red 296.6756 305.0467 14.00787 (-0.9663191,5,0.7) (-0.9663191,0.08164897,0.7)
red 297.6761 305.18 16.35695 (-0.5798538,5,0.7) (-0.5798538,1.338549,0.7)
red 295.6713 305.4911 16.01339 (-0.02752769,5,0.7) (-0.02752769,0.07926949,0.7)
red 299.173 305.58 13.77822 (-0.1726586,5,0.7) (-0.1726586,1.171164,0.7)
red 299.6729 306.3245 15.31853 (-0.6556668,5,0.7) (-0.6556668,1.492004,0.7)
red 300.6693 306.7689 13.79268 (-0.886308,5,0.7) (-0.886308,1.363268,0.7)
red 301.1724 307.8356 15.74233 (-0.53708,5,0.7) (-0.53708,1.599171,0.7)
red 300.1702 308.3356 16.85682 (-0.1924967,5,0.7) (-0.1924967,1.160238,0.7)
red 301.6715 308.8467 14.99525 (0.1783277,5,0.7) (0.1783277,1.116976,0.7)
red 298.67 309.0911 16.82714 (0.4246673,5,0.7) (0.4246673,0.08291328,0.7)
red 302.6707 309.1245 13.5232 (0.3050394,5,0.7) (0.3050394,1.059396,0.7)
red 302.1721 309.3911 15.17736 (0.01161277,5,0.7) (0.01161277,1.148517,0.7)
red 304.1747 310.3022 13.80466 (-0.5844805,5,0.7) (-0.5844805,1.346897,0.7)
red 303.1759 310.8022 16.62026 (-0.78562,5,0.7) (-0.78562,1.350066,0.7)
red 305.1714 312.2689 14.97747 (-0.2293872,5,0.7) (-0.2293872,1.153902,0.7)
red 303.675 312.8134 15.08598 (0.8069839,5,0.7) (0.8069839,0.08022034,0.7)
red 304.6722 314.4022 15.89231 (-0.974515,5,0.7) (-0.974515,0.07903256,0.7)
0
