red 3.877184 30.75556 13.58218 (0.590555,0.15,0.7812172) (0.590555,0.15,0.7812172)
1
red 30.87366 30.87778 13.58218 (0.44723,0.15,0.8629649) (0.44723,0.15,0.8629649)
2
red 308.2648 311.0445 13.7741 (0.3034638,0.15,0.9155633) (0.3034638,0.15,0.9155633)
1
red 311.2577 312.4222 13.7741 (0.8280783,0.15,0.5450635) (0.8280783,0.15,0.5450635)
2
red 312.7664 314.1 13.7741 (0.08753686,0.15,0.9492581) (0.08753686,0.15,0.9492581)
3
red 314.2597 314.9667 13.7741 (-0.2029355,0.15,0.9157094) (-0.2029355,0.15,0.9157094)
4
red 315.261 316.2556 13.7741 (-0.8015673,0.15,0.4211093) (-0.8015673,0.15,0.4211093)
5
red 316.2606 317.5778 13.7741 (0.4535764,0.15,0.8600152) (0.4535764,0.15,0.8600152)
6
red 317.7571 318.4778 13.7741 (0.06717227,0.15,0.9498448) (0.06717227,0.15,0.9498448)
7
red 318.7657 319.8 13.7741 (-0.6241039,0.15,0.6693907) (-0.6241039,0.15,0.6693907)
8
red 320.2632 321.1222 13.7741 (0.6867085,0.15,0.7050549) (0.6867085,0.15,0.7050549)
9
red 321.2603 322.0889 13.7741 (0.2908127,0.15,0.9189718) (0.2908127,0.15,0.9189718)
10
red 322.2606 324.3667 13.7741 (-0.8576621,0.15,0.2804452) (-0.8576621,0.15,0.2804452)
11
red 324.7632 325.8556 13.7741 (0.01138769,0.15,0.949215) (0.01138769,0.15,0.949215)
12
red 326.2583 326.8667 13.7741 (0.4760819,0.15,0.8490902) (0.4760819,0.15,0.8490902)
13
red 327.2617 327.9556 13.7741 (0.4969061,0.15,0.8383167) (0.4969061,0.15,0.8383167)
14
red 328.2609 328.2667 13.7741 (0.3463318,0.15,0.9026003) (0.3463318,0.15,0.9026003)
15
red 328.7597 329.6222 13.7741 (0.5418693,0.15,0.8127512) (0.5418693,0.15,0.8127512)
16
red 329.7567 331.2444 13.7741 (-0.8512473,0.15,0.3004218) (-0.8512473,0.15,0.3004218)
17
red 331.2655 331.8 13.7741 (-0.6018781,0.15,0.6910535) (-0.6018781,0.15,0.6910535)
18
red 332.2573 332.8111 13.7741 (0.3109533,0.15,0.9134568) (0.3109533,0.15,0.9134568)
19
red 333.2594 333.9445 13.7741 (-0.2284883,0.15,0.9082644) (-0.2284883,0.15,0.9082644)
20
red 334.2558 336.1556 13.7741 (0.7298225,0.15,0.6635822) (0.7298225,0.15,0.6635822)
21
red 178.2572 180.7444 15.66458 (0.6729428,0.15,0.7172463) (0.6729428,0.15,0.7172463)
1
red 180.7607 180.8222 15.66458 (0.5582455,0.15,0.8026122) (0.5582455,0.15,0.8026122)
2
red 181.2597 182.1556 15.66458 (0.02962076,0.15,0.9497814) (0.02962076,0.15,0.9497814)
3
red 182.2602 183.1667 15.66458 (0.1972929,0.15,0.938512) (0.1972929,0.15,0.938512)
4
red 183.257 184.2667 15.66458 (0.6576925,0.15,0.7302122) (0.6576925,0.15,0.7302122)
5
red 184.7646 186.2222 15.66458 (-0.1850286,0.15,0.9204681) (-0.1850286,0.15,0.9204681)
6
red 186.2598 186.2889 15.66458 (-0.3523163,0.15,0.8606054) (-0.3523163,0.15,0.8606054)
7
red 186.7608 188.7556 15.66458 (-0.779247,0.15,0.4635184) (-0.779247,0.15,0.4635184)
8
red 188.7573 189.9889 15.66458 (-0.4309195,0.15,0.8192779) (-0.4309195,0.15,0.8192779)
9
red 190.2656 191.4556 15.66458 (-0.6374294,0.15,0.6556987) (-0.6374294,0.15,0.6556987)
10
red 191.7628 193.1667 15.66458 (0.9396807,0.15,0.333119) (0.9396807,0.15,0.333119)
11
red 193.2596 194.0333 15.66458 (0.592239,0.15,0.7800493) (0.592239,0.15,0.7800493)
12
red 194.2583 195.1889 15.66458 (0.8603789,0.15,0.4957681) (0.8603789,0.15,0.4957681)
13
red 195.2558 196.2222 15.66458 (0.01638173,0.15,0.949405) (0.01638173,0.15,0.949405)
14
red 196.2661 197 15.66458 (0.3232207,0.15,0.9098629) (0.3232207,0.15,0.9098629)
15
red 197.2636 199.0222 15.66458 (-0.4946378,0.15,0.7783763) (-0.4946378,0.15,0.7783763)
16
red 199.2579 200.3445 15.66458 (0.7329978,0.15,0.6603136) (0.7329978,0.15,0.6603136)
17
red 200.7573 201.6889 15.66458 (0.7811514,0.15,0.6065621) (0.7811514,0.15,0.6065621)
18
red 201.7562 203.0444 15.66458 (-0.07840614,0.15,0.941282) (-0.07840614,0.15,0.941282)
19
red 203.264 204.1222 15.66458 (0.413056,0.15,0.8778897) (0.413056,0.15,0.8778897)
20
red 204.2621 205.0333 15.66458 (0.198439,0.15,0.9383314) (0.198439,0.15,0.9383314)
21
red 205.2598 205.9778 15.66458 (0.6878617,0.15,0.7040116) (0.6878617,0.15,0.7040116)
22
red 628.2889 630.1334 16.75605 (0.7291641,0.15,0.6642561) (0.7291641,0.15,0.6642561)
1
red 630.2849 630.2889 16.75605 (0.6941813,0.15,0.6982338) (0.6941813,0.15,0.6982338)
2
red 630.7836 631.5111 16.75605 (-0.09611081,0.15,0.9386967) (-0.09611081,0.15,0.9386967)
3
red 631.7831 632.4333 16.75605 (-0.1491416,0.15,0.9288932) (-0.1491416,0.15,0.9288932)
4
red 632.7791 633.3 16.75605 (0.787118,0.15,0.5992971) (0.787118,0.15,0.5992971)
5
red 633.7785 634.4556 16.75605 (-0.3722538,0.15,0.8510004) (-0.3722538,0.15,0.8510004)
6
red 634.7849 635.5 16.75605 (0.7006804,0.15,0.6921813) (0.7006804,0.15,0.6921813)
7
red 635.7874 636.8 16.75605 (-0.2609062,0.15,0.8976845) (-0.2609062,0.15,0.8976845)
8
red 637.2835 638.7222 16.75605 (0.9935569,0.15,0.1104557) (0.9935569,0.15,0.1104557)
9
red 638.7796 639.5333 16.75605 (0.3875071,0.15,0.8880253) (0.3875071,0.15,0.8880253)
10
red 639.7797 641.7444 16.75605 (-0.758521,0.15,0.4987924) (-0.758521,0.15,0.4987924)
11
red 641.7877 642.1334 16.75605 (-0.6586592,0.15,0.6326943) (-0.6586592,0.15,0.6326943)
12
red 642.2853 643.7333 16.75605 (0.7510684,0.15,0.6410952) (0.7510684,0.15,0.6410952)
13
red 643.7827 643.9445 16.75605 (0.8538128,0.15,0.5063448) (0.8538128,0.15,0.5063448)
14
red 644.2807 646.0444 16.75605 (-0.7384551,0.15,0.529942) (-0.7384551,0.15,0.529942)
15
red 646.2789 647.3889 16.75605 (0.2553554,0.15,0.9275393) (0.2553554,0.15,0.9275393)
16
red 647.787 648.6889 16.75605 (0.2663043,0.15,0.9250473) (0.2663043,0.15,0.9250473)
17
red 648.7847 649.5 16.75605 (0.3695732,0.15,0.8946357) (0.3695732,0.15,0.8946357)
18
red 649.7828 650.3778 16.75605 (-0.06833948,0.15,0.9426005) (-0.06833948,0.15,0.9426005)
19
red 650.7795 651.9111 16.75605 (0.3142718,0.15,0.9125023) (0.3142718,0.15,0.9125023)
20
red 652.2888 653.8556 16.75605 (-0.3574016,0.15,0.8582097) (-0.3574016,0.15,0.8582097)
21
red 654.2851 655.6334 16.75605 (0.5443981,0.15,0.8112155) (0.5443981,0.15,0.8112155)
22
yellow 379.2813 389.2111 16.1742 (-0.8845618,5,0.7) (-0.8845618,0.08321287,0.7)
1
blue 379.7808 389.4778 15.84927 (0.9926364,5,0.7) (0.9926364,0.07990418,0.7)
2
red 388.7121 391.7 14.72348 (0.1508976,0.15,0.9446267) (0.1508976,0.15,0.9446267)
3
red 389.2213 393.3111 13.39482 (-0.4053924,0.15,0.8337372) (-0.4053924,0.15,0.8337372)
4
red 391.7155 396.3556 14.63896 (0.677738,0.15,0.7130533) (0.677738,0.15,0.7130533)
5
blue 389.7866 397.5222 14.39225 (0.2025009,5,0.7) (0.2025009,0.5988073,0.7)
6
red 396.7138 398.2778 16.62714 (0.01248102,0.15,0.9492588) (0.01248102,0.15,0.9492588)
7
blue 390.786 398.3333 13.47652 (0.03450668,5,0.7) (0.03450668,0.3626946,0.7)
8
blue 388.7785 398.4445 15.80999 (-0.5663569,5,0.7) (-0.5663569,0.08223531,0.7)
9
blue 390.2866 399.0667 16.16427 (-0.03859985,5,0.7) (-0.03859985,0.6492845,0.7)
10
blue 389.2874 399.0889 16.01102 (0.1693784,5,0.7) (0.1693784,0.08399713,0.7)
11
blue 392.7813 399.1111 10.94629 (0.923377,5,0.7) (0.923377,0.07759263,0.7)
12
blue 393.7795 401.6556 13.28517 (-0.1484808,5,0.7) (-0.1484808,0.08198762,0.7)
13
blue 392.2814 401.8667 17.46658 (0.1601795,5,0.7) (0.1601795,0.6805469,0.7)
14
blue 395.784 402.0111 10.78056 (0.3536167,5,0.7) (0.3536167,0.07267337,0.7)
15
blue 391.7811 402.0111 16.58016 (0.9379437,5,0.7) (0.9379437,0.0844332,0.7)
16
blue 391.283 402.4556 17.81346 (0.2653818,5,0.7) (0.2653818,0.08255978,0.7)
17
blue 394.2877 402.6444 13.9877 (-0.9939432,5,0.7) (-0.9939432,0.07992273,0.7)
18
blue 394.7867 403.7333 17.35236 (0.264235,5,0.7) (0.264235,0.9344161,0.7)
19
blue 395.2851 406.0889 17.33061 (-0.3784944,5,0.7) (-0.3784944,0.08008907,0.7)
20
blue 393.2805 406.1222 19.90276 (0.4516763,5,0.7) (0.4516763,0.084108,0.7)
21
yellow 390.2866 0 15.28592 (-0.09620893,5,0.7) (-0.09620893,5,0.7)
22
yellow 394.2877 0 15.61256 (0.1682035,5,0.7) (0.1682035,5,0.7)
23
yellow 392.7813 0 14.26764 (-0.1129273,5,0.7) (-0.1129273,5,0.7)
24
yellow 393.7795 0 13.02711 (-0.9351749,5,0.7) (-0.9351749,5,0.7)
25
yellow 390.786 0 15.48557 (-0.8270781,5,0.7) (-0.8270781,5,0.7)
26
yellow 389.7866 0 13.1897 (-0.1426476,5,0.7) (-0.1426476,5,0.7)
27
yellow 392.2814 0 15.53658 (-0.4969043,5,0.7) (-0.4969043,5,0.7)
28
yellow 395.2851 0 16.20074 (0.09475029,5,0.7) (0.09475029,5,0.7)
29
red 398.7211 0 16.62714 (0.06463932,0.15,0.9498872) (0.06463932,0.15,0.9498872)
30
yellow 395.784 0 16.62714 (-0.6869559,5,0.7) (-0.6869559,5,0.7)
31
yellow 388.7785 0 13.39482 (-0.9106147,5,0.7) (-0.9106147,5,0.7)
32
yellow 389.2874 0 14.57514 (-0.6352372,5,0.7) (-0.6352372,5,0.7)
33
yellow 394.7867 0 15.23067 (0.1696419,5,0.7) (0.1696419,5,0.7)
34
red 393.7136 0 14.26877 (-0.6549662,0.15,0.6368065) (-0.6549662,0.15,0.6368065)
35
yellow 391.283 0 14.63896 (0.3874759,5,0.7) (0.3874759,5,0.7)
36
yellow 393.2805 0 14.26877 (0.1437198,5,0.7) (0.1437198,5,0.7)
37
yellow 391.7811 0 15.6851 (0.7538583,5,0.7) (0.7538583,5,0.7)
38
red 4.066454 6.711111 16.62714 (-0.00589047,0.15,0.9483545) (-0.00589047,0.15,0.9483545)
1
red 7.059108 11.38889 16.62714 (-0.4113652,0.15,0.830447) (-0.4113652,0.15,0.830447)
2
purple 57.88765 65.26667 12.55186 (-0.1252779,5,0.7) (-0.1252779,0.0766741,0.7)
1
purple 57.37937 65.6 13.78326 (-0.3045968,5,0.7) (-0.3045968,0.08123836,0.7)
2
purple 59.38607 65.71111 10.94701 (0.6327608,5,0.7) (0.6327608,0.0779749,0.7)
3
yellow 57.88765 65.76667 13.30172 (0.7971842,5,0.7) (0.7971842,0.08212928,0.7)
4
red 11.56569 65.97778 16.62714 (0.5412596,0.15,0.8131199) (0.5412596,0.15,0.8131199)
5
red 66.21806 66.22222 16.28607 (0.352865,0.15,0.9004292) (0.352865,0.15,0.9004292)
6
purple 58.88791 66.37778 12.92732 (0.2917566,5,0.7) (0.2917566,0.1690826,0.7)
7
yellow 58.37782 66.5 13.6304 (0.9369216,5,0.7) (0.9369216,0.07767132,0.7)
8
purple 60.38541 66.87778 11.19623 (0.5692115,5,0.7) (0.5692115,0.07324748,0.7)
9
yellow 57.37937 67.16667 15.97528 (-0.6395311,5,0.7) (-0.6395311,0.08191302,0.7)
10
red 66.71745 67.75555 16.28607 (-0.06764029,0.15,0.942688) (-0.06764029,0.15,0.942688)
11
blue 61.88297 67.97778 10.58495 (0.09123313,5,0.7) (0.09123313,0.07965236,0.7)
12
yellow 59.88517 68.14445 13.8453 (0.9573536,5,0.7) (0.9573536,0.08040231,0.7)
13
yellow 58.88791 68.28889 16.59002 (-0.2036451,5,0.7) (-0.2036451,0.4845245,0.7)
14
yellow 59.38607 69.2 16.0141 (0.09149182,5,0.7) (0.09149182,0.07952022,0.7)
15
purple 62.38168 69.63333 12.35507 (0.6499352,5,0.7) (0.6499352,0.07770627,0.7)
16
blue 62.87995 69.63333 11.59861 (-0.911402,5,0.7) (-0.911402,0.07790884,0.7)
17
yellow 61.38305 69.85556 14.15371 (-0.9273028,5,0.7) (-0.9273028,0.08288348,0.7)
18
yellow 60.38541 70.05556 15.82912 (-0.3705667,5,0.7) (-0.3705667,0.08376175,0.7)
19
purple 58.37782 70.13333 18.551 (0.1270579,5,0.7) (0.1270579,0.08283848,0.7)
20
yellow 61.88297 70.45556 14.28691 (-0.8386161,5,0.7) (-0.8386161,0.07913761,0.7)
21
blue 59.88517 70.6 17.22302 (0.6924047,5,0.7) (0.6924047,0.08312613,0.7)
22
yellow 60.88454 70.76667 16.11464 (0.8184593,5,0.7) (0.8184593,0.08335193,0.7)
23
blue 63.87942 70.92223 12.03998 (0.3849344,5,0.7) (0.3849344,0.07890797,0.7)
24
blue 60.88454 71.14445 16.62069 (0.05358183,5,0.7) (0.05358183,0.08300835,0.7)
25
yellow 62.38168 71.15556 14.56647 (-0.602066,5,0.7) (-0.602066,0.07772535,0.7)
26
yellow 62.87995 71.34444 14.13495 (0.6781871,5,0.7) (0.6781871,0.08169648,0.7)
27
purple 63.38062 72.33334 14.82351 (0.7307403,5,0.7) (0.7307403,0.08061677,0.7)
28
purple 61.38305 73.36667 18.84859 (-0.0274955,5,0.7) (-0.0274955,0.08421443,0.7)
29
yellow 63.38062 73.44444 16.34719 (-0.5700808,5,0.7) (-0.5700808,0.08079791,0.7)
30
yellow 63.87942 73.9 16.28607 (0.7077918,5,0.7) (0.7077918,0.08029842,0.7)
31
red 2.780721 4.461052 13.52801 (0.9368999,5,0.7) (0.9368999,4.150451,0.7)
1
yellow 4.260646 4.461052 16.3021 (-0.7632532,5,0.7) (-0.7632532,5,0.7)
2
black 2.092594 4.461052 11.56749 (0.3577637,5,0.7) (0.3577637,3.504911,0.7)
3
blue 3.020216 4.461052 19.94281 (-0.7433393,5,0.7) (-0.7433393,4.589006,0.7)
4
purple 2.538092 4.461052 14.20015 (-0.05098045,5,0.7) (-0.05098045,4.075225,0.7)
5
yellow 4.240288 4.461052 13.31225 (-0.3561329,5,0.7) (-0.3561329,5,0.7)
6
yellow 4.0202 4.461052 16.47377 (0.447879,5,0.7) (0.447879,5,0.7)
7
yellow 2.538092 4.461052 16.6351 (-0.3352047,5,0.7) (-0.3352047,4.260243,0.7)
8
red 3.900146 4.461052 14.13133 (0.6043699,5,0.7) (0.6043699,5,0.7)
9
black 2.433992 4.461052 13.41351 (-0.8229787,5,0.7) (-0.8229787,3.948183,0.7)
10
blue 2.740263 4.461052 14.26157 (0.2860195,5,0.7) (0.2860195,4.188811,0.7)
11
red 3.820317 4.461052 15.77952 (0.0707761,5,0.7) (0.0707761,5,0.7)
12
red 4.120537 4.461052 14.89992 (0.05636251,5,0.7) (0.05636251,5,0.7)
13
blue 4.260646 4.461052 17.62499 (-0.4129909,5,0.7) (-0.4129909,4.948103,0.7)
14
black 3.283155 4.461052 17.77732 (0.3360488,5,0.7) (0.3360488,4.600365,0.7)
15
yellow 4.400619 4.461052 14.7393 (-0.5875022,5,0.7) (-0.5875022,5,0.7)
16
black 2.280733 4.461052 14.19908 (-0.1664215,5,0.7) (-0.1664215,3.956409,0.7)
17
black 3.40005 4.461052 14.583 (0.5473487,5,0.7) (0.5473487,4.527582,0.7)
18
black 3.68018 4.461052 10.32057 (-0.8575304,5,0.7) (-0.8575304,4.484705,0.7)
19
red 2.420161 4.461052 15.31115 (-0.8892455,5,0.7) (-0.8892455,4.122236,0.7)
20
blue 3.44064 4.461052 11.86341 (-0.6306214,5,0.7) (-0.6306214,4.409838,0.7)
21
red 3.68018 4.461052 13.4557 (-0.04868162,5,0.7) (-0.04868162,4.62397,0.7)
22
red 3.120124 4.461052 16.30064 (-0.6196325,5,0.7) (-0.6196325,4.481353,0.7)
23
yellow 3.40005 4.461052 13.78806 (-0.5576308,5,0.7) (-0.5576308,4.491166,0.7)
24
yellow 1.912627 4.461052 14.18555 (-0.7387059,5,0.7) (-0.7387059,3.76684,0.7)
25
blue 4.400619 4.461052 17.40047 (0.06751955,5,0.7) (0.06751955,4.993215,0.7)
26
red 3.180249 4.461052 16.55592 (-0.783165,5,0.7) (-0.783165,4.516621,0.7)
27
yellow 2.400337 4.461052 13.95017 (0.06952751,5,0.7) (0.06952751,3.991883,0.7)
28
blue 3.240265 4.461052 13.14182 (-0.09063947,5,0.7) (-0.09063947,4.370538,0.7)
29
red 4.400619 4.461052 13.14028 (0.3770642,5,0.7) (0.3770642,5,0.7)
30
red 3.92047 4.461052 13.75031 (0.4291603,5,0.7) (0.4291603,5,0.7)
31
black 3.780528 4.461052 16.85366 (0.9954276,5,0.7) (0.9954276,4.760504,0.7)
32
black 4.420228 4.461052 11.27366 (0.3364517,5,0.7) (0.3364517,4.996961,0.7)
33
red 3.320448 4.461052 14.48686 (0.553494,5,0.7) (0.553494,4.484901,0.7)
34
red 2.433992 4.461052 16.47516 (0.1332232,5,0.7) (0.1332232,4.209794,0.7)
35
black 2.682869 4.461052 17.28717 (0.8160236,5,0.7) (0.8160236,4.36062,0.7)
36
yellow 3.260058 4.461052 15.2132 (-0.640717,5,0.7) (-0.640717,4.491128,0.7)
37
yellow 3.44064 4.461052 16.83937 (0.9274626,5,0.7) (0.9274626,4.628856,0.7)
38
black 2.920158 4.461052 17.22304 (0.5607173,5,0.7) (0.5607173,4.446663,0.7)
39
red 3.620883 4.461052 13.89648 (-0.9395094,5,0.7) (-0.9395094,4.608503,0.7)
40
yellow 2.740263 4.461052 14.68855 (-0.2078313,5,0.7) (-0.2078313,4.220846,0.7)
41
red 3.92047 4.461052 13.41219 (0.8992743,5,0.7) (0.8992743,5,0.7)
42
purple 3.260058 4.461052 14.11958 (0.5451651,5,0.7) (0.5451651,4.437014,0.7)
43
red 4.280762 4.461052 15.61864 (0.4603159,5,0.7) (0.4603159,5,0.7)
44
purple 2.257405 4.461052 18.10594 (-0.777683,5,0.7) (-0.777683,4.25183,0.7)
45
yellow 4.440167 4.461052 15.82945 (0.2903723,5,0.7) (0.2903723,5,0.7)
46
red 4.420228 4.461052 14.42166 (0.3370976,5,0.7) (0.3370976,5,0.7)
47
black 4.080743 4.461052 14.9194 (-0.8367553,5,0.7) (-0.8367553,4.855577,0.7)
48
black 4.180865 4.461052 16.69273 (0.8247123,5,0.7) (0.8247123,4.913758,0.7)
49
black 3.92047 4.461052 19.33019 (0.6743295,5,0.7) (0.6743295,4.848004,0.7)
50
yellow 3.240265 4.461052 14.14235 (0.7380593,5,0.7) (0.7380593,4.428272,0.7)
51
yellow 2.954569 4.461052 15.7866 (-0.5845094,5,0.7) (-0.5845094,4.380604,0.7)
52
red 2.280733 4.461052 14.61441 (0.5842659,5,0.7) (0.5842659,3.996894,0.7)
53
red 1.42232 4.461052 13.70108 (0.1047527,5,0.7) (0.1047527,3.457745,0.7)
54
red 1.78251 4.461052 15.16764 (0.4656508,5,0.7) (0.4656508,3.822185,0.7)
55
red 2.920158 4.461052 16.44937 (0.911696,5,0.7) (0.911696,4.408048,0.7)
56
red 3.283155 4.461052 13.19535 (0.2856204,5,0.7) (0.2856204,4.395726,0.7)
57
red 3.40005 4.461052 13.77772 (-0.7995858,5,0.7) (-0.7995858,4.490669,0.7)
58
red 1.920045 4.461052 14.89315 (0.8312597,5,0.7) (0.8312597,3.856334,0.7)
59
purple 2.400337 4.461052 15.36833 (-0.2967085,5,0.7) (-0.2967085,4.117992,0.7)
60
black 2.780721 4.461052 15.17739 (0.7224236,5,0.7) (0.7224236,4.273395,0.7)
61
black 1.78251 4.461052 16.37137 (-0.1140417,5,0.7) (-0.1140417,3.944521,0.7)
62
black 2.918637 4.461052 10.07486 (0.1136223,5,0.7) (0.1136223,3.864257,0.7)
63
purple 3.940121 4.461052 10.2576 (-0.8844333,5,0.7) (-0.8844333,4.678633,0.7)
64
purple 4.240288 4.461052 15.93663 (0.2456292,5,0.7) (0.2456292,4.933669,0.7)
65
red 3.080658 4.461052 14.91161 (-0.1795768,5,0.7) (-0.1795768,4.393849,0.7)
66
blue 3.900146 4.461052 13.48793 (-0.7887149,5,0.7) (-0.7887149,4.741946,0.7)
67
red 2.918637 4.461052 13.05283 (0.4024517,5,0.7) (0.4024517,4.176179,0.7)
68
yellow 3.740899 4.461052 13.70292 (0.9840548,5,0.7) (0.9840548,4.663738,0.7)
69
yellow 3.940121 4.461052 15.08779 (-0.6714644,5,0.7) (-0.6714644,5,0.7)
70
red 2.626154 4.461052 14.04522 (-0.290341,5,0.7) (-0.290341,4.111611,0.7)
71
red 2.920158 4.461052 14.83858 (-0.9567177,5,0.7) (-0.9567177,4.315361,0.7)
72
blue 3.760805 4.461052 11.14053 (-0.8981178,5,0.7) (-0.8981178,4.582364,0.7)
73
yellow 3.760805 4.461052 15.52673 (0.8997519,5,0.7) (0.8997519,5,0.7)
74
red 2.83809 4.461052 14.46145 (-0.6530523,5,0.7) (-0.6530523,4.242608,0.7)
75
red 2.580121 4.461052 16.93617 (-0.4590343,5,0.7) (-0.4590343,4.302503,0.7)
76
red 4.080743 4.461052 14.59313 (0.3859915,5,0.7) (0.3859915,5,0.7)
77
black 3.180249 4.461052 16.62205 (0.3002126,5,0.7) (0.3002126,4.519404,0.7)
78
black 3.580771 4.461052 17.64021 (0.8201687,5,0.7) (0.8201687,4.703677,0.7)
79
red 3.742962 4.461052 13.70292 (-0.4644244,0.15,0.7986661) (-0.4644244,0.15,0.7986661)
80
black 4.280762 4.461052 11.38582 (0.6654234,5,0.7) (0.6654234,4.932959,0.7)
81
yellow 2.257405 4.461052 15.24695 (0.3488369,5,0.7) (0.3488369,4.03654,0.7)
82
red 2.092594 4.461052 15.10827 (-0.315838,5,0.7) (-0.315838,3.951578,0.7)
83
purple 3.40005 4.461052 13.37114 (0.5858676,5,0.7) (0.5858676,4.470479,0.7)
84
purple 3.740899 4.461052 14.92326 (0.505784,5,0.7) (0.505784,4.698864,0.7)
85
yellow 2.900685 4.461052 14.12502 (0.7979341,5,0.7) (0.7979341,4.257905,0.7)
86
black 4.400619 4.461052 15.8691 (0.2216953,5,0.7) (0.2216953,4.992815,0.7)
87
red 2.682869 4.461052 14.10308 (-0.4812394,5,0.7) (-0.4812394,4.146491,0.7)
88
black 3.900146 4.461052 15.92933 (-0.3261989,5,0.7) (-0.3261989,4.791343,0.7)
89
black 2.580121 4.461052 18.34882 (-0.05479825,5,0.7) (-0.05479825,4.382185,0.7)
90
black 3.420298 4.461052 10.47934 (-0.8864141,5,0.7) (-0.8864141,4.301083,0.7)
91
red 3.420298 4.461052 15.03085 (0.7531645,5,0.7) (0.7531645,4.555653,0.7)
92
red 3.780528 4.461052 14.3109 (-0.3748735,5,0.7) (-0.3748735,5,0.7)
93
purple 4.440167 4.461052 10.32675 (-0.7605584,5,0.7) (-0.7605584,5,0.7)
94
purple 2.764686 4.461052 17.22651 (-0.5756631,5,0.7) (-0.5756631,4.38711,0.7)
95
red 3.420298 4.461052 15.883 (-0.6384294,5,0.7) (-0.6384294,4.588232,0.7)
96
purple 3.520782 4.461052 13.16047 (0.05222762,5,0.7) (0.05222762,4.525469,0.7)
97
blue 4.0202 4.461052 11.09189 (-0.1260968,5,0.7) (-0.1260968,4.758978,0.7)
98
black 3.080658 4.461052 13.62709 (0.6826761,5,0.7) (0.6826761,4.31574,0.7)
99
red 4.420228 4.461052 15.37164 (0.7820954,5,0.7) (0.7820954,5,0.7)
100
purple 2.954569 4.461052 19.56901 (0.3558187,5,0.7) (0.3558187,4.551833,0.7)
101
yellow 3.900146 4.461052 14.25744 (0.7369449,5,0.7) (0.7369449,5,0.7)
102
red 4.180865 4.461052 16.53934 (-0.9377885,5,0.7) (-0.9377885,5,0.7)
103
yellow 3.520782 4.461052 14.64908 (0.4915034,5,0.7) (0.4915034,4.587261,0.7)
104
purple 1.912627 4.461052 18.87309 (0.7133229,5,0.7) (0.7133229,4.188773,0.7)
105
blue 2.900685 4.461052 17.10281 (-0.6931779,5,0.7) (-0.6931779,4.433335,0.7)
106
red 3.580771 4.461052 16.10384 (0.3697598,5,0.7) (0.3697598,4.66223,0.7)
107
red 4.320918 4.461052 14.33237 (0.3460774,5,0.7) (0.3460774,5,0.7)
108
yellow 3.020216 4.461052 16.9088 (-0.133418,5,0.7) (-0.133418,4.469788,0.7)
109
yellow 2.764686 4.461052 13.01439 (-0.1606587,5,0.7) (-0.1606587,4.094947,0.7)
110
