red 176.7311 182.1667 13.76959 (0.1245948,5,0.7) (0.1245948,1.751753,0.7)
red 177.7268 183.4444 13.94201 (-0.05706322,5,0.7) (-0.05706322,1.633419,0.7)
red 178.2258 183.6222 13.22157 (-0.3346487,5,0.7) (-0.3346487,1.622849,0.7)
red 177.2296 183.9667 15.06099 (-0.6514075,5,0.7) (-0.6514075,1.372139,0.7)
black 176.7311 185.1778 14.12152 (-0.5315406,5,0.7) (-0.5315406,0.08268669,0.7)
black 177.7268 185.4222 13.02023 (0.4298744,5,0.7) (0.4298744,0.08013486,0.7)
red 178.7259 185.6222 16.2579 (-0.9779665,5,0.7) (-0.9779665,1.613558,0.7)
black 180.2223 186.0667 10.17084 (0.5468986,5,0.7) (0.5468986,0.07457197,0.7)
black 178.2258 186.2333 13.47749 (0.8931966,5,0.7) (0.8931966,0.08111177,0.7)
red 180.7226 186.2667 13.44905 (-0.399469,5,0.7) (-0.399469,1.599325,0.7)
red 180.2223 187.3 16.76851 (-0.3974272,5,0.7) (-0.3974272,1.653941,0.7)
black 181.2333 187.4333 15.1205 (-0.3498849,4.998992,0.7) (-0.3498849,1.677012,0.7)
black 181.7254 187.6556 10.3219 (0.1214665,5,0.7) (0.1214665,0.07983842,0.7)
red 181.2333 187.8 15.67843 (-0.4641377,4.999,0.7) (-0.4641377,1.628473,0.7)
black 177.2296 188.0889 17.40484 (0.3234045,5,0.7) (0.3234045,0.08063968,0.7)
red 179.7243 188.3778 14.39809 (0.2694537,5,0.7) (0.2694537,0.07948947,0.7)
black 179.7243 188.4556 14.51293 (-0.04617012,5,0.7) (-0.04617012,0.0813952,0.7)
red 182.2254 188.4667 15.16409 (-0.3981303,5,0.7) (-0.3981303,1.670449,0.7)
black 182.2254 188.4889 10.83467 (-0.4042267,5,0.7) (-0.4042267,0.07373062,0.7)
red 179.2251 188.9 15.82975 (0.6528769,5,0.7) (0.6528769,0.08394969,0.7)
red 181.7254 189.0556 16.6829 (-0.05929077,5,0.7) (-0.05929077,1.510555,0.7)
red 183.2284 189.0556 13.65548 (-0.05364478,5,0.7) (-0.05364478,1.483035,0.7)
black 183.2284 189.9556 11.5658 (0.5487099,5,0.7) (0.5487099,0.0784722,0.7)
red 184.2275 190.2111 14.54342 (-0.1465598,5,0.7) (-0.1465598,1.645666,0.7)
black 178.7259 190.5778 18.67867 (0.4258511,5,0.7) (0.4258511,0.08344234,0.7)
red 185.2302 190.7556 13.72326 (-0.7124,5,0.7) (-0.7124,1.68511,0.7)
red 182.7284 190.9667 13.81425 (0.8196774,5,0.7) (0.8196774,0.08081841,0.7)
black 184.2275 191.0667 11.73886 (-0.2616788,5,0.7) (-0.2616788,0.08007093,0.7)
black 179.2251 191.3889 19.06659 (0.3303942,5,0.7) (0.3303942,0.08305168,0.7)
black 180.7226 191.4667 17.2449 (-0.4262017,5,0.7) (-0.4262017,0.08057805,0.7)
red 185.724 191.8556 13.25263 (0.5744171,5,0.7) (0.5744171,1.169091,0.7)
black 184.7301 191.9444 12.31096 (0.7329564,5,0.7) (0.7329564,0.08043703,0.7)
red 184.7301 192.7667 13.52006 (0.820596,5,0.7) (0.820596,0.07864124,0.7)
black 185.724 193.3111 12.85907 (0.6011875,5,0.7) (0.6011875,0.08132028,0.7)
red 186.2231 193.4667 15.24039 (-0.330875,5,0.7) (-0.330875,1.155666,0.7)
black 183.7324 193.7889 16.35369 (-0.1469318,5,0.7) (-0.1469318,0.08318131,0.7)
black 186.7301 193.8445 12.15669 (0.8853266,5,0.7) (0.8853266,0.07862841,0.7)
red 183.7324 194.1445 16.8268 (0.861289,5,0.7) (0.861289,0.08276892,0.7)
red 186.7301 194.3111 16.00095 (-0.8424962,5,0.7) (-0.8424962,1.200464,0.7)
black 188.2241 194.4444 10.76486 (0.2026144,5,0.7) (0.2026144,0.07351893,0.7)
black 186.2231 194.5 13.86225 (0.3542144,5,0.7) (0.3542144,0.08084714,0.7)
black 182.7284 195.4556 19.76838 (-0.746433,5,0.7) (-0.746433,0.08430791,0.7)
red 187.229 195.5778 13.97635 (0.07753313,5,0.7) (0.07753313,0.0818233,0.7)
red 188.7287 195.7444 16.49545 (-0.2000939,5,0.7) (-0.2000939,1.613256,0.7)
red 187.726 196 13.86051 (0.0690366,5,0.7) (0.0690366,0.08007056,0.7)
red 189.2284 196.1222 15.97208 (-0.4223861,5,0.7) (-0.4223861,1.540143,0.7)
black 190.2232 196.5667 10.95596 (0.2369584,5,0.7) (0.2369584,0.07375214,0.7)
red 191.2308 197.1 13.60422 (0.2015229,5,0.7) (0.2015229,1.440396,0.7)
black 185.2302 197.6111 19.34678 (-0.2660836,5,0.7) (-0.2660836,0.08465958,0.7)
black 187.229 197.6889 16.88125 (0.9242694,5,0.7) (0.9242694,0.08124612,0.7)
black 189.2284 197.7556 14.22706 (0.8798375,5,0.7) (0.8798375,0.08049124,0.7)
red 188.2241 197.8556 15.75715 (0.8090591,5,0.7) (0.8090591,0.07947794,0.7)
red 190.7307 198.3333 16.9554 (0.59694,5,0.7) (0.59694,1.448455,0.7)
black 187.726 198.4111 17.18378 (-0.5439265,5,0.7) (-0.5439265,0.08462214,0.7)
red 189.7238 198.5556 14.65476 (0.6394157,5,0.7) (0.6394157,0.08175915,0.7)
red 190.2232 199.4556 15.20806 (0.4937937,5,0.7) (0.4937937,0.07971856,0.7)
black 191.2308 200.2222 14.89143 (0.4192099,5,0.7) (0.4192099,0.08288485,0.7)
black 188.7287 200.4 18.4554 (0.5587838,5,0.7) (0.5587838,0.08377727,0.7)
black 189.7238 200.4222 17.19172 (-0.8566716,5,0.7) (-0.8566716,0.08235431,0.7)
black 190.7307 201.9889 17.93477 (0.2527663,5,0.7) (0.2527663,0.08497527,0.7)
0
black 73.62933 79.47778 10.18859 (0.2713339,5,0.7) (0.2713339,0.07458916,0.7)
red 74.12885 79.71111 14.47812 (-0.02540648,5,0.7) (-0.02540648,1.855278,0.7)
black 74.12885 80.11111 10.40866 (-0.8213491,5,0.7) (-0.8213491,0.07918072,0.7)
red 73.62933 80.36667 15.99106 (-0.5686846,5,0.7) (-0.5686846,1.623573,0.7)
red 75.12406 80.67778 13.80263 (-0.3046273,5,0.7) (-0.3046273,1.693948,0.7)
red 74.62599 81.86667 16.99519 (-0.6519103,5,0.7) (-0.6519103,1.630343,0.7)
red 75.62515 82.77778 15.72461 (0.3521981,5,0.7) (0.3521981,1.342925,0.7)
black 77.13194 82.81111 12.74675 (0.3883426,5,0.7) (0.3883426,1.28634,0.7)
red 76.6226 83.1 13.23746 (0.6401956,5,0.7) (0.6401956,0.9462798,0.7)
red 76.12424 83.36667 13.35499 (0.5717657,5,0.7) (0.5717657,0.5080726,0.7)
black 75.12406 83.55556 14.59874 (0.3141355,5,0.7) (0.3141355,0.284529,0.7)
black 75.62515 84.05556 14.09119 (-0.6264265,5,0.7) (-0.6264265,0.08324733,0.7)
red 77.13194 84.25555 15.0908 (0.108682,5,0.7) (0.108682,1.170265,0.7)
red 78.13216 84.55556 13.62574 (-0.258561,5,0.7) (-0.258561,1.107535,0.7)
red 78.62933 84.98889 14.17552 (-0.3058673,5,0.7) (-0.3058673,1.3226,0.7)
black 78.62933 85.58889 11.91933 (-0.8077061,5,0.7) (-0.8077061,0.07756452,0.7)
black 74.62599 85.6 17.55655 (-0.6726811,5,0.7) (-0.6726811,0.08318276,0.7)
red 77.63181 85.6 15.66572 (-0.8667142,5,0.7) (-0.8667142,0.9010628,0.7)
red 80.62385 86.71111 13.84334 (0.06719887,5,0.7) (0.06719887,1.385506,0.7)
black 79.62667 87.18889 12.82712 (-0.1907729,5,0.7) (-0.1907729,0.08170652,0.7)
red 80.12663 87.37778 13.76021 (0.9652522,5,0.7) (0.9652522,0.6553805,0.7)
black 76.6226 87.53333 17.46648 (0.1213354,5,0.7) (0.1213354,0.08201563,0.7)
red 79.12791 87.63334 16.75072 (0.7492316,5,0.7) (0.7492316,0.9663703,0.7)
red 79.62667 87.64445 13.49787 (0.1208328,5,0.7) (0.1208328,0.08292367,0.7)
black 77.63181 87.88889 16.62436 (0.6771314,5,0.7) (0.6771314,0.08432008,0.7)
red 81.62434 88 13.83702 (0.8950393,5,0.7) (0.8950393,1.210209,0.7)
black 76.12424 88.08889 18.81215 (-0.4142076,5,0.7) (-0.4142076,0.08141546,0.7)
black 80.62385 88.55556 13.35568 (-0.2211093,5,0.7) (-0.2211093,0.07743649,0.7)
red 81.12403 89.06667 15.75846 (-0.5403435,5,0.7) (-0.5403435,0.9472108,0.7)
black 79.12791 89.07778 16.20733 (-0.4223276,5,0.7) (-0.4223276,0.08438665,0.7)
black 84.12971 89.08889 10.6227 (-0.4449369,5,0.7) (-0.4449369,1.022317,0.7)
black 78.13216 89.68889 18.30589 (-0.7586658,5,0.7) (-0.7586658,0.08084579,0.7)
red 82.62245 89.72222 14.62694 (-0.848763,5,0.7) (-0.848763,1.044255,0.7)
black 81.62434 89.85556 13.80171 (0.1910924,5,0.7) (0.1910924,0.08223909,0.7)
black 81.12403 90.12222 14.88076 (-0.4732982,5,0.7) (-0.4732982,0.07868747,0.7)
red 82.12363 90.24445 15.83012 (-0.1207644,5,0.7) (-0.1207644,0.8785119,0.7)
red 83.1328 90.87778 15.48516 (0.2721035,5,0.7) (0.2721035,0.9601665,0.7)
red 83.63057 91.28889 16.20866 (-0.1357821,5,0.7) (-0.1357821,1.220666,0.7)
red 84.62689 91.31111 14.47183 (-0.1571685,5,0.7) (-0.1571685,1.227892,0.7)
black 80.12663 91.41111 17.95468 (0.427865,5,0.7) (0.427865,0.0820093,0.7)
red 84.12971 91.51112 15.8422 (0.2050816,5,0.7) (0.2050816,1.256467,0.7)
black 83.1328 91.78889 14.41794 (0.1304623,5,0.7) (0.1304623,0.08112729,0.7)
red 86.63219 92.3 13.0724 (0.7476566,5,0.7) (0.7476566,1.400004,0.7)
black 83.63057 92.34444 14.49193 (-0.3118702,5,0.7) (-0.3118702,0.07928893,0.7)
black 82.12363 92.56667 16.86048 (-0.6646554,5,0.7) (-0.6646554,0.0842644,0.7)
red 85.12579 92.84444 16.22479 (-0.2094589,5,0.7) (-0.2094589,1.197679,0.7)
red 85.62968 93.24445 16.55585 (-0.4609035,5,0.7) (-0.4609035,1.338171,0.7)
red 86.12841 93.43333 16.12686 (-0.217501,5,0.7) (-0.217501,1.374956,0.7)
black 84.62689 93.63334 14.90574 (-0.318065,5,0.7) (-0.318065,0.08237663,0.7)
red 87.13201 93.98889 15.4712 (-0.1526803,5,0.7) (-0.1526803,1.422525,0.7)
black 82.62245 94.27778 18.41907 (0.4375083,5,0.7) (0.4375083,0.08099419,0.7)
red 87.63251 94.53333 15.50014 (-0.5902984,5,0.7) (-0.5902984,1.407278,0.7)
black 87.63251 94.76667 12.19714 (-0.9140317,5,0.7) (-0.9140317,0.08183859,0.7)
red 88.13195 95.48889 16.48845 (-0.9919164,5,0.7) (-0.9919164,1.444177,0.7)
black 85.62968 96.4 17.28648 (0.1375467,5,0.7) (0.1375467,0.07988206,0.7)
black 86.12841 96.45556 16.70993 (-0.2038029,5,0.7) (-0.2038029,0.08316988,0.7)
black 85.12579 97.51112 19.3471 (0.657249,5,0.7) (0.657249,0.0847124,0.7)
black 88.13195 98.03333 16.14204 (-0.3884333,5,0.7) (-0.3884333,0.08244479,0.7)
black 87.13201 98.06667 17.50935 (-0.8543718,5,0.7) (-0.8543718,0.0818381,0.7)
black 86.63219 99.2 19.57543 (-0.4675268,5,0.7) (-0.4675268,0.08348349,0.7)
0
red 446.0121 451.9889 15.23459 (-0.9514854,5,0.7) (-0.9514854,1.831429,0.7)
red 446.5127 452.0556 15.02277 (-0.8734152,5,0.7) (-0.8734152,2.01393,0.7)
red 447.517 453.6778 13.80585 (0.8344185,5,0.7) (0.8344185,1.327214,0.7)
red 447.0116 454.2556 15.19849 (0.1888748,5,0.7) (0.1888748,1.142988,0.7)
red 448.016 455.2111 14.72212 (-0.9518409,5,0.7) (-0.9518409,1.018802,0.7)
black 448.5172 455.2778 13.90441 (-0.8894963,5,0.7) (-0.8894963,0.9997736,0.7)
black 447.517 455.7556 13.81653 (0.4970889,5,0.7) (0.4970889,0.08170981,0.7)
black 447.0116 455.8222 14.62823 (-0.449977,5,0.7) (-0.449977,0.08366553,0.7)
red 449.0161 455.8333 16.07135 (-0.4878842,5,0.7) (-0.4878842,1.604928,0.7)
red 450.0124 456.0222 13.29266 (-0.61957,5,0.7) (-0.61957,1.2593,0.7)
black 446.0121 456.1333 16.41736 (0.6828384,5,0.7) (0.6828384,0.07918232,0.7)
black 446.5127 456.6111 16.39934 (-0.4357167,5,0.7) (-0.4357167,0.08355054,0.7)
red 450.5127 456.7889 14.9316 (0.4062054,5,0.7) (0.4062054,1.590461,0.7)
red 452.0184 457.1333 13.1042 (0.5934236,5,0.7) (0.5934236,1.765474,0.7)
black 449.5143 457.1445 12.91409 (-0.9311562,5,0.7) (-0.9311562,0.0766136,0.7)
black 448.016 457.5556 15.64506 (0.04541242,5,0.7) (0.04541242,0.0830248,0.7)
red 451.0117 457.7333 13.92647 (-0.7569594,5,0.7) (-0.7569594,1.033653,0.7)
red 448.5172 457.8111 15.30356 (0.6514812,5,0.7) (0.6514812,0.08101761,0.7)
red 451.5194 458.4445 16.44861 (0.4015727,5,0.7) (0.4015727,1.644877,0.7)
black 449.0161 458.8 15.97935 (0.7914169,5,0.7) (0.7914169,0.083417,0.7)
red 449.5143 459.1222 15.73467 (0.622282,5,0.7) (0.622282,0.08237177,0.7)
red 452.5129 459.2556 15.68087 (-0.5427589,5,0.7) (-0.5427589,1.543025,0.7)
black 452.0184 459.3667 12.50986 (-0.1419498,5,0.7) (-0.1419498,0.08011991,0.7)
red 453.0114 459.5889 15.97898 (-0.8492734,5,0.7) (-0.8492734,1.704606,0.7)
black 451.0117 459.8111 19.73484 (-0.4721402,5,0.7) (-0.4721402,1.600204,0.7)
red 454.0192 460.2889 14.76199 (0.3685696,5,0.7) (0.3685696,1.543907,0.7)
red 455.0135 460.4778 13.46406 (0.416738,5,0.7) (0.416738,1.651934,0.7)
black 451.5194 460.6222 15.03487 (0.7478859,5,0.7) (0.7478859,0.07839225,0.7)
black 450.0124 460.8111 17.32557 (0.7119679,5,0.7) (0.7119679,0.08334523,0.7)
black 450.5127 461.0889 17.02667 (-0.3641175,5,0.7) (-0.3641175,0.08081722,0.7)
black 453.5201 461.2 13.00435 (-0.420092,5,0.7) (-0.420092,0.08034059,0.7)
black 455.0135 461.5334 11.23366 (-0.6433971,5,0.7) (-0.6433971,0.07483666,0.7)
black 453.0114 461.6667 14.39999 (-0.8696411,5,0.7) (-0.8696411,0.0802318,0.7)
red 453.5201 462.0111 14.17348 (-0.3066949,5,0.7) (-0.3066949,0.07801341,0.7)
black 456.0122 463.1778 12.23142 (-0.3977295,5,0.7) (-0.3977295,0.0822026,0.7)
black 452.5129 463.6 17.69351 (0.1813546,5,0.7) (0.1813546,0.0807628,0.7)
red 456.0122 463.9222 13.32753 (0.4811446,5,0.7) (0.4811446,0.07922929,0.7)
red 454.5134 463.9333 15.46917 (-0.2715517,5,0.7) (-0.2715517,0.07994005,0.7)
black 454.5134 464 15.56934 (0.2225119,5,0.7) (0.2225119,0.08319233,0.7)
black 454.0192 464.5222 16.93557 (0.5787814,5,0.7) (0.5787814,0.07966401,0.7)
red 457.0127 464.8222 13.18812 (0.0546931,5,0.7) (0.0546931,0.08221401,0.7)
red 455.5132 465.5556 16.31656 (-0.206232,5,0.7) (-0.206232,0.08047576,0.7)
black 457.0127 465.6111 14.31576 (0.3213021,5,0.7) (0.3213021,0.07799017,0.7)
black 459.0184 465.9556 11.87963 (-0.9895344,5,0.7) (-0.9895344,0.07468934,0.7)
red 456.5134 466.2222 15.87389 (-0.08165705,5,0.7) (-0.08165705,0.08351049,0.7)
black 459.5201 466.2222 11.53146 (0.3225639,5,0.7) (0.3225639,0.07837181,0.7)
black 456.5134 467.1333 17.09477 (-0.1038877,5,0.7) (-0.1038877,0.08419089,0.7)
red 457.5127 467.3111 15.99529 (-0.6821401,5,0.7) (-0.6821401,0.08376285,0.7)
black 455.5132 467.3333 18.6388 (-0.8536928,5,0.7) (-0.8536928,0.08407324,0.7)
red 458.5193 467.3667 14.6832 (-0.9101946,5,0.7) (-0.9101946,0.08067113,0.7)
red 459.5201 467.4889 13.42437 (-0.6012735,5,0.7) (-0.6012735,0.07915542,0.7)
red 459.0184 467.6778 14.40946 (-0.2354075,5,0.7) (-0.2354075,0.07769388,0.7)
red 458.0111 468.2111 16.5277 (0.3727278,5,0.7) (0.3727278,0.08149356,0.7)
black 458.0111 468.4889 16.9023 (-0.4162484,5,0.7) (-0.4162484,0.08347154,0.7)
black 458.5193 468.9 16.77916 (0.7368679,5,0.7) (0.7368679,0.081532,0.7)
red 460.514 469.0667 14.26382 (0.9074986,5,0.7) (0.9074986,0.08256529,0.7)
red 460.018 469.3222 15.32375 (0.1996173,5,0.7) (0.1996173,0.0828727,0.7)
black 457.5127 469.8445 19.2758 (0.4949848,5,0.7) (0.4949848,0.08385801,0.7)
black 460.514 470.6111 16.40176 (0.4179947,5,0.7) (0.4179947,0.08441162,0.7)
black 460.018 471.4111 18.09464 (0.4075954,5,0.7) (0.4075954,0.08126225,0.7)
0
red 509.8558 515.6778 15.10503 (-0.8503706,5,0.7) (-0.8503706,1.883157,0.7)
black 510.3644 516.2667 10.28504 (-0.8361726,5,0.7) (-0.8361726,0.07898292,0.7)
black 509.8558 516.4222 11.30968 (0.9477506,5,0.7) (0.9477506,0.07847244,0.7)
red 510.8626 517.0667 14.72718 (-0.3622626,5,0.7) (-0.3622626,1.571353,0.7)
red 511.3563 517.5111 13.63432 (0.2583613,5,0.7) (0.2583613,1.279959,0.7)
red 512.3597 518.1889 14.92787 (0.4827461,5,0.7) (0.4827461,1.833039,0.7)
black 510.8626 518.4333 12.84435 (0.5140598,5,0.7) (0.5140598,0.08207794,0.7)
red 510.3644 518.5555 13.75185 (0.7562132,5,0.7) (0.7562132,0.08149181,0.7)
red 511.8667 518.9556 16.4822 (-0.6993821,4.999011,0.7) (-0.6993821,1.572159,0.7)
red 512.8589 519.1778 15.68518 (-0.6680906,5,0.7) (-0.6680906,1.762213,0.7)
red 513.3599 519.5778 15.32813 (-0.6416214,5,0.7) (-0.6416214,1.724783,0.7)
black 511.3563 519.7333 19.05204 (-0.5592563,5,0.7) (-0.5592563,1.616188,0.7)
black 511.8667 520.1778 13.92079 (0.146413,4.998976,0.7) (0.146413,0.07858947,0.7)
red 515.3636 520.8 14.17234 (-0.4574436,5,0.7) (-0.4574436,1.859508,0.7)
black 514.3571 520.9 11.27013 (0.3994026,5,0.7) (0.3994026,0.07586436,0.7)
black 514.8564 520.9667 10.58944 (0.6395931,5,0.7) (0.6395931,0.07292996,0.7)
red 515.8632 522.3222 16.28401 (0.6240914,5,0.7) (0.6240914,1.833912,0.7)
red 514.3571 522.4889 13.64872 (0.4578056,5,0.7) (0.4578056,0.07863625,0.7)
red 516.8619 522.7778 15.32107 (0.798399,5,0.7) (0.798399,1.882342,0.7)
black 515.8632 522.8889 12.02625 (-0.14718,5,0.7) (-0.14718,0.0803546,0.7)
red 517.8619 523.0333 13.58331 (0.6189301,5,0.7) (0.6189301,1.863236,0.7)
red 514.8564 523.3111 14.11632 (0.5758803,5,0.7) (0.5758803,0.08054276,0.7)
red 513.8589 523.6 15.92123 (0.5812469,5,0.7) (0.5812469,0.08424047,0.7)
red 516.363 523.8778 16.29626 (-0.1713611,5,0.7) (-0.1713611,1.316535,0.7)
black 513.8589 523.8889 16.30661 (-0.6384439,5,0.7) (-0.6384439,0.08234392,0.7)
black 519.3599 524.3556 11.78873 (-0.6789823,5,0.7) (-0.6789823,1.43756,0.7)
red 517.3625 524.3889 16.25853 (-0.749603,5,0.7) (-0.749603,1.547755,0.7)
black 512.3597 524.4778 19.0073 (0.4674802,5,0.7) (0.4674802,0.0817,0.7)
black 512.8589 524.6556 18.61271 (0.9001184,5,0.7) (0.9001184,0.08475096,0.7)
red 519.3599 525.3445 14.59303 (0.1796056,5,0.7) (0.1796056,1.659167,0.7)
red 518.8585 525.3556 15.83026 (0.1832439,5,0.7) (0.1832439,1.707072,0.7)
black 513.3599 525.3778 18.88791 (0.1705643,5,0.7) (0.1705643,0.08346879,0.7)
red 519.8575 525.6111 14.46319 (0.3670432,5,0.7) (0.3670432,1.756554,0.7)
black 517.3625 525.6223 13.83959 (0.4036979,5,0.7) (0.4036979,0.07806098,0.7)
black 518.3594 526.2778 13.33861 (0.2224978,5,0.7) (0.2224978,0.07705846,0.7)
red 518.3594 526.4 13.5202 (0.401041,5,0.7) (0.401041,0.07870907,0.7)
black 515.3636 526.4667 17.72253 (0.5292766,5,0.7) (0.5292766,0.08090068,0.7)
black 519.8575 526.7333 11.77709 (-0.5162416,5,0.7) (-0.5162416,0.0740763,0.7)
red 520.3657 526.7889 15.22158 (0.6858838,5,0.7) (0.6858838,1.584304,0.7)
red 521.3658 527.2333 15.1498 (0.116923,5,0.7) (0.116923,1.864209,0.7)
black 516.363 527.3334 17.55393 (0.0818876,5,0.7) (0.0818876,0.08234692,0.7)
black 517.8619 527.4 15.64807 (-0.9936922,5,0.7) (-0.9936922,0.0841202,0.7)
black 520.8653 527.6223 11.61828 (0.900116,5,0.7) (0.900116,0.07921265,0.7)
red 521.866 527.7444 14.84839 (0.8374434,5,0.7) (0.8374434,1.782259,0.7)
red 522.8622 528.2222 14.33131 (0.8008797,5,0.7) (0.8008797,1.945182,0.7)
black 516.8619 528.4333 18.32927 (-0.09511101,5,0.7) (-0.09511101,0.08396131,0.7)
black 522.8622 528.8111 10.35373 (0.08730805,5,0.7) (0.08730805,0.07804118,0.7)
red 520.8653 529.2444 14.01896 (-0.5650771,5,0.7) (-0.5650771,0.07968155,0.7)
red 523.8604 529.3111 13.13352 (0.8591967,5,0.7) (0.8591967,1.561171,0.7)
black 518.8585 529.7222 17.41226 (0.03360498,5,0.7) (0.03360498,0.08332159,0.7)
red 522.3633 529.8222 16.70346 (-0.1444784,5,0.7) (-0.1444784,1.451968,0.7)
red 523.3627 530.1445 16.71727 (-0.2679197,5,0.7) (-0.2679197,1.779409,0.7)
black 522.3633 530.3889 13.50263 (-0.1167179,5,0.7) (-0.1167179,0.07807726,0.7)
red 524.3588 530.6889 15.74062 (0.4987876,5,0.7) (0.4987876,1.770177,0.7)
black 521.3658 531.8334 16.89334 (-0.1711053,5,0.7) (-0.1711053,0.08030804,0.7)
black 520.3657 532.2556 18.73991 (-0.5163133,5,0.7) (-0.5163133,0.08522755,0.7)
black 524.3588 533.2 14.66407 (0.1517128,5,0.7) (0.1517128,0.07922632,0.7)
black 521.866 534.0555 19.11554 (0.5635526,5,0.7) (0.5635526,0.08548967,0.7)
black 523.3627 535.4222 18.93768 (-0.247178,5,0.7) (-0.247178,0.08163209,0.7)
black 523.8604 535.5555 18.47742 (0.3946657,5,0.7) (0.3946657,0.08171099,0.7)
0
red 330.8081 335.6667 13.0535 (-0.1835233,5,0.7) (-0.1835233,1.915114,0.7)
black 328.3001 336.3333 13.5034 (0.7792346,5,0.7) (0.7792346,0.07841292,0.7)
red 328.8095 336.7333 13.3579 (0.6986847,5,0.7) (0.6986847,0.07835891,0.7)
red 328.3001 336.8111 14.18773 (-0.215444,5,0.7) (-0.215444,0.07731827,0.7)
black 331.8063 337.5334 10.00318 (-0.2377251,5,0.7) (-0.2377251,0.07976103,0.7)
black 330.3092 337.6889 12.56133 (-0.02044356,5,0.7) (-0.02044356,0.08092499,0.7)
black 329.31 338.2 14.7532 (0.8524239,5,0.7) (0.8524239,0.08363746,0.7)
red 329.8094 338.9556 15.10774 (0.6698112,5,0.7) (0.6698112,0.08270818,0.7)
black 328.8095 339.3 16.93306 (0.02240241,5,0.7) (0.02240241,0.08399498,0.7)
red 329.31 339.3 16.25327 (0.1118525,5,0.7) (0.1118525,0.0792248,0.7)
black 332.3047 339.8 12.71683 (0.3258869,5,0.7) (0.3258869,0.07659704,0.7)
red 332.3047 340.0445 13.07853 (-0.9818668,5,0.7) (-0.9818668,0.07704999,0.7)
red 330.3092 340.2333 16.17687 (0.9019818,5,0.7) (0.9019818,0.08411539,0.7)
black 334.3109 340.3111 10.44035 (0.3365915,5,0.7) (0.3365915,0.07734524,0.7)
black 330.8081 341.0111 16.54429 (0.5838726,5,0.7) (0.5838726,0.08214372,0.7)
black 335.3002 341.0778 10.06427 (0.5091219,5,0.7) (0.5091219,0.07438587,0.7)
black 332.8036 341.1111 13.902 (-0.1931285,5,0.7) (-0.1931285,0.0774449,0.7)
red 331.3073 341.2444 16.18025 (-0.4057757,5,0.7) (-0.4057757,0.07985035,0.7)
red 331.8063 341.3333 15.62113 (0.9287426,5,0.7) (0.9287426,0.07971904,0.7)
red 332.8036 341.8 14.8837 (-0.09484041,5,0.7) (-0.09484041,0.07988071,0.7)
black 329.8094 341.8445 18.91222 (-0.9838312,5,0.7) (-0.9838312,0.08234604,0.7)
black 331.3073 342.5889 17.9526 (0.8250921,5,0.7) (0.8250921,0.08133343,0.7)
black 333.3036 342.7111 15.45456 (-0.1881589,5,0.7) (-0.1881589,0.08018696,0.7)
red 333.3036 342.7222 15.47632 (0.5991104,5,0.7) (0.5991104,0.08262251,0.7)
black 336.3084 342.7556 11.142 (-0.8921206,5,0.7) (-0.8921206,0.08052559,0.7)
black 335.8004 342.8445 12.03769 (-0.4827133,5,0.7) (-0.4827133,0.07785241,0.7)
red 334.811 342.9778 13.71696 (0.9446776,5,0.7) (0.9446776,0.08028606,0.7)
red 334.3109 343 14.46387 (-0.5601368,5,0.7) (-0.5601368,0.08061692,0.7)
red 333.8028 343.0334 15.21205 (0.6383846,5,0.7) (0.6383846,0.08127737,0.7)
red 335.3002 343.3889 13.5818 (-0.7022121,5,0.7) (-0.7022121,0.07751466,0.7)
red 335.8004 344 13.74442 (-0.7335212,5,0.7) (-0.7335212,0.07837871,0.7)
black 338.3047 344.2556 10.35169 (0.6343083,5,0.7) (0.6343083,0.07694381,0.7)
red 336.3084 345.1111 14.61762 (-0.2414995,5,0.7) (-0.2414995,0.07943237,0.7)
black 333.8028 345.9111 18.99258 (0.914988,5,0.7) (0.914988,0.08140126,0.7)
red 336.8064 346.4 15.7222 (0.4730255,5,0.7) (0.4730255,0.08343014,0.7)
red 338.3047 346.4222 13.63855 (-0.3997163,5,0.7) (-0.3997163,0.08110573,0.7)
black 334.811 346.8333 18.89897 (0.2396594,5,0.7) (0.2396594,0.082588,0.7)
red 337.3067 346.9889 15.84371 (-0.9236159,5,0.7) (-0.9236159,0.08348724,0.7)
black 341.3077 347.2556 10.35775 (-0.02899802,5,0.7) (-0.02899802,0.08016296,0.7)
black 339.8033 347.3222 12.75044 (0.9643211,5,0.7) (0.9643211,0.07691013,0.7)
red 338.8039 347.4445 14.38392 (-0.2344984,5,0.7) (-0.2344984,0.08012004,0.7)
red 339.8033 347.6222 13.1973 (-0.7172067,5,0.7) (-0.7172067,0.07912743,0.7)
black 337.3067 348.1778 17.41958 (0.01329148,5,0.7) (0.01329148,0.08078712,0.7)
red 337.8068 348.2889 16.9196 (0.1761786,5,0.7) (0.1761786,0.08443433,0.7)
black 341.8063 348.3 11.19925 (0.6740258,5,0.7) (0.6740258,0.07475467,0.7)
black 340.301 348.3667 13.55155 (-0.6797836,5,0.7) (-0.6797836,0.07831068,0.7)
black 336.8064 348.5445 18.53212 (-0.3722929,5,0.7) (-0.3722929,0.08117944,0.7)
black 337.8068 348.5445 17.24772 (0.555403,5,0.7) (0.555403,0.08158225,0.7)
red 339.304 349.0222 15.8827 (0.6842196,5,0.7) (0.6842196,0.08115622,0.7)
red 341.3077 349.4778 13.71787 (0.1074685,5,0.7) (0.1074685,0.08064425,0.7)
red 341.8063 349.7111 13.33421 (-0.3568901,5,0.7) (-0.3568901,0.08216049,0.7)
red 342.3076 350.1556 13.25296 (-0.4737662,5,0.7) (-0.4737662,0.08208144,0.7)
red 340.301 350.4222 16.41911 (0.9473529,5,0.7) (0.9473529,0.07985783,0.7)
red 340.8105 350.7556 16.19398 (-0.5270052,5,0.7) (-0.5270052,0.07939249,0.7)
black 338.8039 351.5778 19.82239 (0.4215798,5,0.7) (0.4215798,0.08430052,0.7)
black 339.304 351.7111 19.36881 (0.548687,5,0.7) (0.548687,0.08290826,0.7)
red 342.8069 351.8667 14.98479 (-0.5774758,5,0.7) (-0.5774758,0.08296866,0.7)
black 342.8069 352.0334 15.21614 (0.3463542,5,0.7) (0.3463542,0.08284727,0.7)
black 342.3076 352.8778 17.02935 (-0.4430884,5,0.7) (-0.4430884,0.08172988,0.7)
black 340.8105 353.1444 19.28845 (-0.3548855,5,0.7) (-0.3548855,0.08356914,0.7)
0
black 3.020208 9.46 10.09034 (-0.8041377,5,0.7) (-0.8041377,0.06383941,0.7)
black 3.234811 10.48 11.11403 (-0.6939156,5,0.7) (-0.6939156,0.06427902,0.7)
black 1.539685 11.28 13.95145 (-0.5517876,5,0.7) (-0.5517876,0.07835027,0.7)
red 1.539685 11.38 14.04178 (-0.9885185,5,0.7) (-0.9885185,0.07178095,0.7)
black 4.020774 11.92 11.88597 (-0.567049,5,0.7) (-0.567049,0.07013161,0.7)
black 2.020546 12.62 14.80542 (0.5683255,5,0.7) (0.5683255,0.07838999,0.7)
black 4.220028 12.7 12.54363 (-0.3154951,5,0.7) (-0.3154951,0.0668258,0.7)
black 6.02056 12.7 10.41228 (0.1955441,5,0.7) (0.1955441,0.07374221,0.7)
black 5.220318 12.84 11.54975 (0.739929,5,0.7) (0.739929,0.06632853,0.7)
red 2.020546 12.88 15.05026 (0.6037414,5,0.7) (0.6037414,0.07315509,0.7)
red 4.020774 13.04 13.16093 (-0.8109059,5,0.7) (-0.8109059,0.07707375,0.7)
black 5.720865 13.14 11.32133 (0.9551742,5,0.7) (0.9551742,0.07213622,0.7)
black 3.720463 13.16 13.60583 (0.6498396,5,0.7) (0.6498396,0.07382151,0.7)
red 3.234811 13.2 14.16415 (-0.3882064,5,0.7) (-0.3882064,0.07109487,0.7)
red 4.220028 13.86 13.81536 (-0.6159213,5,0.7) (-0.6159213,0.07312551,0.7)
black 5.020406 14.06 13.17211 (-0.7122297,5,0.7) (-0.7122297,0.07174464,0.7)
red 2.520166 14.08 15.72153 (-0.6205547,5,0.7) (-0.6205547,0.0734603,0.7)
black 7.220572 14.16 10.72666 (0.9336824,5,0.7) (0.9336824,0.0672973,0.7)
red 4.520685 14.26 13.91642 (0.1368436,5,0.7) (0.1368436,0.07142663,0.7)
black 7.020833 14.36 11.22991 (0.8661675,5,0.7) (0.8661675,0.07494803,0.7)
red 3.720463 14.5 14.96909 (-0.9892657,5,0.7) (-0.9892657,0.07186787,0.7)
black 6.520604 14.56 12.0468 (0.3241503,5,0.7) (0.3241503,0.06923052,0.7)
red 5.720865 15.3 13.74536 (0.2356344,5,0.7) (0.2356344,0.06968911,0.7)
red 5.52079 15.34 14.00993 (-0.1644903,5,0.7) (-0.1644903,0.0764477,0.7)
black 4.520685 15.38 15.05122 (-0.08300173,5,0.7) (-0.08300173,0.07364073,0.7)
red 6.02056 15.56 13.71277 (0.8299215,5,0.7) (0.8299215,0.07439976,0.7)
red 3.020208 15.6 16.65697 (0.7642009,5,0.7) (0.7642009,0.07499322,0.7)
black 7.720584 15.7 11.96984 (0.5371165,5,0.7) (0.5371165,0.0652061,0.7)
red 4.72012 15.76 15.23715 (-0.4537023,5,0.7) (-0.4537023,0.07868528,0.7)
black 2.520166 16.36 17.75563 (0.7557325,5,0.7) (0.7557325,0.08174101,0.7)
black 8.220656 16.4 12.22215 (-0.6835921,5,0.7) (-0.6835921,0.07679676,0.7)
red 5.020406 16.46 15.61173 (-0.5772378,5,0.7) (-0.5772378,0.07497607,0.7)
red 3.520538 16.46 16.97756 (0.6866386,5,0.7) (0.6866386,0.07667088,0.7)
black 10.02086 16.68 10.38511 (-0.4024826,5,0.7) (-0.4024826,0.0726161,0.7)
black 9.020625 16.8 11.74308 (-0.05649436,5,0.7) (-0.05649436,0.0687781,0.7)
red 6.720613 16.92 14.3891 (-0.2040037,5,0.7) (-0.2040037,0.07128,0.7)
red 8.02005 17.06 13.16837 (-0.6971176,5,0.7) (-0.6971176,0.06983586,0.7)
red 7.220572 17.18 14.15404 (-0.893646,5,0.7) (-0.893646,0.07616138,0.7)
red 6.220388 17.56 15.53062 (-0.2617804,5,0.7) (-0.2617804,0.08126119,0.7)
red 7.720584 17.6 14.06593 (-0.6849012,5,0.7) (-0.6849012,0.07347485,0.7)
red 5.220318 17.62 16.5092 (-0.6306267,5,0.7) (-0.6306267,0.08075613,0.7)
red 8.220656 17.72 13.67013 (-0.8339498,5,0.7) (-0.8339498,0.07420895,0.7)
black 6.720613 18.16 15.61186 (-0.4309851,5,0.7) (-0.4309851,0.07504414,0.7)
red 6.520604 18.2 15.84408 (0.6225827,5,0.7) (0.6225827,0.07810214,0.7)
black 5.52079 18.38 16.91302 (-0.916683,5,0.7) (-0.916683,0.07898782,0.7)
red 9.520816 18.46 13.07394 (0.7647283,5,0.7) (0.7647283,0.07723117,0.7)
red 7.520106 18.82 15.47592 (0.3196065,5,0.7) (0.3196065,0.07364583,0.7)
black 7.520106 18.84 15.49566 (0.06355011,5,0.7) (0.06355011,0.07398804,0.7)
black 8.720153 18.92 14.4053 (-0.401502,5,0.7) (-0.401502,0.07899698,0.7)
red 9.720589 18.98 13.41628 (0.9996305,5,0.7) (0.9996305,0.07506424,0.7)
black 9.520816 19 13.6417 (-0.0662657,5,0.7) (-0.0662657,0.07058464,0.7)
black 3.520538 19.08 19.11986 (-0.3131565,5,0.7) (-0.3131565,0.07957828,0.7)
red 9.020625 19.26 14.44341 (-0.1647497,5,0.7) (-0.1647497,0.07783365,0.7)
red 7.020833 19.34 16.42239 (0.4574916,5,0.7) (0.4574916,0.07417229,0.7)
red 10.22011 20.26 14.23456 (-0.9416814,5,0.7) (-0.9416814,0.07537241,0.7)
black 8.520761 20.44 16.06385 (-0.210234,5,0.7) (-0.210234,0.07679172,0.7)
red 9.220557 20.46 15.4165 (0.7391393,5,0.7) (0.7391393,0.07267836,0.7)
black 6.220388 20.78 18.34067 (0.6638434,5,0.7) (0.6638434,0.08057684,0.7)
red 8.520761 21.08 16.65255 (-0.2686385,5,0.7) (-0.2686385,0.08092076,0.7)
black 4.72012 21.28 19.86139 (0.4265182,5,0.7) (0.4265182,0.07874982,0.7)
0
black 9.220557 21.4 16.31165 (-0.4116503,5,0.7) (-0.4116503,0.08123644,0.7)
red 8.720153 21.54 16.87836 (0.2506418,5,0.7) (0.2506418,0.07915351,0.7)
black 10.22011 21.78 15.73042 (-0.2858838,5,0.7) (-0.2858838,0.07747835,0.7)
red 10.02086 22.8 16.83862 (-0.9973705,5,0.7) (-0.9973705,0.07716612,0.7)
black 8.02005 22.92 18.60942 (-0.04561484,5,0.7) (-0.04561484,0.07999941,0.7)
red 10.52084 23 16.56667 (0.9263096,5,0.7) (0.9263096,0.07450474,0.7)
black 9.720589 23.02 17.29644 (0.3569503,5,0.7) (0.3569503,0.08013484,0.7)
black 10.52084 23.12 16.68177 (0.1670047,5,0.7) (0.1670047,0.07814881,0.7)
