red 1.622496 8.377778 16.55479 (0.4608409,5,0.7) (0.4608409,1.757044,0.7)
red 2.131321 8.777778 16.73649 (0.3995509,5,0.7) (0.3995509,1.847522,0.7)
red 3.133333 9.555555 15.69436 (-0.07650054,4.999,0.7) (-0.07650054,1.707168,0.7)
red 3.631932 9.588889 14.83105 (-0.008077502,5,0.7) (-0.008077502,1.73483,0.7)
red 2.623807 10.34444 14.70976 (-0.5148606,5,0.7) (-0.5148606,0.7234966,0.7)
red 4.63005 12 16.59111 (0.2670991,5,0.7) (0.2670991,1.465536,0.7)
red 5.129942 12.27778 16.98123 (0.3105924,5,0.7) (0.3105924,1.66862,0.7)
red 5.629235 12.73333 16.69888 (0.5751727,5,0.7) (0.5751727,1.620931,0.7)
red 7.123614 13.01111 13.53216 (0.1935319,5,0.7) (0.1935319,1.411477,0.7)
red 4.13225 13.1 14.85264 (0.9392593,5,0.7) (0.9392593,0.07986844,0.7)
red 7.624625 13.52222 14.20661 (-0.001501679,5,0.7) (-0.001501679,1.603502,0.7)
red 6.625098 14.25556 16.84521 (-0.4488012,5,0.7) (-0.4488012,1.409551,0.7)
red 8.127984 14.78889 14.96169 (-0.9116657,5,0.7) (-0.9116657,1.385978,0.7)
red 6.128761 15.74444 15.75205 (-0.4825917,5,0.7) (-0.4825917,0.08321372,0.7)
red 10.12407 15.81111 13.95459 (-0.8786929,5,0.7) (-0.8786929,1.656812,0.7)
red 8.631705 16.61111 13.4434 (0.6100729,5,0.7) (0.6100729,0.08035316,0.7)
red 11.12227 17.35556 15.29921 (-0.5565751,5,0.7) (-0.5565751,1.711432,0.7)
red 11.63173 17.36667 14.35703 (-0.5937181,5,0.7) (-0.5937181,1.734626,0.7)
red 9.626348 18.13333 14.20239 (0.4095928,5,0.7) (0.4095928,0.08331687,0.7)
red 10.6258 18.51111 13.29198 (0.9212167,5,0.7) (0.9212167,0.07792177,0.7)
red 12.63099 18.54445 14.67079 (0.1819297,5,0.7) (0.1819297,1.717404,0.7)
red 13.62839 18.86667 13.34811 (0.2076687,5,0.7) (0.2076687,1.757248,0.7)
red 9.132136 19.4 16.63875 (0.91557,5,0.7) (0.91557,0.08420515,0.7)
red 12.13087 19.6 16.31635 (-0.616931,5,0.7) (-0.616931,1.343845,0.7)
red 13.13027 19.76667 14.41827 (-0.8760979,5,0.7) (-0.8760979,1.236713,0.7)
red 14.1275 20.17778 14.31983 (-0.3725563,5,0.7) (-0.3725563,1.545415,0.7)
red 15.62822 20.83333 13.46214 (-0.5210004,5,0.7) (-0.5210004,1.809752,0.7)
red 14.6283 21.13333 15.83052 (-0.8842785,5,0.7) (-0.8842785,1.701411,0.7)
red 15.12623 22 15.6325 (-0.1628646,5,0.7) (-0.1628646,1.460979,0.7)
red 16.63084 22.21111 13.34467 (-0.1294831,5,0.7) (-0.1294831,1.540579,0.7)
red 17.12937 22.84444 13.15802 (-0.9823027,5,0.7) (-0.9823027,1.398766,0.7)
red 18.12843 23.62222 14.14272 (-0.7661786,5,0.7) (-0.7661786,1.819337,0.7)
red 17.62935 24.12222 14.26523 (-0.02650487,5,0.7) (-0.02650487,1.272678,0.7)
red 18.62976 24.57778 14.28162 (0.2258371,5,0.7) (0.2258371,1.59234,0.7)
red 19.12831 25.04445 14.67187 (-0.4118222,5,0.7) (-0.4118222,1.717739,0.7)
red 16.12605 25.2 14.9938 (-0.759052,5,0.7) (-0.759052,0.08048159,0.7)
red 19.62747 26.43333 16.72986 (-0.865886,5,0.7) (-0.865886,1.771775,0.7)
red 20.62755 26.73333 14.65248 (-0.2068619,5,0.7) (-0.2068619,1.606652,0.7)
red 21.12465 27.31111 15.66804 (0.1312813,5,0.7) (0.1312813,1.826896,0.7)
red 20.12557 27.95556 13.21491 (0.6067965,5,0.7) (0.6067965,0.07969283,0.7)
0
red 129.8128 137.7667 13.3899 (0.1686963,5,0.7) (0.1686963,0.07820891,0.7)
red 129.314 138.8778 15.67464 (0.4019265,5,0.7) (0.4019265,0.08266339,0.7)
red 130.312 138.9889 14.43735 (0.08750427,5,0.7) (0.08750427,0.08260453,0.7)
red 130.8121 140.0333 15.19972 (-0.337833,5,0.7) (-0.337833,0.0825021,0.7)
red 132.3207 140.0333 13.04358 (0.5858703,5,0.7) (0.5858703,0.07606983,0.7)
red 131.8189 140.9889 15.13024 (-0.2419082,5,0.7) (-0.2419082,0.07948202,0.7)
red 131.3207 141.0889 15.96349 (0.6358228,5,0.7) (0.6358228,0.08311313,0.7)
red 132.8195 141.5444 14.5079 (-0.1020039,5,0.7) (-0.1020039,0.07938549,0.7)
red 133.818 142.1889 14.00376 (0.06337059,5,0.7) (0.06337059,0.07999158,0.7)
red 133.3196 142.2444 14.78858 (0.7660215,5,0.7) (0.7660215,0.07911998,0.7)
red 134.3179 142.4444 13.64527 (0.6663771,5,0.7) (0.6663771,0.07715106,0.7)
red 134.8171 142.6111 13.16694 (0.7272975,5,0.7) (0.7272975,0.08006144,0.7)
red 135.3138 144.1222 14.6154 (-0.4855996,5,0.7) (-0.4855996,0.07853186,0.7)
red 136.3114 144.2778 13.40789 (-0.5620813,5,0.7) (-0.5620813,0.07900524,0.7)
red 136.8222 145.1667 13.97361 (0.3536296,4.998977,0.7) (0.3536296,0.08065233,0.7)
red 135.8123 145.7889 16.23344 (-0.6339591,5,0.7) (-0.6339591,0.08291531,0.7)
red 137.8196 146.4333 14.36088 (0.01207817,5,0.7) (0.01207817,0.08352835,0.7)
red 138.819 146.5778 13.10846 (-0.4309739,5,0.7) (-0.4309739,0.07588917,0.7)
red 138.3205 147.1667 14.67974 (-0.2037805,5,0.7) (-0.2037805,0.07922357,0.7)
red 139.3177 147.3445 13.51285 (-0.794946,5,0.7) (-0.794946,0.08243225,0.7)
red 137.3215 147.5556 16.58768 (-0.9000499,5,0.7) (-0.9000499,0.08172879,0.7)
red 140.3169 148.5556 13.8052 (0.6375494,5,0.7) (0.6375494,0.0770165,0.7)
red 140.8161 149.0222 13.7574 (0.5493762,5,0.7) (0.5493762,0.0770877,0.7)
red 141.3136 149.1667 13.24168 (0.236956,5,0.7) (0.236956,0.07721996,0.7)
red 139.8169 150.0556 16.59328 (-0.06850302,5,0.7) (-0.06850302,0.08382696,0.7)
red 142.8116 150.5667 13.09877 (-0.9700944,5,0.7) (-0.9700944,0.07876275,0.7)
red 142.3125 150.6778 13.99416 (-0.4479264,5,0.7) (-0.4479264,0.08255816,0.7)
red 143.3207 151.4778 13.69581 (-0.3190244,5,0.7) (-0.3190244,0.0781641,0.7)
red 143.8198 151.8445 13.5118 (-0.5902796,5,0.7) (-0.5902796,0.08195717,0.7)
red 141.8123 151.9778 16.49014 (-0.3678683,5,0.7) (-0.3678683,0.08406967,0.7)
red 145.3171 153.2889 13.42885 (0.7941923,5,0.7) (0.7941923,0.08104546,0.7)
red 144.819 153.6 14.59671 (0.9886584,5,0.7) (0.9886584,0.08357833,0.7)
red 145.8222 153.7 13.29553 (0.5908635,4.998968,0.7) (0.5908635,0.07946406,0.7)
red 144.32 154.3222 16.27647 (-0.1773835,5,0.7) (-0.1773835,0.08224304,0.7)
red 146.8137 154.5667 13.10799 (0.271362,5,0.7) (0.271362,0.08279631,0.7)
red 146.3144 155.1556 14.66681 (-0.7399526,5,0.7) (-0.7399526,0.08033472,0.7)
red 147.8199 155.7889 13.43252 (0.3287921,5,0.7) (0.3287921,0.08264285,0.7)
red 148.3112 156.6111 13.89074 (-0.3442823,5,0.7) (-0.3442823,0.07938987,0.7)
red 148.8204 156.9 13.58218 (-0.76756,5,0.7) (-0.76756,0.07770064,0.7)
red 147.3218 157.6778 16.75254 (0.218799,5,0.7) (0.218799,0.08261308,0.7)
0
red 35.92068 41.92222 15.25724 (0.7963269,5,0.7) (0.7963269,1.819315,0.7)
red 37.41525 42.56667 13.52322 (0.4967684,5,0.7) (0.4967684,1.860753,0.7)
red 36.41811 42.73333 15.76499 (0.2004007,5,0.7) (0.2004007,1.781865,0.7)
red 37.91532 43.51111 13.95276 (-0.3476394,5,0.7) (-0.3476394,1.709131,0.7)
red 36.91616 44.8 13.30262 (-0.586957,5,0.7) (-0.586957,0.0824768,0.7)
red 38.41445 44.87778 15.03442 (0.692075,5,0.7) (0.692075,1.515447,0.7)
red 39.92185 45.75556 14.87621 (0.9127731,5,0.7) (0.9127731,1.813904,0.7)
red 40.42104 46.47778 15.72802 (0.3075278,5,0.7) (0.3075278,1.904331,0.7)
red 39.4119 47.23333 16.23208 (-0.7203984,5,0.7) (-0.7203984,1.150218,0.7)
red 40.91912 47.64445 16.43977 (-0.7278898,5,0.7) (-0.7278898,1.740191,0.7)
red 38.91185 48.76667 16.25579 (-0.1354767,5,0.7) (-0.1354767,0.1516078,0.7)
red 41.41827 49.92222 16.39329 (0.5278826,5,0.7) (0.5278826,0.8589928,0.7)
red 42.91539 50 14.21961 (0.7039423,5,0.7) (0.7039423,0.9164743,0.7)
red 41.91711 50.34444 14.08591 (0.7765131,5,0.7) (0.7765131,0.08109674,0.7)
red 43.91367 50.92222 14.34179 (0.2563619,5,0.7) (0.2563619,1.00218,0.7)
red 42.41631 50.96667 14.25783 (0.9111443,5,0.7) (0.9111443,0.08015299,0.7)
red 43.41486 51.65556 16.66906 (0.7856269,5,0.7) (0.7856269,1.070078,0.7)
red 45.9201 52.22223 14.71296 (0.9942484,5,0.7) (0.9942484,1.511652,0.7)
red 45.41174 52.63334 15.48195 (0.2434348,5,0.7) (0.2434348,1.238988,0.7)
red 44.41262 53.5 15.00704 (-0.9323235,5,0.7) (-0.9323235,0.07956873,0.7)
red 47.41997 53.72223 15.18184 (0.5898492,5,0.7) (0.5898492,1.639268,0.7)
red 44.91309 53.76667 14.68723 (-0.3114206,5,0.7) (-0.3114206,0.08221776,0.7)
red 47.91691 53.88889 14.85288 (0.3833306,5,0.7) (0.3833306,1.734389,0.7)
red 46.42048 54.13334 16.97761 (0.05111277,5,0.7) (0.05111277,1.402057,0.7)
red 48.41619 54.7 13.40836 (-0.4944834,5,0.7) (-0.4944834,1.123844,0.7)
red 46.91214 55.23333 16.17215 (-0.8356409,5,0.7) (-0.8356409,0.8840759,0.7)
red 49.41613 55.55556 13.33679 (-0.7365465,5,0.7) (-0.7365465,1.190134,0.7)
red 49.91429 55.8 13.91744 (-0.8494816,5,0.7) (-0.8494816,1.527141,0.7)
red 50.41331 56.04445 13.55918 (-0.9132125,5,0.7) (-0.9132125,1.576796,0.7)
red 48.91603 56.47778 16.55892 (-0.3610302,5,0.7) (-0.3610302,1.365893,0.7)
red 50.91364 56.86667 13.9778 (-0.1084267,5,0.7) (-0.1084267,1.505192,0.7)
red 51.91996 57.48889 13.75664 (-0.09036338,5,0.7) (-0.09036338,1.667569,0.7)
red 51.41173 57.64445 15.24217 (-0.01855862,5,0.7) (-0.01855862,1.696722,0.7)
red 52.91983 58.62222 14.59461 (-0.5157962,5,0.7) (-0.5157962,1.816046,0.7)
red 52.4188 60.11111 16.17918 (0.7861829,5,0.7) (0.7861829,1.19576,0.7)
red 54.91604 60.61111 13.11575 (0.5138066,5,0.7) (0.5138066,1.399593,0.7)
red 53.42025 60.85556 16.42824 (-0.1061522,5,0.7) (-0.1061522,1.390324,0.7)
red 53.91595 61.4 16.75045 (0.3312726,5,0.7) (0.3312726,1.453505,0.7)
red 54.41618 61.56667 16.00119 (0.7227173,5,0.7) (0.7227173,1.418904,0.7)
red 55.41505 62.32222 16.73228 (0.3733623,5,0.7) (0.3733623,1.724622,0.7)
0
red 131.7016 137.2 13.34131 (0.6670406,5,0.7) (0.6670406,1.595297,0.7)
red 131.203 137.5333 14.20997 (-0.1521236,5,0.7) (-0.1521236,1.352511,0.7)
red 132.7106 139.1222 15.85397 (-0.06766117,5,0.7) (-0.06766117,1.752608,0.7)
red 133.21 139.6333 14.09449 (0.3593483,5,0.7) (0.3593483,1.258668,0.7)
red 132.2111 139.9333 16.9419 (0.614177,4.999017,0.7) (0.614177,1.387568,0.7)
red 133.7082 140.1445 14.63356 (0.7164986,5,0.7) (0.7164986,1.414369,0.7)
red 134.2071 140.1667 13.30511 (0.7653213,5,0.7) (0.7653213,1.291335,0.7)
red 136.7029 142.3445 13.15658 (-0.9596159,5,0.7) (-0.9596159,1.447875,0.7)
red 134.7083 142.5222 16.28048 (-0.7686884,5,0.7) (-0.7686884,1.164045,0.7)
red 135.7055 142.9778 16.22556 (-0.7198727,5,0.7) (-0.7198727,1.418161,0.7)
red 137.2038 143.9444 15.74225 (-0.960943,5,0.7) (-0.960943,1.559168,0.7)
red 138.7075 144.6889 14.23352 (0.2043358,5,0.7) (0.2043358,1.559468,0.7)
red 135.2068 145.4 16.5359 (0.648983,5,0.7) (0.648983,0.08448827,0.7)
red 136.2039 145.4444 15.22857 (-0.1183337,5,0.7) (-0.1183337,0.08173069,0.7)
red 137.7021 145.5889 13.29797 (0.9889717,5,0.7) (0.9889717,0.08047857,0.7)
red 139.7092 145.7444 14.2059 (0.8537681,5,0.7) (0.8537681,1.519263,0.7)
red 139.2072 146.1778 16.41528 (0.8750374,5,0.7) (0.8750374,1.614878,0.7)
red 140.7023 146.2556 13.85519 (0.5850749,5,0.7) (0.5850749,1.708591,0.7)
red 138.2001 146.5 13.89345 (0.9896963,5,0.7) (0.9896963,0.08053496,0.7)
red 141.2012 147.2111 15.26974 (0.6925838,5,0.7) (0.6925838,1.822443,0.7)
red 140.2074 148.1222 16.0784 (-0.8890393,5,0.7) (-0.8890393,1.055481,0.7)
red 142.2095 148.5778 13.33917 (-0.5134387,5,0.7) (-0.5134387,1.044757,0.7)
red 141.7006 148.7444 15.32224 (-0.6195507,5,0.7) (-0.6195507,1.286416,0.7)
red 142.7038 149.3889 15.77722 (-0.1871332,5,0.7) (-0.1871332,1.596871,0.7)
red 144.2001 149.9222 13.40409 (0.4417617,5,0.7) (0.4417617,1.475343,0.7)
red 143.701 150.4333 16.16199 (0.2314571,5,0.7) (0.2314571,1.672162,0.7)
red 144.7004 150.7 13.3161 (-0.2126483,5,0.7) (-0.2126483,1.273941,0.7)
red 143.2018 151.1556 16.99371 (-0.8527308,5,0.7) (-0.8527308,1.296967,0.7)
red 146.2066 152.1778 13.77985 (-0.8232734,5,0.7) (-0.8232734,1.432964,0.7)
red 145.2102 152.6222 15.48503 (0.01038516,5,0.7) (0.01038516,1.135002,0.7)
red 145.7082 153.0778 16.17986 (-0.6561058,5,0.7) (-0.6561058,1.356201,0.7)
red 148.201 154.1889 14.00072 (0.6277781,5,0.7) (0.6277781,1.492212,0.7)
red 146.7067 154.3333 16.96633 (0.2987418,5,0.7) (0.2987418,1.440911,0.7)
red 147.7017 154.3667 15.39722 (0.2150849,5,0.7) (0.2150849,1.507558,0.7)
red 147.2057 154.4111 15.77474 (0.1044163,5,0.7) (0.1044163,1.328371,0.7)
red 148.7101 154.8778 13.84733 (-0.2951955,5,0.7) (-0.2951955,1.333411,0.7)
red 149.2072 155.4222 13.63296 (0.5806639,5,0.7) (0.5806639,1.238833,0.7)
red 150.2102 156.2889 14.47426 (0.9905066,5,0.7) (0.9905066,1.569877,0.7)
red 149.7014 157.0889 16.44516 (-0.302827,5,0.7) (-0.302827,1.421991,0.7)
red 150.7104 157.2667 15.4191 (-0.2080015,5,0.7) (-0.2080015,1.566274,0.7)
0
red 33.0368 38.16667 13.08886 (-0.4399356,5,0.7) (-0.4399356,1.753952,0.7)
red 32.53954 38.4 14.18675 (-0.7157013,5,0.7) (-0.7157013,1.617311,0.7)
red 32.0393 38.73333 16.08908 (-0.6366124,5,0.7) (-0.6366124,1.670637,0.7)
red 34.03492 39.86667 14.47317 (-0.9811888,5,0.7) (-0.9811888,1.714972,0.7)
red 33.53495 40.46667 16.72752 (-0.4075271,5,0.7) (-0.4075271,1.712852,0.7)
red 34.53505 41.03333 14.71272 (0.03433049,5,0.7) (0.03433049,1.406201,0.7)
red 35.03334 42.26667 16.86172 (-0.7905569,5,0.7) (-0.7905569,1.602892,0.7)
red 35.54236 42.54445 16.61205 (-0.3407406,5,0.7) (-0.3407406,1.647532,0.7)
red 36.04142 42.8 16.48163 (-0.5243175,5,0.7) (-0.5243175,1.734114,0.7)
red 36.54163 43.41111 15.13021 (0.2736349,5,0.7) (0.2736349,1.319955,0.7)
red 37.04061 43.96667 16.29142 (-0.2988111,5,0.7) (-0.2988111,1.605569,0.7)
red 37.53976 44.04445 15.63404 (-0.3543109,5,0.7) (-0.3543109,1.651541,0.7)
red 38.03792 44.16667 15.15895 (-0.3416237,5,0.7) (-0.3416237,1.728914,0.7)
red 39.53457 45.28889 14.41083 (0.03917944,5,0.7) (0.03917944,1.742666,0.7)
red 40.03334 45.42222 13.68812 (0.2350851,5,0.7) (0.2350851,1.762915,0.7)
red 38.53598 45.92222 16.86793 (0.7459528,5,0.7) (0.7459528,1.530912,0.7)
red 39.03627 45.96667 15.74092 (0.8270895,5,0.7) (0.8270895,1.461749,0.7)
red 40.53353 46.38889 13.09646 (0.1101793,5,0.7) (0.1101793,1.293866,0.7)
red 41.03365 47.26667 15.17911 (-0.3280815,5,0.7) (-0.3280815,1.680362,0.7)
red 41.54214 47.38889 14.87652 (-0.2508284,5,0.7) (-0.2508284,1.807799,0.7)
red 42.04118 47.86667 14.26339 (0.1413974,5,0.7) (0.1413974,1.657967,0.7)
red 43.5391 49.56667 13.77192 (-0.9732606,5,0.7) (-0.9732606,1.397076,0.7)
red 44.53663 49.86667 13.21378 (-0.9376178,5,0.7) (-0.9376178,1.662734,0.7)
red 42.54007 51.3 16.67549 (0.9492946,5,0.7) (0.9492946,0.8217089,0.7)
red 43.03993 51.33334 16.3097 (0.9468143,5,0.7) (0.9468143,0.9371213,0.7)
red 45.54399 51.71111 13.91174 (0.5254402,5,0.7) (0.5254402,1.353278,0.7)
red 44.03774 51.86667 16.83381 (0.1926168,5,0.7) (0.1926168,1.311782,0.7)
red 46.53462 52.45555 14.68944 (0.4356169,5,0.7) (0.4356169,1.722339,0.7)
red 45.03679 53.3 16.8183 (-0.5248594,5,0.7) (-0.5248594,1.102073,0.7)
red 46.03347 54.04445 13.47667 (-0.8481259,5,0.7) (-0.8481259,0.08077007,0.7)
red 47.04322 54.06667 15.18694 (-0.9840002,5,0.7) (-0.9840002,1.252813,0.7)
red 48.54075 55.27778 14.99387 (0.4235463,5,0.7) (0.4235463,1.352784,0.7)
red 48.04163 55.64445 16.12333 (0.7529564,5,0.7) (0.7529564,1.224179,0.7)
red 49.03961 55.7 14.46709 (0.7797742,5,0.7) (0.7797742,1.23903,0.7)
red 49.53489 55.96667 14.5882 (0.3263151,5,0.7) (0.3263151,1.407433,0.7)
red 47.54147 56.04445 14.194 (0.210744,5,0.7) (0.210744,0.07987089,0.7)
red 51.03627 56.63334 13.75768 (0.6749294,5,0.7) (0.6749294,1.654469,0.7)
red 50.53778 57.13334 16.71945 (0.3597536,5,0.7) (0.3597536,1.870214,0.7)
red 50.04414 58.21111 13.7171 (-0.8911016,5,0.7) (-0.8911016,0.08037695,0.7)
red 51.53445 58.22223 14.15707 (-0.9959052,5,0.7) (-0.9959052,1.12881,0.7)
0
red 407.3313 412.6778 14.63941 (0.2771537,5,0.7) (0.2771537,2.027003,0.7)
red 408.3279 413.3 13.41521 (0.9246209,5,0.7) (0.9246209,1.942018,0.7)
red 408.8272 414.0334 13.34729 (-0.07440984,5,0.7) (-0.07440984,1.777889,0.7)
red 407.83 414.1333 16.13141 (0.113151,5,0.7) (0.113151,1.875319,0.7)
red 409.3263 414.5889 13.52426 (-0.2298857,5,0.7) (-0.2298857,1.792532,0.7)
red 409.8247 416.0445 15.76281 (-0.9016528,5,0.7) (-0.9016528,1.832666,0.7)
red 410.3239 417.1778 16.27994 (0.6898222,5,0.7) (0.6898222,1.641039,0.7)
red 410.8333 417.5222 16.24301 (0.6561265,4.999008,0.7) (0.6561265,1.708844,0.7)
red 411.8321 417.8222 15.29473 (0.2525375,5,0.7) (0.2525375,1.834455,0.7)
red 411.3328 418.0889 16.90776 (0.02944338,5,0.7) (0.02944338,1.83411,0.7)
red 412.3293 418.3778 13.88629 (-0.564153,5,0.7) (-0.564153,1.418486,0.7)
red 412.829 418.8333 14.86698 (0.4287555,5,0.7) (0.4287555,1.719655,0.7)
red 413.8287 419.4 13.52287 (-0.7924464,5,0.7) (-0.7924464,1.60039,0.7)
red 413.3289 419.9 15.86465 (0.1518036,5,0.7) (0.1518036,1.675983,0.7)
red 414.3271 420.1556 13.77112 (0.6686313,5,0.7) (0.6686313,1.517494,0.7)
red 415.3259 420.5 13.0153 (-0.2281867,5,0.7) (-0.2281867,1.704088,0.7)
red 414.8249 420.7111 14.02511 (-0.5266035,5,0.7) (-0.5266035,1.558402,0.7)
red 416.3333 421.1222 13.12528 (-0.02798593,4.998966,0.7) (-0.02798593,1.97718,0.7)
red 415.8257 421.1556 14.58594 (0.144796,5,0.7) (0.144796,2.026698,0.7)
red 416.8323 422.2889 14.72887 (0.008260369,5,0.7) (0.008260369,1.986471,0.7)
red 417.8317 423.0445 13.64454 (0.772619,5,0.7) (0.772619,1.852519,0.7)
red 417.3333 423.5889 14.67678 (-0.6529784,5,0.7) (-0.6529784,1.526314,0.7)
red 418.3309 424.5 16.59528 (0.3188371,5,0.7) (0.3188371,2.04522,0.7)
red 418.8287 424.6556 16.29282 (0.4642558,5,0.7) (0.4642558,2.148379,0.7)
red 419.3288 426.0778 16.90184 (0.4967668,5,0.7) (0.4967668,1.83802,0.7)
red 421.8246 426.7778 13.51559 (-0.006098866,5,0.7) (-0.006098866,1.982082,0.7)
red 420.8253 426.9222 16.10658 (0.1907002,5,0.7) (0.1907002,1.975091,0.7)
red 421.3254 427.2556 15.84951 (0.3114381,5,0.7) (0.3114381,2.000824,0.7)
red 422.8328 427.6111 13.08256 (0.5548687,5,0.7) (0.5548687,1.972881,0.7)
red 419.8281 427.7556 13.36648 (-0.6021049,5,0.7) (-0.6021049,0.08204004,0.7)
red 420.3261 428.0889 13.10967 (0.6462319,5,0.7) (0.6462319,0.07638741,0.7)
red 422.3235 428.6111 15.37058 (-0.2436568,5,0.7) (-0.2436568,1.700269,0.7)
red 423.3333 429.0445 13.89206 (-0.8949029,4.998976,0.7) (-0.8949029,1.61924,0.7)
red 424.3301 429.5889 13.84556 (-0.7419546,5,0.7) (-0.7419546,1.879126,0.7)
red 423.8319 430.1556 15.41292 (0.2944724,5,0.7) (0.2944724,1.687692,0.7)
red 424.8297 430.7778 14.64543 (-0.7759356,5,0.7) (-0.7759356,1.691987,0.7)
red 425.3292 431.2889 15.0535 (-0.9807038,5,0.7) (-0.9807038,1.792032,0.7)
red 425.8287 432.4111 16.39333 (0.7936959,5,0.7) (0.7936959,1.799762,0.7)
red 426.8251 432.7444 15.15097 (0.1808239,5,0.7) (0.1808239,1.840532,0.7)
red 426.3261 433.3222 15.70984 (-0.8209987,5,0.7) (-0.8209987,1.418905,0.7)
0
red 31.39144 37.64444 15.77446 (-0.2541276,5,0.7) (-0.2541276,1.818446,0.7)
red 32.39812 37.78889 14.16594 (-0.2622377,5,0.7) (-0.2622377,1.883786,0.7)
red 31.89006 38.75556 16.84952 (-0.7374167,5,0.7) (-0.7374167,1.773437,0.7)
red 33.89775 39.22222 14.20883 (-0.5814877,5,0.7) (-0.5814877,1.933568,0.7)
red 33.39739 40.1 16.65497 (0.01802409,5,0.7) (0.01802409,1.802096,0.7)
red 32.89728 40.8 16.90379 (0.7129478,5,0.7) (0.7129478,1.293827,0.7)
red 34.89282 41.15556 14.58511 (0.8245318,5,0.7) (0.8245318,1.500443,0.7)
red 35.89199 41.38889 13.67591 (0.5397429,5,0.7) (0.5397429,1.691937,0.7)
red 36.3891 42.44445 15.72926 (-0.1870013,5,0.7) (-0.1870013,1.910311,0.7)
red 35.39295 42.74445 13.65806 (-0.5855746,5,0.7) (-0.5855746,0.5564308,0.7)
red 34.39461 43.5 15.04746 (-0.9366047,5,0.7) (-0.9366047,0.0832888,0.7)
red 38.39561 43.71111 13.27111 (-0.7735341,5,0.7) (-0.7735341,1.686437,0.7)
red 37.39025 43.73333 15.40467 (-0.819325,5,0.7) (-0.819325,1.679698,0.7)
red 37.8905 44.6 15.40828 (0.1081978,5,0.7) (0.1081978,1.487131,0.7)
red 38.89485 45.44445 14.72972 (0.8723311,5,0.7) (0.8723311,1.380191,0.7)
red 36.89938 46.07778 15.14754 (0.9105117,5,0.7) (0.9105117,0.08015972,0.7)
red 39.39682 46.71111 15.03357 (-0.7246468,5,0.7) (-0.7246468,1.050192,0.7)
red 39.89617 47.07778 16.02736 (-0.8099258,5,0.7) (-0.8099258,1.409216,0.7)
red 40.89405 47.1 14.25564 (-0.8668122,5,0.7) (-0.8668122,1.437056,0.7)
red 41.39335 47.4 15.31088 (-0.555624,5,0.7) (-0.555624,1.832585,0.7)
red 42.39158 48.14445 15.09175 (-0.1284791,5,0.7) (-0.1284791,1.915896,0.7)
red 41.89243 49.07778 16.43595 (0.9293211,5,0.7) (0.9293211,1.517077,0.7)
red 43.89977 49.48889 14.01384 (0.9471009,5,0.7) (0.9471009,1.72585,0.7)
red 42.89054 49.96667 16.81745 (0.05102265,5,0.7) (0.05102265,1.665758,0.7)
red 43.39096 50.2 15.22415 (-0.3969601,5,0.7) (-0.3969601,1.382758,0.7)
red 40.39504 50.35556 16.22253 (0.7820461,5,0.7) (0.7820461,0.08442074,0.7)
red 44.8972 50.56667 13.26414 (-0.6658301,5,0.7) (-0.6658301,1.460154,0.7)
red 44.39715 50.57778 14.50345 (-0.5517068,5,0.7) (-0.5517068,1.521327,0.7)
red 45.3972 51.01111 14.38946 (-0.6027033,5,0.7) (-0.6027033,1.81332,0.7)
red 46.39407 52.33334 15.31953 (-0.1212047,5,0.7) (-0.1212047,1.870136,0.7)
red 47.39417 52.46667 13.29249 (0.01598465,5,0.7) (0.01598465,1.846357,0.7)
red 45.89594 52.72223 16.30792 (0.4815385,5,0.7) (0.4815385,1.65903,0.7)
red 46.89409 53.28889 14.84501 (-0.5077467,5,0.7) (-0.5077467,1.499326,0.7)
red 47.89292 54.4 15.42838 (0.9217122,5,0.7) (0.9217122,1.597953,0.7)
red 49.38948 55.3 14.37036 (-0.2332321,5,0.7) (-0.2332321,1.642627,0.7)
red 48.38991 55.53333 15.21543 (-0.5235145,5,0.7) (-0.5235145,1.201692,0.7)
red 48.89032 55.95556 15.6683 (-0.5199938,5,0.7) (-0.5199938,1.373055,0.7)
red 49.88895 56.42222 15.12837 (-0.8937874,5,0.7) (-0.8937874,1.50528,0.7)
red 50.39835 57.24445 14.7307 (0.2251126,5,0.7) (0.2251126,1.213382,0.7)
red 50.89764 57.7 15.88414 (0.1613125,5,0.7) (0.1613125,1.562292,0.7)
0
red 50.67736 59.15556 14.17056 (0.1508347,5,0.7) (0.1508347,0.08328051,0.7)
red 50.16827 59.45556 15.28496 (0.8722448,5,0.7) (0.8722448,0.07973704,0.7)
red 51.67375 59.45556 13.14624 (0.6338863,5,0.7) (0.6338863,0.07813916,0.7)
red 51.1756 59.62222 14.123 (-0.4599887,5,0.7) (-0.4599887,0.08330963,0.7)
red 52.17289 61.01111 14.66345 (0.5569656,5,0.7) (0.5569656,0.07901907,0.7)
red 52.673 61.64445 14.85604 (-0.07906997,5,0.7) (-0.07906997,0.08122477,0.7)
red 53.17197 61.8 14.3757 (-0.6074679,5,0.7) (-0.6074679,0.08318924,0.7)
red 54.67748 63.35556 14.44733 (0.9065771,5,0.7) (0.9065771,0.08029109,0.7)
red 55.6685 63.54445 13.28111 (0.9320514,5,0.7) (0.9320514,0.08024728,0.7)
red 55.17646 63.61111 14.09774 (-0.4077586,5,0.7) (-0.4077586,0.07945406,0.7)
red 53.67236 63.72223 16.33712 (0.257539,5,0.7) (0.257539,0.08261497,0.7)
red 54.17234 64.45556 16.64867 (0.347826,5,0.7) (0.347826,0.08240125,0.7)
red 56.67379 64.53333 13.26465 (0.9385443,5,0.7) (0.9385443,0.08015021,0.7)
red 57.17309 64.95556 13.14943 (-0.3606001,5,0.7) (-0.3606001,0.07955682,0.7)
red 57.67326 65.73334 13.5469 (0.4759552,5,0.7) (0.4759552,0.07637078,0.7)
red 58.17231 66.1 13.91316 (-0.4773761,5,0.7) (-0.4773761,0.3072357,0.7)
red 56.16809 66.61111 16.84976 (0.3871777,5,0.7) (0.3871777,0.08048826,0.7)
red 58.67344 66.94444 13.85363 (0.7628021,5,0.7) (0.7628021,0.07723373,0.7)
red 59.66852 68.28889 14.35945 (0.4682836,5,0.7) (0.4682836,0.08298923,0.7)
red 60.16767 68.96667 14.59993 (-0.6675587,5,0.7) (-0.6675587,0.07859892,0.7)
red 59.17286 69.28889 16.42793 (-0.6825898,5,0.7) (-0.6825898,0.08305058,0.7)
red 61.16986 69.74445 14.28339 (0.8371282,5,0.7) (0.8371282,0.07768869,0.7)
red 60.67068 70.36667 15.84899 (-0.4281174,5,0.7) (-0.4281174,0.07985573,0.7)
red 62.1706 70.94444 14.57272 (-0.7202117,5,0.7) (-0.7202117,0.08028328,0.7)
red 63.17573 71.25555 13.58528 (0.2558546,5,0.7) (0.2558546,0.07896943,0.7)
red 63.67682 71.41111 13.08485 (0.5854199,5,0.7) (0.5854199,0.07978833,0.7)
red 61.66932 71.48889 16.01933 (-0.7621663,5,0.7) (-0.7621663,0.08148693,0.7)
red 64.1754 72.24445 13.57347 (-0.1249443,5,0.7) (-0.1249443,0.08080302,0.7)
red 64.67419 72.64445 13.43165 (-0.5815945,5,0.7) (-0.5815945,0.08222628,0.7)
red 62.67561 72.94444 16.6282 (-0.9844642,5,0.7) (-0.9844642,0.08041283,0.7)
red 65.17311 74.62222 15.51165 (0.4868238,5,0.7) (0.4868238,0.0786556,0.7)
red 66.66891 75.12222 14.11177 (-0.1627959,5,0.7) (-0.1627959,0.07868946,0.7)
red 65.67265 75.73334 16.35621 (-0.1579801,5,0.7) (-0.1579801,0.08407393,0.7)
red 67.66716 75.8 13.65418 (-0.272643,5,0.7) (-0.272643,0.08092608,0.7)
red 67.16804 76.36667 15.15767 (0.7655535,5,0.7) (0.7655535,0.07808612,0.7)
red 66.17168 76.53333 16.74907 (0.4557523,5,0.7) (0.4557523,0.08133602,0.7)
red 68.17615 76.66667 14.17148 (0.4141764,5,0.7) (0.4141764,0.0771811,0.7)
red 68.67661 78.32223 15.79355 (-0.474806,5,0.7) (-0.474806,0.08175942,0.7)
red 69.67663 78.74445 14.98756 (0.06115782,5,0.7) (0.06115782,0.07803786,0.7)
red 69.17445 78.76667 15.72208 (-0.4565147,5,0.7) (-0.4565147,0.08336467,0.7)
0
red 3.209539 12.46 13.42372 (-0.3139104,5,0.7) (-0.3139104,0.07877356,0.7)
red 0 12.92 16.98721 (-0.2234883,5,0.7) (-0.2234883,0.08088236,0.7)
red 4.700507 14.22 13.68399 (0.4173121,5,0.7) (0.4173121,0.07061066,0.7)
red 4.200526 15.26 15.25955 (0.16563,5,0.7) (0.16563,0.08008979,0.7)
red 5.700172 15.78 14.27284 (0.3367848,5,0.7) (0.3367848,0.07411233,0.7)
red 3.700628 16.18 16.56775 (-0.7042315,5,0.7) (-0.7042315,0.0749488,0.7)
red 5.200068 16.36 15.3511 (0.6034384,5,0.7) (0.6034384,0.07788853,0.7)
red 6.700525 17.3 14.79987 (-0.2695829,5,0.7) (-0.2695829,0.07578415,0.7)
red 7.70083 17.4 13.88547 (0.7065976,5,0.7) (0.7065976,0.0766822,0.7)
red 6.200833 18.34 16.26602 (-0.4002262,5,0.7) (-0.4002262,0.07712498,0.7)
red 9.700282 18.82 13.26802 (0.7674215,5,0.7) (0.7674215,0.07633829,0.7)
red 9.200258 19.2 14.19801 (0.9195731,5,0.7) (0.9195731,0.07752728,0.7)
red 8.200457 19.26 15.24713 (0.6609576,5,0.7) (0.6609576,0.07434112,0.7)
red 7.200786 19.36 16.27859 (-0.9022305,5,0.7) (-0.9022305,0.07462316,0.7)
red 10.20008 19.38 13.32071 (-0.1380419,5,0.7) (-0.1380419,0.07028781,0.7)
red 8.700281 20.28 15.75198 (-0.909272,5,0.7) (-0.909272,0.07876968,0.7)
red 12.20028 22.04 14.03724 (-0.4592482,5,0.7) (-0.4592482,0.07960799,0.7)
red 10.70041 22.82 16.25072 (-0.4975075,5,0.7) (-0.4975075,0.07844368,0.7)
red 11.20048 22.94 15.90721 (-0.06475389,5,0.7) (-0.06475389,0.0813593,0.7)
red 11.70058 23.6 16.05388 (-0.2753543,5,0.7) (-0.2753543,0.0805952,0.7)
red 14.20034 24.14 14.13493 (0.1915332,5,0.7) (0.1915332,0.07687492,0.7)
red 12.70047 24.24 15.71447 (0.5816367,5,0.7) (0.5816367,0.0788099,0.7)
red 14.70024 24.26 13.73342 (-0.3985797,5,0.7) (-0.3985797,0.07417692,0.7)
red 15.20026 24.6 13.55545 (-0.2364928,5,0.7) (-0.2364928,0.06992762,0.7)
red 13.70021 25.64 16.08055 (0.09417999,5,0.7) (0.09417999,0.07603648,0.7)
red 13.20066 26.06 16.91652 (-0.8703122,5,0.7) (-0.8703122,0.08051261,0.7)
red 16.20081 26.74 14.74669 (0.7827709,5,0.7) (0.7827709,0.07881593,0.7)
red 15.70044 26.8 15.29427 (-0.1212286,5,0.7) (-0.1212286,0.07831411,0.7)
red 18.70044 27.68 13.11867 (0.4440138,5,0.7) (0.4440138,0.07773793,0.7)
red 17.20026 27.88 14.88121 (-0.106094,5,0.7) (-0.106094,0.07680941,0.7)
red 16.70036 28.04 15.52351 (-0.3387388,5,0.7) (-0.3387388,0.0780208,0.7)
red 19.2 29.4 14.40379 (-0.8506658,5,0.7) (-0.8506658,0.07827314,0.7)
red 17.70008 29.58 16.03034 (-0.1701962,5,0.7) (-0.1701962,0.07834567,0.7)
red 20.20012 30.06 14.04392 (0.4770484,5,0.7) (0.4770484,0.07280859,0.7)
red 18.2001 30.06 16.01758 (0.5911813,5,0.7) (0.5911813,0.08089966,0.7)
red 19.70004 30.54 15.046 (0.2938001,5,0.7) (0.2938001,0.08030007,0.7)
red 21.70018 30.94 13.38767 (-0.3861355,5,0.7) (-0.3861355,0.07151657,0.7)
red 22.20045 32.66 14.65292 (0.1299733,5,0.7) (0.1299733,0.07219572,0.7)
red 20.70023 33.26 16.65464 (-0.6799173,5,0.7) (-0.6799173,0.08183582,0.7)
red 21.20043 33.9 16.77096 (0.7222805,5,0.7) (0.7222805,0.07839467,0.7)
0
red 22.70061 35.58 16.92901 (0.308006,5,0.7) (0.308006,0.07833087,0.7)
red 2.123185 11.56 13.60525 (0.6241984,5,0.7) (0.6241984,0.07354398,0.7)
red 0 12.92 16.98721 (-0.2234883,5,0.7) (-0.2234883,0.08088236,0.7)
red 2.620101 12.94 14.51162 (-0.477728,5,0.7) (-0.477728,0.07183459,0.7)
red 4.120751 13.7 13.76078 (0.3402707,5,0.7) (0.3402707,0.07724602,0.7)
red 3.120105 15.08 16.10532 (0.8308544,5,0.7) (0.8308544,0.07889648,0.7)
red 3.620295 15.28 15.82279 (-0.6984744,5,0.7) (-0.6984744,0.0769193,0.7)
red 4.620662 16.3 15.83983 (-0.9232872,5,0.7) (-0.9232872,0.07616937,0.7)
red 5.120333 16.64 15.69455 (0.9538774,5,0.7) (0.9538774,0.07830675,0.7)
red 6.120521 17.26 15.32683 (-0.2554334,5,0.7) (-0.2554334,0.07554615,0.7)
red 5.620445 17.68 16.19412 (0.7330697,5,0.7) (0.7330697,0.07759771,0.7)
red 6.620277 17.82 15.37844 (-0.2141215,5,0.7) (-0.2141215,0.07279758,0.7)
red 7.120556 19.12 16.14174 (0.6163232,5,0.7) (0.6163232,0.0787622,0.7)
red 8.120332 19.16 15.23105 (0.07334459,5,0.7) (0.07334459,0.07586676,0.7)
red 10.6203 20.16 13.72045 (-0.1659359,5,0.7) (-0.1659359,0.07817275,0.7)
red 7.62008 20.54 16.95651 (0.6347239,5,0.7) (0.6347239,0.07509632,0.7)
red 10.12054 21.14 15.20364 (-0.005901456,5,0.7) (-0.005901456,0.07215171,0.7)
red 9.120711 21.22 16.22342 (-0.7143433,5,0.7) (-0.7143433,0.07437239,0.7)
red 8.620484 21.48 16.91464 (0.921169,5,0.7) (0.921169,0.07970305,0.7)
red 11.12079 22.54 15.59086 (-0.2159454,5,0.7) (-0.2159454,0.07407406,0.7)
red 9.620735 22.54 16.9694 (0.6621737,5,0.7) (0.6621737,0.08073252,0.7)
red 12.1206 22.84 14.92561 (-0.8715672,5,0.7) (-0.8715672,0.07914249,0.7)
red 12.6207 23.36 14.93811 (-0.9573531,5,0.7) (-0.9573531,0.07576515,0.7)
red 14.12063 23.36 13.39649 (0.9765532,5,0.7) (0.9765532,0.07588428,0.7)
red 13.12024 23.62 14.69887 (0.07117856,5,0.7) (0.07117856,0.07506733,0.7)
red 14.62069 23.72 13.23119 (0.94488,5,0.7) (0.94488,0.06871311,0.7)
red 11.62065 24.08 16.55696 (0.5678926,5,0.7) (0.5678926,0.07811847,0.7)
red 13.62062 24.76 15.33894 (-0.07940018,5,0.7) (-0.07940018,0.08113024,0.7)
red 15.62045 24.94 13.48505 (0.8416471,5,0.7) (0.8416471,0.07733186,0.7)
red 15.12076 25.46 14.53957 (0.3495869,5,0.7) (0.3495869,0.07556477,0.7)
red 17.62008 27.5 14.05924 (0.212612,5,0.7) (0.212612,0.07021877,0.7)
red 16.12054 28.22 16.2388 (-0.273518,5,0.7) (-0.273518,0.08125256,0.7)
red 16.62066 28.4 15.93731 (0.9486063,5,0.7) (0.9486063,0.07818055,0.7)
red 17.12068 28.6 15.65073 (-0.9742181,5,0.7) (-0.9742181,0.07552481,0.7)
red 20.12073 29.74 13.79282 (-0.6426904,5,0.7) (-0.6426904,0.07235587,0.7)
red 18.62066 30.16 15.70868 (0.5044887,5,0.7) (0.5044887,0.07617283,0.7)
red 18.1202 30.32 16.319 (-0.1762985,5,0.7) (-0.1762985,0.0764533,0.7)
red 20.62053 30.96 14.54094 (0.1739177,5,0.7) (0.1739177,0.07618189,0.7)
red 21.12037 31.32 14.38931 (0.1129884,5,0.7) (0.1129884,0.07136653,0.7)
red 19.12028 31.7 16.66045 (0.7294643,5,0.7) (0.7294643,0.07655756,0.7)
red 19.62058 31.78 16.28736 (0.2280205,5,0.7) (0.2280205,0.07854259,0.7)
0
red 21.62029 34.28 16.72739 (0.3776688,5,0.7) (0.3776688,0.07476721,0.7)
red 1.742426 9.477778 13.0857 (0.07469547,5,0.7) (0.07469547,0.08014459,0.7)
red 2.741859 11.27778 14.2383 (-0.7153785,5,0.7) (-0.7153785,0.07863198,0.7)
red 2.240988 12.04445 16.01174 (0.1853186,5,0.7) (0.1853186,0.08426905,0.7)
red 3.742097 12.48889 14.53648 (-0.1473559,5,0.7) (-0.1473559,0.07827419,0.7)
red 3.242354 12.84445 15.73362 (0.5994976,5,0.7) (0.5994976,0.08198634,0.7)
red 4.739259 12.86667 14.21873 (-0.8816462,5,0.7) (-0.8816462,0.3094208,0.7)
red 5.239201 13.02222 13.15147 (0.4177355,5,0.7) (0.4177355,0.08041871,0.7)
red 5.739522 13.72222 13.44205 (0.6753094,5,0.7) (0.6753094,0.07979712,0.7)
red 4.240952 14.2 16.21524 (0.5108652,5,0.7) (0.5108652,0.08173925,0.7)
red 6.237239 14.73333 14.17899 (0.6064153,5,0.7) (0.6064153,0.08021752,0.7)
red 6.743255 15.78889 14.96585 (-0.9675291,5,0.7) (-0.9675291,0.08168474,0.7)
red 8.240976 16.01111 13.1326 (0.9814866,5,0.7) (0.9814866,0.07929099,0.7)
red 7.243365 16.53333 15.29993 (-0.3256313,5,0.7) (-0.3256313,0.07960886,0.7)
red 7.74093 17.74445 16.27502 (0.2134968,5,0.7) (0.2134968,0.08170874,0.7)
red 10.23831 18.04445 13.17733 (0.3131118,5,0.7) (0.3131118,0.07750138,0.7)
red 9.240763 18.87778 15.78453 (0.08724916,5,0.7) (0.08724916,0.08404303,0.7)
red 8.740426 19.1 16.75795 (0.920172,5,0.7) (0.920172,0.08446956,0.7)
red 11.73406 19.75556 13.49709 (0.901422,5,0.7) (0.901422,0.08258576,0.7)
red 9.738858 19.77778 16.31455 (0.5545781,5,0.7) (0.5545781,0.07976794,0.7)
red 10.74236 20.01111 15.27848 (0.9126196,5,0.7) (0.9126196,0.08317541,0.7)
red 12.73374 20.97778 13.81851 (-0.9843738,5,0.7) (-0.9843738,0.08257086,0.7)
red 13.74324 21.46667 13.07353 (0.6590638,5,0.7) (0.6590638,0.08200076,0.7)
red 13.24444 21.53333 13.89249 (0.5717037,4.998976,0.7) (0.5717037,0.08009992,0.7)
red 11.23541 21.76667 16.97413 (-0.2137991,5,0.7) (-0.2137991,0.08295444,0.7)
red 12.23352 22.34444 16.40283 (0.671315,5,0.7) (0.671315,0.07939702,0.7)
red 14.74137 22.74445 13.46876 (0.04387748,5,0.7) (0.04387748,0.07739013,0.7)
red 15.73862 23.48889 13.09375 (-0.850281,5,0.7) (-0.850281,0.07658531,0.7)
red 15.23988 24.58889 15.37473 (-0.8197088,5,0.7) (-0.8197088,0.07887888,0.7)
red 14.24157 24.73333 16.92609 (0.9506617,5,0.7) (0.9506617,0.08147942,0.7)
red 16.23759 25.52222 15.2937 (-0.4517294,5,0.7) (-0.4517294,0.083067,0.7)
red 16.73645 25.93333 15.15959 (0.1985918,5,0.7) (0.1985918,0.07885504,0.7)
red 17.23613 26.07778 14.66467 (0.2262365,5,0.7) (0.2262365,0.07944381,0.7)
red 18.23723 26.62222 14.01222 (-0.7063122,5,0.7) (-0.7063122,0.0769299,0.7)
red 19.24413 27.63333 14.04011 (0.1692313,5,0.7) (0.1692313,0.08185432,0.7)
red 19.74262 27.73333 13.45828 (0.1476568,5,0.7) (0.1476568,0.07984393,0.7)
red 17.73624 27.97778 16.59036 (0.3023305,5,0.7) (0.3023305,0.08273256,0.7)
red 18.73711 28.35556 15.75202 (-0.2621962,5,0.7) (-0.2621962,0.08319098,0.7)
red 20.74329 28.95556 13.78572 (0.001784205,5,0.7) (0.001784205,0.08227652,0.7)
red 20.24144 29.02222 14.59451 (-0.210976,5,0.7) (-0.210976,0.08265474,0.7)
red 21.23978 30.3 14.97684 (0.5463507,5,0.7) (0.5463507,0.07988077,0.7)
0
red 2.822647 8.533334 14.78645 (-0.002129912,5,0.7) (-0.002129912,1.864823,0.7)
red 4.831087 11.31111 16.07736 (-0.04403722,5,0.7) (-0.04403722,1.773586,0.7)
red 3.332443 12.18889 14.70595 (0.8853712,5,0.7) (0.8853712,0.08348412,0.7)
red 4.331956 12.74444 14.07209 (0.3307872,5,0.7) (0.3307872,0.08193031,0.7)
red 7.327065 12.77778 13.86101 (-0.04849875,5,0.7) (-0.04849875,1.770091,0.7)
red 3.832148 13.37778 15.65517 (-0.8302784,5,0.7) (-0.8302784,0.08107117,0.7)
red 8.825587 13.9 13.10089 (-0.1052407,5,0.7) (-0.1052407,1.792939,0.7)
red 6.830948 14.55556 13.06474 (0.347996,5,0.7) (0.347996,0.07812541,0.7)
red 6.331184 14.78889 14.12523 (0.6719062,5,0.7) (0.6719062,0.07772669,0.7)
red 9.324591 15.26667 13.68612 (0.006956935,5,0.7) (0.006956935,1.424713,0.7)
red 5.831552 15.4 15.69191 (0.7881687,5,0.7) (0.7881687,0.08348328,0.7)
red 5.332855 15.87778 16.99642 (0.519098,5,0.7) (0.519098,0.08043777,0.7)
red 8.326355 16.74445 14.06087 (0.3200588,5,0.7) (0.3200588,0.07730126,0.7)
red 7.827376 18 16.50614 (0.8311229,5,0.7) (0.8311229,0.08444512,0.7)
red 10.82223 18.1 16.52278 (-0.1868833,5,0.7) (-0.1868833,1.496202,0.7)
red 11.33135 19.9 14.28801 (0.1707598,5,0.7) (0.1707598,0.07954305,0.7)
red 9.822944 19.93333 16.41485 (0.7639656,5,0.7) (0.7639656,0.0837151,0.7)
red 10.32299 20.12222 15.99414 (-0.07481849,5,0.7) (-0.07481849,0.08334056,0.7)
red 12.33156 21.36667 14.94862 (-0.8074267,5,0.7) (-0.8074267,0.08093873,0.7)
red 11.83048 21.41111 15.69865 (0.7048695,5,0.7) (0.7048695,0.08031842,0.7)
red 13.32924 22.32222 14.88656 (-0.450451,5,0.7) (-0.450451,0.08097497,0.7)
red 12.82993 23.33333 16.94014 (-0.6489677,5,0.7) (-0.6489677,0.08129879,0.7)
red 13.82685 23.74445 16.14948 (-0.8504162,5,0.7) (-0.8504162,0.07961474,0.7)
red 14.82594 23.75556 14.78649 (0.6067007,5,0.7) (0.6067007,0.07832286,0.7)
red 15.32404 23.78889 14.12549 (0.7392864,5,0.7) (0.7392864,0.07777244,0.7)
red 15.82308 23.78889 13.41454 (-0.4077111,5,0.7) (-0.4077111,0.08184757,0.7)
red 14.32698 23.81111 15.56572 (-0.8766348,5,0.7) (-0.8766348,0.08178052,0.7)
red 16.82242 24.52222 13.02348 (0.06438172,5,0.7) (0.06438172,0.08158538,0.7)
red 17.33255 26.17778 14.68121 (0.9452417,5,0.7) (0.9452417,0.07983518,0.7)
red 18.82995 26.61111 13.15289 (0.3466606,5,0.7) (0.3466606,0.08103292,0.7)
red 16.33333 26.61111 16.65319 (0.6997631,4.999013,0.7) (0.6997631,0.08403963,0.7)
red 19.328 27.14445 13.19862 (-0.04511249,5,0.7) (-0.04511249,0.07967764,0.7)
red 17.8297 28.1 16.62704 (0.4964833,5,0.7) (0.4964833,0.07998411,0.7)
red 18.33081 28.48889 16.48799 (0.5671902,5,0.7) (0.5671902,0.08333099,0.7)
red 19.82705 28.73333 14.7607 (-0.7865124,5,0.7) (-0.7865124,0.08044881,0.7)
red 20.82634 29.24445 14.06735 (0.5174859,5,0.7) (0.5174859,0.07995165,0.7)
red 21.823 29.8 13.42686 (0.491956,5,0.7) (0.491956,0.08018146,0.7)
red 20.32714 30.1 15.9571 (-0.9437404,5,0.7) (-0.9437404,0.08074665,0.7)
red 21.32387 31.11111 15.97051 (-0.6493859,5,0.7) (-0.6493859,0.08011506,0.7)
red 22.32257 32.41111 16.37665 (-0.7670743,5,0.7) (-0.7670743,0.08067471,0.7)
0
red 36.97347 42.05556 13.69916 (0.3403046,5,0.7) (0.3403046,1.948086,0.7)
red 38.96899 44.84444 16.19074 (-0.1652499,5,0.7) (-0.1652499,2.104496,0.7)
red 35.977 45.1 15.06634 (-0.7909353,5,0.7) (-0.7909353,0.07858419,0.7)
red 37.4689 45.57778 13.62539 (0.8600435,5,0.7) (0.8600435,0.08231093,0.7)
red 36.46933 46.07778 15.73918 (-0.9038982,5,0.7) (-0.9038982,0.08412391,0.7)
red 40.96669 46.17778 14.27597 (0.213899,5,0.7) (0.213899,2.021158,0.7)
red 38.4697 47.77778 15.32468 (0.844671,5,0.7) (0.844671,0.08321063,0.7)
red 37.96778 48.17778 16.53853 (0.5824668,5,0.7) (0.5824668,0.08002198,0.7)
red 40.47761 49.12222 14.4049 (0.3877542,5,0.7) (0.3877542,0.08221483,0.7)
red 39.47141 49.61111 16.45508 (-0.8717849,5,0.7) (-0.8717849,0.08211017,0.7)
red 39.96897 49.97778 16.27252 (0.3506159,5,0.7) (0.3506159,0.08081475,0.7)
red 41.47671 50.72223 15.23812 (-0.3751253,5,0.7) (-0.3751253,0.07944845,0.7)
red 42.97307 50.75556 13.14843 (-0.5418041,5,0.7) (-0.5418041,0.07910191,0.7)
red 41.97587 51.92222 16.19297 (0.4276137,5,0.7) (0.4276137,0.07906937,0.7)
red 42.47358 52.74445 16.62677 (-0.1315728,5,0.7) (-0.1315728,0.07984763,0.7)
red 44.96856 53.27778 13.90247 (0.9602389,5,0.7) (0.9602389,0.07764536,0.7)
red 44.46933 53.32222 14.67992 (0.2825393,5,0.7) (0.2825393,0.07933819,0.7)
red 43.97229 53.5 15.6213 (-0.6504972,5,0.7) (-0.6504972,0.07975379,0.7)
red 43.47316 53.91111 16.85039 (-0.5568099,5,0.7) (-0.5568099,0.08067703,0.7)
red 46.46696 54.3 13.22211 (-0.2252449,5,0.7) (-0.2252449,0.0828139,0.7)
red 45.96878 54.76667 14.59994 (-0.3652569,5,0.7) (-0.3652569,0.07859945,0.7)
red 45.4696 54.84444 15.41566 (-0.46167,5,0.7) (-0.46167,0.08281392,0.7)
red 46.97715 55.47778 14.19794 (0.3094115,5,0.7) (0.3094115,0.08151183,0.7)
red 47.9753 55.87778 13.32907 (-0.9010434,5,0.7) (-0.9010434,0.07989749,0.7)
red 47.47595 56.71111 15.22103 (0.0373348,5,0.7) (0.0373348,0.07884008,0.7)
red 48.97347 56.87778 13.32733 (-0.9002595,5,0.7) (-0.9002595,0.07918844,0.7)
red 49.4734 57.95556 14.15628 (0.4792316,5,0.7) (0.4792316,0.07744092,0.7)
red 49.97276 58.6 14.36665 (0.01359308,5,0.7) (0.01359308,0.0795334,0.7)
red 48.47427 58.7 16.57622 (-0.817991,5,0.7) (-0.817991,0.08298463,0.7)
red 51.47009 59.36667 13.30881 (0.1162716,5,0.7) (0.1162716,0.07816242,0.7)
red 50.46973 60.11111 15.78032 (0.1848077,5,0.7) (0.1848077,0.08244124,0.7)
red 52.97358 60.91111 13.37473 (-0.3008372,5,0.7) (-0.3008372,0.07864339,0.7)
red 50.96982 61.01111 16.32563 (-0.9198036,5,0.7) (-0.9198036,0.08384609,0.7)
red 52.47544 61.22223 14.53704 (-0.1454695,5,0.7) (-0.1454695,0.07852197,0.7)
red 51.96949 61.56667 15.71646 (0.2712083,5,0.7) (0.2712083,0.08128133,0.7)
red 53.47588 62.88889 15.46641 (-0.9780982,5,0.7) (-0.9780982,0.07881954,0.7)
red 54.97401 62.88889 13.33724 (-0.09803498,5,0.7) (-0.09803498,0.07646057,0.7)
red 54.47544 63.37778 14.76603 (0.4337215,5,0.7) (0.4337215,0.08251024,0.7)
red 53.97491 63.74445 15.95711 (0.5732646,5,0.7) (0.5732646,0.08074671,0.7)
red 55.47124 64.24445 14.56694 (-0.2354349,5,0.7) (-0.2354349,0.07793564,0.7)
0
red 290.5948 295.8 13.95352 (0.03089225,5,0.7) (0.03089225,1.940311,0.7)
red 290.0955 297.9889 13.31578 (-0.221867,5,0.7) (-0.221867,0.08116474,0.7)
red 291.5918 299.5667 13.42037 (-0.3454903,5,0.7) (-0.3454903,0.07744852,0.7)
red 289.5952 299.6111 16.29572 (-0.8175533,5,0.7) (-0.8175533,0.08384305,0.7)
red 294.5973 299.7 13.38661 (-0.2065393,5,0.7) (-0.2065393,1.851264,0.7)
red 291.0926 300.9 16.00361 (-0.712184,5,0.7) (-0.712184,0.08124608,0.7)
red 293.0996 302.1 14.89924 (-0.7065191,5,0.7) (-0.7065191,0.07987988,0.7)
red 292.5905 302.1667 15.68656 (0.8506832,5,0.7) (0.8506832,0.08145574,0.7)
red 292.0912 302.3445 16.6021 (0.47595,5,0.7) (0.47595,0.08159367,0.7)
red 294.097 302.6667 14.29212 (0.7484951,5,0.7) (0.7484951,0.08127846,0.7)
red 293.5977 304.1111 16.96365 (-0.3998522,5,0.7) (-0.3998522,0.08441091,0.7)
red 295.0965 304.2556 15.11942 (0.5203433,5,0.7) (0.5203433,0.08124238,0.7)
red 295.5955 304.7 15.03883 (0.3373987,5,0.7) (0.3373987,0.07993895,0.7)
red 296.0935 305.4445 15.37766 (0.9223516,5,0.7) (0.9223516,0.08003391,0.7)
red 297.0937 305.7 14.33765 (-0.9590676,5,0.7) (-0.9590676,0.08051156,0.7)
red 296.5928 306.1 15.6008 (-0.6422431,5,0.7) (-0.6422431,0.08352457,0.7)
red 298.6 306.3445 13.10456 (-0.9568553,4.998965,0.7) (-0.9568553,0.08128917,0.7)
red 297.5918 307.0445 15.51453 (-0.08786213,5,0.7) (-0.08786213,0.07972997,0.7)
red 299.0905 307.4445 13.96902 (-0.6053739,5,0.7) (-0.6053739,0.07881579,0.7)
red 299.5998 308.1555 14.26829 (-0.2379233,5,0.7) (-0.2379233,0.07795191,0.7)
red 298.09 308.3889 16.66101 (0.1496223,5,0.7) (0.1496223,0.0815543,0.7)
red 300.0949 309.4111 15.3278 (0.9089992,5,0.7) (0.9089992,0.07850099,0.7)
red 302.0942 309.8111 13.04622 (-0.9483454,5,0.7) (-0.9483454,0.07719648,0.7)
red 300.5937 310.0334 15.49929 (-0.2755204,5,0.7) (-0.2755204,0.07976294,0.7)
red 301.0958 310.1889 15.02636 (0.6263235,5,0.7) (0.6263235,0.0810954,0.7)
red 302.5931 311.0445 14.11729 (0.07184994,5,0.7) (0.07184994,0.08092833,0.7)
red 301.5938 311.8889 16.65487 (0.2835669,5,0.7) (0.2835669,0.07935645,0.7)
red 304.0904 312.0667 13.42815 (-0.1150469,5,0.7) (-0.1150469,0.0807365,0.7)
red 303.5916 313.0111 15.48023 (-0.4250411,5,0.7) (-0.4250411,0.08412118,0.7)
red 303.0923 313.1667 16.37006 (0.6722233,5,0.7) (0.6722233,0.08372021,0.7)
red 305.0996 313.3333 13.80941 (-0.9806099,5,0.7) (-0.9806099,0.07876763,0.7)
red 305.599 314.5 14.75987 (0.06253922,5,0.7) (0.06253922,0.08010501,0.7)
red 304.5905 314.5222 16.17684 (-0.7471342,5,0.7) (-0.7471342,0.08411206,0.7)
red 306.0968 314.8111 14.50157 (0.6261265,5,0.7) (0.6261265,0.08319018,0.7)
red 307.5935 315.8333 13.80877 (-0.2361234,5,0.7) (-0.2361234,0.0785259,0.7)
red 306.5964 316.8 16.54287 (0.2563457,5,0.7) (0.2563457,0.08167273,0.7)
red 308.5903 316.8111 13.7759 (0.1964215,5,0.7) (0.1964215,0.07814744,0.7)
red 307.0944 317.1 16.27448 (-0.3264416,5,0.7) (-0.3264416,0.08152723,0.7)
red 308.0924 317.3778 15.28162 (-0.06027305,5,0.7) (-0.06027305,0.07845944,0.7)
red 309.0932 317.6111 14.21029 (-0.03839314,5,0.7) (-0.03839314,0.08008916,0.7)
0
red 1.980593 2.616971 15.30831 (0.8320541,5,0.7) (0.8320541,4.744483,0.7)
red 2.480681 2.616971 16.67402 (0.2675337,5,0.7) (0.2675337,4.967244,0.7)
red 1.489197 2.616971 15.25082 (0.5617936,5,0.7) (0.5617936,4.519688,0.7)
red 3.140441 4.531007 15.25198 (-0.4200999,5,0.7) (-0.4200999,4.403521,0.7)
red 1.640551 4.531007 16.94907 (0.9374285,5,0.7) (0.9374285,3.913061,0.7)
purple 3.511279 4.531007 15.06345 (0.5841684,5,0.7) (0.5841684,4.556961,0.7)
blue 4.00075 4.531007 15.69014 (0.2065262,5,0.7) (0.2065262,4.795666,0.7)
red 3.269037 4.531007 15.0061 (-0.5170736,5,0.7) (-0.5170736,4.44485,0.7)
red 0.659453 4.531007 15.489 (0.3335132,5,0.7) (0.3335132,3.323313,0.7)
red 3.640383 4.531007 14.13894 (0.9643378,5,0.7) (0.9643378,4.58733,0.7)
yellow 4.00075 4.531007 15.22062 (-0.9812799,5,0.7) (-0.9812799,4.78736,0.7)
yellow 3.511279 4.531007 16.27789 (0.2014803,5,0.7) (0.2014803,4.602254,0.7)
red 2.140688 4.531007 15.75792 (-0.1383418,5,0.7) (-0.1383418,4.003837,0.7)
red 2.640223 4.531007 13.66932 (0.5496433,5,0.7) (0.5496433,4.04736,0.7)
red 3.760234 4.531007 13.39849 (0.9363401,5,0.7) (0.9363401,4.621944,0.7)
red 4.140271 4.531007 15.27399 (-0.1511654,5,0.7) (-0.1511654,4.850757,0.7)
black 4.260307 4.531007 19.65722 (-0.002462506,5,0.7) (-0.002462506,4.930593,0.7)
red 4.360508 4.531007 16.87284 (-0.3048407,5,0.7) (-0.3048407,4.952931,0.7)
black 3.760234 4.531007 12.92952 (-0.1468354,5,0.7) (-0.1468354,4.604733,0.7)
red 4.260307 4.531007 13.35448 (0.731329,5,0.7) (0.731329,4.889047,0.7)
blue 4.500089 4.531007 19.3875 (-0.8287132,5,0.7) (-0.8287132,4.997598,0.7)
red 3.871191 4.531007 15.23921 (0.03039181,5,0.7) (0.03039181,4.725042,0.7)
red 1.140745 4.531007 16.00358 (0.06460965,5,0.7) (0.06460965,3.608977,0.7)
black 3.269037 4.531007 12.41686 (-0.2287556,5,0.7) (-0.2287556,4.287693,0.7)
yellow 4.500089 4.531007 16.28828 (-0.3974904,5,0.7) (-0.3974904,4.997355,0.7)
red 4.823392 13.35556 14.22692 (-0.3428351,5,0.7) (-0.3428351,0.08041949,0.7)
red 5.333333 15.02222 15.85515 (-0.7706671,4.999002,0.7) (-0.7706671,0.08216611,0.7)
red 7.333333 15.13333 13.17866 (0.4043729,4.998966,0.7) (0.4043729,0.07808968,0.7)
red 5.833333 15.48889 15.80572 (0.5309522,4.999002,0.7) (0.5309522,0.08062088,0.7)
red 6.833333 15.72222 14.75203 (-0.3724762,4.998987,0.7) (-0.3724762,0.08317011,0.7)
red 6.333333 15.82222 15.58008 (-0.7011662,4.998999,0.7) (-0.7011662,0.08146718,0.7)
red 8.333334 0 15.63095 (0.7494566,4.998999,0.7) (0.7494566,1.062981,0.7)
red 13.83333 0 15.36411 (0.1750544,4.998996,0.7) (0.1750544,3.893106,0.7)
red 10.33333 0 16.24645 (0.6351042,4.999008,0.7) (0.6351042,2.232004,0.7)
red 10.83333 0 16.47898 (-0.9519124,4.999011,0.7) (-0.9519124,2.522353,0.7)
red 12.33333 0 15.985 (-0.8828349,4.999004,0.7) (-0.8828349,3.186625,0.7)
red 11.83333 0 13.69222 (-0.7168088,4.998973,0.7) (-0.7168088,2.520005,0.7)
red 11.33333 0 14.63744 (0.09199893,4.998986,0.7) (0.09199893,2.425626,0.7)
red 14.33333 0 13.10558 (-0.4908851,4.998965,0.7) (-0.4908851,3.990018,0.7)
red 12.82469 0 15.14294 (0.8766441,5,0.7) (0.8766441,3.335267,0.7)
red 15.83333 0 14.79477 (-0.9934285,4.998988,0.7) (-0.9934285,4.948231,0.7)
red 9.833334 0 14.22424 (0.03268111,4.998981,0.7) (0.03268111,1.466479,0.7)
red 13.33333 0 15.38866 (0.5860503,4.998996,0.7) (0.5860503,3.630906,0.7)
red 8.823282 0 13.21673 (-0.2562279,5,0.7) (-0.2562279,0.5167243,0.7)
red 7.833333 0 15.53841 (0.9947369,4.998998,0.7) (0.9947369,0.7736664,0.7)
red 14.83333 0 15.08647 (0.6570098,4.998992,0.7) (0.6570098,4.41043,0.7)
red 15.33028 0 15.12284 (0.07780731,5,0.7) (0.07780731,4.681891,0.7)
red 9.333334 0 15.90146 (0.5714562,4.999003,0.7) (0.5714562,1.651452,0.7)
