compute 52.9493505676402(0.0413265451788902,0.462816894054413,0.384861022233963) (-0.03129743,0.9689761,0.5223093) (347.0878,352.1518,357.8636) (0.001411486,0.864257,0.1962064) (31.60866,352.465,0.7869112)
compute 0.319906686395451(0.0414460003376007,0.45972540974617,0.385674953460693) (0.04132655,0.4628169,0.384861) (348.0074,352.2703,356.9871) (0.002648201,0.8639026,0.1950342) (30.65659,352.6552,0.582826)
compute 0.191918636622841(0.0417019538581371,0.457911968231201,0.386248707771301) (0.041446,0.4597254,0.385675) (348.6969,352.5925,356.162) (0.002745517,0.8675855,0.195682) (29.37077,352.8216,0.4109032)
compute 0.0351543702595103(0.0416250750422478,0.458252131938934,0.386204421520233) (0.04170195,0.457912,0.3862487) (348.7633,352.58,356.0781) (0.003071144,0.8693426,0.1963479) (28.79931,352.1609,0.6603816)
compute 0.04678067276346(0.0417486988008022,0.457808494567871,0.386122286319733) (0.04162508,0.4582521,0.3862044) (348.7852,352.5037,356.0613) (-0.0002109855,0.8688705,0.1961179) (28.60894,351.136,0.2743256)
compute 0.758039679728854(0.042899914085865,0.450350940227509,0.386844784021378) (0.0417487,0.4578085,0.3861223) (348.8489,352.4453,356.0338) (-0.001120597,0.8734252,0.1947361) (27.17258,351.0903,0.2687719)
compute 0.419048460200092(0.0454259738326073,0.447366267442703,0.388351738452911) (0.04289991,0.4503509,0.3868448) (348.8474,352.4493,356.0327) (-0.002137281,0.8779018,0.1936778) (25.49151,351.6927,0.7398096)
compute 0.50797504453015(0.0452052727341652,0.452433854341507,0.388078391551971) (0.04542597,0.4473663,0.3883517) (348.8882,353.1537,355.7519) (-0.001854569,0.8779708,0.1928152) (26.29737,352.546,0.8059191)
compute 0.846106204445444(0.0407069064676762,0.459483563899994,0.386791586875916) (0.04520527,0.4524339,0.3880784) (348.6818,353.1143,355.9933) (-0.0008488707,0.8731579,0.1920734) (27.83137,353.6237,1.526745)
compute 0.222842433789817(0.0384975783526897,0.45950710773468,0.387081742286682) (0.04070691,0.4594836,0.3867916) (348.4263,352.5781,357.0547) (-5.99362E-05,0.8713121,0.19253) (28.79714,354.4879,2.137856)
compute 0.149341368740181(0.038418672978878,0.458098083734512,0.387570321559906) (0.03849758,0.4595071,0.3870817) (348.5868,352.5969,357.0439) (-3.973022E-05,0.8710346,0.1955265) (28.96766,354.9074,2.462197)
compute 0.121283639521939(0.0374906696379185,0.458719193935394,0.388043612241745) (0.03841867,0.4580981,0.3875703) (347.7697,351.9725,358.4233) (7.545575E-05,0.8705971,0.1988464) (29.55256,354.7833,2.37691)
compute 1.22375914540192(0.0311266910284758,0.459088176488876,0.398489773273468) (0.03749067,0.4587192,0.3880436) (347.4392,350.8923,359.7536) (-0.0007733181,0.8676381,0.203163) (30.81631,355.0829,2.191201)
compute 2.78963003658197(0.021331025287509,0.454305917024612,0.424168139696121) (0.03112669,0.4590882,0.3984898) (351.6856,349.6126,1.273344) (-0.001128372,0.8626736,0.2076879) (32.39922,355.5216,2.708823)
compute 4.01769227099183(0.00749805383384228,0.441931694746017,0.45980116724968) (0.02133103,0.4543059,0.4241681) (353.7938,347.1845,2.588213) (-0.003127117,0.8532677,0.2192048) (34.42192,356.1951,2.886629)
compute 4.03439159399569(-0.00824816897511482,0.427284449338913,0.493935406208038) (0.007498054,0.4419317,0.4598012) (355.3766,344.3982,7.097226) (-0.008154158,0.8431968,0.2319523) (36.06817,356.2385,2.709115)
compute 3.95255443919418(-0.0216967277228832,0.406393796205521,0.524676024913788) (-0.008248169,0.4272844,0.4939354) (356.5507,343.0171,8.856841) (-0.0144508,0.8363724,0.2448173) (37.01426,355.876,2.86943)
compute 2.66194174191346(-0.0329287499189377,0.397620141506195,0.547158420085907) (-0.02169673,0.4063938,0.524676) (356.5361,341.9063,9.783931) (-0.02422041,0.8328108,0.258756) (37.43787,355.4619,3.368799)
compute 2.09166947779547(-0.0394019745290279,0.397887051105499,0.567046463489532) (-0.03292875,0.3976201,0.5471584) (356.1586,342.6123,10.43424) (-0.03242952,0.8297265,0.2755184) (37.23471,355.1221,3.076678)
compute 2.81716739634842(-0.0449910275638103,0.397123038768768,0.594647586345673) (-0.03940197,0.3978871,0.5670465) (354.5752,345.186,5.519984) (-0.0356384,0.8260596,0.2930772) (36.47213,355.619,2.860259)
compute 3.07053876322448(-0.048619456589222,0.390073210000992,0.624311625957489) (-0.04499103,0.397123,0.5946476) (355.1199,346.7863,3.751616) (-0.03754851,0.8194778,0.3129417) (35.94438,356.5514,3.003033)
compute 3.05974701557955(-0.0470132492482662,0.391905546188354,0.654811918735504) (-0.04861946,0.3900732,0.6243116) (349.7,349.9113,2.325563) (-0.04003616,0.8114199,0.3300966) (36.30588,357.6556,3.679115)
compute 2.05394881773643(-0.045575674623251,0.387675285339355,0.674859583377838) (-0.04701325,0.3919055,0.6548119) (349.9202,352.1545,1.404439) (-0.04089187,0.8077545,0.3375074) (36.01854,358.1171,3.766582)
compute 2.24187791456675(-0.0448225773870945,0.383054852485657,0.696784138679504) (-0.04557567,0.3876753,0.6748596) (349.8404,353.1431,3.575466) (-0.04039261,0.8052394,0.3445292) (34.60215,358.4011,3.320864)
compute 2.72444691865473(-0.044539388269186,0.375101625919342,0.722840368747711) (-0.04482258,0.3830549,0.6967841) (353.6457,353.373,3.316823) (-0.03994029,0.8064702,0.3565805) (31.81557,358.1961,2.380958)
compute 3.04856481636984(-0.042139008641243,0.357546329498291,0.747648119926453) (-0.04453939,0.3751016,0.7228404) (359.4044,354.7788,0.2261736) (-0.04075687,0.8044758,0.37459) (30.39015,358.1129,2.155015)
compute 2.54007599731844(-0.0420156940817833,0.337457984685898,0.76319295167923) (-0.04213901,0.3575463,0.7476481) (3.05712,352.9918,3.160815) (-0.04647371,0.7954735,0.3926778) (31.0316,357.8246,2.597064)
compute 2.40509480257476(-0.0390051864087582,0.316988080739975,0.775455415248871) (-0.04201569,0.337458,0.763193) (5.378582,353.6321,4.495684) (-0.04849266,0.7812708,0.4103841) (31.17883,357.6143,3.036228)
compute 2.188631253075(-0.040153231471777,0.298765420913696,0.787523031234741) (-0.03900519,0.3169881,0.7754554) (4.719822,351.4169,7.763178) (-0.04971636,0.769189,0.4235126) (31.45203,358.0756,3.449159)
compute 1.99379958529841(-0.0409742742776871,0.280839383602142,0.796212494373322) (-0.04015323,0.2987654,0.787523) (4.390547,350.1295,9.212229) (-0.04968999,0.7603137,0.4316187) (31.89396,357.984,3.468873)
compute 1.03539951242543(-0.0423528254032135,0.271887451410294,0.801229238510132) (-0.04097427,0.2808394,0.7962125) (5.026661,348.8129,8.699759) (-0.0465496,0.7556748,0.4357197) (31.55781,357.7962,3.381598)
compute 0.545845332187321(-0.045350294560194,0.271638482809067,0.805784225463867) (-0.04235283,0.2718875,0.8012292) (4.444897,347.0594,6.650724) (-0.04104738,0.7541469,0.4364695) (30.28723,357.4009,2.653283)
compute 0.467126826576548(-0.0439631007611752,0.273589044809341,0.809795677661896) (-0.04535029,0.2716385,0.8057842) (3.953221,347.5558,7.124878) (-0.03725798,0.7610891,0.436113) (28.33182,356.6529,1.438095)
compute 1.61820633634033(-0.0418778322637081,0.288129776716232,0.80300760269165) (-0.0439631,0.273589,0.8097957) (359.643,347.2049,9.25556) (-0.03419872,0.7828767,0.4296379) (23.92333,356.5984,1.367119)
compute 2.97204339912468(-0.0439332984387875,0.308154255151749,0.781142115592957) (-0.04187783,0.2881298,0.8030076) (355.4221,342.6071,12.91021) (-0.03093791,0.805963,0.4095048) (21.10799,356.2671,1.40094)
compute 3.14275880196092(-0.0448393411934376,0.319537490606308,0.751862525939941) (-0.0439333,0.3081543,0.7811421) (355.0334,339.5775,11.12692) (-0.02489285,0.8299727,0.3820834) (17.05037,357.759,1.636063)
compute 3.8931396554743(-0.044587504118681,0.330636948347092,0.714547753334045) (-0.04483934,0.3195375,0.7518625) (355.7323,338.2136,5.781328) (-0.01711589,0.8454721,0.3473683) (19.34459,359.7596,1.558239)
compute 4.49027812379729(-0.0421115458011627,0.348940044641495,0.673619449138641) (-0.0445875,0.3306369,0.7145478) (353.9178,338.7472,3.127625) (-0.01283768,0.8524674,0.3122691) (24.69416,359.5827,1.354106)
compute 5.00544653702124(-0.0437856875360012,0.372294992208481,0.629379272460938) (-0.04211155,0.34894,0.6736194) (352.2943,336.0896,358.6003) (-0.01083847,0.850675,0.2771618) (27.64472,358.0948,2.461675)
compute 4.23466511425835(-0.0503046847879887,0.389647275209427,0.591305136680603) (-0.04378569,0.372295,0.6293793) (351.7437,334.76,356.1856) (-0.01023494,0.8511173,0.2453999) (28.46313,356.995,3.294323)
compute 3.38346895182682(-0.0554837733507156,0.40666925907135,0.562526404857636) (-0.05030468,0.3896473,0.5913051) (350.8776,332.3075,356.9025) (-0.009026855,0.8541089,0.2196946) (28.79858,355.4848,3.250724)
compute 1.92438184665028(-0.0571716874837875,0.421054810285568,0.549856305122375) (-0.05548377,0.4066693,0.5625264) (349.8284,331.5288,358.4635) (-0.01735608,0.8617538,0.2163363) (28.15739,356.3215,5.098433)
compute 1.13129629272303(-0.0551602840423584,0.423340499401093,0.560751855373383) (-0.05717169,0.4210548,0.5498563) (348.9927,334.5283,355.0688) (-0.03240078,0.8600087,0.2544599) (27.85342,355.695,6.101981)
compute 5.83725141393551(-0.0512225218117237,0.388793021440506,0.6076380610466) (-0.05516028,0.4233405,0.5607519) (354.8415,337.663,359.4161) (-0.04701032,0.8337128,0.3200887) (29.67245,355.2798,5.096243)
compute 7.54440412259599(-0.0415430553257465,0.345773190259933,0.668854117393494) (-0.05122252,0.388793,0.6076381) (355.4205,342.9428,2.925812) (-0.05850054,0.7971566,0.3915418) (32.94649,356.6724,6.096281)
compute 7.93448069509565(-0.0356211923062801,0.293985247612,0.728675007820129) (-0.04154306,0.3457732,0.6688541) (357.824,348.5094,2.346115) (-0.07113472,0.7526517,0.4513445) (35.42362,357.66,7.747556)
compute 6.29822252974743(-0.039569478482008,0.259316444396973,0.781108260154724) (-0.03562119,0.2939852,0.728675) (353.7358,347.3556,8.063647) (-0.08128411,0.7108896,0.4919013) (37.87029,358.7362,9.469461)
compute 4.30466592122934(-0.0502164773643017,0.239532053470612,0.817826569080353) (-0.03956948,0.2593164,0.7811083) (351.6236,344.1874,11.80615) (-0.09081271,0.6845267,0.5116922) (37.32752,359.0041,11.36388)
compute 2.46920420576141(-0.0543865263462067,0.231320723891258,0.840736865997314) (-0.05021648,0.2395321,0.8178266) (352.725,339.4441,16.85255) (-0.09656709,0.6740636,0.524548) (34.96862,358.3535,11.12941)
compute 2.20904738065757(-0.048370573669672,0.220332831144333,0.858932018280029) (-0.05438653,0.2313207,0.8407369) (355.7019,339.4233,19.12822) (-0.0981454,0.6687061,0.5258799) (32.4767,357.6989,10.80115)
compute 1.53948972020441(-0.0427420511841774,0.206465438008308,0.862540066242218) (-0.04837057,0.2203328,0.858932) (3.044123,337.1693,22.73819) (-0.09723637,0.6659821,0.5300033) (33.31575,356.6576,10.2704)
compute 3.00653031824842(-0.0382591262459755,0.209641978144646,0.832981050014496) (-0.04274205,0.2064654,0.8625401) (1.226745,340.2037,16.18967) (-0.09039368,0.6931577,0.5100885) (33.00032,354.7484,8.8325)
compute 7.99498682057723(-0.0377826802432537,0.224759057164192,0.754474818706512) (-0.03825913,0.209642,0.8329811) (3.125907,341.9617,2.277283) (-0.07113153,0.7529285,0.4618189) (28.28516,353.9883,6.494154)
compute 10.6796837521979(-0.0424426943063736,0.259189903736115,0.653487861156464) (-0.03778268,0.2247591,0.7544748) (10.56951,342.8819,348.4388) (-0.04529597,0.824352,0.3904302) (20.92946,354.7331,4.768617)
compute 10.2992895706611(-0.0389096811413765,0.305385529994965,0.561504065990448) (-0.04244269,0.2591899,0.6534879) (12.1497,346.4197,341.2281) (-0.02707134,0.8747319,0.3149487) (15.02066,355.4316,2.240985)
compute 7.5954799277145(-0.0366734452545643,0.345029443502426,0.496754616498947) (-0.03890968,0.3053855,0.5615041) (8.657836,346.2618,339.444) (-0.01449179,0.9048865,0.2401943) (9.879895,356.299,0.7716776)
compute 5.37329663931378(-0.027709499001503,0.38219091296196,0.458993464708328) (-0.03667345,0.3450294,0.4967546) (359.9916,347.0517,339.0762) (-0.01023309,0.9173759,0.1833888) (7.365494,354.7484,2.127882)
compute 5.23358995894615(-0.00769564509391785,0.426052004098892,0.438629359006882) (-0.0277095,0.3821909,0.4589935) (350.2973,350.8564,339.3563) (-0.008530684,0.9233175,0.1486732) (5.22081,354.7537,4.504029)
compute 4.45428091501262(0.00826452486217022,0.467411607503891,0.434302926063538) (-0.007695645,0.426052,0.4386294) (342.2122,350.1971,337.7368) (-0.005632192,0.926319,0.1229097) (1.280494,355.6516,4.825389)
compute 3.65362291232997(0.0218675713986158,0.501136004924774,0.437841027975082) (0.008264525,0.4674116,0.4343029) (336.1683,349.2693,343.8114) (0.003975008,0.9304273,0.104301) (359.2234,359.1512,1.078422)
compute 4.02107390200393(0.0342342928051949,0.539395868778229,0.43822917342186) (0.02186757,0.501136,0.437841) (331.2686,350.6955,344.6078) (0.01235555,0.9388439,0.09806208) (356.4499,1.755449,358.0117)
compute 2.21491753280628(0.036803312599659,0.560250759124756,0.445233434438705) (0.03423429,0.5393959,0.4382292) (331.4893,352.0276,342.0575) (0.02143197,0.9461713,0.09703901) (352.3383,1.880695,357.5809)
compute 1.91387734753184(0.0379739627242088,0.575031518936157,0.457335144281387) (0.03680331,0.5602508,0.4452334) (332.1211,349.4922,345.6055) (0.03425641,0.9496864,0.1068062) (350.0547,359.6813,359.1271)
compute 1.92460672336172(0.0554143488407135,0.580405235290527,0.463448017835617) (0.03797396,0.5750315,0.4573351) (329.3253,350.8345,342.2373) (0.05140334,0.9476588,0.1313346) (351.1996,356.9003,359.4461)
compute 1.87386298539753(0.0695710554718971,0.574376702308655,0.474142909049988) (0.05541435,0.5804052,0.463448) (331.0814,352.0534,337.4531) (0.07266289,0.9455397,0.1608898) (352.4533,356.3405,357.3035)
compute 1.8097408430214(0.0775217264890671,0.564118444919586,0.48675525188446) (0.06957106,0.5743767,0.4741429) (332.8174,352.5235,334.8545) (0.08788568,0.9439908,0.1874733) (353.8346,356.3474,354.8414)
compute 1.24336993601396(0.0831760615110397,0.562051594257355,0.497634291648865) (0.07752173,0.5641184,0.4867553) (332.5638,353.9066,331.5499) (0.0991468,0.9377534,0.2100722) (355.9407,354.2306,354.0001)
compute 0.871753006712446(0.0886910334229469,0.563261091709137,0.504276394844055) (0.08317606,0.5620516,0.4976343) (330.6166,359.0764,324.6657) (0.1051696,0.9214234,0.2316465) (1.474313,350.4094,353.1221)
compute 1.19162769909951(0.089614637196064,0.575098872184753,0.505282163619995) (0.08869103,0.5632611,0.5042764) (329.7208,1.456344,321.607) (0.100153,0.9052705,0.2485904) (7.521902,346.7447,352.4509)
compute 1.13219936822102(0.0892096683382988,0.586196780204773,0.503077626228333) (0.08961464,0.5750989,0.5052822) (326.9952,359.1975,324.4204) (0.09247619,0.8963262,0.253153) (11.77811,343.2094,353.7958)
compute 0.806532681160376(0.091108001768589,0.593088805675507,0.49934321641922) (0.08920967,0.5861968,0.5030776) (325.2074,357.2995,326.5129) (0.08305767,0.8924971,0.2575097) (14.03658,338.6153,355.2061)
compute 0.859032798571416(0.0991842150688171,0.594226539134979,0.496646165847778) (0.091108,0.5930888,0.4993432) (325.1089,356.6332,325.8259) (0.07828651,0.8920985,0.2577195) (15.90117,334.7303,353.7781)
compute 0.283157399428164(0.100314982235432,0.596705734729767,0.497416079044342) (0.09918422,0.5942265,0.4966462) (326.5592,356.0281,323.2108) (0.0770157,0.8918883,0.2587589) (17.40515,334.1749,354.4497)
compute 1.13285987295875(0.105681002140045,0.606664955615997,0.498013496398926) (0.100315,0.5967057,0.4974161) (325.4588,354.9472,326.9788) (0.075158,0.888452,0.2615924) (19.36276,332.2775,355.9535)
compute 2.57526532845331(0.126615986227989,0.621250033378601,0.501506507396698) (0.105681,0.606665,0.4980135) (322.2057,359.5683,321.8496) (0.07108835,0.8864332,0.2600867) (21.7741,328.5614,355.4652)
compute 2.25106106511526(0.142379075288773,0.637185513973236,0.503583312034607) (0.126616,0.62125,0.5015065) (318.6229,4.333054,317.7039) (0.06043231,0.8882494,0.2531955) (22.47542,323.0901,354.2851)
compute 2.07571854437986(0.132774338126183,0.648143410682678,0.488800406455994) (0.1423791,0.6371855,0.5035833) (309.1457,3.263771,313.3119) (0.03972588,0.8888797,0.2453062) (22.99725,316.2208,352.6054)
compute 7.44120397493777(0.0635163933038712,0.622536957263947,0.47959178686142) (0.1327743,0.6481434,0.4888004) (314.3801,340.2586,324.6825) (0.005377829,0.8802024,0.2397129) (24.90682,310.0003,351.9318)
compute 12.4913634701402(-0.044607650488615,0.562384963035584,0.462435305118561) (0.06351639,0.622537,0.4795918) (326.1343,319.9367,334.0771) (-0.04086445,0.8662556,0.2436732) (26.41513,307.754,353.0083)
compute 14.0693698654701(-0.16496653854847,0.49166065454483,0.444927364587784) (-0.04460765,0.562385,0.4624353) (337.665,310.615,340.006) (-0.1046092,0.8436825,0.2679722) (28.61855,306.3408,353.3717)
compute 12.9105130817987(-0.272909969091415,0.421056509017944,0.439323246479034) (-0.1649665,0.4916607,0.4449274) (343.516,309.7542,336.2965) (-0.1749192,0.8162819,0.2951432) (30.06637,305.8612,353.5051)
compute 12.0640087696886(-0.371774435043335,0.351920068264008,0.439290106296539) (-0.27291,0.4210565,0.4393232) (348.1936,306.1693,340.7891) (-0.2488537,0.7819164,0.3220671) (33.11055,304.6862,353.52)
compute 7.80300266747671(-0.43987712264061,0.314455598592758,0.446154713630676) (-0.3717744,0.3519201,0.4392901) (343.1185,303.4488,351.1979) (-0.3103622,0.7452151,0.3477985) (35.6487,302.8503,352.4258)
compute 6.01780767764038(-0.490041673183441,0.282375484704971,0.454860180616379) (-0.4398771,0.3144556,0.4461547) (342.449,298.4242,356.1503) (-0.3606786,0.7006485,0.3663567) (38.27897,303.1104,352.22)
compute 5.56679807993336(-0.533522188663483,0.248523533344269,0.462760448455811) (-0.4900417,0.2823755,0.4548602) (342.7835,291.9418,3.166932) (-0.390698,0.6648307,0.3722333) (40.1566,303.5426,353.5643)
compute 4.49773035503715(-0.572209179401398,0.226021453738213,0.46722486615181) (-0.5335222,0.2485235,0.4627604) (341.6607,284.9513,10.88802) (-0.4047931,0.641749,0.3726791) (41.58063,302.1344,353.497)
compute 3.18941995069744(-0.603885173797607,0.225045397877693,0.463630616664886) (-0.5722092,0.2260215,0.4672249) (337.0142,276.6831,22.91133) (-0.4170412,0.6174754,0.3700916) (41.78074,300.4128,353.2549)
compute 2.6387206667415(-0.629932284355164,0.224488988518715,0.459444552659988) (-0.6038852,0.2250454,0.4636306) (335.4034,267.3681,38.28581) (-0.4176298,0.608568,0.3686789) (42.71188,299.0047,352.2007)
compute 2.86222535163735(-0.650196611881256,0.205565810203552,0.466551154851913) (-0.6299323,0.224489,0.4594446) (346.8527,266.0861,41.7556) (-0.4044779,0.6067815,0.3672283) (43.46506,298.1548,350.4417)
compute 1.37961645420429(-0.652829706668854,0.199252620339394,0.478532165288925) (-0.6501966,0.2055658,0.4665512) (355.2528,276.3748,25.43396) (-0.3866661,0.62598,0.3660191) (42.56086,298.1045,349.738)
compute 5.23918619503601(-0.614139258861542,0.230200529098511,0.461497396230698) (-0.6528297,0.1992526,0.4785322) (342.6206,278.0172,20.31124) (-0.3638356,0.6543742,0.3802908) (40.72821,303.0764,351.8871)
compute 8.54515689327037(-0.545158922672272,0.273350805044174,0.435387283563614) (-0.6141393,0.2302005,0.4614974) (331.7331,281.8779,9.33438) (-0.3263497,0.6962442,0.3939976) (37.35097,309.8552,353.5196)
compute 9.60875967842557(-0.461627602577209,0.318297207355499,0.420052170753479) (-0.5451589,0.2733508,0.4353873) (323.7255,290.5925,2.705672) (-0.2822033,0.7374638,0.3946384) (33.6577,316.8742,356.1911)
compute 9.51969213490717(-0.372311651706696,0.347760260105133,0.405319780111313) (-0.4616276,0.3182972,0.4200522) (323.8302,298.0334,356.6454) (-0.2256752,0.7684987,0.3843113) (30.39466,330.9641,0.4730234)
compute 9.21584209156728(-0.285542368888855,0.377205282449722,0.395457893610001) (-0.3723117,0.3477603,0.4053198) (323.218,308.6377,354.7819) (-0.157131,0.8000895,0.3612818) (27.53298,349.3331,5.638434)
compute 8.75264850134779(-0.205214440822601,0.41172844171524,0.391400635242462) (-0.2855424,0.3772053,0.3954579) (324.0785,319.659,353.2215) (-0.09148317,0.8251272,0.3419822) (24.58042,9.481063,11.76442)
compute 8.24506533269971(-0.129194349050522,0.443607032299042,0.393077373504639) (-0.2052144,0.4117284,0.3914006) (323.4393,332.1519,351.7366) (-0.05089221,0.8470112,0.300326) (25.84612,22.58221,14.29632)
compute 7.31548445217809(-0.0627092346549034,0.473938435316086,0.396448880434036) (-0.1291943,0.443607,0.3930774) (323.2161,342.7019,349.5564) (-0.01117669,0.8581252,0.2536826) (27.54288,30.10625,13.61105)
compute 6.91171697062302(-0.000925304309930652,0.504526078701019,0.391516834497452) (-0.06270923,0.4739384,0.3964489) (325.3486,349.6757,347.4049) (0.02168323,0.8608175,0.2285811) (28.0512,33.16146,10.31107)
compute 7.41759969141602(0.0715548992156982,0.515006721019745,0.379733145236969) (-0.0009253043,0.5045261,0.3915168) (325.6235,1.11993,345.9284) (0.06350983,0.8636195,0.2032372) (28.43284,36.4006,7.974845)
compute 7.1123802585697(0.14149796962738,0.513778626918793,0.366885811090469) (0.0715549,0.5150067,0.3797331) (320.3672,13.84784,347.3538) (0.08807297,0.8623236,0.1934102) (27.15778,36.07027,4.996527)
compute 5.95288592597706(0.198373958468437,0.497076541185379,0.361422538757324) (0.141498,0.5137786,0.3668858) (312.0755,23.8224,356.3063) (0.109762,0.8590203,0.192958) (27.22778,37.49889,2.185773)
compute 8.61246053340864(0.271548539400101,0.456688642501831,0.382201045751572) (0.198374,0.4970765,0.3614225) (316.3964,33.24894,0.7065492) (0.1425326,0.8507739,0.2179963) (25.49633,38.95218,0.6581164)
compute 11.6485086272724(0.352852880954742,0.392269045114517,0.435196280479431) (0.2715485,0.4566886,0.382201) (325.5521,35.29636,8.019907) (0.1986043,0.8170413,0.2660822) (26.23055,39.7942,357.8258)
compute 11.3074058075351(0.419678926467896,0.33365598320961,0.505085706710815) (0.3528529,0.392269,0.4351963) (330.9214,27.8974,16.9734) (0.2496922,0.76666,0.3077983) (28.17882,40.86392,353.7527)
compute 11.2873777499807(0.474547445774078,0.258775591850281,0.569295227527618) (0.4196789,0.333656,0.5050857) (340.5312,22.84179,19.93477) (0.292031,0.7154203,0.3436845) (32.35563,41.69671,351.3338)
compute 6.10534135651359(0.503212869167328,0.226085662841797,0.612157583236694) (0.4745474,0.2587756,0.5692952) (342.6354,20.91325,21.09069) (0.3238307,0.6631498,0.3702855) (34.75323,43.82973,351.4371)
compute 3.76407476012544(0.515770196914673,0.206157892942429,0.641517817974091) (0.5032129,0.2260857,0.6121576) (341.532,17.14757,25.1712) (0.3432929,0.6104252,0.389092) (36.71713,44.03875,350.1763)
compute 1.84272501346653(0.520635843276978,0.201687812805176,0.658719778060913) (0.5157702,0.2061579,0.6415178) (342.3547,15.82568,27.27614) (0.3437561,0.5818361,0.3885317) (39.02341,43.57342,349.2357)
compute 1.52638510522825(0.529065012931824,0.212219387292862,0.665862619876862) (0.5206358,0.2016878,0.6587198) (344.1951,20.39792,24.09641) (0.3370884,0.5712943,0.3792425) (39.66494,44.00775,350.749)
compute 1.15775645508157(0.538693964481354,0.216189339756966,0.660806655883789) (0.529065,0.2122194,0.6658626) (350.6475,21.02836,18.29823) (0.3279002,0.5716721,0.3642303) (40.12746,43.64849,351.6942)
compute 3.05125733308778(0.543628811836243,0.229103669524193,0.63360583782196) (0.538694,0.2161893,0.6608067) (351.6384,24.33093,13.3467) (0.3127205,0.6006811,0.3577893) (38.62514,44.23685,353.7102)
compute 4.66911907291386(0.525222599506378,0.257422208786011,0.601367056369781) (0.5436288,0.2291037,0.6336058) (348.325,25.22436,10.44695) (0.2822854,0.6605855,0.3532097) (35.95116,40.45961,352.3014)
compute 8.53752593634258(0.483182847499847,0.310160756111145,0.549019753932953) (0.5252226,0.2574222,0.6013671) (340.4445,32.79534,0.008233151) (0.2391968,0.7192078,0.3610576) (33.16798,34.78371,352.7599)
compute 8.75800912237729(0.417392015457153,0.331419467926025,0.495261907577515) (0.4831828,0.3101608,0.5490198) (341.4048,34.63666,348.3106) (0.1890111,0.7765933,0.3353428) (30.49115,23.2075,353.4014)
compute 7.85816336387057(0.357920467853546,0.312996417284012,0.447316110134125) (0.417392,0.3314195,0.4952619) (350.3132,32.40934,339.1241) (0.1406681,0.8185986,0.2937364) (28.59909,10.61534,354.493)
compute 6.27602239245806(0.315759271383286,0.297702431678772,0.403414249420166) (0.3579205,0.3129964,0.4473161) (354.0454,27.3097,342.0713) (0.09535319,0.8414489,0.2453291) (28.78571,354.1693,353.9613)
compute 4.67685910281344(0.283296853303909,0.304329246282578,0.370405495166779) (0.3157593,0.2977024,0.4034142) (353.7474,18.93883,346.6132) (0.05654131,0.8620101,0.1947995) (30.06701,340.6302,351.9444)
compute 4.6661987503529(0.267765760421753,0.343978673219681,0.351325422525406) (0.2832969,0.3043292,0.3704055) (351.9046,13.04673,347.5803) (0.03153794,0.8695015,0.163197) (30.81791,332.8182,351.8369)
compute 4.43177094058841(0.257765650749207,0.387051314115524,0.354292720556259) (0.2677658,0.3439787,0.3513254) (346.8967,2.923795,353.1034) (0.01085155,0.8722992,0.1454442) (30.69472,328.9895,352.8581)
compute 6.37387536596787(0.244691878557205,0.44711709022522,0.371139317750931) (0.2577657,0.3870513,0.3542927) (338.8857,0.1176604,354.2981) (-0.01114259,0.8761445,0.1348799) (29.26905,325.7941,353.5405)
compute 9.30039289337822(0.176789954304695,0.506679058074951,0.393307566642761) (0.2446919,0.4471171,0.3711393) (327.5515,351.1313,355.3587) (-0.05479016,0.8775398,0.1356249) (27.61287,322.0243,355.5577)
compute 14.6217947316714(0.0326229222118855,0.516893267631531,0.415471166372299) (0.17679,0.5066791,0.3933076) (329.6989,326.8663,1.013003) (-0.11482,0.8739801,0.1621276) (26.86759,318.7436,359.4933)
compute 15.1319930997717(-0.115827515721321,0.489663541316986,0.426367610692978) (0.03262292,0.5168933,0.4154712) (337.781,309.244,3.258425) (-0.165642,0.8585358,0.1853947) (27.3531,316.1581,3.064931)
compute 17.376736059394(-0.277136713266373,0.427076429128647,0.442407935857773) (-0.1158275,0.4896635,0.4263676) (345.0805,302.8644,359.143) (-0.2378147,0.8222136,0.2263759) (28.63028,312.2087,6.113751)
compute 15.0875490488105(-0.408382564783096,0.353280872106552,0.452007710933685) (-0.2771367,0.4270764,0.4424079) (351.0363,298.9229,357.731) (-0.3118336,0.773451,0.2677878) (31.15906,310.9226,5.146936)
compute 11.7920512460656(-0.501324832439423,0.284263789653778,0.474449306726456) (-0.4083826,0.3532809,0.4520077) (353.5145,299.6844,0.6108965) (-0.3856789,0.7185172,0.313931) (33.33257,309.567,5.315292)
compute 8.39210081276336(-0.566474616527557,0.23725514113903,0.498706847429276) (-0.5013248,0.2842638,0.4744493) (350.9669,299.188,3.757539) (-0.41819,0.6726419,0.3328092) (35.61976,309.8687,4.737052)
compute 5.81078960965631(-0.604929268360138,0.203213199973106,0.525889813899994) (-0.5664746,0.2372551,0.4987068) (350.1474,297.7441,7.609586) (-0.4429072,0.6238323,0.3525966) (38.4114,310.014,4.836233)
compute 3.31574675123803(-0.633345663547516,0.198634430766106,0.542350709438324) (-0.6049293,0.2032132,0.5258898) (345.4226,293.814,16.07535) (-0.44848,0.603768,0.3633194) (38.73905,308.8079,3.079556)
compute 2.22610420111947(-0.654859602451324,0.202563062310219,0.546506464481354) (-0.6333457,0.1986344,0.5423507) (348.5428,285.6311,23.73357) (-0.443513,0.5980301,0.3717149) (38.06096,307.6132,1.023473)
compute 2.3876033499194(-0.64389842748642,0.223529055714607,0.543290138244629) (-0.6548596,0.2025631,0.5465065) (349.265,285.8382,18.34117) (-0.4194882,0.6317953,0.3728977) (37.66517,309.4572,1.640218)
compute 8.91251213467336(-0.568364322185516,0.251404851675034,0.505069375038147) (-0.6438984,0.2235291,0.5432901) (353.8676,286.9427,4.067255) (-0.3804997,0.6944242,0.3687795) (35.1875,310.924,2.932983)
compute 12.7581535700574(-0.45609238743782,0.295365571975708,0.463361859321594) (-0.5683643,0.2514049,0.5050694) (347.0664,289.3337,351.1237) (-0.3301973,0.7449346,0.3413157) (33.864,313.4155,3.00239)
compute 14.9207025610322(-0.316278636455536,0.322529792785645,0.41889888048172) (-0.4560924,0.2953656,0.4633619) (351.361,297.522,346.4858) (-0.2743266,0.7943209,0.3050377) (32.86238,318.7386,2.331289)
compute 13.3728101958363(-0.189607635140419,0.343693673610687,0.381619483232498) (-0.3162786,0.3225298,0.4188989) (357.0921,313.8004,331.2864) (-0.2094458,0.8269391,0.2653575) (32.38875,328.1418,2.062958)
compute 11.406074786998(-0.0877591297030449,0.375182449817657,0.341058492660522) (-0.1896076,0.3436937,0.3816195) (352.0716,324.5123,333.4612) (-0.1479034,0.8432466,0.2244227) (32.32839,342.4663,4.032635)
compute 9.63808445495321(-0.0121757946908474,0.419850558042526,0.301294356584549) (-0.08775913,0.3751824,0.3410585) (340.5832,336.4602,336.6038) (-0.0925266,0.8562604,0.1880244) (33.75647,352.6045,5.864354)
compute 7.75674373314571(0.0398978814482689,0.460033893585205,0.260180622339249) (-0.01217579,0.4198506,0.3012944) (329.3572,348.742,336.5672) (-0.04989802,0.866144,0.1552272) (33.8153,1.154353,3.671961)
compute 3.51246365230605(0.0647492706775665,0.461941242218018,0.235431671142578) (0.03989788,0.4600339,0.2601806) (327.2699,357.867,333.1437) (-0.01227986,0.8709676,0.1364336) (31.7698,8.221948,3.765856)
compute 2.12121115089022(0.0648016631603241,0.446366012096405,0.249831780791283) (0.06474927,0.4619412,0.2354317) (334.3156,3.430247,326.68) (0.01288401,0.8699753,0.1281141) (31.67668,13.33539,3.511115)
compute 4.15058325698871(0.052463311702013,0.44648215174675,0.289461135864258) (0.06480166,0.446366,0.2498318) (332.8925,3.974708,326.6103) (0.04011352,0.8684738,0.1291453) (30.94872,18.61138,3.927153)
compute 6.8757338489274(0.0908756405115128,0.451940536499023,0.346226185560226) (0.05246331,0.4464822,0.2894611) (335.7523,13.10608,332.2192) (0.06485612,0.8695202,0.166196) (28.82665,23.16645,4.299316)
compute 10.8016219280315(0.163262501358986,0.457725435495377,0.426189810037613) (0.09087564,0.4519405,0.3462262) (329.8907,18.3588,349.0111) (0.09529936,0.84872,0.2177873) (28.86243,26.03611,2.498818)
compute 12.3274889028042(0.24582938849926,0.436404943466187,0.515211403369904) (0.1632625,0.4577254,0.4261898) (328.5238,19.04815,1.78384) (0.142349,0.8102983,0.2871083) (28.18727,30.47724,0.3782768)
compute 13.1985429293285(0.329441070556641,0.373473346233368,0.595640599727631) (0.2458294,0.4364049,0.5152114) (330.5255,20.79778,6.702194) (0.1887862,0.7559118,0.3590131) (28.41762,33.04196,0.1535635)
compute 11.0041226759591(0.389701813459396,0.309589028358459,0.661946773529053) (0.3294411,0.3734733,0.5956406) (332.7303,21.39246,14.61983) (0.2262885,0.7036051,0.4173424) (28.9333,34.36111,359.3038)
compute 6.72415230275059(0.415822058916092,0.26314976811409,0.702965676784515) (0.3897018,0.309589,0.6619468) (335.2967,17.57522,16.23669) (0.2443979,0.6567236,0.4495099) (30.24142,34.00623,358.473)
compute 5.41857445442148(0.421500235795975,0.218243256211281,0.732752561569214) (0.4158221,0.2631498,0.7029657) (340.5555,12.47513,15.56317) (0.25922,0.6061777,0.4742893) (30.98196,32.27145,355.2808)
compute 1.51052414621573(0.427859038114548,0.209284543991089,0.743119597434998) (0.4215002,0.2182433,0.7327526) (340.8941,12.65216,20.29136) (0.2606591,0.5948446,0.4567548) (34.52926,31.76157,353.3487)
compute 1.38764129542346(0.431825548410416,0.202806279063225,0.731506943702698) (0.427859,0.2092845,0.7431196) (351.3033,19.91537,13.20543) (0.2446896,0.6160505,0.4384347) (34.90179,30.91956,353.8048)
compute 5.83994695551848(0.40925332903862,0.233038812875748,0.686931312084198) (0.4318255,0.2028063,0.7315069) (346.4935,23.01556,9.039333) (0.2166675,0.7088702,0.3744128) (28.23841,26.56913,352.8445)
compute 12.9155789737308(0.355376809835434,0.305679500102997,0.594725728034973) (0.4092533,0.2330388,0.6869313) (342.3057,17.23697,358.1515) (0.1829703,0.7932932,0.3220429) (18.63294,20.55912,352.484)
compute 14.5532296579396(0.300457209348679,0.389187127351761,0.488943099975586) (0.3553768,0.3056795,0.5947257) (333.5843,21.29939,343.522) (0.1496534,0.8563925,0.2617063) (12.34274,14.50727,353.4839)
compute 8.53611970502195(0.255627900362015,0.424428224563599,0.425421983003616) (0.3004572,0.3891871,0.4889431) (334.9476,15.77829,324.4881) (0.1125469,0.8860337,0.1986948) (13.03103,6.470129,356.7658)
compute 5.75355249625702(0.225766032934189,0.454907953739166,0.386826753616333) (0.2556279,0.4244282,0.425422) (329.0804,10.10032,322.3382) (0.06779235,0.902317,0.1443103) (18.51992,356.3386,358.9248)
compute 5.49173307089631(0.202460035681725,0.491186529397964,0.352817803621292) (0.225766,0.454908,0.3868268) (325.7155,11.75179,321.9317) (0.02494973,0.9093543,0.1085376) (25.07656,345.7184,358.6413)
compute 4.8561435283304(0.172650456428528,0.509975850582123,0.319402784109116) (0.20246,0.4911865,0.3528178) (323.9394,14.80095,318.629) (-0.005578093,0.8987131,0.08979075) (28.06726,340.8158,358.9042)
compute 4.90966060194447(0.1294264793396,0.495410442352295,0.301236510276794) (0.1726505,0.5099759,0.3194028) (327.2186,6.42844,320.7181) (-0.03256363,0.8955214,0.08120753) (29.64354,338.2686,359.5095)
compute 4.21109841581283(0.09510537981987,0.471513599157333,0.296303153038025) (0.1294265,0.4954104,0.3012365) (332.689,1.525555,331.4855) (-0.05269787,0.8947058,0.0835986) (28.55271,337.8887,1.593445)
compute 4.36652005012342(0.0562790632247925,0.452061504125595,0.300861984491348) (0.09510538,0.4715136,0.2963032) (339.8709,352.6306,337.0325) (-0.07150556,0.8938615,0.1023406) (28.6534,339.1938,4.325264)
compute 5.94931997382297(0.00743234716355801,0.437774479389191,0.3316730260849) (0.05627906,0.4520615,0.300862) (344.757,341.8166,345.306) (-0.09389257,0.8871311,0.1450403) (27.89838,341.1042,6.757426)
compute 10.2100413479442(-0.0518734268844128,0.413364350795746,0.411117762327194) (0.007432347,0.4377745,0.331673) (348.0312,335.2449,348.9326) (-0.119542,0.8562796,0.2114195) (27.61312,342.2316,8.269836)
compute 11.5356596988685(-0.107381701469421,0.388493239879608,0.509135127067566) (-0.05187343,0.4133644,0.4111178) (341.1866,332.0598,352.6945) (-0.1445666,0.8098575,0.2866616) (28.19087,342.8661,8.532747)
compute 11.0440520533851(-0.147298842668533,0.341826945543289,0.60092830657959) (-0.1073817,0.3884932,0.5091351) (337.3094,332.632,353.0479) (-0.1660909,0.759973,0.3511639) (30.74436,344.701,8.967553)
compute 7.45131421380018(-0.174429669976234,0.309415429830551,0.662292957305908) (-0.1472988,0.3418269,0.6009283) (331.7396,332.4597,353.0512) (-0.183342,0.7081812,0.4055009) (33.13562,346.6521,10.03811)
compute 4.84078961418398(-0.18889531493187,0.288918524980545,0.70369279384613) (-0.1744297,0.3094154,0.662293) (324.52,331.2651,358.4705) (-0.1934281,0.6724396,0.4241121) (34.39579,347.2339,10.63134)
compute 2.79055632108284(-0.196803137660027,0.278495669364929,0.728341341018677) (-0.1888953,0.2889185,0.7036928) (328.4249,329.7309,6.264479) (-0.1955131,0.6495836,0.4300125) (36.22238,347.7763,10.55663)
compute 0.836868148465029(-0.202659755945206,0.280869126319885,0.733827829360962) (-0.1968031,0.2784957,0.7283413) (335.2235,330.0996,7.949832) (-0.1890565,0.6434759,0.4293779) (35.84316,347.3471,10.4087)
compute 1.79031514733566(-0.217207372188568,0.278955936431885,0.723569691181183) (-0.2026598,0.2808691,0.7338278) (346.1292,323.664,4.601483) (-0.1770943,0.6648364,0.411395) (34.35171,346.2545,9.618717)
compute 2.49320181604106(-0.221199989318848,0.265948712825775,0.702677667140961) (-0.2172074,0.2789559,0.7235697) (1.666183,321.631,3.239174) (-0.1620784,0.7105729,0.3731109) (32.02491,346.4388,9.099528)
compute 4.58230346106068(-0.221467062830925,0.29652014374733,0.668544590473175) (-0.2212,0.2659487,0.7026777) (352.4537,320.2745,0.6697895) (-0.1490551,0.7412403,0.3389237) (32.38308,345.9205,10.22658)
compute 3.27789222201926(-0.221207141876221,0.321418941020966,0.647226989269257) (-0.2214671,0.2965201,0.6685446) (340.1886,319.0959,7.026381) (-0.1465734,0.7418844,0.3309029) (30.78318,347.2835,10.11046)
compute 0.857326485890547(-0.228487581014633,0.316968381404877,0.646397173404694) (-0.2212071,0.3214189,0.647227) (342.6147,314.7323,12.14499) (-0.159117,0.7120666,0.3705931) (30.8982,348.4131,10.87672)
compute 4.4170299747776(-0.237678721547127,0.292350858449936,0.681900918483734) (-0.2284876,0.3169684,0.6463972) (340.3396,313.839,13.89281) (-0.1915218,0.6531287,0.4332619) (33.3759,347.5636,11.83109)
compute 9.19790728815999(-0.254491686820984,0.231965094804764,0.749213874340057) (-0.2376787,0.2923509,0.6819009) (345.1808,312.9995,19.60488) (-0.2191688,0.6040195,0.4792018) (32.57165,346.7969,11.47576)
compute 6.63245965473044(-0.278869211673737,0.198708802461624,0.801162958145142) (-0.2544917,0.2319651,0.7492139) (345.9,311.0604,28.4612) (-0.2415284,0.5597546,0.4971672) (34.01212,345.548,13.08728)
compute 2.17290276272313(-0.286567747592926,0.194549009203911,0.821052134037018) (-0.2788692,0.1987088,0.801163) (345.7222,312.57,35.66246) (-0.2435016,0.5482869,0.494845) (38.39196,345.4492,14.32719)
compute 2.22742022156674(-0.271021366119385,0.186337202787399,0.807376742362976) (-0.2865677,0.194549,0.8210521) (349.7574,321.0894,27.02393) (-0.2402782,0.5748336,0.4739594) (37.8924,343.5862,12.06728)
compute 8.35824056109648(-0.25479257106781,0.181198701262474,0.725546181201935) (-0.2710214,0.1863372,0.8073767) (348.2135,323.3094,7.388625) (-0.2211376,0.6508264,0.450331) (33.68468,340.6846,7.890586)
compute 14.2124779177311(-0.223448574542999,0.233363315463066,0.597109973430634) (-0.2547926,0.1811987,0.7255462) (340.2395,329.9403,350.3737) (-0.183742,0.7314882,0.4006402) (28.30623,341.1604,5.57764)
compute 16.2449196623549(-0.170438319444656,0.298088163137436,0.457860738039017) (-0.2234486,0.2333633,0.59711) (339.8258,335.4357,338.6714) (-0.1479425,0.7936337,0.3351475) (29.53332,340.0998,3.847732)
compute 13.3817584161335(-0.111315585672855,0.354318052530289,0.351795434951782) (-0.1704383,0.2980882,0.4578607) (339.034,338.9135,336.8404) (-0.1170785,0.8239042,0.2573345) (36.52046,335.8377,3.252241)
compute 9.09950704604899(-0.050538744777441,0.387580096721649,0.292804628610611) (-0.1113156,0.3543181,0.3517954) (338.1675,344.0298,334.0246) (-0.09419426,0.84052,0.1949434) (37.70283,335.8868,1.131959)
compute 6.94508027270092(0.00283146440051496,0.415569424629211,0.258284598588943) (-0.05053874,0.3875801,0.2928046) (335.3072,347.0828,327.4281) (-0.0777522,0.8521394,0.143356) (36.98018,335.9899,1.429813)
compute 2.71903803436525(0.0299499090760946,0.416932821273804,0.256853550672531) (0.002831464,0.4155694,0.2582846) (334.2953,348.9948,332.4312) (-0.07304227,0.8586072,0.1204426) (35.5148,333.4388,0.6870931)
compute 3.9643380292502(0.0150541588664055,0.40067595243454,0.289799392223358) (0.02994991,0.4169328,0.2568536) (337.8234,346.029,340.3384) (-0.09218338,0.8573951,0.1366054) (32.30341,331.5571,1.351414)
compute 7.78641207772618(-0.0373281426727772,0.381883352994919,0.34425812959671) (0.01505416,0.400676,0.2897994) (340.2601,341.7786,342.6332) (-0.1235429,0.8383803,0.2004213) (31.40453,330.3783,4.358893)
compute 11.0539439329523(-0.114683546125889,0.356078624725342,0.418885380029678) (-0.03732814,0.3818834,0.3442581) (340.1918,334.2766,349.344) (-0.1607312,0.8007851,0.2726955) (31.51644,331.0894,5.340876)
compute 11.9703147356031(-0.194026082754135,0.311149626970291,0.496441751718521) (-0.1146835,0.3560786,0.4188854) (342.1413,329.5203,349.9407) (-0.218051,0.7431775,0.3472939) (32.03355,332.9811,6.310478)
compute 12.1702607531283(-0.272955000400543,0.259411334991455,0.573285102844238) (-0.1940261,0.3111496,0.4964418) (342.0713,328.0522,353.737) (-0.2655532,0.6873036,0.3997034) (33.57777,334.1957,8.040489)
compute 10.5487917305965(-0.339517951011658,0.226732313632965,0.64831280708313) (-0.272955,0.2594113,0.5732851) (336.365,326.5624,358.638) (-0.3027326,0.6203848,0.4448771) (34.95771,336.6699,8.794487)
compute 7.03120750957392(-0.364022761583328,0.207579493522644,0.711372077465057) (-0.339518,0.2267323,0.6483128) (333.0631,329.252,2.747316) (-0.314574,0.5775781,0.4614192) (34.83221,337.4635,8.324772)
compute 3.49039583229626(-0.379165560007095,0.206511572003365,0.742802023887634) (-0.3640228,0.2075795,0.7113721) (335.7034,326.0753,8.251482) (-0.3100961,0.559418,0.4605727) (36.04063,337.8011,8.145078)
compute 1.30611026612731(-0.383840471506119,0.215841114521027,0.734947264194489) (-0.3791656,0.2065116,0.742802) (338.0953,317.4847,13.61776) (-0.2917489,0.571093,0.4573468) (35.50167,338.7169,8.754313)
compute 3.92815936664383(-0.366222739219666,0.223625153303146,0.700711786746979) (-0.3838405,0.2158411,0.7349473) (340.2017,319.6046,6.756139) (-0.2551675,0.6416217,0.4333913) (32.62802,337.231,5.743606)
compute 10.409574373084(-0.311368852853775,0.254078775644302,0.617648243904114) (-0.3662227,0.2236252,0.7007118) (340.2747,320.1928,354.7098) (-0.2027238,0.7101256,0.3932361) (29.62533,341.1817,5.129092)
compute 13.7812042106664(-0.226904228329659,0.281501621007919,0.512263834476471) (-0.3113689,0.2540788,0.6176482) (342.9618,324.7736,340.4206) (-0.1477152,0.7659596,0.3462417) (28.88663,350.0807,5.810395)
compute 13.8590296354208(-0.13191145658493,0.312372744083405,0.416187733411789) (-0.2269042,0.2815016,0.5122638) (345.0783,331.639,338.3701) (-0.08517093,0.8039708,0.2985128) (29.05691,3.767873,9.19811)
compute 10.7581218229865(-0.0512696281075478,0.322787582874298,0.345745235681534) (-0.1319115,0.3123727,0.4161877) (347.6177,339.2345,338.7112) (-0.04893087,0.8305668,0.2450975) (29.13835,8.311184,9.576575)
compute 6.12207157792845(-0.0145057048648596,0.340789288282394,0.300222396850586) (-0.05126963,0.3227876,0.3457452) (346.1457,343.6208,337.3958) (-0.04609844,0.8387744,0.215767) (31.37306,0.7973228,7.716549)
compute 2.67556770821733(-0.0220109522342682,0.361773192882538,0.285416543483734) (-0.0145057,0.3407893,0.3002224) (334.6253,337.9715,344.6913) (-0.0818048,0.8385724,0.2177887) (28.77656,348.6576,3.653224)
compute 5.98528165628966(-0.077446386218071,0.342208653688431,0.296663820743561) (-0.02201095,0.3617732,0.2854165) (329.1129,325.4746,348.1117) (-0.129145,0.825227,0.2430807) (26.78031,337.3642,2.271344)
compute 10.693244251561(-0.166816025972366,0.323105692863464,0.352185815572739) (-0.07744639,0.3422087,0.2966638) (330.166,315.1465,352.5154) (-0.174845,0.7937616,0.2980644) (24.90588,330.7068,359.9043)
compute 12.1535761686063(-0.253526508808136,0.304146826267242,0.435208678245544) (-0.166816,0.3231057,0.3521858) (329.3776,309.2795,356.7985) (-0.223239,0.7485472,0.3508192) (25.27806,328.5918,358.4522)
compute 12.3369220491749(-0.335251122713089,0.261606752872467,0.517253756523132) (-0.2535265,0.3041468,0.4352087) (328.667,304.6679,1.644355) (-0.260756,0.7010185,0.378856) (27.27803,327.9057,357.7032)
compute 9.71425502349663(-0.403869390487671,0.222526729106903,0.573830783367157) (-0.3352511,0.2616068,0.5172538) (329.7315,302.2673,4.722826) (-0.2992733,0.6447715,0.4057251) (29.6585,327.0158,357.0789)
compute 6.37720155002772(-0.448352426290512,0.209335222840309,0.617581367492676) (-0.4038694,0.2225267,0.5738308) (329.478,304.6412,6.158218) (-0.3129281,0.6133276,0.4154631) (31.70207,325.846,356.4827)
compute 3.31320962169653(-0.47709658741951,0.210670411586761,0.634004712104797) (-0.4483524,0.2093352,0.6175814) (331.1676,300.2935,11.2686) (-0.3199576,0.592769,0.4176121) (34.27097,325.1322,355.6829)
compute 1.22475842716367(-0.481403738260269,0.22004696726799,0.62740683555603) (-0.4770966,0.2106704,0.6340047) (339.595,296.7614,11.31089) (-0.3034923,0.6085186,0.4116462) (34.10504,325.1924,355.5635)
compute 4.59807771578149(-0.450732290744781,0.232525810599327,0.595504283905029) (-0.4814037,0.220047,0.6274068) (342.9545,300.3837,0.6355141) (-0.2780749,0.6595173,0.3853439) (31.94147,324.7292,355.9738)
compute 9.82017335749781(-0.377419382333755,0.252835899591446,0.533405184745789) (-0.4507323,0.2325258,0.5955043) (342.942,306.5422,348.9343) (-0.2416855,0.7181165,0.3492628) (29.97577,322.657,355.8417)
compute 13.8404344291538(-0.26948493719101,0.283662229776382,0.452438175678253) (-0.3774194,0.2528359,0.5334052) (339.2117,313.4184,342.1003) (-0.2138491,0.7624599,0.3056816) (29.53107,320.3795,355.9452)
compute 13.7189094883847(-0.157036125659943,0.311264514923096,0.378856748342514) (-0.2694849,0.2836622,0.4524382) (334.4345,319.1248,342.8275) (-0.1842087,0.7976759,0.2588019) (30.46522,319.4404,357.3348)
compute 11.1456962131315(-0.0644143521785736,0.335355550050735,0.321729838848114) (-0.1570361,0.3112645,0.3788567) (331.5975,322.9698,347.1486) (-0.157086,0.8258395,0.2145136) (30.85187,318.8896,358.8295)
compute 8.78267758466291(0.0116720944643021,0.368505239486694,0.292998433113098) (-0.06441435,0.3353556,0.3217298) (328.5168,331.1113,348.4238) (-0.1309557,0.8497695,0.173865) (30.59956,317.7331,358.5119)
compute 7.31407405753002(0.0632028728723526,0.420259803533554,0.289047211408615) (0.01167209,0.3685052,0.2929984) (321.9417,343.4065,343.7176) (-0.1007322,0.8626665,0.1429885) (29.84854,317.157,358.9488)
compute 4.50529480809655(0.0854732021689415,0.45649528503418,0.303906232118607) (0.06320287,0.4202598,0.2890472) (316.4924,355.9635,334.8794) (-0.0663705,0.8738568,0.1199527) (29.6323,316.7849,358.4074)
compute 3.8176529118134(0.090690903365612,0.481098085641861,0.33262774348259) (0.0854732,0.4564953,0.3039062) (314.7035,4.866671,325.1066) (-0.02809995,0.8760015,0.1076794) (29.41813,320.4077,358.0734)
compute 3.92997164056515(0.0975027084350586,0.504520177841187,0.3634412586689) (0.0906909,0.4810981,0.3326277) (312.7384,7.644946,325.2711) (0.004371688,0.8729934,0.1090592) (30.33535,327.8954,358.8847)
compute 4.01611583023988(0.12212847173214,0.527746319770813,0.385052293539047) (0.09750271,0.5045202,0.3634413) (308.5414,13.59755,324.4944) (0.03176916,0.8692323,0.1264231) (30.81171,342.2236,1.113336)
compute 4.65658236705074(0.16722097992897,0.530398666858673,0.3963662981987) (0.1221285,0.5277463,0.3850523) (304.9333,18.018,329.5155) (0.06138664,0.8699828,0.1396065) (30.78292,358.014,5.093665)
compute 6.11888295993153(0.227893471717834,0.52666038274765,0.389370083808899) (0.167221,0.5303987,0.3963663) (302.4229,16.92755,342.9884) (0.08217872,0.8718175,0.1474199) (31.01042,12.6976,9.130961)
compute 6.69425204465733(0.286890089511871,0.513916254043579,0.360416889190674) (0.2278935,0.5266604,0.3893701) (304.7104,18.49596,351.5474) (0.09655583,0.8685942,0.1571071) (31.16036,20.1438,10.41166)
compute 5.7600600019514(0.33065390586853,0.489170908927917,0.332305938005447) (0.2868901,0.5139163,0.3604169) (306.7829,14.85179,3.633903) (0.1065038,0.8655679,0.1660278) (30.98794,22.45283,9.292199)
compute 3.95217300203928(0.362017214298248,0.46550065279007,0.328059881925583) (0.3306539,0.4891709,0.3323059) (311.3397,17.84642,4.540735) (0.1309248,0.8596629,0.1951684) (28.56611,23.99548,6.452048)
compute 5.41207536533051(0.383097469806671,0.431780338287354,0.364769816398621) (0.3620172,0.4655007,0.3280599) (317.0141,16.85409,4.186988) (0.1682756,0.8329175,0.2395826) (27.35043,29.12,4.611096)
compute 9.33522125968808(0.407849103212357,0.376011610031128,0.435422778129578) (0.3830975,0.4317803,0.3647698) (323.8907,19.97616,359.4077) (0.2083351,0.7882106,0.3070925) (27.83699,34.17397,2.652657)
compute 10.7119032061424(0.433323949575424,0.311318457126617,0.516910910606384) (0.4078491,0.3760116,0.4354228) (330.6476,22.9662,355.9861) (0.2408428,0.7382959,0.3722605) (29.08327,37.95987,1.427742)
compute 8.72020437894003(0.440008997917175,0.268976211547852,0.592849314212799) (0.4333239,0.3113185,0.5169109) (329.4884,19.08021,0.2730041) (0.2639754,0.6936669,0.4174166) (28.51543,39.28171,0.8352616)
compute 5.98951739786486(0.45206281542778,0.244938433170319,0.646368682384491) (0.440009,0.2689762,0.5928493) (327.5268,19.1962,0.5822186) (0.2818537,0.6547343,0.4421856) (28.81802,40.18465,0.549141)
compute 3.20355627912915(0.465469986200333,0.240115612745285,0.675061285495758) (0.4520628,0.2449384,0.6463687) (328.4619,15.99972,4.388086) (0.2919221,0.6196209,0.4537343) (32.11846,41.22057,0.7142411)
compute 2.64934651165156(0.486649662256241,0.22767873108387,0.684993505477905) (0.46547,0.2401156,0.6750613) (334.8696,19.7907,3.967829) (0.2947247,0.5937925,0.4544951) (35.95309,41.94467,1.668523)
compute 1.24319565707124(0.497828930616379,0.222459614276886,0.683464348316193) (0.4866497,0.2276787,0.6849935) (342.1155,25.32094,6.19183) (0.2885325,0.5934018,0.4415491) (36.70803,42.10967,2.72931)
compute 2.52010954677247(0.49420490860939,0.221441686153412,0.658545970916748) (0.4978289,0.2224596,0.6834643) (342.5906,26.98446,3.468273) (0.2697861,0.6287321,0.4187234) (34.96312,40.35567,2.754256)
compute 5.01674657372509(0.467765599489212,0.243277013301849,0.62192690372467) (0.4942049,0.2214417,0.658546) (340.222,28.78921,354.8909) (0.2333231,0.7008408,0.3888124) (30.30668,35.77687,359.8764)
compute 11.5414832032807(0.399657368659973,0.315768003463745,0.563387095928192) (0.4677656,0.243277,0.6219269) (326.6732,18.48652,355.1895) (0.1893008,0.7827981,0.3511963) (22.15974,28.11176,356.2619)
compute 11.5377392250697(0.337499350309372,0.377331405878067,0.488165616989136) (0.3996574,0.315768,0.5633871) (316.8514,17.03528,351.2596) (0.143047,0.8432838,0.3017502) (18.72985,20.19053,354.7432)
compute 6.2770276796542(0.311021357774735,0.399901449680328,0.435919880867004) (0.3374994,0.3773314,0.4881656) (319.071,19.12556,344.573) (0.1008585,0.8694396,0.251422) (19.36929,12.34156,356.0126)
compute 5.37983543410413(0.299997299909592,0.417060971260071,0.386137515306473) (0.3110214,0.3999014,0.4359199) (317.387,17.93183,344.4697) (0.05769476,0.883643,0.2077775) (22.35124,2.465337,357.0858)
compute 4.42534051113478(0.296093016862869,0.426382035017014,0.343053430318832) (0.2999973,0.417061,0.3861375) (318.3857,14.63838,346.824) (0.02792329,0.8940878,0.1726123) (24.4802,356.8011,357.4441)
compute 3.45765821615231(0.308918327093124,0.433007121086121,0.311634331941605) (0.296093,0.426382,0.3430534) (318.8922,14.21532,348.2553) (-0.0003600009,0.8969338,0.1537422) (25.08818,350.0631,358.962)
compute 2.22729778828021(0.32500833272934,0.430135428905487,0.296503216028214) (0.3089183,0.4330071,0.3116343) (319.8971,16.97486,347.6989) (-0.01776521,0.8978942,0.1453068) (25.5666,344.631,359.1826)
compute 0.889123149186399(0.331834703683853,0.425719887018204,0.300102889537811) (0.3250083,0.4301354,0.2965032) (321.9518,17.24143,351.0464) (-0.02691676,0.8940036,0.1446513) (26.08899,339.1708,0.1155294)
compute 5.53530983549681(0.299331247806549,0.460154414176941,0.328769147396088) (0.3318347,0.4257199,0.3001029) (314.3101,4.467793,356.1764) (-0.04433285,0.8910217,0.1558986) (25.562,333.8406,1.420601)
compute 11.7294995595329(0.198650762438774,0.494719296693802,0.378031969070435) (0.2993312,0.4601544,0.3287691) (312.8839,326.1312,19.83994) (-0.07565971,0.8729733,0.1827734) (26.62134,328.9364,4.894085)
compute 13.1137784637249(0.0725669115781784,0.495307505130768,0.414082437753677) (0.1986508,0.4947193,0.378032) (317.7653,296.5909,32.90535) (-0.1250144,0.8458,0.2108431) (28.73545,324.5287,9.365621)
compute 13.9215074978665(-0.058250293135643,0.463700115680695,0.449700832366943) (0.07256691,0.4953075,0.4140824) (320.0344,289.6688,22.75012) (-0.1799524,0.8164964,0.2513832) (29.86575,320.7206,12.79573)
compute 14.0641374982486(-0.184439331293106,0.410514831542969,0.481757789850235) (-0.05825029,0.4637001,0.4497008) (322.9545,288.4379,14.21322) (-0.2344768,0.7777986,0.2931791) (30.16287,318.5327,12.94636)
compute 11.9922843347487(-0.286841869354248,0.358292698860168,0.515934646129608) (-0.1844393,0.4105148,0.4817578) (325.0952,292.2837,4.231079) (-0.2864771,0.7349573,0.3377789) (31.98511,317.3286,12.32094)
compute 9.89568349342995(-0.36308029294014,0.306093037128448,0.551365613937378) (-0.2868419,0.3582927,0.5159346) (327.3581,294.3731,358.1817) (-0.3289748,0.6863241,0.3752999) (33.80991,318.3975,12.08767)
compute 7.42227705300149(-0.418512791395187,0.268928498029709,0.583847224712372) (-0.3630803,0.306093,0.5513656) (327.4922,293.2599,358.1541) (-0.3582021,0.6418567,0.3992222) (35.4183,319.8563,13.41818)
compute 5.99440426976516(-0.462499171495438,0.241342127323151,0.613805174827576) (-0.4185128,0.2689285,0.5838472) (329.2307,292.0009,0.01399151) (-0.3793441,0.6005629,0.4153095) (37.4749,318.9877,12.96648)
compute 3.61169149668119(-0.493470996618271,0.228725388646126,0.627443194389343) (-0.4624992,0.2413421,0.6138052) (335.5211,288.8188,1.949583) (-0.3834462,0.581962,0.41741) (41.07424,318.4978,12.90651)
compute 1.94986269196862(-0.502420783042908,0.211639866232872,0.630303740501404) (-0.493471,0.2287254,0.6274432) (343.3817,288.1061,359.5847) (-0.3777091,0.5957612,0.4120086) (41.51597,317.1168,12.52362)
compute 3.36810363995548(-0.48055037856102,0.229836225509644,0.612276256084442) (-0.5024208,0.2116399,0.6303037) (338.3307,291.0258,354.8544) (-0.3629252,0.6574413,0.4018351) (38.98103,315.6769,10.78385)
compute 9.39744642267154(-0.418538749217987,0.281012982130051,0.563627541065216) (-0.4805504,0.2298362,0.6122763) (327.8682,293.1629,346.5574) (-0.339873,0.7091031,0.3951138) (36.06735,316.6063,10.04789)
compute 11.1213209021379(-0.33214282989502,0.326861411333084,0.510693192481995) (-0.4185387,0.281013,0.5636275) (324.3822,294.4815,342.1846) (-0.3071881,0.7436413,0.3796272) (33.95238,319.5459,9.605114)
compute 11.1625540141956(-0.230202853679657,0.342880874872208,0.468127012252808) (-0.3321428,0.3268614,0.5106932) (325.6621,298.3465,341.5146) (-0.2583695,0.770091,0.3453213) (32.88213,325.6375,9.938867)
compute 11.2149095964851(-0.125867083668709,0.364002853631973,0.432837784290314) (-0.2302029,0.3428809,0.468127) (329.1497,300.7874,345.6911) (-0.2113538,0.7963198,0.3181188) (30.86242,333.4905,10.63845)
compute 10.6744013068689(-0.02781299687922,0.404995709657669,0.422874540090561) (-0.1258671,0.3640029,0.4328378) (328.2687,302.3894,354.9497) (-0.1602877,0.8201424,0.2843842) (28.64462,343.1878,10.61549)
compute 11.1127591659205(0.0734483674168587,0.450768440961838,0.423453807830811) (-0.027813,0.4049957,0.4228745) (326.0366,309.0749,7.802132) (-0.1028372,0.8453532,0.2480319) (27.77528,355.0155,10.92919)
compute 8.6799780896709(0.151458740234375,0.488700330257416,0.420330375432968) (0.07344837,0.4507684,0.4234538) (321.5781,318.0448,14.73866) (-0.04963028,0.8604389,0.2056706) (27.14529,6.691023,10.46149)
compute 8.16676921246597(0.226915568113327,0.509652197360992,0.397159308195114) (0.1514587,0.4887003,0.4203304) (315.5097,331.2568,11.55679) (-0.0009027757,0.8747234,0.1835522) (25.60135,15.68183,10.37752)
compute 5.88868767389448(0.275722175836563,0.498909801244736,0.366011589765549) (0.2269156,0.5096522,0.3971593) (313.2198,341.6457,8.177344) (0.03930663,0.8795241,0.1685623) (25.27763,23.64987,8.411278)
compute 3.10816238138863(0.281375259160995,0.477942168712616,0.343774944543839) (0.2757222,0.4989098,0.3660116) (310.8958,349.1909,4.497682) (0.06166193,0.8768018,0.1634165) (26.72798,27.9879,7.350755)
compute 3.0669129309916(0.277630001306534,0.45260939002037,0.326898366212845) (0.2813753,0.4779422,0.3437749) (310.2894,0.6242396,355.7089) (0.07422774,0.8689831,0.1614522) (28.42237,30.95553,6.210781)
compute 4.02662929312336(0.264689266681671,0.419872522354126,0.307348191738129) (0.27763,0.4526094,0.3268984) (312.5671,13.09618,346.8689) (0.08800957,0.866546,0.1630982) (28.3284,36.02835,5.650649)
compute 3.49238577458308(0.27906209230423,0.388072490692139,0.305985927581787) (0.2646893,0.4198725,0.3073482) (318.3522,26.44308,340.9124) (0.1141997,0.8650433,0.1883899) (26.52336,40.09025,4.965097)
compute 6.1256850108952(0.331621438264847,0.370620876550674,0.332165271043777) (0.2790621,0.3880725,0.3059859) (321.8067,32.17906,346.4735) (0.1670566,0.8442634,0.2239469) (27.02256,44.71936,3.068574)
compute 9.75238460163213(0.413205415010452,0.353014826774597,0.382613092660904) (0.3316214,0.3706209,0.3321653) (322.9277,36.63813,353.3189) (0.2307788,0.8147941,0.2670636) (29.01138,50.64459,2.502675)
compute 9.20954815249739(0.485066264867783,0.329601645469666,0.435238361358643) (0.4132054,0.3530148,0.3826131) (323.5937,37.48655,355.6143) (0.2935183,0.7714104,0.3176765) (29.87996,53.36902,2.522405)
compute 9.03341537374267(0.546054482460022,0.29272198677063,0.490741401910782) (0.4850663,0.3296016,0.4352384) (324.1433,34.76762,358.8027) (0.3435911,0.728405,0.3593167) (31.09448,54.10228,1.242235)
compute 7.68587359600823(0.593243062496185,0.250626176595688,0.534427165985107) (0.5460545,0.292722,0.4907414) (327.1604,34.71445,359.0625) (0.3855844,0.6766926,0.3874382) (32.04602,55.10511,0.5182772)
compute 5.92732812847931(0.626995980739594,0.211327731609344,0.563231587409973) (0.5932431,0.2506262,0.5344272) (331.3564,34.82824,0.6239153) (0.4154521,0.6138061,0.4071648) (34.65624,55.29695,358.148)
compute 3.13966646301408(0.642055928707123,0.18554025888443,0.572924613952637) (0.626996,0.2113277,0.5632316) (337.788,34.66051,1.743079) (0.4151241,0.5839918,0.4049528) (40.30891,56.41342,357.3057)
compute 0.70648604259776(0.635325312614441,0.186148077249527,0.570865094661713) (0.6420559,0.1855403,0.5729246) (337.8411,33.40161,2.71401) (0.3991279,0.5819058,0.4017644) (41.16434,56.89967,357.9894)
compute 4.93517708464957(0.596458971500397,0.209414213895798,0.551277041435242) (0.6353253,0.1861481,0.5708651) (332.7205,34.69394,0.3742781) (0.3547064,0.6357557,0.3942579) (38.69641,53.00965,357.4689)
compute 11.1867062782023(0.510722100734711,0.262330949306488,0.502663791179657) (0.596459,0.2094142,0.551277) (324.8077,31.37392,356.9693) (0.2999144,0.7097375,0.3814356) (34.54263,44.76463,354.0399)
compute 10.5537818631936(0.428918153047562,0.293116420507431,0.443514823913574) (0.5107221,0.2623309,0.5026638) (323.5092,23.46649,1.701747) (0.2325819,0.7827293,0.3451096) (32.07296,35.34892,352.5215)
compute 8.66196970945571(0.371839910745621,0.300345659255981,0.378763109445572) (0.4289182,0.2931164,0.4435148) (327.4964,20.29387,2.270695) (0.1692208,0.8198199,0.3078549) (30.61527,25.24112,355.1653)
compute 6.29227013953408(0.333047837018967,0.302691340446472,0.329276353120804) (0.3718399,0.3003457,0.3787631) (330.5522,14.77423,3.568826) (0.10867,0.8449613,0.2684384) (31.22898,10.62988,355.5699)
compute 3.28630211075298(0.31787520647049,0.320082157850266,0.305881291627884) (0.3330478,0.3026913,0.3292764) (331.5263,14.01078,3.258919) (0.05854477,0.8613836,0.2298181) (34.08311,356.1877,353.8091)
compute 2.40097030199018(0.311676412820816,0.343240350484848,0.304562598466873) (0.3178752,0.3200822,0.3058813) (330.8036,8.056979,4.1985) (0.01857083,0.8642712,0.1939789) (35.60292,340.9247,351.5161)
compute 3.46825120738214(0.311182200908661,0.371297776699066,0.324944287538528) (0.3116764,0.3432404,0.3045626) (327.6024,3.126944,4.224747) (-0.01935713,0.8692749,0.1824646) (33.23704,328.1058,348.931)
compute 4.98110979349412(0.301752477884293,0.400180667638779,0.364415854215622) (0.3111822,0.3712978,0.3249443) (323.4341,356.0787,4.44435) (-0.03854189,0.8707179,0.1728609) (31.59345,320.5836,349.9572)
compute 5.50382228901784(0.282281845808029,0.429947316646576,0.406416416168213) (0.3017525,0.4001807,0.3644159) (319.0664,348.7238,6.328352) (-0.048701,0.8715105,0.1624945) (30.23014,314.6878,350.8637)
compute 4.22865639729673(0.261933833360672,0.454296171665192,0.434367179870605) (0.2822818,0.4299473,0.4064164) (315.2466,343.8065,6.469032) (-0.05482662,0.8712769,0.1584856) (29.30561,310.5903,351.6899)
compute 1.6892227001074(0.256651729345322,0.457411080598831,0.45010706782341) (0.2619338,0.4542962,0.4343672) (313.5665,339.3128,8.039762) (-0.05740389,0.8717178,0.1569111) (29.01233,307.7176,352.4629)
compute 0.786898344011052(0.259512394666672,0.45552334189415,0.457190424203873) (0.2566517,0.4574111,0.4501071) (313.8274,338.5293,8.561041) (-0.0549046,0.8688557,0.159449) (30.02995,309.1304,353.9024)
compute 1.68316908189712(0.274444073438644,0.447817504405975,0.456205099821091) (0.2595124,0.4555233,0.4571904) (314.9006,344.3006,5.047925) (-0.05209536,0.8667012,0.1694058) (30.93645,317.3015,356.6949)
compute 2.14066260440586(0.275474637746811,0.4474858045578,0.434825867414474) (0.2744441,0.4478175,0.4562051) (316.1411,349.3629,3.779103) (-0.04712132,0.8655681,0.1743468) (31.68809,328.9026,0.7207618)
compute 2.89998711256119(0.276245057582855,0.440373688936234,0.406722187995911) (0.2754746,0.4474858,0.4348259) (318.092,357.0582,0.8339238) (-0.03261968,0.8660825,0.1717085) (32.60102,339.4153,2.891091)
compute 3.92707290520088(0.290087193250656,0.428717017173767,0.371869534254074) (0.2762451,0.4403737,0.4067222) (320.4294,4.742251,358.5699) (-0.01079928,0.8595671,0.1678275) (34.47781,352.1555,4.132938)
compute 4.28113092169667(0.303843170404434,0.41833308339119,0.332680821418762) (0.2900872,0.428717,0.3718695) (321.7864,11.59083,356.0059) (0.008301731,0.8533111,0.161785) (36.91266,2.702682,4.585652)
compute 3.72227590548149(0.310538768768311,0.411092221736908,0.296788305044174) (0.3038432,0.4183331,0.3326808) (322.5925,16.49002,355.3702) (0.03832795,0.850064,0.1554216) (37.01569,17.43093,6.885306)
compute 2.82071991032348(0.317108005285263,0.403075754642487,0.270554214715958) (0.3105388,0.4110922,0.2967883) (323.6919,20.73873,354.4211) (0.05944542,0.8506387,0.1527937) (35.99484,28.22274,8.076735)
compute 2.11076093657481(0.324116885662079,0.39104351401329,0.254691302776337) (0.317108,0.4030758,0.2705542) (325.1606,24.18766,353.8275) (0.07600923,0.8504075,0.1516494) (34.70488,37.08655,9.030949)
compute 2.73857821994969(0.335981518030167,0.368557095527649,0.244514241814613) (0.3241169,0.3910435,0.2546913) (327.6213,27.43785,354.5549) (0.08840238,0.8505487,0.1523175) (33.72824,45.51271,10.16978)
compute 2.95288878301798(0.346976757049561,0.342505782842636,0.236006066203117) (0.3359815,0.3685571,0.2445142) (331.2054,32.19667,354.6487) (0.09691715,0.8490194,0.1594847) (33.29997,51.06455,11.43678)
Average= 6.07867905277019
Max= 17.376736059394
Standard Deviation= 4.86204367426202
Right: 12    Wrong: 0
0
