yellow 288.7217 294.7 13.13866 (0.5880759,5,0.7) (0.5880759,1.222621,0.7)
purple 288.7217 295.4778 11.61679 (-0.4680427,5,0.7) (-0.4680427,0.07849401,0.7)
yellow 289.7194 295.5111 14.09687 (0.1727964,5,0.7) (0.1727964,1.631121,0.7)
purple 289.2203 295.9 11.492 (0.9249887,5,0.7) (0.9249887,0.07571292,0.7)
blue 290.7168 296.9445 10.79655 (0.7399395,5,0.7) (0.7399395,0.08086747,0.7)
purple 289.7194 296.9889 12.39699 (-0.6901891,5,0.7) (-0.6901891,0.08170871,0.7)
purple 291.7163 297.7778 10.51736 (-0.6965439,5,0.7) (-0.6965439,0.0718075,0.7)
yellow 289.2203 298.0889 14.7215 (-0.8681498,5,0.7) (-0.8681498,0.08345576,0.7)
yellow 291.2159 298.2889 15.32255 (-0.7647498,5,0.7) (-0.7647498,1.268827,0.7)
blue 288.7217 298.3111 15.7197 (-0.9429228,5,0.7) (-0.9429228,0.08250195,0.7)
blue 289.2203 298.6444 15.49328 (-0.06165612,5,0.7) (-0.06165612,0.08331026,0.7)
blue 289.7194 298.7111 14.89171 (0.5123827,5,0.7) (0.5123827,0.0830534,0.7)
blue 293.2115 299.2667 10.51257 (0.8241668,5,0.7) (0.8241668,0.07844694,0.7)
yellow 292.7122 299.3111 14.9803 (-0.2844774,5,0.7) (-0.2844774,1.427714,0.7)
yellow 293.2115 299.3111 13.63546 (-0.260296,5,0.7) (-0.260296,1.314268,0.7)
yellow 292.2148 299.4445 16.47918 (-0.2670866,5,0.7) (-0.2670866,1.506542,0.7)
blue 290.2188 300.2333 16.29235 (0.1054004,5,0.7) (0.1054004,0.08260034,0.7)
yellow 291.7163 300.2889 14.28599 (-0.9467201,5,0.7) (-0.9467201,0.07876749,0.7)
yellow 293.7117 300.6778 16.12271 (-0.7709234,5,0.7) (-0.7709234,1.545918,0.7)
yellow 290.2188 300.7111 16.92327 (0.6228821,5,0.7) (0.6228821,0.08047675,0.7)
yellow 290.7168 300.8445 16.43258 (0.8104057,5,0.7) (0.8104057,0.0793407,0.7)
blue 294.7206 301.0222 10.91204 (-0.0163008,5,0.7) (-0.0163008,0.07780533,0.7)
purple 290.2188 301.0333 17.35044 (-0.9469109,5,0.7) (-0.9469109,0.08192018,0.7)
blue 295.2203 301.2 10.39878 (0.6572635,5,0.7) (0.6572635,0.07395519,0.7)
purple 290.7168 301.4 17.18366 (0.5588119,5,0.7) (0.5588119,0.08461101,0.7)
yellow 295.2203 301.4445 14.66038 (-0.8615849,5,0.7) (-0.8615849,1.540392,0.7)
blue 293.7117 301.6555 13.38028 (0.8041272,5,0.7) (0.8041272,0.08106354,0.7)
yellow 295.7209 301.8667 14.54808 (-0.4761797,5,0.7) (-0.4761797,1.55271,0.7)
purple 292.7122 301.9778 19.10899 (-0.4657418,5,0.7) (-0.4657418,1.269467,0.7)
blue 295.7209 302.1778 11.15179 (0.6721838,5,0.7) (0.6721838,0.07682617,0.7)
blue 292.7122 302.1889 19.42292 (-0.2058557,5,0.7) (-0.2058557,1.262145,0.7)
yellow 296.715 302.4333 13.20605 (0.1587805,5,0.7) (0.1587805,1.413971,0.7)
blue 291.7163 302.9667 17.91749 (0.3307132,5,0.7) (0.3307132,0.08393814,0.7)
purple 292.2148 303.1555 17.50811 (0.4819507,5,0.7) (0.4819507,0.08140176,0.7)
yellow 294.2222 303.1667 14.83002 (0.1081086,4.998989,0.7) (0.1081086,0.08323127,0.7)
blue 294.2222 303.1889 14.85578 (0.06241095,4.998989,0.7) (0.06241095,0.08110327,0.7)
yellow 294.7206 303.1889 14.14746 (0.7106278,5,0.7) (0.7106278,0.08026648,0.7)
purple 295.7209 303.2556 12.78552 (-0.7941089,5,0.7) (-0.7941089,0.07783657,0.7)
yellow 296.2186 303.3111 16.9055 (0.08420694,5,0.7) (0.08420694,1.676543,0.7)
blue 291.2159 303.3667 19.0571 (0.04787147,5,0.7) (0.04787147,0.08447702,0.7)
purple 293.7117 303.6222 16.14082 (0.7493978,5,0.7) (0.7493978,0.08193564,0.7)
purple 291.2159 303.7333 19.51391 (0.8584065,5,0.7) (0.8584065,0.08556376,0.7)
purple 295.2203 303.8889 14.43758 (-0.03594553,5,0.7) (-0.03594553,0.08271927,0.7)
purple 294.7206 304.0111 15.30036 (0.1752714,5,0.7) (0.1752714,0.07974416,0.7)
purple 297.2151 304.3111 12.11702 (-0.8082769,5,0.7) (-0.8082769,0.07572021,0.7)
blue 298.2154 304.6 11.03982 (-0.7192318,5,0.7) (-0.7192318,0.08117035,0.7)
yellow 297.7161 304.6111 16.17424 (-0.8498874,5,0.7) (-0.8498874,1.59236,0.7)
yellow 297.2151 304.6555 16.85293 (-0.9616508,5,0.7) (-0.9616508,1.500859,0.7)
blue 292.2148 304.7667 19.54512 (0.2251443,5,0.7) (0.2251443,0.0824589,0.7)
purple 298.2154 305.2556 12.04151 (0.9071841,5,0.7) (0.9071841,0.07963277,0.7)
purple 294.2222 305.4222 17.85604 (-0.8563659,4.999029,0.7) (-0.8563659,0.08243717,0.7)
purple 297.7161 305.5889 13.27968 (0.5864029,5,0.7) (0.5864029,0.0796131,0.7)
blue 296.2186 305.6889 19.29407 (0.288718,5,0.7) (0.288718,1.230334,0.7)
yellow 298.2154 305.7333 16.53194 (0.4103913,5,0.7) (0.4103913,1.380153,0.7)
purple 293.2115 306.0778 19.92496 (-0.2395557,5,0.7) (-0.2395557,0.08256583,0.7)
blue 296.715 307.2556 16.98274 (0.9832604,5,0.7) (0.9832604,0.08083571,0.7)
blue 297.7161 308.3111 17.06715 (0.5894058,5,0.7) (0.5894058,0.08475822,0.7)
purple 296.2186 308.5667 19.29483 (-0.8773479,5,0.7) (-0.8773479,0.08112405,0.7)
purple 296.715 308.9333 19.13767 (-0.2704924,5,0.7) (-0.2704924,0.08369282,0.7)
blue 297.2151 309.1222 18.74808 (0.2935397,5,0.7) (0.2935397,0.08322504,0.7)
0
