compute 25.4660421532034(0.146792098879814,0.912079155445099,0.314767569303513) (-0.1010122,0.970302,0.3073474) (318.7099,8.835038,273.4643) (-0.00675904,1.224236,-0.01460588) (331.4834,2.076469,2.430145)
compute 3.64683712426655(0.119097702205181,0.931507527828217,0.328387439250946) (0.1467921,0.9120792,0.3147676) (316.164,1.717025,285.8908) (-0.01254855,1.224535,-0.01692298) (330.5794,358.9629,2.488712)
compute 3.97324109072368(0.0914228335022926,0.951174139976501,0.3490269780159) (0.1190977,0.9315075,0.3283874) (313.2728,358.2528,292.6824) (-0.01388333,1.224884,-0.01792678) (330.0023,357.7352,2.345235)
compute 4.60196090957581(0.064080573618412,0.982678353786469,0.368461221456528) (0.09142283,0.9511741,0.349027) (309.6891,352.2693,300.7603) (-0.01347927,1.225658,-0.01763287) (329.0174,357.1398,2.129647)
compute 8.25045520243717(0.0567115657031536,1.06327128410339,0.384507358074188) (0.06408057,0.9826784,0.3684612) (303.2172,349.7968,303.7259) (-0.01447338,1.232068,-0.01973458) (323.8685,357.4981,2.068344)
compute 11.0654830319352(0.0701168179512024,1.17310762405396,0.383629947900772) (0.05671157,1.063271,0.3845074) (289.3489,348.2868,314.5736) (-0.01773155,1.241377,-0.03522288) (313.5046,359.7925,1.981776)
compute 9.94041267584422(0.0988278016448021,1.26661598682404,0.365936845541) (0.07011682,1.173108,0.3836299) (277.871,33.93772,276.091) (-0.0261911,1.24245,-0.0522889) (305.3381,358.7715,3.736149)
compute 6.47278469859094(0.120035961270332,1.3199098110199,0.33594223856926) (0.0988278,1.266616,0.3659368) (284.7051,122.4027,191.9101) (-0.03439776,1.242037,-0.06960534) (298.3059,358.3079,3.45693)
compute 4.19581610156699(0.125789359211922,1.34560942649841,0.303278565406799) (0.120036,1.31991,0.3359422) (296.7891,138.1391,176.706) (-0.03992397,1.240681,-0.08096425) (293.8077,356.202,4.384631)
compute 2.9218409248795(0.124311178922653,1.36045670509338,0.278157085180283) (0.1257894,1.345609,0.3032786) (301.9993,145.7684,171.5106) (-0.04376844,1.240288,-0.08412197) (291.9152,354.8158,5.646463)
compute 3.03888213290576(0.112338162958622,1.37560641765594,0.254691928625107) (0.1243112,1.360457,0.2781571) (302.7864,153.4613,166.3213) (-0.04624104,1.239896,-0.08382837) (291.9825,351.2764,9.256751)
compute 2.51746178573438(0.100069954991341,1.38505160808563,0.234841465950012) (0.1123382,1.375606,0.2546919) (304.1291,164.9973,158.5619) (-0.05021999,1.239267,-0.08124369) (291.6725,346.3032,13.57925)
compute 0.54428233588577(0.0994254499673843,1.39036905765533,0.233875200152397) (0.10007,1.385052,0.2348415) (305.7386,169.8555,155.181) (-0.05276117,1.238173,-0.08456373) (290.4998,347.042,12.88426)
compute 0.484649023384998(0.0988886579871178,1.39464199542999,0.231652066111565) (0.09942545,1.390369,0.2338752) (305.7495,171.4936,152.7105) (-0.04685248,1.239798,-0.08825549) (289.0237,352.1196,8.601698)
compute 1.30161683645112(0.0962573736906052,1.39913213253021,0.219721615314484) (0.09888866,1.394642,0.2316521) (306.2949,172.4973,150.1107) (-0.04203255,1.239771,-0.09293988) (287.6981,356.3232,4.382215)
compute 2.34661060815557(0.0947424247860909,1.40217316150665,0.196502760052681) (0.09625737,1.399132,0.2197216) (310.2572,174.9445,146.8378) (-0.03903078,1.239756,-0.09709923) (287.2981,358.0135,2.209126)
compute 1.70963698091992(0.0998850539326668,1.40261268615723,0.18020410835743) (0.09474242,1.402173,0.1965028) (315.7883,176.0215,146.3398) (-0.03479633,1.240125,-0.09933732) (287.2928,359.9216,0.199113)
compute 3.4549474858647(0.107443697750568,1.39395928382874,0.147621110081673) (0.09988505,1.402613,0.1802041) (326.5554,176.6982,145.3468) (-0.02960314,1.240517,-0.1025661) (286.6485,359.7613,0.6280021)
compute 4.57738919715733(0.110256277024746,1.37763977050781,0.104947790503502) (0.1074437,1.393959,0.1476211) (337.2595,177.0624,145.9911) (-0.02366329,1.240877,-0.1027513) (286.3884,357.9134,2.570582)
compute 2.3040315141266(0.114403091371059,1.37226116657257,0.0829311907291412) (0.1102563,1.37764,0.1049478) (342.4458,179.5043,147.3611) (-0.01751192,1.241158,-0.1006659) (286.3072,354.6817,5.855794)
compute 1.12486637097519(0.1143943592906,1.37114644050598,0.0717379003763199) (0.1144031,1.372261,0.08293119) (344.6981,182.3256,148.6543) (-0.01261866,1.241308,-0.09980606) (286.7834,351.6603,8.556615)
compute 0.58992269633945(0.116178788244724,1.37084376811981,0.0661231800913811) (0.1143944,1.371146,0.0717379) (345.4744,184.4867,149.0463) (-0.007643163,1.240889,-0.09555443) (287.3662,351.9302,8.453464)
compute 0.545336666895442(0.121619306504726,1.3706728219986,0.0657903924584389) (0.1161788,1.370844,0.06612318) (345.944,185.9529,149.8412) (-0.00142844,1.240791,-0.0916217) (287.4633,354.1655,6.271757)
compute 0.681256087983002(0.127574771642685,1.37123656272888,0.0690500885248184) (0.1216193,1.370673,0.06579039) (345.2615,185.9725,150.2901) (0.003733821,1.241691,-0.08754042) (287.3524,354.7595,5.895335)
compute 0.594806593471594(0.130562126636505,1.37141823768616,0.0741903409361839) (0.1275748,1.371237,0.06905009) (345.4438,186.023,150.6404) (0.008020587,1.24184,-0.08695809) (287.3779,354.1477,6.559186)
compute 0.327236254841003(0.132432654500008,1.37000441551209,0.0764730125665665) (0.1305621,1.371418,0.07419034) (347.5531,186.5868,151.1774) (0.01110244,1.240401,-0.07722919) (288.143,354.1295,6.301742)
compute 0.882683717774587(0.135745644569397,1.36309254169464,0.0808505862951279) (0.1324327,1.370004,0.07647301) (352.2812,187.4798,152.175) (0.01417109,1.239185,-0.07209278) (289.2884,358.5223,2.67634)
compute 0.776856811445726(0.1391511708498,1.35678148269653,0.0838378220796585) (0.1357456,1.363093,0.08085059) (354.3466,187.8468,153.1775) (0.01876864,1.238769,-0.07037713) (290.4807,2.728955,359.1795)
compute 1.00891922801607(0.149047940969467,1.35506725311279,0.0847902745008469) (0.1391512,1.356781,0.08383782) (354.0801,185.5239,154.14) (0.02281019,1.238087,-0.07115991) (290.4954,5.197085,357.1363)
compute 0.834470354979974(0.156890407204628,1.3548641204834,0.0819462388753891) (0.1490479,1.355067,0.08479027) (354.0811,184.1236,154.4473) (0.02419414,1.23808,-0.0744298) (290.1458,6.390056,356.0402)
compute 1.40888827136064(0.164086326956749,1.354740858078,0.0698342546820641) (0.1568904,1.354864,0.08194624) (353.6598,180.8958,151.6061) (0.02394462,1.238183,-0.07413439) (290.401,9.2926,352.8895)
compute 1.97291028231745(0.164714857935905,1.35439515113831,0.0501181967556477) (0.1640863,1.354741,0.06983425) (354.5198,179.8159,151.0422) (0.01809342,1.239418,-0.0740466) (290.7964,10.83127,350.9287)
compute 1.85957165183142(0.161842346191406,1.35067451000214,0.032126359641552) (0.1647149,1.354395,0.0501182) (358.7328,180.7258,152.8116) (0.006503794,1.240341,-0.0742273) (289.2762,9.144358,351.9276)
compute 1.91284666149944(0.159639269113541,1.34111261367798,0.0157064069062471) (0.1618423,1.350675,0.03212636) (4.27728,181.4016,153.0276) (-0.004499495,1.242404,-0.07264988) (289.3843,1.385859,358.183)
compute 3.44621493993463(0.152643859386444,1.3177524805069,-0.00864535290747881) (0.1596393,1.341113,0.01570641) (10.73205,180.292,152.4255) (-0.01065597,1.242154,-0.06922054) (290.3791,357.3852,0.509773)
compute 3.60112879889811(0.155419901013374,1.28895592689514,-0.0300898142158985) (0.1526439,1.317752,-0.008645353) (17.05087,176.1588,149.9486) (-0.01386826,1.240222,-0.06618916) (290.7265,356.1622,1.814445)
compute 2.87643407690198(0.16096431016922,1.26897072792053,-0.0500206612050533) (0.1554199,1.288956,-0.03008981) (20.76,172.318,146.8759) (-0.01278343,1.237488,-0.06083897) (291.7509,356.1474,2.293215)
compute 1.91210745340448(0.167374804615974,1.26114094257355,-0.0662445798516274) (0.1609643,1.268971,-0.05002066) (20.44014,169.9758,144.8479) (-0.01214677,1.233066,-0.05486063) (292.191,0.2212608,359.4449)
compute 0.340381321913053(0.169085323810577,1.26063990592957,-0.0633447468280792) (0.1673748,1.261141,-0.06624458) (17.80457,169.5367,141.6516) (-0.004020914,1.230584,-0.04460492) (293.2373,6.323996,354.9677)
compute 2.0725319797584(0.16688334941864,1.27555406093597,-0.0491229966282845) (0.1690853,1.26064,-0.06334475) (14.93131,173.3809,144.5138) (-0.001671627,1.231827,-0.03640551) (294.1085,8.42493,353.2927)
compute 3.45826251890377(0.157305598258972,1.29848408699036,-0.0250722467899323) (0.1668833,1.275554,-0.049123) (10.12521,175.9574,146.1118) (-0.00408037,1.232214,-0.03079175) (294.6068,8.300073,353.2411)
compute 2.6172927500416(0.155275970697403,1.31995606422424,-0.0102446721866727) (0.1573056,1.298484,-0.02507225) (6.722924,176.2254,148.8118) (-0.01205288,1.233021,-0.03213821) (292.3779,1.423336,357.8913)
compute 1.85050171291072(0.148780286312103,1.32945287227631,0.00424851244315505) (0.155276,1.319956,-0.01024467) (5.43296,177.3002,149.933) (-0.01684801,1.233282,-0.03846387) (290.7964,358.4833,359.7755)
compute 0.242787712351356(0.150580421090126,1.33084082603455,0.00339546683244407) (0.1487803,1.329453,0.004248512) (5.441723,176.2901,150.9205) (-0.01760671,1.232864,-0.04444673) (289.1651,0.9927396,357.5078)
compute 1.37446092010235(0.15951244533062,1.32948756217957,-0.00696319621056318) (0.1505804,1.330841,0.003395467) (8.039307,174.5113,152.5124) (-0.01105768,1.23271,-0.04569397) (290.0881,6.516812,352.4546)
compute 2.07454022833893(0.175350576639175,1.32561779022217,-0.0197909083217382) (0.1595124,1.329488,-0.006963196) (10.65261,173.9081,155.2657) (-0.004906327,1.232243,-0.04090481) (291.0788,10.60777,348.5254)
compute 1.21312841247774(0.184619873762131,1.33339023590088,-0.0188758820295334) (0.1753506,1.325618,-0.01979091) (9.835936,174.3107,157.8504) (-0.0008108169,1.233773,-0.04236576) (291.0212,13.55117,345.9599)
compute 2.59181274874903(0.201518371701241,1.35251259803772,-0.0143453842028975) (0.1846199,1.33339,-0.01887588) (8.166784,175.1357,163.0807) (0.004174695,1.234251,-0.04661915) (290.1333,14.82144,344.7622)
compute 7.36370114973504(0.240662708878517,1.32403254508972,0.0411435067653656) (0.2015184,1.352513,-0.01434538) (4.030016,174.5746,165.5085) (0.007740427,1.235072,-0.05077057) (289.0934,10.12673,347.8856)
compute 2.0687787036927(0.23861388862133,1.34113299846649,0.0526048056781292) (0.2406627,1.324033,0.04114351) (359.6631,175.2545,167.5669) (0.007468995,1.235082,-0.0526796) (289.1901,7.326966,349.9757)
compute 3.41930868939401(0.240380391478539,1.36203491687775,0.0796077027916908) (0.2386139,1.341133,0.05260481) (354.3462,175.3398,170.6981) (0.01137806,1.234208,-0.04747222) (291.8091,14.26186,343.5529)
compute 3.63409848004153(0.246697813272476,1.37847805023193,0.111394189298153) (0.2403804,1.362035,0.0796077) (347.5989,175.8915,173.6762) (0.0145448,1.233527,-0.0367928) (295.411,19.69843,339.3813)
compute 4.76617154062201(0.256936013698578,1.39646852016449,0.154326245188713) (0.2466978,1.378478,0.1113942) (337.3865,174.3861,175.2604) (0.01605341,1.233315,-0.02866905) (297.4057,21.55473,338.6882)
compute 4.18184736970912(0.256236761808395,1.41030025482178,0.193784818053246) (0.256936,1.396469,0.1543262) (327.896,177.5308,173.6803) (0.01870013,1.230675,-0.01763145) (299.2278,21.03973,339.9319)
compute 4.47749314221864(0.25190070271492,1.42442297935486,0.236052319407463) (0.2562368,1.4103,0.1937848) (317.21,181.9396,169.4992) (0.02965578,1.228548,-0.005632072) (299.4052,21.07885,340.6671)
compute 2.71938053192608(0.251967161893845,1.43145954608917,0.262319892644882) (0.2519007,1.424423,0.2360523) (314.3615,184.658,166.1347) (0.04873995,1.227416,0.01168268) (298.3419,19.75559,341.5207)
compute 3.75312268473481(0.268409550189972,1.44097924232483,0.294686794281006) (0.2519672,1.43146,0.2623199) (314.9297,187.591,164.0476) (0.07638344,1.225423,0.03302003) (297.7264,20.34349,339.8638)
compute 6.35343499197599(0.310364007949829,1.46132755279541,0.337842136621475) (0.2684096,1.440979,0.2946868) (314.3633,180.0819,169.7272) (0.1046657,1.228178,0.05740686) (298.658,19.47001,340.4891)
compute 7.18250591917822(0.352440774440765,1.49031555652618,0.388320654630661) (0.310364,1.461328,0.3378421) (304.4014,174.1022,177.8689) (0.1292165,1.228829,0.08275542) (301.0029,20.26579,340.2886)
compute 5.64858166514233(0.383555918931961,1.50927996635437,0.43148136138916) (0.3524408,1.490316,0.3883207) (299.3216,172.3163,180.5374) (0.1507477,1.235033,0.1022567) (300.9521,19.27769,341.789)
compute 4.76322200198258(0.409106254577637,1.52220070362091,0.469547927379608) (0.3835559,1.50928,0.4314814) (297.6034,175.1162,185.1422) (0.1688871,1.243165,0.119631) (299.5147,18.91406,341.036)
compute 3.11494140749804(0.416924983263016,1.54255592823029,0.491792440414429) (0.4091063,1.522201,0.4695479) (296.3082,180.2198,180.0711) (0.1810519,1.245708,0.1372415) (299.2202,18.96969,339.2088)
compute 2.39867286891814(0.41737025976181,1.53128671646118,0.512962460517883) (0.416925,1.542556,0.4917924) (305.2313,201.4594,175.8634) (0.1802866,1.244486,0.146424) (299.3712,16.77594,340.8213)
compute 14.3024612107286(0.46021369099617,1.5062460899353,0.647102117538452) (0.4173703,1.531287,0.5129625) (288.575,21.98293,342.219) (0.1620273,1.242418,0.1473438) (298.1822,14.38855,342.4783)
compute 4.6833545810385(0.429448485374451,1.48305940628052,0.62047016620636) (0.4602137,1.506246,0.6471021) (279.4864,9.668885,353.1583) (0.1448268,1.225852,0.1463281) (300.5437,12.88315,343.551)
compute 12.7151962539911(0.350720286369324,1.47341275215149,0.521089911460876) (0.4294485,1.483059,0.6204702) (289.7869,208.7779,145.3481) (0.1338526,1.208725,0.1554142) (303.2104,10.14524,348.9836)
compute 5.51925410289049(0.305087357759476,1.4913637638092,0.495759814977646) (0.3507203,1.473413,0.5210899) (306.9803,220.13,140.533) (0.1354192,1.22205,0.1648406) (301.9224,4.497457,353.6137)
compute 5.02814739859097(0.314190030097961,1.53808307647705,0.47955259680748) (0.3050874,1.491364,0.4957598) (304.7919,206.2472,146.8117) (0.1555098,1.224445,0.1836816) (301.8479,3.709975,353.1309)
compute 4.2182852050363(0.33941113948822,1.5695286989212,0.467124342918396) (0.31419,1.538083,0.4795526) (310.1498,198.0936,160.5546) (0.1726433,1.227271,0.1995378) (300.5914,355.974,0.1877101)
compute 10.3153312923176(0.376021474599838,1.59922337532043,0.558876812458038) (0.3394111,1.569529,0.4671243) (300.0813,210.4724,154.5884) (0.1847105,1.238021,0.2056081) (299.6068,343.834,8.181872)
compute 15.331997005089(0.396999925374985,1.55383348464966,0.70381361246109) (0.3760215,1.599223,0.5588768) (297.7118,351.9758,356.8758) (0.186665,1.230949,0.2072702) (300.7293,330.935,16.8138)
compute 22.5370507306602(0.254201889038086,1.45948576927185,0.557187914848328) (0.3969999,1.553833,0.7038136) (302.3636,216.4808,113.9196) (0.1901862,1.223775,0.209004) (300.7366,332.2974,15.02896)
compute 17.1119468159822(0.138155981898308,1.33480191230774,0.540781915187836) (0.2542019,1.459486,0.5571879) (335.8764,227.617,111.5385) (0.2110574,1.219331,0.2141377) (303.7716,354.071,358.2021)
compute 15.6019437736446(0.182889804244041,1.31895089149475,0.68940794467926) (0.138156,1.334802,0.5407819) (317.4749,289.5054,54.05979) (0.2288422,1.217102,0.2114365) (305.6651,9.662551,344.8375)
compute 17.8717282130292(0.310905814170837,1.37352800369263,0.577278077602386) (0.1828898,1.318951,0.6894079) (293.7547,235.5324,112.2238) (0.240963,1.215803,0.215335) (305.7686,16.3688,340.6348)
compute 16.0310354692537(0.429820954799652,1.43961226940155,0.492475539445877) (0.3109058,1.373528,0.5772781) (303.9186,187.9552,170.2829) (0.252159,1.220098,0.2190019) (303.6187,21.13084,336.6349)
compute 11.618415767604(0.518923759460449,1.50314652919769,0.453451871871948) (0.429821,1.439612,0.4924755) (316.0442,167.0166,187.0684) (0.2567943,1.228785,0.223239) (302.1043,15.47759,341.4908)
compute 8.00542638568338(0.561956167221069,1.56423020362854,0.482186555862427) (0.5189238,1.503147,0.4534519) (306.1717,160.9962,195.486) (0.2382727,1.239674,0.2305896) (301.5616,350.0773,2.463678)
compute 2.86491978876904(0.566642940044403,1.58208382129669,0.504096806049347) (0.5619562,1.56423,0.4821866) (303.8198,179.4879,196.7742) (0.213265,1.23899,0.2350984) (305.9066,320.5875,24.76464)
compute 2.94539863747394(0.56913697719574,1.57318127155304,0.532062172889709) (0.5666429,1.582084,0.5040968) (308.8733,199.4023,186.0065) (0.1955728,1.236621,0.233327) (310.4625,309.4287,31.12541)
compute 22.5989806656959(0.668800055980682,1.49957513809204,0.721061646938324) (0.569137,1.573181,0.5320622) (325.1266,33.99964,315.9654) (0.1799357,1.232565,0.2316413) (309.0392,312.0295,26.02466)
compute 7.34420042444822(0.631759166717529,1.51069557666779,0.658627390861511) (0.6688001,1.499575,0.7210616) (302.739,77.2328,275.8854) (0.1595112,1.226615,0.2284021) (308.6508,313.3936,24.81655)
compute 20.5633779088677(0.468709349632263,1.51643657684326,0.533459305763245) (0.6317592,1.510696,0.6586274) (308.2084,138.4444,200.3106) (0.1360557,1.218174,0.2243544) (307.5092,319.3489,18.04837)
compute 25.8053590778289(0.221437886357307,1.52160787582397,0.459826856851578) (0.4687093,1.516437,0.5334593) (310.9804,186.9198,141.7649) (0.1091653,1.216344,0.223958) (304.937,354.2889,351.6838)
compute 23.7607390414382(-0.0148902796208858,1.49742138385773,0.455213636159897) (0.2214379,1.521608,0.4598269) (303.4863,226.4171,71.6557) (0.07810584,1.203111,0.2097567) (308.6808,18.30976,336.1158)
compute 20.640577137165(-0.205725744366646,1.41886532306671,0.458970934152603) (-0.01489028,1.497421,0.4552136) (319.8019,246.6517,43.11397) (-0.000979308,1.201528,0.1941343) (310.8367,2.614814,348.1615)
compute 14.1847999003087(-0.322084277868271,1.39883899688721,0.53758704662323) (-0.2057257,1.418865,0.4589709) (320.7354,259.471,31.5487) (-0.07631744,1.217825,0.1826674) (313.1903,335.9772,4.803707)
compute 5.19708008523615(-0.354901164770126,1.42840099334717,0.564975082874298) (-0.3220843,1.398839,0.537587) (309.4762,253.924,49.51196) (-0.122085,1.221558,0.1756268) (314.1853,320.311,16.82231)
compute 3.88081504401655(-0.341919511556625,1.44284451007843,0.531375467777252) (-0.3549012,1.428401,0.5649751) (304.6444,220.1903,96.05129) (-0.1347727,1.218363,0.1830029) (311.3178,322.7126,16.81745)
compute 15.4067077333043(-0.403605729341507,1.37800788879395,0.656785547733307) (-0.3419195,1.442845,0.5313755) (319.6835,273.3888,58.01156) (-0.1050372,1.22363,0.2060362) (309.0141,343.6432,4.040458)
compute 12.6937856065473(-0.358749002218246,1.26232445240021,0.683589220046997) (-0.4036057,1.378008,0.6567855) (351.7371,282.7026,47.63394) (-0.05046715,1.227583,0.2205388) (309.2897,5.782949,352.1196)
compute 21.0017676978426(-0.17945496737957,1.32047212123871,0.590961337089539) (-0.358749,1.262324,0.6835892) (323.787,258.4911,69.33243) (-0.01064695,1.225616,0.2422345) (310.8479,10.26703,352.414)
compute 28.6696281789955(0.0914242342114449,1.38943874835968,0.527221083641052) (-0.179455,1.320472,0.5909613) (312.9856,208.0094,154.989) (0.03675506,1.223377,0.262872) (310.861,10.92923,352.0289)
compute 19.0829573250121(0.26165983080864,1.46371066570282,0.571032583713531) (0.09142423,1.389439,0.5272211) (306.6993,179.0023,184.4902) (0.05263253,1.225469,0.2793099) (312.6418,350.8145,7.584884)
compute 20.3606032906708(0.237883895635605,1.50730454921722,0.768490672111511) (0.2616598,1.463711,0.5710326) (305.0448,315.8344,48.20551) (0.01782151,1.216966,0.279605) (319.0487,322.4626,22.87667)
compute 9.29367922283845(0.164634510874748,1.49220311641693,0.713320732116699) (0.2378839,1.507305,0.7684907) (284.3167,272.9344,63.55335) (-0.0371242,1.202864,0.2507256) (327.1899,304.4503,29.86246)
compute 21.1340313370297(0.0027032089419663,1.42316877841949,0.596370995044708) (0.1646345,1.492203,0.7133207) (293.8474,190.7039,113.9407) (-0.0828945,1.192212,0.2394555) (329.9539,302.2599,28.1492)
compute 28.7853582638364(-0.252592325210571,1.33040416240692,0.501089334487915) (0.002703209,1.423169,0.596371) (308.4716,208.4265,79.85092) (-0.1364364,1.181295,0.2352643) (325.3051,309.7104,22.79671)
compute 25.0094034716307(-0.490508437156677,1.26005291938782,0.469567030668259) (-0.2525923,1.330404,0.5010893) (320.7307,216.867,85.39821) (-0.172414,1.182385,0.2543299) (313.5541,333.8398,6.667987)
compute 18.088976950927(-0.656583189964294,1.25190329551697,0.540798127651215) (-0.4905084,1.260053,0.469567) (311.7496,243.3196,63.46301) (-0.185873,1.190832,0.2699809) (310.4222,358.2495,346.9041)
compute 16.3401370449677(-0.720946133136749,1.18430471420288,0.674916923046112) (-0.6565832,1.251903,0.5407981) (331.4638,278.6107,58.07024) (-0.2087581,1.185683,0.2895741) (317.0695,346.9342,357.245)
compute 6.96242031584875(-0.671627163887024,1.1357547044754,0.667296826839447) (-0.7209461,1.184305,0.6749169) (337.1027,274.3685,32.40865) (-0.1865574,1.196101,0.2904167) (321.5653,4.152067,355.0098)
compute 30.9452306559966(-0.380703717470169,1.18044221401215,0.571759879589081) (-0.6716272,1.135755,0.6672968) (304.2949,241.2432,74.28082) (-0.1140684,1.199306,0.2830569) (325.3633,24.33621,343.4049)
compute 39.6760490845649(0.00588142732158303,1.19920456409454,0.484474211931229) (-0.3807037,1.180442,0.5717599) (309.2596,179.4741,177.5272) (-0.04825973,1.197602,0.2702105) (326.4773,35.1777,337.7524)
compute 21.04498528711(0.204906672239304,1.24080967903137,0.538761496543884) (0.005881427,1.199205,0.4844742) (292.1788,165.1467,193.4673) (0.04026579,1.188309,0.2543706) (329.2234,47.60025,332.6062)
compute 24.1182051675385(0.203309059143066,1.14094686508179,0.758292019367218) (0.2049067,1.24081,0.5387615) (332.3582,333.9426,13.28914) (0.09843696,1.175272,0.2479728) (331.2521,49.535,333.3615)
compute 12.8951279649939(0.282400012016296,1.16231715679169,0.658711075782776) (0.2033091,1.140947,0.758292) (301.0015,320.1351,44.34297) (0.1692519,1.167677,0.2549211) (334.5428,49.12618,331.9701)
compute 28.7601524924684(0.546546101570129,1.15801107883453,0.5450319647789) (0.2824,1.162317,0.6587111) (299.4529,130.5515,254.7061) (0.1978887,1.159572,0.2649284) (335.6896,45.76515,334.989)
compute 16.8509492006903(0.714458107948303,1.14455258846283,0.54057365655899) (0.5465461,1.158011,0.545032) (306.2027,123.9,279.066) (0.2257658,1.148156,0.2948119) (327.8348,29.17825,347.4878)
compute 15.1795136903464(0.782260775566101,1.09447574615479,0.666814982891083) (0.7144581,1.144553,0.5405737) (309.2256,45.9808,3.719821) (0.2071664,1.120497,0.3182701) (319.8177,354.062,4.001443)
compute 21.2513218485273(0.85162365436554,0.893870949745178,0.677225291728973) (0.7822608,1.094476,0.666815) (1.277646,59.95046,333.5573) (0.1896457,1.113602,0.3123537) (318.3224,336.1606,357.6075)
compute 3.65565568299102(0.863794982433319,0.901704490184784,0.643656313419342) (0.8516237,0.8938709,0.6772253) (342.558,76.10999,307.6324) (0.1385391,1.125415,0.296248) (324.1893,326.9951,4.368743)
compute 29.2404300636506(0.61220908164978,1.02241313457489,0.556282222270966) (0.863795,0.9017045,0.6436563) (320.7227,106.6323,254.5507) (0.08466581,1.147366,0.2741263) (329.7904,323.5134,7.201775)
compute 44.7432517679105(0.179641142487526,1.12759208679199,0.511357665061951) (0.6122091,1.022413,0.5562822) (285.0837,139.1095,177.5333) (0.03974056,1.161434,0.2593239) (327.3959,328.8974,2.38101)
compute 29.2985059368613(-0.113300859928131,1.12321376800537,0.513821065425873) (0.1796411,1.127592,0.5113577) (293.7166,227.1237,82.54813) (-0.01230966,1.178392,0.2336015) (317.1098,335.1664,357.5289)
compute 25.7888851043724(-0.26104611158371,1.04829871654511,0.711471617221832) (-0.1133009,1.123214,0.5138211) (314.8953,291.2192,41.60257) (-0.06984358,1.192536,0.2151025) (314.2371,339.4385,356.724)
compute 5.26548568572325(-0.283594220876694,1.00195014476776,0.722238540649414) (-0.2610461,1.048299,0.7114716) (332.4228,305.7176,17.33039) (-0.111939,1.217523,0.1987958) (310.8168,333.1914,0.881591)
compute 14.7164980330115(-0.300024330615997,1.08310008049011,0.6005739569664) (-0.2835942,1.00195,0.7222385) (323.036,272.7101,39.67749) (-0.1278197,1.235952,0.1890083) (311.1555,320.4895,13.30111)
compute 17.81499086718(-0.254718422889709,1.21425628662109,0.488847434520721) (-0.3000243,1.0831,0.600574) (314.2505,237.0724,79.98288) (-0.1442024,1.22231,0.1870935) (316.6447,312.1059,21.17632)
compute 14.0257299597885(-0.182841375470161,1.29807817935944,0.40236222743988) (-0.2547184,1.214256,0.4888474) (313.6707,190.4783,121.6064) (-0.165931,1.208378,0.1878726) (319.4209,307.4479,23.11333)
compute 4.89727327328926(-0.162110149860382,1.32887887954712,0.370426952838898) (-0.1828414,1.298078,0.4023622) (318.177,158.22,139.3667) (-0.208825,1.204314,0.1845715) (321.0459,309.5981,20.47451)
compute 5.59094870305138(-0.208442479372025,1.36016952991486,0.370141804218292) (-0.1621101,1.328879,0.370427) (316.0188,146.6424,143.95) (-0.2538233,1.19521,0.1839737) (319.6135,312.4412,18.17192)
compute 5.95564973672074(-0.267444044351578,1.3681925535202,0.368948966264725) (-0.2084425,1.36017,0.3701418) (315.2079,144.8037,142.591) (-0.3160226,1.186972,0.1798651) (316.7945,313.9827,15.48673)
compute 12.5079023816078(-0.386918842792511,1.40394556522369,0.3785540163517) (-0.267444,1.368193,0.368949) (318.6487,139.4221,146.672) (-0.3618507,1.193931,0.1788747) (312.8835,310.844,18.3813)
compute 13.5841941575632(-0.512638092041016,1.45031082630157,0.400869190692902) (-0.3869188,1.403946,0.378554) (307.0669,143.5608,140.0263) (-0.4017002,1.196233,0.1906432) (314.6465,309.3935,17.68006)
compute 15.0038962220237(-0.659922063350677,1.47388517856598,0.417097926139832) (-0.5126381,1.450311,0.4008692) (299.8615,167.9774,118.7214) (-0.4310293,1.202413,0.2012736) (316.0947,311.5496,16.00084)
compute 18.8393804101109(-0.826747179031372,1.44414699077606,0.499421954154968) (-0.6599221,1.473885,0.4170979) (299.2463,218.6004,87.82706) (-0.4428107,1.208869,0.2098009) (312.4102,318.7729,11.97173)
compute 23.2291967233284(-0.927645981311798,1.29768991470337,0.648851931095123) (-0.8267472,1.444147,0.499422) (348.9304,291.6429,18.6309) (-0.4351234,1.212149,0.2182654) (312.4221,325.6734,7.694825)
compute 10.7372617833788(-0.838613092899323,1.31726801395416,0.592118144035339) (-0.927646,1.29769,0.6488519) (323.7741,271.5967,40.00499) (-0.4178967,1.211491,0.2226401) (314.02,335.4094,1.605389)
compute 29.0760512981236(-0.587639689445496,1.36902570724487,0.454731196165085) (-0.8386131,1.317268,0.5921181) (315.3704,201.2902,133.804) (-0.3704382,1.226652,0.2363516) (314.0566,354.0789,353.0921)
compute 14.0672812568276(-0.46855154633522,1.44187128543854,0.472062587738037) (-0.5876397,1.369026,0.4547312) (324.1861,183.6064,159.045) (-0.2912097,1.232577,0.261623) (323.7808,24.17174,338.8712)
compute 27.259776330806(-0.497470259666443,1.46057462692261,0.742476046085358) (-0.4685515,1.441871,0.4720626) (328.879,316.4927,24.13774) (-0.2184789,1.215744,0.2601945) (334.299,39.79316,337.6742)
compute 14.2840514189643(-0.419089376926422,1.39532101154327,0.642466962337494) (-0.4974703,1.460575,0.742476) (310.1808,282.4184,46.06594) (-0.1743181,1.193563,0.246032) (339.9172,46.76588,337.575)
compute 25.0992440460051(-0.215832576155663,1.29399251937866,0.53561931848526) (-0.4190894,1.395321,0.642467) (297.0146,232.1052,109.9189) (-0.1281968,1.175228,0.2436861) (337.4392,50.12299,336.1181)
compute 21.9439430097835(-0.000426838640123606,1.26823031902313,0.502598941326141) (-0.2158326,1.293993,0.5356193) (298.29,205.3152,157.7054) (-0.06371397,1.170442,0.2581778) (329.3004,47.74099,337.2086)
compute 17.9614184203501(0.173618286848068,1.31077420711517,0.489966988563538) (-0.0004268386,1.26823,0.5025989) (293.8604,188.2739,176.6584) (0.005109545,1.179252,0.2837822) (322.8812,39.56157,344.4935)
compute 12.3108835041976(0.26524230837822,1.38841235637665,0.517043590545654) (0.1736183,1.310774,0.489967) (292.8558,189.648,171.542) (0.05585881,1.193216,0.303052) (324.5087,27.15685,351.2303)
compute 20.8978712153346(0.399642646312714,1.42303335666656,0.673280715942383) (0.2652423,1.388412,0.5170436) (278.7112,63.07519,317.5901) (0.05896413,1.205989,0.3196852) (335.5275,2.835364,4.342154)
compute 12.2792971689372(0.461054474115372,1.33356881141663,0.730750679969788) (0.3996426,1.423033,0.6732807) (318.1522,65.31025,275.8851) (0.0008102953,1.188485,0.3050667) (351.3591,334.731,9.072129)
compute 36.4451640297788(0.119031049311161,1.25581574440002,0.631758570671082) (0.4610545,1.333569,0.7307507) (271.2844,47.17545,277.2223) (-0.01002637,1.176655,0.2698596) (351.7161,327.2367,10.61961)
compute 32.2142104375339(-0.153247594833374,1.10473036766052,0.549217104911804) (0.119031,1.255816,0.6317586) (314.8759,240.9821,91.3288) (0.007030845,1.166298,0.2620808) (348.5557,340.2304,5.681095)
compute 17.4434918169973(-0.196099370718002,1.06168150901794,0.712734878063202) (-0.1532476,1.10473,0.5492171) (319.616,302.7179,28.05082) (0.0605286,1.189364,0.2684672) (339.4395,13.06114,355.3517)
compute 15.0654373480814(-0.056152056902647,1.10086858272552,0.673037707805634) (-0.1960994,1.061682,0.7127349) (303.5015,317.4174,18.02281) (0.09827447,1.192095,0.2499014) (339.2888,37.53555,346.3565)
compute 24.9408435551667(0.152037501335144,1.15674662590027,0.547581255435944) (-0.05615206,1.100869,0.6730377) (285.5577,227.5324,130.2836) (0.1199798,1.182606,0.2487089) (337.1234,42.14001,345.5075)
compute 23.5516981156263(0.383637547492981,1.19271755218506,0.524434745311737) (0.1520375,1.156747,0.5475813) (281.265,146.3177,220.5023) (0.1417294,1.169602,0.2728928) (334.548,34.22265,347.5123)
compute 20.0755537345754(0.580629348754883,1.1584347486496,0.506498515605927) (0.3836375,1.192718,0.5244347) (299.2807,133.4099,247.5782) (0.1350547,1.175191,0.2969028) (326.8238,5.052156,1.984562)
compute 32.0688557132894(0.770006000995636,0.995451271533966,0.707530915737152) (0.5806293,1.158435,0.5064985) (333.79,49.71204,325.6262) (0.1113647,1.166688,0.2928966) (326.108,334.8647,16.63285)
compute 2.15513593470422(0.775761902332306,0.979499280452728,0.694231867790222) (0.770006,0.9954513,0.7075309) (335.3156,58.98328,304.6786) (0.1067286,1.175525,0.2802545) (325.6783,323.4875,21.96782)
compute 19.9954755330793(0.644857585430145,1.10319089889526,0.607362151145935) (0.7757619,0.9794993,0.6942319) (314.3065,91.55972,266.3553) (0.1073516,1.188888,0.2799141) (326.8494,325.6847,17.21013)
compute 43.6360452408585(0.230529963970184,1.2079461812973,0.519217908382416) (0.6448576,1.103191,0.6073622) (286.3266,189.3255,142.1019) (0.094846,1.193778,0.2748193) (329.0929,331.0011,11.28043)
compute 34.0751034661627(-0.101727575063705,1.133744597435,0.504715383052826) (0.23053,1.207946,0.5192179) (311.6236,238.6836,73.67458) (0.07330821,1.1848,0.2689275) (328.4079,343.8318,2.790523)
compute 21.9940798379034(-0.218993231654167,1.103151679039,0.68825501203537) (-0.1017276,1.133745,0.5047154) (309.6494,289.7963,43.16082) (0.04644196,1.184952,0.2556561) (317.5231,358.1948,353.3088)
compute 1.71699669683572(-0.210333406925201,1.11795544624329,0.68906968832016) (-0.2189932,1.103152,0.688255) (307.6467,311.7103,16.18362) (0.00732917,1.195458,0.2372108) (311.4158,357.9363,354.4024)
compute 19.8405200524932(-0.177039369940758,1.21281754970551,0.518022000789642) (-0.2103334,1.117955,0.6890697) (309.7594,235.7405,100.604) (-0.02870282,1.206268,0.2398113) (307.1277,358.0975,354.3747)
compute 17.6242469670575(-0.0795393437147141,1.35168266296387,0.470360338687897) (-0.1770394,1.212818,0.518022) (309.3056,206.363,135.202) (-0.05251811,1.211476,0.2546101) (305.7064,4.333159,351.2542)
compute 13.9483792867123(-0.0165285859256983,1.47567319869995,0.480930119752884) (-0.07953934,1.351683,0.4703603) (298.8896,197.9066,141.8282) (-0.05451471,1.225685,0.263522) (307.4147,21.53632,340.2484)
compute 9.32916858795027(-0.0029207281768322,1.56328749656677,0.509945631027222) (-0.01652859,1.475673,0.4809301) (306.5576,187.5572,162.7802) (0.01259032,1.236841,0.2659967) (314.591,45.20459,324.5049)
compute 20.5582504021695(-0.0324815064668655,1.60055482387543,0.709949314594269) (-0.002920728,1.563287,0.5099456) (296.0981,300.6718,53.34432) (0.0620741,1.231014,0.2637587) (323.0646,54.69848,322.7228)
compute 9.81790742368357(0.0286428797990084,1.52373850345612,0.708468377590179) (-0.03248151,1.600555,0.7099493) (300.8687,312.7122,33.05423) (0.1053526,1.193795,0.2672453) (334.3987,55.61798,325.8975)
compute 28.4892387006227(0.227430790662766,1.39209496974945,0.552529215812683) (0.02864288,1.523739,0.7084684) (294.3025,201.746,168.6446) (0.1438668,1.181171,0.2699456) (333.7645,54.61289,327.4056)
compute 27.765344993522(0.467070400714874,1.25414597988129,0.52734249830246) (0.2274308,1.392095,0.5525292) (300.7592,157.3159,220.1877) (0.192258,1.178156,0.2777371) (328.852,52.371,329.2746)
compute 18.5380888781217(0.61240828037262,1.14200258255005,0.501519381999969) (0.4670704,1.254146,0.5273425) (312.9953,156.8933,237.7224) (0.2486842,1.158432,0.2916437) (333.8849,47.03697,331.7932)
compute 29.9936739392893(0.71626478433609,1.00273561477661,0.746020078659058) (0.6124083,1.142003,0.5015194) (331.3867,35.48525,334.6175) (0.3127613,1.11505,0.2989702) (352.1596,48.69544,328.7813)
compute 15.144076640535(0.692933559417725,0.925303518772125,0.617980122566223) (0.7162648,1.002736,0.7460201) (315.9027,62.09413,312.8914) (0.3330263,1.089389,0.3056757) (3.737212,49.9656,330.6997)
compute 16.5736960637818(0.670439839363098,0.789476037025452,0.525710582733154) (0.6929336,0.9253035,0.6179801) (317.1541,103.1328,283.1834) (0.346075,1.067842,0.3024668) (8.376725,48.91473,330.6024)
compute 23.3950911233225(0.623684585094452,0.671087384223938,0.722003996372223) (0.6704398,0.789476,0.5257106) (344.918,41.96265,291.4173) (0.3343218,1.079698,0.2941588) (1.528309,42.3483,333.4738)
compute 7.72213067144928(0.572847306728363,0.729059219360352,0.717765152454376) (0.6236846,0.6710874,0.722004) (334.867,33.03432,295.8228) (0.2731768,1.170676,0.2910523) (335.6138,18.70637,341.3373)
compute 15.7732343157143(0.556460201740265,0.874996542930603,0.660204291343689) (0.5728473,0.7290592,0.7177652) (323.2999,64.38211,253.3473) (0.2244391,1.217049,0.2569433) (314.8473,353.8132,354.0497)
compute 20.072497270919(0.486964702606201,1.06040179729462,0.62725305557251) (0.5564602,0.8749965,0.6602043) (291.1443,76.90968,251.8195) (0.1879019,1.226154,0.2446499) (311.4561,341.6526,1.307637)
compute 15.6036705886317(0.429507881402969,1.18631875514984,0.555203855037689) (0.4869647,1.060402,0.6272531) (296.0974,133.8082,190.8346) (0.143086,1.2323,0.242108) (310.9031,339.9087,5.00722)
compute 13.4096305961735(0.33699157834053,1.26207304000854,0.494509190320969) (0.4295079,1.186319,0.5552039) (301.2952,166.7871,165.5611) (0.08506366,1.234171,0.2396979) (311.0069,332.6669,9.596391)
compute 11.9392806423434(0.225689589977264,1.28166854381561,0.456005603075027) (0.3369916,1.262073,0.4945092) (308.4216,163.1892,165.0887) (0.001725078,1.225959,0.2384097) (316.1808,319.4957,17.18262)
compute 17.0785842498027(0.0549134537577629,1.2829817533493,0.454742848873138) (0.2256896,1.281669,0.4560056) (303.425,174.5197,140.3681) (-0.07703413,1.207185,0.2212717) (324.242,309.9725,22.64268)
compute 22.6981930602199(-0.167743965983391,1.23908650875092,0.458947896957397) (0.05491345,1.282982,0.4547428) (305.6253,225.3274,69.75918) (-0.1238132,1.197191,0.2103278) (334.9745,304.5874,27.33617)
compute 24.1371306371103(-0.337651312351227,1.06865692138672,0.44036403298378) (-0.167744,1.239087,0.4589479) (341.8566,243.7224,47.48136) (-0.1378965,1.189869,0.206226) (343.6407,305.7054,26.58025)
compute 18.5780926944385(-0.369256228208542,0.888004779815674,0.410691022872925) (-0.3376513,1.068657,0.440364) (7.52699,241.1613,44.80006) (-0.14282,1.180727,0.2097274) (347.5486,308.4382,25.68493)
compute 8.66599829962066(-0.353437513113022,0.80699211359024,0.384296536445618) (-0.3692562,0.8880048,0.410691) (13.7658,236.0125,32.14901) (-0.1198779,1.175465,0.2195108) (346.4409,316.0511,21.24413)
compute 3.27192234657922(-0.328092247247696,0.827486276626587,0.387152135372162) (-0.3534375,0.8069921,0.3842965) (0.05211521,240.9345,33.79782) (-0.05369491,1.187999,0.2464524) (341.9272,337.9069,11.54742)
compute 7.54088757592727(-0.274884283542633,0.873895108699799,0.413640469312668) (-0.3280922,0.8274863,0.3871521) (340.3393,248.463,22.17752) (0.01388314,1.193419,0.2563124) (341.9504,4.930742,358.7285)
compute 7.55068889150382(-0.210080429911613,0.90824168920517,0.431586593389511) (-0.2748843,0.8738951,0.4136405) (327.8102,259.977,8.898098) (0.06908871,1.191947,0.2400932) (346.2491,25.99622,351.6937)
compute 2.16331804953479(-0.190583392977715,0.909611999988556,0.422313928604126) (-0.2100804,0.9082417,0.4315866) (326.6077,265.0363,0.4773578) (0.09376387,1.180936,0.2160631) (350.2195,37.89399,347.1465)
compute 2.75026102699247(-0.201383635401726,0.904116213321686,0.397624969482422) (-0.1905834,0.909612,0.4223139) (327.4044,258.1699,11.04761) (0.1065089,1.172416,0.2002263) (353.399,42.69679,345.1771)
compute 3.64382640951136(-0.237226068973541,0.897591829299927,0.398331761360168) (-0.2013836,0.9041162,0.397625) (326.3603,259.1218,9.007505) (0.113124,1.168618,0.1886015) (354.6512,44.73604,343.6368)
compute 1.54000899625029(-0.250607997179031,0.893021166324615,0.404430598020554) (-0.2372261,0.8975918,0.3983318) (325.1751,263.5628,6.464872) (0.1083039,1.163878,0.1796729) (354.9377,44.79892,342.984)
compute 1.88382432499185(-0.243288919329643,0.876280725002289,0.409020602703094) (-0.250608,0.8930212,0.4044306) (325.244,267.3016,3.845825) (0.08563936,1.169723,0.1702577) (347.4796,43.22941,342.0453)
compute 3.08555829614616(-0.231298089027405,0.867359638214111,0.436015069484711) (-0.2432889,0.8762807,0.4090206) (323.614,272.9789,1.893983) (0.0406066,1.188337,0.1529263) (332.139,41.30849,341.1804)
compute 2.31103915492681(-0.230293050408363,0.85635244846344,0.456310927867889) (-0.2312981,0.8673596,0.4360151) (320.7957,280.0833,355.6237) (-0.002365715,1.197777,0.139911) (324.1039,37.79775,343.3435)
compute 2.28777527654219(-0.252545744180679,0.854177713394165,0.461156517267227) (-0.2302931,0.8563524,0.4563109) (318.7192,288.9035,342.2866) (-0.02713235,1.204107,0.1392646) (317.6669,33.84346,344.7302)
compute 4.06822847461404(-0.287699788808823,0.833706378936768,0.461563944816589) (-0.2525457,0.8541777,0.4611565) (324.3572,294.2313,330.2842) (-0.0488741,1.20739,0.1399652) (312.8849,26.68807,347.9608)
compute 6.30833542050974(-0.324926257133484,0.788861572742462,0.437425941228867) (-0.2876998,0.8337064,0.4615639) (337.1412,297.374,317.8113) (-0.05731292,1.210438,0.1386225) (314.7146,22.92669,350.0068)
compute 4.43761809599088(-0.333775728940964,0.753854930400848,0.411629289388657) (-0.3249263,0.7888616,0.4374259) (343.3586,298.0831,314.4595) (-0.05397301,1.212571,0.1418646) (321.4551,26.10163,349.0246)
compute 1.88577881043657(-0.332471698522568,0.747984647750854,0.393755972385406) (-0.3337757,0.7538549,0.4116293) (344.1063,298.7394,313.8296) (-0.0354287,1.199146,0.1473069) (334.1483,31.77281,348.4992)
compute 6.2055817091211(-0.323810368776321,0.712532162666321,0.343566060066223) (-0.3324717,0.7479846,0.393756) (352.8381,296.2778,309.9507) (-0.01272223,1.187023,0.146706) (346.2489,35.50549,350.219)
compute 1.62619392138615(-0.309825897216797,0.715124428272247,0.335681557655334) (-0.3238104,0.7125322,0.3435661) (356.6736,292.2027,312.7646) (0.009210728,1.175706,0.1387525) (354.2955,38.59646,350.7451)
compute 2.65243948103329(-0.284696102142334,0.719145119190216,0.328206866979599) (-0.3098259,0.7151244,0.3356816) (356.2154,292.1898,312.5769) (0.0383254,1.170056,0.1298515) (358.7876,39.80694,351.8312)
compute 3.06523119443001(-0.257695913314819,0.727221012115479,0.316151410341263) (-0.2846961,0.7191451,0.3282069) (357.7375,291.3707,311.8383) (0.06368101,1.175952,0.1208892) (0.4247119,39.92147,353.5132)
compute 2.62132436117256(-0.234321653842926,0.735965669155121,0.308132112026215) (-0.2576959,0.727221,0.3161514) (357.1904,291.9782,311.5581) (0.08050507,1.179576,0.115332) (2.966095,40.14779,354.6847)
compute 2.15797721178391(-0.214774906635284,0.741289794445038,0.300698071718216) (-0.2343217,0.7359657,0.3081321) (357.3804,294.3117,311.7536) (0.09872,1.174343,0.1105882) (5.613838,40.38445,354.6297)
compute 1.81862935904562(-0.198128595948219,0.744259536266327,0.294003129005432) (-0.2147749,0.7412898,0.3006981) (356.5312,295.3929,313.6554) (0.1119357,1.166686,0.1049697) (9.463882,41.49784,355.0307)
compute 1.03098065686774(-0.188052237033844,0.745738804340363,0.292399734258652) (-0.1981286,0.7442595,0.2940031) (356.1049,297.6061,314.2338) (0.1208141,1.159956,0.1034978) (12.51755,43.11425,356.5109)
compute 0.811855130835383(-0.180512174963951,0.746845185756683,0.295198708772659) (-0.1880522,0.7457388,0.2923997) (354.6017,300.1909,314.8551) (0.1280242,1.152852,0.1022521) (16.22023,44.39754,357.5689)
compute 1.14594043846371(-0.169592440128326,0.750063240528107,0.296510756015778) (-0.1805122,0.7468452,0.2951987) (353.8566,302.7354,313.9199) (0.1312842,1.149673,0.1007807) (18.36528,45.00368,357.8375)
compute 0.589497151914356(-0.164448946714401,0.752198338508606,0.298443764448166) (-0.1695924,0.7500632,0.2965108) (354.9199,306.2808,310.2794) (0.1301269,1.153314,0.09786378) (17.22653,43.58296,358.2906)
compute 1.43101597247183(-0.170744106173515,0.751699864864349,0.285602301359177) (-0.1644489,0.7521983,0.2984438) (355.5723,307.3497,307.55) (0.1137643,1.163589,0.09721653) (13.25684,36.08274,358.1321)
compute 6.14490769546972(-0.211882993578911,0.75073903799057,0.239966154098511) (-0.1707441,0.7516999,0.2856023) (355.7549,306.2278,304.4128) (0.0772991,1.179084,0.09906055) (6.40312,19.55744,358.2223)
compute 9.36221389248831(-0.261024504899979,0.743488311767578,0.16060845553875) (-0.211883,0.750739,0.2399662) (358.4556,304.6582,299.4381) (0.03828691,1.192065,0.1038483) (358.059,358.8439,359.9666)
compute 15.8358759906866(-0.153179064393044,0.776169717311859,0.27186843752861) (-0.2610245,0.7434883,0.1606085) (359.1758,298.7034,298.3097) (0.01455487,1.196093,0.08837391) (353.7614,341.9378,4.221001)
compute 4.19630883399647(-0.175147920846939,0.740454614162445,0.273512095212936) (-0.1531791,0.7761697,0.2718684) (359.2596,292.5923,298.1692) (0.002958655,1.197033,0.07227446) (352.1366,331.6989,7.343772)
compute 3.10154101420387(-0.187038332223892,0.727756142616272,0.24783481657505) (-0.1751479,0.7404546,0.2735121) (359.7064,286.7807,297.9147) (0.0007096455,1.192728,0.07062559) (351.7824,326.6646,8.665873)
compute 2.31327252189899(-0.19687619805336,0.727146625518799,0.226907134056091) (-0.1870383,0.7277561,0.2478348) (359.4153,281.0056,298.3328) (0.0009308606,1.18843,0.07230759) (351.1045,324.0567,9.214595)
compute 1.9688164141737(-0.205569803714752,0.742595791816711,0.21834160387516) (-0.1968762,0.7271466,0.2269071) (359.6802,276.6985,297.2618) (0.001467638,1.185302,0.0739269) (351.0353,322.7635,8.727204)
compute 1.76064364958485(-0.212514236569405,0.758533537387848,0.221125438809395) (-0.2055698,0.7425958,0.2183416) (357.4858,276.7206,294.028) (0.002865389,1.188327,0.07646266) (347.6809,323.8357,8.243583)
compute 4.39010960691382(-0.215324118733406,0.784757733345032,0.256221055984497) (-0.2125142,0.7585335,0.2211254) (350.2308,285.4614,285.1044) (0.008961715,1.194843,0.0732019) (343.1496,325.6144,8.087758)
compute 4.88697677762777(-0.207355871796608,0.807432889938354,0.298772186040878) (-0.2153241,0.7847577,0.2562211) (342.89,298.5441,273.2153) (0.01608885,1.200122,0.06601914) (338.7259,328.0826,8.081402)
compute 1.68998767235216(-0.196494236588478,0.813989639282227,0.30993640422821) (-0.2073559,0.8074329,0.2987722) (341.5384,301.5139,267.0462) (0.02592182,1.207498,0.060762) (332.9863,331.1666,7.371424)
compute 1.65504840143886(-0.193780019879341,0.806115329265594,0.324238389730453) (-0.1964942,0.8139896,0.3099364) (338.6551,301.3553,266.4391) (0.03848464,1.215504,0.05480935) (326.1473,335.682,5.576727)
compute 1.75669063789713(-0.187429592013359,0.799843013286591,0.33936870098114) (-0.19378,0.8061153,0.3242384) (335.7426,302.5305,266.2018) (0.05292608,1.227454,0.04684597) (318.0233,340.6982,2.819572)
compute 3.42364702966(-0.170784160494804,0.791669964790344,0.368148326873779) (-0.1874296,0.799843,0.3393687) (332.6355,309.3542,260.4447) (0.06564717,1.229969,0.04643434) (311.7955,347.2304,358.3205)
compute 5.47872799951927(-0.133469089865685,0.803410708904266,0.406506985425949) (-0.1707842,0.79167,0.3681483) (324.879,321.1185,256.3336) (0.06509487,1.226859,0.04945356) (312.2625,353.1175,353.1302)
compute 4.00777019581684(-0.0967213585972786,0.810687303543091,0.420750498771667) (-0.1334691,0.8034107,0.406507) (320.4045,336.6141,253.7595) (0.04594859,1.220043,0.04932396) (317.5032,355.7642,353.8084)
compute 2.81779089950914(-0.0721502080559731,0.822318971157074,0.428163826465607) (-0.09672136,0.8106873,0.4207505) (320.2546,357.4643,239.5848) (0.02150123,1.217306,0.04605491) (320.7611,357.1681,356.0346)
compute 1.99301943293784(-0.0547431223094463,0.83092474937439,0.432652324438095) (-0.07215021,0.822319,0.4281638) (318.9345,10.22753,235.7542) (0.007865362,1.21913,0.04450646) (321.5009,357.2621,357.3456)
compute 15.4081904798586(0.0432976670563221,0.938904345035553,0.382956802845001) (-0.05474312,0.8309247,0.4326523) (316.9745,14.71881,236.6221) (-0.0004534796,1.224424,0.04366715) (322.4178,355.8175,359.1692)
compute 2.92463269488854(0.0367775559425354,0.910807132720947,0.387792348861694) (0.04329767,0.9389043,0.3829568) (316.7625,13.03986,233.7298) (-0.008753836,1.225314,0.04092653) (322.4347,354.2832,0.05840699)
compute 2.83036713273775(0.0143015310168266,0.911925554275513,0.370626240968704) (0.03677756,0.9108071,0.3877923) (314.1651,9.549127,234.2698) (-0.01274179,1.228294,0.03875647) (322.101,354.3004,359.5638)
compute 5.28682485053577(-0.0314481630921364,0.916360020637512,0.344504356384277) (0.01430153,0.9119256,0.3706262) (310.6964,0.4167595,240.776) (-0.02188288,1.229777,0.03728992) (323.6665,353.7447,0.3274768)
compute 5.72549265094695(-0.0803875848650932,0.920550167560577,0.315084934234619) (-0.03144816,0.91636,0.3445044) (304.7007,347.3414,252.8616) (-0.03085442,1.228437,0.03619105) (325.2933,352.5959,1.779788)
compute 3.53580858075456(-0.106493145227432,0.922290980815887,0.291301250457764) (-0.08038758,0.9205502,0.3150849) (301.4865,337.608,257.7037) (-0.03346194,1.224929,0.03956641) (327.043,351.396,2.698138)
compute 1.15874132509571(-0.116981156170368,0.92356950044632,0.286543607711792) (-0.1064931,0.922291,0.2913013) (303.3992,340.7418,251.9819) (-0.04214289,1.223976,0.04097291) (328.9023,349.4872,3.418633)
compute 1.52906935557551(-0.119164444506168,0.930784523487091,0.299847066402435) (-0.1169812,0.9235695,0.2865436) (308.3628,352.1022,241.0463) (-0.04728972,1.22517,0.04237526) (329.8003,346.6203,5.083089)
compute 3.17653205969882(-0.11311075091362,0.935017168521881,0.330741614103317) (-0.1191644,0.9307845,0.2998471) (313.523,359.3183,235.0876) (-0.05188981,1.222964,0.04364939) (330.1117,344.2016,6.344678)
compute 3.19512734968514(-0.0982263907790184,0.908283352851868,0.339941769838333) (-0.1131108,0.9350172,0.3307416) (315.7169,358.7086,236.6407) (-0.05412452,1.222279,0.04466793) (330.0733,342.9546,6.630434)
compute 1.27214198100694(-0.0891396999359131,0.907879114151001,0.34883576631546) (-0.09822639,0.9082834,0.3399418) (318.2255,0.769987,237.2687) (-0.05439009,1.222912,0.04611026) (330.1028,341.8176,7.000266)
compute 3.9681777825665(-0.0517030768096447,0.908875167369843,0.361956387758255) (-0.0891397,0.9078791,0.3488358) (319.9907,9.617663,234.5088) (-0.05571263,1.224246,0.04779598) (330.8356,340.5948,7.570917)
compute 4.14288537285402(-0.0125975739210844,0.917092978954315,0.372891515493393) (-0.05170308,0.9088752,0.3619564) (320.5933,18.54763,233.7806) (-0.05710167,1.22531,0.04940376) (331.993,340.6755,8.312674)
compute 3.54562707692541(0.0204122047871351,0.926526129245758,0.381752520799637) (-0.01259757,0.917093,0.3728915) (319.1906,27.6495,234.6389) (-0.05448808,1.223663,0.05106557) (333.1865,342.0508,8.443378)
compute 2.39503606571663(0.040666040033102,0.939236581325531,0.383111327886581) (0.0204122,0.9265261,0.3817525) (319.8742,32.39372,235.7386) (-0.05012024,1.220941,0.05099367) (332.8529,343.2998,8.833097)
compute 1.75930228970157(0.0497733019292355,0.953839421272278,0.379460394382477) (0.04066604,0.9392366,0.3831113) (316.374,31.73794,244.5589) (-0.04605893,1.220292,0.05159889) (332.2209,343.792,8.958768)
compute 3.24266172633834(0.0526309423148632,0.983301520347595,0.366220146417618) (0.0497733,0.9538394,0.3794604) (309.2756,26.85555,259.1762) (-0.04303996,1.220775,0.05234426) (332.4248,343.6894,8.832722)
compute 3.27938050785698(0.0620477348566055,1.01220238208771,0.353911697864532) (0.05263094,0.9833015,0.3662201) (301.2104,28.04845,263.9552) (-0.03790007,1.220933,0.05239024) (333.4142,343.9435,8.39448)
compute 2.30960684203096(0.079279825091362,1.02745079994202,0.351919412612915) (0.06204773,1.012202,0.3539117) (297.464,31.59636,265.3246) (-0.03304001,1.219107,0.05301478) (333.5642,344.7139,7.853169)
compute 2.57922587265267(0.102776780724525,1.03521955013275,0.359184414148331) (0.07927983,1.027451,0.3519194) (295.6059,34.68529,270.2625) (-0.02708883,1.21815,0.05344821) (333.5737,346.6801,6.67793)
compute 2.04770444711324(0.116524808108807,1.05036640167236,0.358249545097351) (0.1027768,1.03522,0.3591844) (294.649,33.2209,279.7193) (-0.02156704,1.217463,0.05311384) (333.783,349.0251,5.631445)
compute 1.21693098039921(0.123131670057774,1.06052815914154,0.359335899353027) (0.1165248,1.050366,0.3582495) (296.5302,30.20371,289.2308) (-0.01370012,1.216078,0.05395139) (333.9128,353.4496,3.607281)
compute 0.817529974008906(0.124963954091072,1.06843101978302,0.358324438333511) (0.1231317,1.060528,0.3593359) (297.0974,27.9756,295.7968) (-0.005511038,1.21605,0.05615196) (334.7436,358.822,1.951595)
compute 0.392340193867832(0.125806197524071,1.07118356227875,0.355658501386642) (0.124964,1.068431,0.3583244) (295.099,29.29739,300.3276) (-0.0007822365,1.212478,0.05700924) (337.1506,2.729824,0.4101053)
compute 1.47277065867635(0.126777112483978,1.08566653728485,0.358149707317352) (0.1258062,1.071184,0.3556585) (292.138,36.24501,302.3723) (0.001414545,1.206341,0.05623557) (341.0515,5.969501,359.2978)
compute 2.43087867417493(0.124092049896717,1.10037124156952,0.37731945514679) (0.1267771,1.085667,0.3581497) (286.6301,37.91034,312.8884) (0.0008565187,1.200193,0.05432393) (346.1712,8.352406,358.7333)
compute 2.30231018126472(0.11827813833952,1.10460209846497,0.399190932512283) (0.124092,1.100371,0.3773195) (280.4796,32.31082,331.3876) (7.763132E-05,1.195326,0.05297825) (350.5287,11.12065,357.821)
compute 1.03672978484791(0.116059109568596,1.10914659500122,0.408241033554077) (0.1182781,1.104602,0.3991909) (283.4766,31.75362,335.2791) (0.002018698,1.19261,0.05260083) (353.3141,14.54133,357.5721)
Average= 9.92352359575351
Max= 44.7432517679105
Standard Deviation= 9.66997436380986
Right: 19    Wrong: 11
0
