yellow 249.6356 255.2467 13.98103 (0.3816697,5,0.7) (0.3816697,1.710316,0.7)
yellow 250.6433 256.6245 14.79408 (-0.3607346,5,0.7) (-0.3607346,1.712823,0.7)
purple 250.6433 256.8134 10.7036 (-0.06964409,5,0.7) (-0.06964409,0.07782312,0.7)
yellow 250.1442 256.9689 16.4465 (-0.5331275,5,0.7) (-0.5331275,1.693138,0.7)
purple 251.1435 257.08 10.32848 (-0.4894229,5,0.7) (-0.4894229,0.07398218,0.7)
blue 250.1442 257.1689 12.02122 (0.09089959,5,0.7) (0.09089959,0.07800786,0.7)
blue 250.6433 257.2245 11.33816 (-0.9475126,5,0.7) (-0.9475126,0.07566771,0.7)
yellow 251.1435 257.6356 14.95482 (0.07528317,5,0.7) (0.07528317,1.47517,0.7)
yellow 251.6425 258.1356 15.40927 (0.115297,5,0.7) (0.115297,1.598791,0.7)
purple 250.1442 258.3467 13.77082 (-0.989219,5,0.7) (-0.989219,0.0827333,0.7)
purple 252.1408 258.6356 11.21255 (0.7682273,5,0.7) (0.7682273,0.08137745,0.7)
blue 252.1408 258.8022 11.46167 (0.193616,5,0.7) (0.193616,0.07754841,0.7)
yellow 252.6399 258.9689 14.77202 (0.181805,5,0.7) (0.181805,1.515823,0.7)
blue 249.6356 259.5022 16.07722 (-0.9593489,5,0.7) (-0.9593489,0.08062719,0.7)
blue 251.1435 259.7356 14.31724 (0.7443759,5,0.7) (0.7443759,0.07864757,0.7)
yellow 253.1389 259.7689 15.39261 (-0.636795,5,0.7) (-0.636795,1.523958,0.7)
blue 253.1389 260.0911 11.91022 (-0.3790973,5,0.7) (-0.3790973,0.08116898,0.7)
yellow 252.1408 260.1578 16.46901 (-0.9331026,5,0.7) (-0.9331026,1.120044,0.7)
purple 253.638 260.78 12.18255 (-0.4806281,5,0.7) (-0.4806281,0.07506886,0.7)
yellow 254.1362 261.1467 16.23465 (-0.2470766,5,0.7) (-0.2470766,1.552681,0.7)
blue 252.6399 261.2578 14.35564 (0.2283427,5,0.7) (0.2283427,0.08141542,0.7)
blue 253.638 261.3911 13.10692 (-0.8761446,5,0.7) (-0.8761446,0.08233314,0.7)
purple 252.6399 261.5689 14.79971 (-0.5780344,5,0.7) (-0.5780344,0.08353555,0.7)
purple 251.6425 261.6689 16.30642 (0.625284,5,0.7) (0.625284,0.08230829,0.7)
purple 254.6465 262.0578 12.61347 (0.170741,5,0.7) (0.170741,0.08201557,0.7)
purple 254.1362 262.1133 17.04526 (-0.8915694,5,0.7) (-0.8915694,1.30031,0.7)
yellow 255.1466 262.1133 15.54788 (-0.8484344,5,0.7) (-0.8484344,1.385697,0.7)
blue 254.6465 262.18 12.79093 (-0.0948211,5,0.7) (-0.0948211,0.08025658,0.7)
purple 249.6356 262.3689 19.76121 (-0.9872744,5,0.7) (-0.9872744,0.08207466,0.7)
yellow 256.1436 262.6245 14.97612 (-0.7748885,5,0.7) (-0.7748885,1.487202,0.7)
yellow 253.638 263.2133 15.69393 (0.7738097,5,0.7) (0.7738097,0.08422811,0.7)
blue 251.6425 263.2467 18.37201 (-0.0213877,5,0.7) (-0.0213877,0.08409751,0.7)
yellow 257.1439 263.6356 15.30497 (-0.730202,5,0.7) (-0.730202,1.571001,0.7)
blue 257.1439 263.8022 11.46958 (-0.001659036,5,0.7) (-0.001659036,0.08142242,0.7)
yellow 258.1413 263.98 14.16033 (-0.4378835,5,0.7) (-0.4378835,1.622881,0.7)
purple 259.1386 264.0133 12.10477 (-0.3628734,5,0.7) (-0.3628734,1.62875,0.7)
yellow 254.6465 264.4578 16.02573 (0.4139771,5,0.7) (0.4139771,0.0838562,0.7)
blue 255.6465 264.6467 14.90819 (-0.7187202,5,0.7) (-0.7187202,0.08335804,0.7)
blue 256.1436 264.78 14.38545 (0.1963705,5,0.7) (0.1963705,0.08072811,0.7)
purple 255.1466 264.9022 15.94667 (-0.771028,5,0.7) (-0.771028,0.08249539,0.7)
purple 253.1389 265.1689 18.90037 (0.04590476,5,0.7) (0.04590476,0.08300424,0.7)
yellow 255.6465 265.4133 15.96473 (0.600251,5,0.7) (0.600251,0.08356288,0.7)
purple 258.6405 265.6356 11.96706 (0.5164888,5,0.7) (0.5164888,0.07625621,0.7)
yellow 256.644 265.7022 14.98327 (-0.8782547,5,0.7) (-0.8782547,0.08241567,0.7)
yellow 257.6422 265.7245 13.58752 (0.6109509,5,0.7) (0.6109509,0.07993539,0.7)
blue 254.1362 265.8134 18.4494 (-0.3296598,5,0.7) (-0.3296598,0.08177958,0.7)
yellow 259.1386 266.1245 16.81243 (0.5285997,5,0.7) (0.5285997,1.706735,0.7)
blue 255.1466 266.6578 18.25465 (-0.2542425,5,0.7) (-0.2542425,0.08261281,0.7)
blue 257.6422 266.7133 14.98983 (0.05502284,5,0.7) (0.05502284,0.07886034,0.7)
blue 256.644 266.8689 16.56711 (-0.3033842,5,0.7) (-0.3033842,0.07966164,0.7)
yellow 258.6405 266.98 16.02635 (-0.3101832,5,0.7) (-0.3101832,0.8275914,0.7)
purple 255.6465 267.2911 18.42403 (0.1791202,5,0.7) (0.1791202,0.08262753,0.7)
purple 256.1436 267.4022 17.92282 (0.7465739,5,0.7) (0.7465739,0.08093326,0.7)
purple 256.644 267.4467 17.343 (0.09380424,5,0.7) (0.09380424,0.08438975,0.7)
purple 257.1439 267.5578 16.82701 (-0.779402,5,0.7) (-0.779402,0.0828144,0.7)
blue 258.1413 268.1245 16.24657 (-0.2763919,5,0.7) (-0.2763919,0.08228236,0.7)
blue 258.6405 268.48 16.04708 (0.7929349,5,0.7) (0.7929349,0.08061557,0.7)
purple 258.1413 269.8356 18.47468 (0.02690113,5,0.7) (0.02690113,0.08085513,0.7)
purple 257.6422 270.2245 19.58653 (-0.4422208,5,0.7) (-0.4422208,0.08261253,0.7)
blue 259.1386 271.0467 18.75242 (0.02327669,5,0.7) (0.02327669,0.08469731,0.7)
0
