compute 28.9475566812776(0.0525800138711929,0.829005002975464,0.0967361554503441) (-0.008050719,0.9619638,0.3466201) (327.9278,317.2125,3.361675) (0.0294218,1.323731,-0.06380521) (316.7751,355.046,359.7177)
compute 0.00765724426461446(0.0525797456502914,0.829080581665039,0.096748448908329) (0.05258001,0.829005,0.09673616) (327.9404,317.1057,3.464599) (0.02911656,1.323722,-0.06366716) (317.0736,355.007,359.7218)
compute 0.00927814825870203(0.0526172555983067,0.829141676425934,0.0968073457479477) (0.05257975,0.8290806,0.09674845) (327.9516,317.1066,3.448673) (0.02944877,1.323266,-0.0624532) (317.2459,354.747,359.7261)
compute 0.010497779385655(0.0526002123951912,0.829149425029755,0.0969106405973434) (0.05261726,0.8291417,0.09680735) (328.1593,317.0928,3.198509) (0.02882787,1.323473,-0.06210742) (317.0259,354.4479,359.8027)
compute 0.0223128907652426(0.0524151884019375,0.829126536846161,0.0970332324504852) (0.05260021,0.8291494,0.09691064) (328.4137,316.9475,2.944985) (0.02626118,1.327061,-0.0659071) (316.1121,353.4476,0.3067911)
compute 0.239179908416658(0.0500328652560711,0.829080641269684,0.0972409173846245) (0.05241519,0.8291265,0.09703323) (328.7188,316.8804,2.549876) (0.0243213,1.330633,-0.07541683) (314.122,352.5833,1.008384)
compute 0.2051317732972(0.0483887977898121,0.829893350601196,0.0963219776749611) (0.05003287,0.8290806,0.09724092) (328.7508,316.6458,2.584083) (0.0237202,1.330797,-0.0852247) (312.3587,353.4739,0.7769436)
compute 0.627730216972925(0.0473878085613251,0.830208957195282,0.0901330411434174) (0.0483888,0.8298934,0.09632198) (328.0364,315.1998,4.225925) (0.02393385,1.329619,-0.09805723) (310.3283,353.8894,0.6500746)
compute 0.572152317578657(0.047295693308115,0.83034348487854,0.0844138413667679) (0.04738781,0.830209,0.09013304) (327.1269,315.2589,4.91263) (0.02396025,1.328019,-0.1102362) (308.4551,354.6026,0.5155441)
compute 0.748347781334889(0.0475788712501526,0.829025149345398,0.0770528465509415) (0.04729569,0.8303435,0.08441384) (325.9891,315.7689,5.418317) (0.0237865,1.326128,-0.1191121) (307.6485,355.5728,359.9668)
compute 0.691722527587898(0.0479916930198669,0.827366471290588,0.0703501328825951) (0.04757887,0.8290251,0.07705285) (325.1122,315.7697,6.091398) (0.02510168,1.324015,-0.1251221) (306.8687,355.938,359.7864)
compute 0.367923813139236(0.0496747493743896,0.825628042221069,0.0675784945487976) (0.04799169,0.8273665,0.07035013) (324.992,315.8988,6.130488) (0.0255527,1.323818,-0.1276126) (306.1367,356.4872,359.5152)
compute 0.271476753459972(0.0507962480187416,0.825175285339355,0.0651480183005333) (0.04967475,0.825628,0.06757849) (324.9522,315.9144,6.127049) (0.02606482,1.324477,-0.130099) (306.1328,356.2437,359.8566)
compute 0.294617452412918(0.0510436333715916,0.824975728988647,0.06221903860569) (0.05079625,0.8251753,0.06514802) (325.2114,315.2651,6.627339) (0.02353031,1.32516,-0.134118) (306.0846,354.4185,1.185968)
compute 0.477065482351907(0.0469529926776886,0.824852526187897,0.0597673803567886) (0.05104363,0.8249757,0.06221904) (325.3229,314.1508,7.862416) (0.02005669,1.325676,-0.1395983) (305.4716,351.6431,3.087668)
compute 0.926562114827491(0.038397304713726,0.824806988239288,0.0562107153236866) (0.04695299,0.8248525,0.05976738) (325.4507,313.3307,8.708062) (0.01704451,1.325193,-0.1455211) (305.0579,350.6039,4.233259)
compute 0.557620141460719(0.0346210971474648,0.8247309923172,0.052108459174633) (0.0383973,0.824807,0.05621072) (325.5146,311.6998,10.55459) (0.0163527,1.324582,-0.1499304) (304.8281,350.109,4.760179)
compute 0.344415325076097(0.0325802974402905,0.824707388877869,0.0493341535329819) (0.0346211,0.824731,0.05210846) (325.5128,310.5766,11.70714) (0.01639801,1.323707,-0.1504392) (305.2073,350.0473,4.799181)
compute 0.267568711131254(0.031754232943058,0.824511647224426,0.0467967130243778) (0.0325803,0.8247074,0.04933415) (325.8087,310.2088,12.05875) (0.01540777,1.322948,-0.1517092) (305.5598,351.0893,4.582749)
compute 0.246497606530667(0.0313256047666073,0.82421350479126,0.0443876683712006) (0.03175423,0.8245116,0.04679671) (325.8472,309.2623,13.24279) (0.01541054,1.320514,-0.153509) (304.762,353.0381,3.782692)
compute 0.339510047326693(0.0329318456351757,0.821959793567657,0.0424210764467716) (0.0313256,0.8242135,0.04438767) (325.8398,308.951,13.80129) (0.01674085,1.317888,-0.1573509) (303.6498,354.7813,2.718804)
compute 0.350114034112601(0.0356784723699093,0.819932878017426,0.0416428484022617) (0.03293185,0.8219598,0.04242108) (325.9323,308.4342,14.63244) (0.01715209,1.317086,-0.1547924) (303.3901,355.6852,2.082947)
compute 0.148580084319643(0.0367619022727013,0.819220781326294,0.0423685908317566) (0.03567847,0.8199329,0.04164285) (326.5316,308.4181,14.66878) (0.01683032,1.317667,-0.143064) (304.6174,356.3268,1.5992)
compute 0.755687930542513(0.0373271480202675,0.818572998046875,0.049876406788826) (0.0367619,0.8192208,0.04236859) (327.9713,308.0788,14.59666) (0.01661111,1.31951,-0.1327598) (304.9961,356.6126,1.405688)
compute 0.901015209155611(0.0375066213309765,0.819465577602386,0.0588404424488544) (0.03732715,0.818573,0.04987641) (329.0056,308.0089,14.01463) (0.01370363,1.323566,-0.1228417) (305.3022,355.7073,1.878539)
compute 0.855283570832124(0.0368261709809303,0.821900486946106,0.0670110732316971) (0.03750662,0.8194656,0.05884044) (330.4831,308.1748,13.02062) (0.0120802,1.325086,-0.1146669) (306.1066,355.5945,2.186157)
compute 0.587806406965899(0.0354856252670288,0.822294950485229,0.0727206245064735) (0.03682617,0.8219005,0.06701107) (331.1992,308.0299,13.10279) (0.01166743,1.324726,-0.1098607) (306.3813,355.507,2.321337)
compute 0.577774648747035(0.034970223903656,0.822258532047272,0.078475221991539) (0.03548563,0.822295,0.07272062) (332.4113,308.5926,11.87267) (0.01203435,1.324951,-0.1053827) (306.2844,355.074,2.479767)
compute 0.502013373647791(0.0344153046607971,0.821964502334595,0.0834559202194214) (0.03497022,0.8222585,0.07847522) (334.0056,308.9868,10.53535) (0.01218985,1.325015,-0.1006301) (307.0843,355.2549,2.264679)
compute 0.255542666015253(0.0341394320130348,0.822044730186462,0.0859951451420784) (0.0344153,0.8219645,0.08345592) (334.6172,309.0463,9.64147) (0.01534888,1.324792,-0.09868427) (307.1727,356.0524,1.478076)
compute 0.161168015607908(0.0342247299849987,0.822661399841309,0.0874817371368408) (0.03413943,0.8220447,0.08599515) (334.9506,309.2402,9.255072) (0.01537253,1.325587,-0.09810013) (306.5387,356.5618,1.198374)
compute 0.311670698338224(0.0353720486164093,0.822804808616638,0.0903760343790054) (0.03422473,0.8226614,0.08748174) (335.4163,309.403,8.506642) (0.01594258,1.32551,-0.09336078) (307.24,357.0981,0.8902)
compute 0.312932626403017(0.036198690533638,0.822729289531708,0.0933932587504387) (0.03537205,0.8228048,0.09037603) (335.8638,309.5134,8.40449) (0.01588307,1.324795,-0.091505) (307.1124,357.2655,1.011037)
compute 0.29451752354654(0.0377361215651035,0.822624266147614,0.095903106033802) (0.03619869,0.8227293,0.09339326) (336.3409,310.0928,7.957317) (0.01673232,1.324501,-0.08832227) (307.2698,358.3182,0.6078135)
compute 0.389349607913199(0.0399380773305893,0.822345435619354,0.0991020053625107) (0.03773612,0.8226243,0.09590311) (337.2596,310.7188,7.602979) (0.01727441,1.32463,-0.08118726) (308.4094,358.9933,0.2794883)
compute 0.33557954439652(0.0419488586485386,0.822096526622772,0.101777106523514) (0.03993808,0.8223454,0.09910201) (338.2097,311.9257,6.774992) (0.01737253,1.324965,-0.07643043) (309.5763,-0.003671901,359.8593)
compute 0.231465996958218(0.0440196357667446,0.821963012218475,0.102802634239197) (0.04194886,0.8220965,0.1017771) (338.7847,313.4831,6.21505) (0.01723535,1.325384,-0.07459421) (310.4467,0.5230809,359.5964)
compute 0.223349218514098(0.0460189059376717,0.821761310100555,0.103777684271336) (0.04401964,0.821963,0.1028026) (339.6773,315.2029,5.86712) (0.01705141,1.325162,-0.07250382) (311.4508,0.8454674,359.3674)
compute 0.133218900327163(0.0471292175352573,0.821704745292664,0.104511670768261) (0.04601891,0.8217613,0.1037777) (340.3004,316.9377,5.129257) (0.01659507,1.325397,-0.07289314) (312.0175,0.8863937,359.2444)
compute 0.090519614806351(0.0478292293846607,0.822187960147858,0.104202046990395) (0.04712922,0.8217047,0.1045117) (339.7054,319.249,6.400336) (0.01251081,1.325459,-0.07263724) (312.6404,2.161652,358.4004)
compute 0.0623861645758753(0.0472278967499733,0.822221636772156,0.104364737868309) (0.04782923,0.822188,0.104202) (340.1353,322.8469,7.575884) (0.003719828,1.325388,-0.06785703) (313.6525,3.403836,357.6068)
compute 0.747387900313766(0.039846409112215,0.823117315769196,0.105119898915291) (0.0472279,0.8222216,0.1043647) (338.0068,328.0305,9.894575) (-0.007932559,1.322505,-0.06093325) (315.783,5.233572,356.1963)
compute 0.383618590895128(0.0368236489593983,0.82540100812912,0.104516580700874) (0.03984641,0.8231173,0.1051199) (331.1531,339.7684,7.81691) (-0.0139643,1.316412,-0.05646861) (316.8923,8.054879,354.7738)
compute 0.655910313013691(0.0407878793776035,0.829017043113709,0.100744180381298) (0.03682365,0.825401,0.1045166) (315.0574,351.2149,5.146878) (-0.01407898,1.31694,-0.04900083) (317.7652,8.280359,355.8899)
compute 0.818982664482595(0.0440894439816475,0.832318484783173,0.0940156280994415) (0.04078788,0.829017,0.1007442) (295.753,355.5649,8.10427) (0.001177862,1.31635,-0.04207459) (317.7976,9.13303,355.1152)
compute 1.5154426608075(0.0579985603690147,0.831284403800964,0.0880890935659409) (0.04408944,0.8323185,0.09401563) (276.6703,307.7762,60.84748) (0.02185354,1.315769,-0.03473897) (318.6762,8.382361,355.5005)
compute 52.5242744937444(0.24701327085495,1.28608846664429,0.270590245723724) (0.05799856,0.8312844,0.08808909) (274.2885,211.0606,152.7985) (0.04245474,1.313942,-0.0283936) (317.7047,9.35888,353.6505)
compute 4.99588382514391(0.242240101099014,1.33283925056458,0.287545084953308) (0.2470133,1.286088,0.2705902) (277.8495,245.9484,112.1981) (0.05903044,1.31423,-0.01539271) (317.5492,10.54042,352.538)
compute 6.54966798739366(0.233169630169868,1.37253642082214,0.338844954967499) (0.2422401,1.332839,0.2875451) (282.0227,282.6258,76.64806) (0.06839645,1.313532,0.008314856) (320.8293,10.59465,352.4147)
compute 4.6154993716416(0.230640783905983,1.41175150871277,0.363053739070892) (0.2331696,1.372536,0.338845) (282.4652,281.1647,79.49821) (0.07491149,1.312842,0.02541992) (322.4047,11.53238,351.5716)
compute 7.61747715125235(0.231857299804688,1.48073637485504,0.395336925983429) (0.2306408,1.411752,0.3630537) (281.7217,278.705,84.95029) (0.08049559,1.317091,0.04201064) (323.2001,10.57167,352.5009)
compute 7.17258257804503(0.247233226895332,1.54250073432922,0.428402602672577) (0.2318573,1.480736,0.3953369) (280.6476,293.1887,72.16593) (0.08496027,1.320839,0.05212419) (323.3976,8.001283,354.2419)
compute 7.91685756490003(0.268802762031555,1.6153028011322,0.45081415772438) (0.2472332,1.542501,0.4284026) (278.881,304.4545,64.47627) (0.09308639,1.328511,0.06404816) (322.9547,6.280339,354.3148)
compute 5.60201531836451(0.281353682279587,1.66914403438568,0.45986145734787) (0.2688028,1.615303,0.4508142) (278.6049,306.5187,67.02177) (0.1036776,1.333085,0.0765617) (323.3146,6.125747,354.9147)
compute 2.85717245591685(0.292924851179123,1.68362653255463,0.4816033244133) (0.2813537,1.669144,0.4598615) (281.6296,333.3717,45.80075) (0.1101473,1.337377,0.08492772) (322.7397,3.370045,356.3767)
compute 3.18295335995799(0.312245845794678,1.67725622653961,0.506082653999329) (0.2929249,1.683627,0.4816033) (282.8668,352.5399,27.71867) (0.110583,1.339189,0.08614084) (323.7676,1.252489,356.9435)
compute 4.89777316150548(0.322781264781952,1.64465618133545,0.541083514690399) (0.3122458,1.677256,0.5060827) (292.0273,356.5823,23.69618) (0.1100982,1.335275,0.08323096) (325.0258,1.076774,356.0516)
compute 5.27712565910112(0.335250198841095,1.60195124149323,0.569466948509216) (0.3227813,1.644656,0.5410835) (297.8969,358.9375,10.15049) (0.1142267,1.3236,0.07829407) (325.8158,1.131626,355.4655)
compute 4.07308538440993(0.349668323993683,1.5700843334198,0.590338468551636) (0.3352502,1.601951,0.5694669) (303.6996,2.662882,3.394062) (0.1152879,1.315034,0.0702282) (326.8049,358.7591,356.5254)
compute 4.04101143872334(0.323946118354797,1.56680154800415,0.559345424175262) (0.3496683,1.570084,0.5903385) (287.3192,0.283788,357.7164) (0.07045989,1.317566,0.04716446) (323.3223,334.4484,3.867663)
compute 12.3797490626498(0.228505089879036,1.50932705402374,0.50536847114563) (0.3239461,1.566802,0.5593454) (284.2527,300.3875,53.18629) (0.05764119,1.320472,0.0177785) (320.7156,326.2769,7.546447)
compute 11.0559051574547(0.132219925522804,1.46928989887238,0.468632966279984) (0.2285051,1.509327,0.5053685) (291.7431,281.9485,66.49479) (0.04210506,1.312261,0.0002646567) (319.0002,327.9034,7.798528)
compute 11.2151338110201(0.0293937884271145,1.46369099617004,0.424210429191589) (0.1322199,1.46929,0.468633) (295.8123,267.0905,75.38368) (0.01105164,1.306872,-0.01110509) (319.0764,328.5596,8.265136)
compute 10.0798168512868(-0.0652630627155304,1.47018003463745,0.390177458524704) (0.02939379,1.463691,0.4242104) (298.8398,266.0705,74.22702) (-0.03088549,1.300644,-0.01695488) (320.1129,332.207,6.386759)
compute 7.34036784180185(-0.13277342915535,1.48821270465851,0.367699176073074) (-0.06526306,1.47018,0.3901775) (296.8498,263.2646,80.46366) (-0.08943587,1.289257,-0.01298109) (322.4158,337.338,3.949794)
compute 6.02234684989362(-0.189136326313019,1.50700998306274,0.357862889766693) (-0.1327734,1.488213,0.3676992) (293.6079,256.55,88.09144) (-0.1533598,1.287021,-0.01086444) (323.4295,340.901,1.856366)
compute 6.31107453719131(-0.24369889497757,1.53861653804779,0.355232685804367) (-0.1891363,1.50701,0.3578629) (292.0258,242.062,106.3355) (-0.2045482,1.296079,-0.0002264669) (321.8091,341.4882,2.078748)
compute 5.52121810558782(-0.284857630729675,1.57540559768677,0.356185853481293) (-0.2436989,1.538617,0.3552327) (290.5613,229.117,118.2982) (-0.2305719,1.306593,0.02497642) (322.1444,340.4528,4.896907)
compute 5.36596587306222(-0.31000342965126,1.61734402179718,0.378281474113464) (-0.2848576,1.575406,0.3561859) (293.0955,231.6621,118.8695) (-0.2534461,1.324653,0.04622687) (322.8945,339.1941,5.842581)
compute 5.95673899360094(-0.321587771177292,1.65922498703003,0.419025331735611) (-0.3100034,1.617344,0.3782815) (290.956,230.8449,125.6045) (-0.2808705,1.325698,0.05767034) (323.8715,337.556,8.008853)
compute 13.968721723501(-0.361467272043228,1.63981604576111,0.551484525203705) (-0.3215878,1.659225,0.4190253) (309.9981,313.9606,40.28767) (-0.3050649,1.323952,0.06412625) (325.2598,334.7873,8.995675)
compute 6.10164642769563(-0.39322954416275,1.64565968513489,0.499715626239777) (-0.3614673,1.639816,0.5514845) (291.4665,293.4878,56.89024) (-0.3252145,1.320622,0.0727043) (325.7219,331.9477,10.18626)
compute 7.21615469283817(-0.457134693861008,1.6361266374588,0.467582434415817) (-0.3932295,1.64566,0.4997156) (297.1759,265.7073,90.26303) (-0.333449,1.316484,0.08535562) (327.6806,333.2856,9.841213)
compute 5.16130895030295(-0.505659818649292,1.632080078125,0.484695255756378) (-0.4571347,1.636127,0.4675824) (298.7942,263.0237,93.88921) (-0.3427024,1.31658,0.09185348) (328.4691,331.6935,11.26588)
compute 10.1064726126458(-0.535967469215393,1.56764733791351,0.556416571140289) (-0.5056598,1.63208,0.4846953) (318.7373,301.6085,65.62175) (-0.3303551,1.311098,0.09070199) (328.9686,339.058,11.45843)
compute 10.8611240035579(-0.495016008615494,1.49059414863586,0.491746753454208) (-0.5359675,1.567647,0.5564166) (312.3654,282.9714,74.46508) (-0.2666492,1.317245,0.08599471) (326.0136,1.574086,5.873692)
compute 18.6030808076484(-0.355869174003601,1.3991791009903,0.408747285604477) (-0.495016,1.490594,0.4917468) (302.4463,266.0124,85.83445) (-0.2195562,1.317424,0.072768) (327.1631,10.59436,2.902561)
compute 20.87696135192(-0.175261989235878,1.32987582683563,0.330243438482285) (-0.3558692,1.399179,0.4087473) (294.2161,227.4707,133.6525) (-0.1771446,1.31386,0.06176944) (328.1797,13.61346,0.1308181)
compute 10.0130544140469(-0.0795543044805527,1.35884213447571,0.335450977087021) (-0.175262,1.329876,0.3302434) (289.5694,212.8601,153.9501) (-0.1449399,1.306094,0.06048296) (328.4904,13.89258,356.2839)
compute 11.7615441159753(-0.0400055982172489,1.43188393115997,0.418722748756409) (-0.0795543,1.358842,0.335451) (276.1207,226.0386,138.4837) (-0.1286816,1.305457,0.07318217) (329.4868,9.395208,359.8192)
compute 13.4357024470717(-0.0170575175434351,1.48198521137238,0.541258692741394) (-0.0400056,1.431884,0.4187227) (279.9587,325.5009,43.22554) (-0.1221697,1.317584,0.08142157) (325.5477,7.052812,358.9602)
compute 10.8852281046247(0.00262075755745173,1.45234811306,0.644133508205414) (-0.01705752,1.481985,0.5412587) (313.6744,354.3897,12.25484) (-0.1159371,1.321416,0.08256958) (325.2575,6.238395,357.9977)
compute 9.72519980758029(-0.00512249395251274,1.47861897945404,0.550817728042603) (0.002620758,1.452348,0.6441335) (284.3772,334.4162,32.72689) (-0.1039607,1.317385,0.09002375) (325.0257,7.405072,356.1423)
compute 3.6049107412363(-0.00341008463874459,1.50600218772888,0.527434706687927) (-0.005122494,1.478619,0.5508177) (279.9528,298.1494,73.51048) (-0.08966395,1.316711,0.1022414) (325.3377,8.232615,354.7794)
compute 4.82138081681542(0.0199817884713411,1.54554855823517,0.512823879718781) (-0.003410085,1.506002,0.5274347) (276.8419,260.7835,113.7911) (-0.08076496,1.317953,0.1164109) (325.4599,7.189872,353.7728)
compute 5.58213650679539(0.0439021214842796,1.59078407287598,0.535130620002747) (0.01998179,1.545549,0.5128239) (275.7158,268.7938,108.5471) (-0.07633332,1.326188,0.1314494) (324.268,5.433125,355.4861)
compute 10.3211250771819(0.0676815584301949,1.58794093132019,0.635524928569794) (0.04390212,1.590784,0.5351306) (296.9648,353.5115,21.24155) (-0.06639251,1.329917,0.1450208) (323.8264,6.20675,354.6463)
compute 12.7170675220215(-0.0153368236497045,1.50979602336884,0.579189300537109) (0.06768156,1.587941,0.6355249) (291.7171,312.671,59.6367) (-0.0650617,1.324451,0.1515744) (324.8758,8.234106,354.157)
compute 28.7692259028827(-0.176208108663559,1.29878580570221,0.46800497174263) (-0.01533682,1.509796,0.5791893) (319.6593,260.5716,105.4087) (-0.0705319,1.316312,0.1499686) (326.2009,11.73644,352.7486)
compute 12.774509287921(-0.223744124174118,1.20357549190521,0.397335797548294) (-0.1762081,1.298786,0.468005) (321.7397,253.5482,102.7826) (-0.08926564,1.311971,0.144479) (328.4677,14.17493,351.697)
compute 9.04795228087387(-0.192822739481926,1.2750551700592,0.351280748844147) (-0.2237441,1.203575,0.3973358) (310.0566,230.8091,129.8434) (-0.09731136,1.309804,0.1276165) (329.9235,15.17199,350.8786)
compute 16.9673900639824(-0.0853190645575523,1.40357971191406,0.37799471616745) (-0.1928227,1.275055,0.3512807) (289.2163,177.407,182.3351) (-0.08960341,1.307789,0.1154166) (331.8569,18.79925,348.5955)
compute 14.7009687442681(0.0181403905153275,1.48379111289978,0.444883584976196) (-0.08531906,1.40358,0.3779947) (295.8456,104.8194,250.9919) (-0.07702605,1.307418,0.1133892) (333.3026,19.18726,346.8088)
compute 10.5103574238213(0.0910969227552414,1.52550506591797,0.508002936840057) (0.01814039,1.483791,0.4448836) (305.2747,88.35605,268.2403) (-0.06191084,1.30714,0.1189317) (334.7075,18.29699,346.0331)
compute 7.07323621126692(0.117732144892216,1.53913831710815,0.572094798088074) (0.09109692,1.525505,0.5080029) (309.1077,67.60194,288.226) (-0.04558765,1.301222,0.1290386) (338.0277,17.6112,345.3423)
compute 7.22615030305531(0.059689536690712,1.49621057510376,0.568934202194214) (0.1177321,1.539138,0.5720948) (320.3417,49.46167,282.2978) (-0.04445796,1.299184,0.1316517) (338.2641,14.02562,346.9567)
compute 29.6510166663821(-0.173088490962982,1.41822552680969,0.40264829993248) (0.05968954,1.496211,0.5689342) (278.7824,183.8406,151.9592) (-0.1080549,1.314203,0.1269411) (330.8434,343.704,352.6489)
compute 25.1587087999542(-0.322509258985519,1.23841488361359,0.309709459543228) (-0.1730885,1.418226,0.4026483) (319.9335,223.5987,95.82289) (-0.1813765,1.324618,0.07736911) (327.7304,315.2515,5.829592)
compute 12.1832067790431(-0.395251214504242,1.141561627388,0.296628624200821) (-0.3225093,1.238415,0.3097095) (343.7742,228.6879,90.85285) (-0.2143587,1.313911,0.06789042) (329.0977,315.5791,8.061988)
compute 13.8863523058493(-0.429804503917694,1.26716196537018,0.344729602336884) (-0.3952512,1.141562,0.2966286) (324.0532,235.1185,86.57998) (-0.2493111,1.304056,0.08375984) (333.0785,322.0427,7.191195)
compute 16.619485020848(-0.444984704256058,1.42225170135498,0.40250039100647) (-0.4298045,1.267162,0.3447296) (298.1411,239.2709,78.91553) (-0.2917444,1.298805,0.1035436) (336.5517,324.3737,6.357619)
compute 13.0997184706757(-0.510085225105286,1.503093957901,0.482417315244675) (-0.4449847,1.422252,0.4025004) (291.682,260.7761,62.23557) (-0.329711,1.296285,0.1193876) (341.2833,323.071,7.934464)
compute 17.0026306077931(-0.604928910732269,1.45619595050812,0.615512013435364) (-0.5100852,1.503094,0.4824173) (328.1576,300.9738,31.95289) (-0.3640832,1.274404,0.1222957) (349.3328,317.5132,8.811399)
compute 12.8955519059972(-0.635240077972412,1.40037274360657,0.50328665971756) (-0.6049289,1.456196,0.615512) (317.8838,271.4115,40.81441) (-0.3903836,1.257033,0.1196915) (354.1246,312.5602,9.16147)
compute 19.7739340984631(-0.755725562572479,1.24500608444214,0.482184588909149) (-0.6352401,1.400373,0.5032867) (350.0112,261.3678,64.38731) (-0.414816,1.241488,0.1345764) (357.089,312.4292,7.70511)
compute 12.8292992822315(-0.849032521247864,1.16593527793884,0.520923614501953) (-0.7557256,1.245006,0.4821846) (358.6458,268.8661,63.87571) (-0.4502848,1.226595,0.1457012) (357.1495,309.3521,7.854627)
compute 8.08353863649945(-0.87592625617981,1.10526931285858,0.567083418369293) (-0.8490325,1.165935,0.5209236) (4.791193,286.748,69.77889) (-0.4635384,1.213956,0.1448874) (356.9156,307.047,7.799684)
compute 13.9882050275711(-0.799333989620209,1.21232867240906,0.519766330718994) (-0.8759263,1.105269,0.5670834) (315.5156,271.0078,41.01629) (-0.4440635,1.234371,0.1396362) (353.0065,310.0621,9.11341)
compute 29.6139529486346(-0.519716501235962,1.26727771759033,0.439185410737991) (-0.799334,1.212329,0.5197663) (284.848,138.81,170.4256) (-0.3844469,1.28529,0.1411101) (343.1443,321.8474,10.93595)
compute 13.7340119310383(-0.412577599287033,1.2748030424118,0.35358789563179) (-0.5197165,1.267278,0.4391854) (291.243,162.0793,150.2327) (-0.2917196,1.332509,0.1296761) (330.007,337.5586,10.40485)
compute 12.7511832555462(-0.359553784132004,1.22830677032471,0.247353062033653) (-0.4125776,1.274803,0.3535879) (332.0619,190.8141,148.0924) (-0.2231658,1.348199,0.1057156) (324.1657,342.8208,5.938672)
compute 4.69597673818608(-0.326083093881607,1.19954895973206,0.231293141841888) (-0.3595538,1.228307,0.2473531) (344.4738,197.9157,146.2719) (-0.20055,1.345669,0.09273618) (323.0049,342.4703,5.013978)
compute 3.04924828572638(-0.303000599145889,1.18379950523376,0.243497431278229) (-0.3260831,1.199549,0.2312931) (348.8488,206.5683,148.9439) (-0.1843018,1.322885,0.0831233) (325.3513,347.5995,0.7916283)
compute 11.9848480117131(-0.31486901640892,1.28193891048431,0.311257719993591) (-0.3030006,1.1838,0.2434974) (336.6746,211.4263,146.169) (-0.1896837,1.316147,0.08735288) (328.0056,345.006,1.302941)
compute 14.8787322457313(-0.317583411931992,1.40866649150848,0.389170616865158) (-0.314869,1.281939,0.3112577) (320.2763,207.6673,155.2404) (-0.1939576,1.313738,0.1022471) (326.9847,345.3312,1.654763)
compute 17.1692141494269(-0.31589549779892,1.521888256073,0.518229424953461) (-0.3175834,1.408666,0.3891706) (297.1602,223.0936,146.5169) (-0.2018887,1.32028,0.1198759) (329.5149,346.1224,1.189401)
compute 13.0625506751088(-0.294204652309418,1.52199578285217,0.647041380405426) (-0.3158955,1.521888,0.5182294) (308.2266,334.6974,18.35507) (-0.2285904,1.313812,0.1189161) (330.5581,343.1674,2.593829)
compute 10.1068061941148(-0.331736832857132,1.485915184021,0.560414135456085) (-0.2942047,1.521996,0.6470414) (291.0412,299.3731,57.71315) (-0.2595595,1.309421,0.107338) (331.0812,332.0297,5.597149)
compute 14.0966938007187(-0.418964713811874,1.41217970848084,0.477794200181961) (-0.3317368,1.485915,0.5604141) (309.6246,232.6703,114.5255) (-0.2836284,1.306353,0.09002139) (330.5945,323.1541,6.609344)
compute 8.71343887719067(-0.503111064434052,1.39800131320953,0.460165619850159) (-0.4189647,1.41218,0.4777942) (317.6366,236.8569,110.1444) (-0.3036419,1.304276,0.08378055) (331.4373,322.7358,7.96489)
compute 6.28932663071305(-0.557587206363678,1.41434597969055,0.433318555355072) (-0.5031111,1.398001,0.4601656) (315.5107,230.7553,108.5928) (-0.3292563,1.303365,0.08133519) (333.513,320.6458,8.444212)
compute 6.70126120368103(-0.618592798709869,1.412752866745,0.405633360147476) (-0.5575872,1.414346,0.4333186) (324.0371,229.4912,113.7107) (-0.3593798,1.301327,0.07647891) (335.2365,317.7374,9.748471)
compute 6.2180418240556(-0.678028643131256,1.3968585729599,0.396624684333801) (-0.6185928,1.412753,0.4056334) (329.9336,231.6739,110.1138) (-0.3868413,1.294204,0.07572961) (337.7487,317.0415,9.858604)
compute 5.23876421806371(-0.724705636501312,1.37309598922729,0.395593672990799) (-0.6780286,1.396859,0.3966247) (333.3396,232.8086,105.062) (-0.4203173,1.287913,0.07964134) (338.7564,316.3152,10.89045)
compute 7.22917067189198(-0.782992005348206,1.35653162002563,0.435019701719284) (-0.7247056,1.373096,0.3955937) (330.6365,241.818,91.71621) (-0.4603572,1.27214,0.09948976) (341.3244,315.582,11.50221)
compute 16.0180471434856(-0.847495138645172,1.31393396854401,0.575314283370972) (-0.782992,1.356532,0.4350197) (337.8822,278.0952,74.67858) (-0.4800541,1.25977,0.1206113) (345.1308,313.6849,12.67051)
compute 9.43279665550598(-0.829294264316559,1.31120693683624,0.482799112796783) (-0.8474951,1.313934,0.5753143) (325.8643,264.0279,86.59772) (-0.4799738,1.261993,0.1251226) (345.5312,312.3581,12.20334)
compute 19.514292694556(-0.743582129478455,1.26088762283325,0.314864128828049) (-0.8292943,1.311207,0.4827991) (337.2861,220.6545,120.5932) (-0.442041,1.282321,0.1299599) (339.8066,317.0946,11.00366)
compute 10.9432608116365(-0.645906150341034,1.27139472961426,0.266651064157486) (-0.7435821,1.260888,0.3148641) (346.998,192.7779,134.3996) (-0.4150878,1.303997,0.1181292) (337.0844,317.3746,11.36703)
compute 11.7302641568438(-0.649452328681946,1.37193357944489,0.326977461576462) (-0.6459062,1.271395,0.2666511) (331.5056,203.4731,135.4878) (-0.4013486,1.306616,0.1127026) (337.6277,318.3608,10.83323)
compute 26.3046097421856(-0.718228399753571,1.42348861694336,0.575583934783936) (-0.6494523,1.371934,0.3269775) (317.3589,282.4536,79.38438) (-0.3962838,1.299393,0.1113553) (338.1089,316.4601,10.57989)
compute 3.29852295004205(-0.715434670448303,1.41597485542297,0.543587625026703) (-0.7182284,1.423489,0.5755839) (318.2783,279.7048,73.86946) (-0.3975986,1.300264,0.1024161) (336.6149,314.0901,12.5658)
compute 15.6661538367283(-0.685333490371704,1.36810660362244,0.397487014532089) (-0.7154347,1.415975,0.5435876) (326.1837,225.8001,110.2058) (-0.3897708,1.297145,0.10662) (338.2913,317.2404,9.64047)
compute 5.39393760902281(-0.685214340686798,1.32282888889313,0.368171989917755) (-0.6853335,1.368107,0.397487) (338.7335,222.3596,121.4989) (-0.3777167,1.305426,0.1035689) (335.7434,317.5084,9.693208)
compute 3.34396627126872(-0.683761656284332,1.35610365867615,0.371153682470322) (-0.6852143,1.322829,0.368172) (329.8877,221.4487,121.124) (-0.373964,1.307119,0.1021844) (334.6342,318.9843,10.05378)
compute 4.88395002816343(-0.702551484107971,1.39997804164886,0.381511181592941) (-0.6837617,1.356104,0.3711537) (324.8705,223.8171,110.4268) (-0.3915721,1.305433,0.1074271) (335.8181,316.2354,10.24421)
compute 9.77157397005734(-0.78137344121933,1.41064620018005,0.438270807266235) (-0.7025515,1.399978,0.3815112) (327.4957,242.1445,87.67581) (-0.4083355,1.295931,0.1227084) (337.75,315.5045,11.6459)
compute 4.76224159438938(-0.806536853313446,1.38248610496521,0.467282980680466) (-0.7813734,1.410646,0.4382708) (337.5792,267.2699,82.96879) (-0.3947409,1.298778,0.1207697) (335.5989,319.3631,10.4743)
compute 9.64015789935631(-0.744380176067352,1.40840315818787,0.398303866386414) (-0.8065369,1.382486,0.467283) (328.8056,230.7138,112.2973) (-0.3870452,1.302142,0.1160885) (334.7846,320.9258,11.52663)
compute 8.72183827414948(-0.714223086833954,1.48189568519592,0.434310048818588) (-0.7443802,1.408403,0.3983039) (316.0492,233.507,120.9291) (-0.3912034,1.301612,0.1182942) (334.8906,319.0132,10.30125)
compute 11.3294841465896(-0.7072634100914,1.51639604568481,0.541999459266663) (-0.7142231,1.481896,0.43431) (307.9248,278.8068,75.20448) (-0.3900173,1.295065,0.125513) (336.2616,321.1457,11.33172)
compute 7.31829742676741(-0.645493030548096,1.50887215137482,0.503482460975647) (-0.7072634,1.516396,0.5419995) (305.662,273.5305,84.28092) (-0.3461924,1.299301,0.1207134) (332.4669,331.4662,9.931499)
compute 10.6290663967145(-0.546900749206543,1.50591254234314,0.463878065347672) (-0.645493,1.508872,0.5034825) (305.5693,242.8846,119.234) (-0.3242271,1.308667,0.1056423) (331.3204,332.9811,10.39707)
compute 9.23798026654683(-0.477199643850327,1.54574596881866,0.509584546089172) (-0.5469007,1.505913,0.4638781) (297.6508,248.2224,113.9566) (-0.2978213,1.313897,0.1016756) (331.0585,335.117,7.533243)
compute 8.05957844209176(-0.450327306985855,1.55794584751129,0.584582686424255) (-0.4771996,1.545746,0.5095845) (296.2562,308.9017,54.79715) (-0.2878563,1.313662,0.1047546) (331.7126,333.9031,6.619469)
compute 15.1247928978012(-0.490247189998627,1.45912146568298,0.477269679307938) (-0.4503273,1.557946,0.5845827) (308.9377,264.8821,92.18706) (-0.2733887,1.311713,0.1041848) (330.8685,340.9227,5.817447)
compute 34.8866782370969(-0.465405225753784,1.18444287776947,0.263628423213959) (-0.4902472,1.459121,0.4772697) (347.0238,227.4144,105.9752) (-0.2256316,1.314795,0.103931) (329.0598,358.4067,4.338528)
compute 26.4126431340607(-0.346926003694534,0.967167496681213,0.171341612935066) (-0.4654052,1.184443,0.2636284) (22.29989,213.228,103.3349) (-0.1449942,1.313215,0.09718215) (331.2763,19.5119,359.6356)
compute 7.16842601546974(-0.27676197886467,0.962660670280457,0.185317710042) (-0.346926,0.9671675,0.1713416) (14.10013,224.065,90.97553) (-0.0863897,1.301681,0.08651069) (332.6373,23.23077,356.6262)
compute 17.7704858397378(-0.16058349609375,1.03854835033417,0.296325087547302) (-0.276762,0.9626607,0.1853177) (352.3051,252.7244,98.47762) (-0.02101674,1.292682,0.08152409) (332.2105,27.62346,355.063)
compute 19.7940067090603(0.00562111474573612,1.11695647239685,0.369867354631424) (-0.1605835,1.038548,0.2963251) (321.4481,274.2266,89.65292) (0.04176881,1.297433,0.08556135) (336.2909,33.04236,351.0416)
compute 21.9840572138332(0.20574164390564,1.20184993743896,0.40265080332756) (0.005621115,1.116956,0.3698674) (293.5611,297.4146,70.83091) (0.08208782,1.285085,0.09937038) (344.7068,35.33545,351.157)
compute 14.5606370233477(0.348708629608154,1.17980551719666,0.419255048036575) (0.2057416,1.20185,0.4026508) (284.3837,12.92321,2.531011) (0.1017666,1.276319,0.1145915) (351.278,34.4743,351.6479)
compute 8.39582434433502(0.358031421899796,1.10034918785095,0.444725900888443) (0.3487086,1.179806,0.419255) (297.2002,9.323306,11.63883) (0.107657,1.280733,0.1172528) (346.0394,34.20752,350.5684)
compute 2.84884866905735(0.373227894306183,1.12399995326996,0.449341356754303) (0.3580314,1.100349,0.4447259) (293.6385,14.30868,2.549395) (0.09893081,1.308201,0.08777124) (333.7987,34.69038,347.3396)
compute 9.45604909342289(0.394601792097092,1.21608543395996,0.451601296663284) (0.3732279,1.124,0.4493414) (287.6782,21.82513,354.4156) (0.105487,1.308926,0.08578192) (333.854,34.22702,348.9066)
compute 8.72170426355(0.40134009718895,1.3029168844223,0.45626038312912) (0.3946018,1.216085,0.4516013) (278.9077,359.3622,24.53396) (0.1184116,1.318456,0.09142882) (327.4415,32.27912,347.3244)
compute 6.15950604882046(0.402958899736404,1.36281597614288,0.47052326798439) (0.4013401,1.302917,0.4562604) (275.564,256.4585,132.4459) (0.1143482,1.329058,0.1057793) (325.3562,27.58558,348.3286)
compute 4.605189431571(0.390516728162766,1.37301766872406,0.513672947883606) (0.4029589,1.362816,0.4705233) (279.8713,337.9581,45.67615) (0.1084259,1.315483,0.1190432) (327.482,27.80022,347.6829)
compute 2.90759954847988(0.365441650152206,1.37008571624756,0.528097152709961) (0.3905167,1.373018,0.5136729) (285.7537,354.3615,14.25024) (0.101793,1.304449,0.1279103) (327.803,28.16623,349.4013)
compute 2.97637656923954(0.344803929328918,1.38720738887787,0.541012823581696) (0.3654417,1.370086,0.5280972) (289.7576,329.2399,40.57582) (0.1148871,1.315071,0.1350572) (326.3103,26.50571,349.4081)
compute 6.64521953081605(0.345189690589905,1.45359480381012,0.538104772567749) (0.3448039,1.387207,0.5410128) (288.1679,315.1089,60.76509) (0.1397363,1.314772,0.1436976) (325.587,23.90147,350.0709)
compute 9.2698853904846(0.378130286931992,1.53978383541107,0.529191553592682) (0.3451897,1.453595,0.5381048) (280.0277,282.7729,93.88792) (0.1658987,1.315217,0.1584702) (325.1565,16.88736,353.7332)
compute 7.12289546173717(0.400734722614288,1.60592842102051,0.515498578548431) (0.3781303,1.539784,0.5291916) (279.0111,240.1874,131.7407) (0.1922197,1.33027,0.1730783) (322.8193,12.10153,355.1547)
compute 6.28470447071774(0.417124807834625,1.66656827926636,0.513517737388611) (0.4007347,1.605928,0.5154986) (281.2488,239.4965,140.537) (0.2002223,1.340346,0.1945696) (321.5745,354.2051,2.315448)
compute 7.22163027753155(0.455362588167191,1.70047283172607,0.564542710781097) (0.4171248,1.666568,0.5135177) (278.0552,239.8258,136.6338) (0.1631237,1.340645,0.1959278) (323.6764,326.8279,10.29548)
compute 8.81971352609196(0.454000771045685,1.65329575538635,0.639049112796783) (0.4553626,1.700473,0.5645427) (289.1041,354.0659,24.06204) (0.1353555,1.339685,0.1724581) (323.9809,315.2688,11.77767)
compute 21.0370844839642(0.367060333490372,1.50342655181885,0.519732415676117) (0.4540008,1.653296,0.6390491) (283.2687,182.7281,179.3712) (0.09236854,1.322425,0.1670271) (330.5898,308.9874,13.67612)
compute 24.5089065940569(0.233107179403305,1.31980884075165,0.428027778863907) (0.3670603,1.503427,0.5197324) (300.6725,205.9818,145.0518) (0.04617713,1.287636,0.1700641) (341.1306,310.7694,13.25659)
compute 23.5084449841153(0.0829725340008736,1.15265476703644,0.3588627576828) (0.2331072,1.319809,0.4280278) (304.2293,211.3428,119.255) (-0.0293143,1.242418,0.1652228) (358.7953,308.0888,10.42648)
compute 18.8824384219463(-0.0609836094081402,1.03999674320221,0.311539947986603) (0.08297253,1.152655,0.3588628) (307.1465,226.5048,95.33737) (-0.1159028,1.218005,0.1483024) (6.071578,307.6714,6.656513)
compute 14.856676475668(-0.193591177463531,0.973724842071533,0.30177503824234) (-0.06098361,1.039997,0.3115399) (308.2138,247.3919,68.18458) (-0.1749983,1.215027,0.1452753) (11.9116,317.9629,6.111333)
compute 7.97079199024976(-0.242826357483864,0.98825740814209,0.362750887870789) (-0.1935912,0.9737248,0.301775) (310.6408,267.6253,57.82476) (-0.1952436,1.210802,0.1643293) (20.09712,331.5591,6.857252)
compute 14.5213236428608(-0.274219542741776,0.971610605716705,0.503549456596375) (-0.2428264,0.9882574,0.3627509) (321.8152,293.39,42.89019) (-0.1946423,1.197272,0.1848135) (26.26698,338.1399,6.043256)
compute 10.8532194244507(-0.288287162780762,0.91402143239975,0.594460546970367) (-0.2742195,0.9716106,0.5035495) (346.9699,310.5839,36.88721) (-0.1740712,1.186832,0.1965953) (30.67181,337.3419,2.925516)
compute 12.6074965034374(-0.280133605003357,0.932657539844513,0.470037430524826) (-0.2882872,0.9140214,0.5944605) (340.3161,293.041,36.70937) (-0.1525352,1.196829,0.2039692) (30.50431,331.9953,359.6498)
compute 22.3400708490141(-0.214635044336319,0.941867053508759,0.256652802228928) (-0.2801336,0.9326575,0.4700374) (331.7496,252.6871,49.08706) (-0.1130971,1.214142,0.2117105) (27.09235,332.0941,359.3805)
compute 8.00018022145568(-0.16228674352169,0.929209649562836,0.197494253516197) (-0.214635,0.9418671,0.2566528) (327.5285,248.1308,41.99583) (-0.0836188,1.214569,0.2132103) (27.76786,335.1489,359.6772)
compute 3.46530420321645(-0.139510408043861,0.90322071313858,0.194916069507599) (-0.1622867,0.9292096,0.1974943) (327.3909,250.9375,45.08897) (-0.0697929,1.22891,0.2110564) (21.51016,334.4465,359.8467)
compute 2.01966498559089(-0.12641866505146,0.916586637496948,0.202522844076157) (-0.1395104,0.9032207,0.1949161) (322.4515,255.8514,45.96356) (-0.07326836,1.293808,0.1956619) (355.3333,336.3093,358.83)
compute 2.74557271150877(-0.128622815012932,0.936480522155762,0.221316248178482) (-0.1264187,0.9165866,0.2025228) (320.4313,257.5739,53.05348) (-0.08352108,1.344081,0.1315835) (331.3144,332.3977,357.3471)
compute 4.19761168824408(-0.150895148515701,0.964345812797546,0.243440061807632) (-0.1286228,0.9364805,0.2213162) (313.5375,260.7712,70.40984) (-0.1031265,1.347447,0.08996508) (324.7346,332.2728,2.484789)
compute 4.41388339512329(-0.162336349487305,1.0041446685791,0.258717060089111) (-0.1508951,0.9643458,0.2434401) (306.3714,263.0867,70.53479) (-0.1216599,1.342236,0.07924072) (321.4536,339.6254,3.069494)
compute 8.46780158912949(-0.170493438839912,0.984765529632568,0.176690980792046) (-0.1623363,1.004145,0.2587171) (310.0828,260.8135,71.2461) (-0.1109069,1.328679,0.0851346) (322.7991,4.276615,356.057)
compute 8.29021414042179(-0.179069951176643,0.963988542556763,0.0968942046165466) (-0.1704934,0.9847655,0.176691) (316.0538,255.0633,82.18006) (-0.0998366,1.311209,0.1021697) (330.1597,23.62209,354.1815)
compute 3.41051475914097(-0.195422574877739,0.956036746501923,0.0680407509207726) (-0.17907,0.9639885,0.0968942) (315.4168,262.8499,80.3149) (-0.09472995,1.286855,0.1153434) (340.7505,31.24057,353.4302)
compute 1.27716649337507(-0.205199986696243,0.95077109336853,0.0743487253785133) (-0.1954226,0.9560367,0.06804075) (312.5381,280.0521,69.92149) (-0.08665732,1.262521,0.1213883) (351.6088,38.78537,354.954)
compute 1.03398601051365(-0.210999116301537,0.942895174026489,0.0777032300829887) (-0.2052,0.9507711,0.07434873) (316.082,288.2409,66.46315) (-0.07707243,1.231537,0.126225) (6.796561,35.97948,358.0524)
compute 2.10279452860076(-0.208509594202042,0.945389151573181,0.0569726526737213) (-0.2109991,0.9428952,0.07770323) (321.3228,287.7927,63.01763) (-0.06065945,1.213376,0.1290061) (16.62436,28.0453,359.883)
compute 3.34806444742055(-0.181624412536621,0.951123833656311,0.0378610342741013) (-0.2085096,0.9453892,0.05697265) (325.4666,286.8046,49.4056) (-0.03924748,1.198787,0.1349936) (22.71399,16.69337,358.6351)
compute 4.21677920117819(-0.141328990459442,0.95929616689682,0.0285007655620575) (-0.1816244,0.9511238,0.03786103) (327.9015,288.9641,32.88534) (-0.01666117,1.196563,0.1461539) (28.23964,4.94955,355.9899)
compute 4.13182475640261(-0.101234771311283,0.969235122203827,0.0294326394796371) (-0.141329,0.9592962,0.02850077) (330.4595,292.5632,21.65799) (0.001582697,1.193285,0.1550688) (30.80353,356.4134,354.5902)
compute 3.50892330292958(-0.0663862973451614,0.972573935985565,0.031818114221096) (-0.1012348,0.9692351,0.02943264) (334.6118,294.1341,11.36609) (0.00924129,1.189045,0.1589097) (33.99264,347.586,351.893)
compute 2.48161637196836(-0.0416813343763351,0.974838495254517,0.0324334129691124) (-0.0663863,0.9725739,0.03181811) (337.7748,293.4425,7.526663) (0.01446576,1.1901,0.1602231) (33.68872,342.4134,351.2877)
compute 1.41524695782395(-0.0275396220386028,0.97526216506958,0.0320800244808197) (-0.04168133,0.9748385,0.03243341) (337.7009,292.7811,7.039694) (0.01322653,1.196954,0.1603751) (32.88166,340.797,352.366)
compute 0.147737170276818(-0.0269615072757006,0.976577341556549,0.0317354649305344) (-0.02753962,0.9752622,0.03208002) (337.1153,292.292,7.76863) (0.002036147,1.205192,0.1576747) (30.80787,341.2352,352.9602)
compute 0.938267953612759(-0.0352269783616066,0.979956388473511,0.0288547165691853) (-0.02696151,0.9765773,0.03173546) (333.7917,295.4888,13.62344) (-0.007351205,1.250319,0.1589645) (15.57511,346.2734,354.8335)
compute 2.3909219667762(-0.0549898259341717,0.982414782047272,0.0420848689973354) (-0.03522698,0.9799564,0.02885472) (329.9726,301.3727,18.80561) (-0.006421395,1.306418,0.1555654) (352.7564,353.4536,355.9004)
compute 2.32822543216818(-0.0677056163549423,0.978423595428467,0.0611752457916737) (-0.05498983,0.9824148,0.04208487) (326.5694,303.3447,20.80468) (-0.005113583,1.321795,0.1293265) (344.599,359.4716,357.1997)
compute 0.681473075273361(-0.0744141340255737,0.978227853775024,0.0623576305806637) (-0.06770562,0.9784236,0.06117525) (323.3042,304.2896,25.11545) (-0.007902578,1.315775,0.1241229) (346.5892,1.824441,357.4376)
compute 0.97139963011688(-0.0808065533638,0.970945954322815,0.0616701431572437) (-0.07441413,0.9782279,0.06235763) (319.7412,305.5166,28.56822) (-0.01817333,1.302426,0.1283486) (346.4691,1.599096,357.4409)
compute 0.762676396879561(-0.0867695882916451,0.966195225715637,0.061469342559576) (-0.08080655,0.970946,0.06167014) (316.673,308.3559,29.56605) (-0.02544132,1.297974,0.1306602) (346.7869,0.3094469,357.636)
compute 0.476317191405946(-0.0905548185110092,0.963960766792297,0.0633042901754379) (-0.08676959,0.9661952,0.06146934) (318.2741,311.2411,25.30549) (-0.0290032,1.297251,0.1341084) (346.3751,358.9234,357.148)
compute 0.27525870507048(-0.0918910577893257,0.962843894958496,0.0654359087347984) (-0.09055482,0.9639608,0.06330429) (318.8263,311.0099,25.11805) (-0.02899389,1.297615,0.1355437) (346.299,358.7313,357.3726)
compute 0.106562664612526(-0.0927508249878883,0.962226748466492,0.0653114467859268) (-0.09189106,0.9628439,0.06543591) (318.9769,309.4613,27.8219) (-0.02814083,1.29845,0.1338995) (346.3878,358.0171,357.4897)
compute 0.0561659844231475(-0.0922477766871452,0.962467968463898,0.0653763860464096) (-0.09275082,0.9622267,0.06531145) (317.6358,312.0298,28.16488) (-0.03025209,1.29895,0.1321016) (346.7725,356.2159,357.7728)
compute 0.546560568789773(-0.0917938128113747,0.962684035301209,0.0599339529871941) (-0.09224778,0.962468,0.06537639) (316.7341,315.7458,29.03325) (-0.04534397,1.294066,0.1226116) (349.6661,347.1668,358.5209)
compute 2.11159716991096(-0.0890619531273842,0.96337616443634,0.0390068851411343) (-0.09179381,0.962684,0.05993395) (313.9324,321.8028,25.2382) (-0.07089315,1.277118,0.1082608) (355.1872,332.8326,356.907)
compute 34.0567077034618(0.0928840637207031,0.940535008907318,0.325990974903107) (-0.08906195,0.9633762,0.03900689) (310.4821,329.4879,22.00229) (-0.09015146,1.268162,0.08803374) (359.1427,320.2825,355.3543)
compute 6.75763505765414(0.157611086964607,0.953477203845978,0.340464234352112) (0.09288406,0.940535,0.325991) (307.9536,348.2814,5.187216) (-0.09953561,1.259771,0.07153975) (2.626759,313.2958,355.269)
compute 5.15368320506504(0.2057124376297,0.951858341693878,0.358894765377045) (0.1576111,0.9534772,0.3404642) (310.9678,6.861671,347.99) (-0.1032615,1.259204,0.06248812) (4.041862,310.1241,356.0075)
compute 4.06188285271463(0.239544376730919,0.942413628101349,0.379292964935303) (0.2057124,0.9518583,0.3588948) (317.7164,20.89313,331.0558) (-0.1031467,1.257681,0.06104841) (6.281851,309.397,356.2014)
compute 1.23175184734525(0.24285039305687,0.937726616859436,0.390193581581116) (0.2395444,0.9424136,0.379293) (320.1234,23.71013,326.2257) (-0.1019536,1.258119,0.06167669) (7.079035,311.0362,356.0626)
compute 2.27801503817843(0.230212599039078,0.93559741973877,0.371360421180725) (0.2428504,0.9377266,0.3901936) (319.1333,17.50317,330.2104) (-0.09056392,1.261497,0.07054012) (6.52201,318.5584,357.2542)
compute 6.39972740614355(0.213628828525543,0.93603128194809,0.309550702571869) (0.2302126,0.9355974,0.3713604) (317.2099,8.540967,335.8443) (-0.05634563,1.264931,0.08921747) (4.941362,338.6107,0.2679585)
compute 16.8788310754052(0.34587961435318,0.936672985553741,0.204675480723381) (0.2136288,0.9360313,0.3095507) (314.8727,357.5704,343.2544) (-0.009305689,1.272765,0.0994489) (0.4647321,2.800208,2.574666)
compute 32.4071731094603(0.0454936660826206,0.935714304447174,0.326288998126984) (0.3458796,0.936673,0.2046755) (313.9932,344.6646,348.9026) (0.02804746,1.281127,0.09362857) (356.647,22.07658,2.152485)
compute 4.22130870046943(0.0147333135828376,0.938042521476746,0.297473639249802) (0.04549367,0.9357143,0.326289) (314.1823,330.8328,357.4328) (0.04329784,1.281132,0.08127674) (357.9711,30.93034,359.7087)
compute 3.53768330813425(-0.0165550410747528,0.938320219516754,0.280966609716415) (0.01473331,0.9380425,0.2974736) (314.2763,321.6241,3.816619) (0.04535664,1.273669,0.07877526) (359.4196,32.59476,358.7401)
compute 1.27729899762667(-0.0227595083415508,0.932326316833496,0.271547108888626) (-0.01655504,0.9383202,0.2809666) (314.7825,316.7413,9.041409) (0.0465604,1.266268,0.07554814) (0.9507245,35.37667,358.345)
compute 2.7403139663439(0.00362872611731291,0.926332950592041,0.27586829662323) (-0.02275951,0.9323263,0.2715471) (314.844,322.6359,8.976485) (0.04977065,1.259097,0.07388134) (3.391501,36.88735,358.5159)
compute 6.22308484574814(0.0618404187262058,0.921832203865051,0.297404795885086) (0.003628726,0.926333,0.2758683) (314.4063,339.1796,2.020088) (0.0487925,1.255136,0.07969595) (5.440269,34.29214,357.9446)
compute 7.08166291456793(0.13105471432209,0.92187637090683,0.3123839199543) (0.06184042,0.9218322,0.2974048) (315.7292,0.4481007,348.8598) (0.0331507,1.250569,0.09347349) (8.204124,23.7003,356.7002)
compute 6.56723239399456(0.196445986628532,0.920177698135376,0.318210601806641) (0.1310547,0.9218764,0.3123839) (319.2227,18.63559,334.8859) (-0.000432618,1.25023,0.105854) (7.581823,6.300401,352.5838)
compute 3.59614902947453(0.230145514011383,0.907627284526825,0.318451017141342) (0.196446,0.9201777,0.3182106) (321.9432,26.71142,324.4645) (-0.02447354,1.254713,0.1079815) (7.08742,352.2204,351.5172)
compute 1.71070486558683(0.237670555710793,0.892287373542786,0.319294810295105) (0.2301455,0.9076273,0.318451) (322.7789,26.13091,322.0036) (-0.03684004,1.255965,0.1023991) (8.202212,344.5166,352.4001)
compute 1.83120501669024(0.222102105617523,0.882695734500885,0.32027205824852) (0.2376706,0.8922874,0.3192948) (321.8611,16.0281,328.3258) (-0.04015847,1.252356,0.1004642) (10.13463,343.4631,353.4315)
compute 4.91894033015304(0.173088848590851,0.878935992717743,0.318493753671646) (0.2221021,0.8826957,0.3202721) (324.7882,6.684894,327.402) (-0.03668873,1.243363,0.1028218) (14.07808,347.0651,354.5728)
compute 6.16074048005969(0.113755628466606,0.873495936393738,0.302827000617981) (0.1730888,0.878936,0.3184938) (325.3123,353.3835,335.4077) (-0.02880513,1.233137,0.1088431) (18.10931,354.961,357.2315)
compute 4.20477529262705(0.0742203816771507,0.875767707824707,0.288691341876984) (0.1137556,0.8734959,0.302827) (324.5972,346.0232,337.631) (-0.02620421,1.231388,0.1126601) (19.48156,1.176973,359.1848)
compute 2.01365042397694(0.0559247620403767,0.88342148065567,0.285202950239182) (0.07422038,0.8757677,0.2886913) (324.0093,344.2458,340.994) (-0.02552957,1.23219,0.1126471) (19.49889,6.536772,359.3782)
compute 1.57975182967087(0.0515913404524326,0.898525893688202,0.283578217029572) (0.05592476,0.8834215,0.285203) (323.1442,344.2787,343.7391) (-0.02752498,1.233998,0.10947) (19.6181,14.13022,0.3410997)
compute 1.86081735323993(0.0576325133442879,0.916126012802124,0.283642828464508) (0.05159134,0.8985259,0.2835782) (321.8787,348.5446,346.2747) (-0.03604632,1.239478,0.1066618) (19.01245,18.40652,0.2250659)
compute 1.72982558670849(0.0705842226743698,0.927225768566132,0.286520034074783) (0.05763251,0.916126,0.2836428) (320.2239,351.1726,351.5438) (-0.04318555,1.240821,0.1019382) (18.71234,22.82137,359.9446)
compute 1.79287238153958(0.085675485432148,0.936724483966827,0.288382112979889) (0.07058422,0.9272258,0.28652) (317.3148,352.2602,356.2867) (-0.04020432,1.239741,0.08688728) (17.26207,24.06149,0.1818874)
compute 1.20483405338275(0.0941330268979073,0.945296406745911,0.287988871335983) (0.08567549,0.9367245,0.2883821) (314.3465,351.0457,0.7262286) (-0.03055765,1.241643,0.0718528) (15.40929,21.45367,359.2985)
compute 1.05393235701708(0.100339904427528,0.953812539577484,0.287823051214218) (0.09413303,0.9452964,0.2879889) (312.5963,348.2055,2.847719) (-0.01187932,1.239561,0.06168144) (15.18071,18.71722,358.2813)
compute 1.67560495649014(0.113981738686562,0.959390759468079,0.295794814825058) (0.1003399,0.9538125,0.2878231) (311.2178,344.0226,5.475701) (0.01772566,1.233195,0.05388714) (16.33625,18.2739,358.9565)
compute 2.50154708135752(0.130637884140015,0.975019693374634,0.305996924638748) (0.1139817,0.9593908,0.2957948) (311.1439,339.1208,8.828012) (0.0495503,1.230756,0.04905219) (16.3689,16.8527,359.276)
compute 2.1333191334243(0.143039524555206,0.991204380989075,0.312270700931549) (0.1306379,0.9750197,0.3059969) (310.5821,335.9747,10.34586) (0.07224242,1.232675,0.04409009) (15.88763,15.3581,358.1121)
compute 1.5928512007871(0.14956659078598,1.00554633140564,0.314599514007568) (0.1430395,0.9912044,0.3122707) (310.0755,332.7766,12.46007) (0.09072499,1.235281,0.04303613) (15.9078,13.83234,358.3064)
compute 0.978930129250904(0.155202060937881,1.01347899436951,0.315669447183609) (0.1495666,1.005546,0.3145995) (309.2449,331.903,12.21976) (0.1081235,1.240848,0.04149812) (12.96511,11.25118,358.0267)
compute 0.680496034135491(0.161206260323524,1.01654756069183,0.314752399921417) (0.1552021,1.013479,0.3156694) (308.9003,331.6344,12.25024) (0.1150455,1.264702,0.03476601) (3.030479,9.120843,356.7132)
compute 0.973933772679748(0.169354304671288,1.01563680171967,0.309495538473129) (0.1612063,1.016548,0.3147524) (310.3907,336.2084,7.315942) (0.1119779,1.286921,0.01848067) (353.7993,8.782763,354.6854)
compute 1.78424068797844(0.175690680742264,1.00064718723297,0.302180260419846) (0.1693543,1.015637,0.3094955) (311.1084,341.0554,1.270219) (0.1011605,1.290414,0.005409763) (351.0862,8.699615,353.9757)
compute 1.57267137168625(0.176943972706795,0.985091745853424,0.300234228372574) (0.1756907,1.000647,0.3021803) (311.0047,343.6893,2.256169) (0.08060155,1.292267,0.000391149) (348.1057,9.429932,353.5916)
compute 0.227671069835468(0.176238149404526,0.983527064323425,0.301729887723923) (0.176944,0.9850917,0.3002342) (310.2009,345.9123,1.94195) (0.05073532,1.290805,-0.0001857942) (347.0208,8.76862,354.0635)
compute 1.20343340586063(0.171125188469887,0.993273794651031,0.306596517562866) (0.1762381,0.9835271,0.3017299) (308.0209,350.804,358.4827) (0.02762596,1.2889,0.000493356) (345.6737,8.213629,354.6835)
compute 0.805073522325088(0.166823178529739,0.999035239219666,0.310217678546906) (0.1711252,0.9932738,0.3065965) (304.8647,354.1733,357.293) (0.009246722,1.289682,0.001608402) (343.7075,7.098317,355.1303)
compute 0.585038820896577(0.164418607950211,1.00428211688995,0.309260934591293) (0.1668232,0.9990352,0.3102177) (301.9386,355.3335,358.0758) (-0.003164101,1.292326,0.002170012) (342.0886,5.892903,355.7177)
Average= 7.28670393113905
Max= 52.5242744937444
Standard Deviation= 7.84092962617134
Right: 15    Wrong: 2
0
