compute 58.5457863820724(-0.0914060994982719,0.615284144878387,0.134917557239532) (0.1113455,0.9030315,0.6027361) (299.5305,294.4916,109.9574) (-0.002406824,0.9242256,0.04486299) (31.67916,7.401076,3.267743)
compute 0.958470970370943(-0.0967022404074669,0.623269140720367,0.135157138109207) (-0.0914061,0.6152841,0.1349176) (299.3466,291.6619,113.183) (0.01277373,0.9222471,0.04132917) (30.99055,20.41547,8.974848)
compute 1.14430800510936(-0.104740619659424,0.631412446498871,0.135034218430519) (-0.09670224,0.6232691,0.1351571) (298.4695,288.5134,116.4985) (0.02764582,0.9217132,0.03330287) (30.52983,27.08268,11.45853)
compute 0.555633532242409(-0.11008457839489,0.632919609546661,0.135242611169815) (-0.1047406,0.6314124,0.1350342) (297.9071,288.3896,117.0694) (0.03459755,0.9212479,0.02765512) (30.37066,27.47937,9.938075)
compute 0.187753191672694(-0.109153188765049,0.634415209293365,0.135891318321228) (-0.1100846,0.6329196,0.1352426) (296.5958,291.9614,114.4118) (0.03961556,0.9204667,0.0250638) (30.13641,28.03436,8.271784)
compute 1.11182358870666(-0.0991695448756218,0.635222196578979,0.140717372298241) (-0.1091532,0.6344152,0.1358913) (294.8705,303.6639,104.1355) (0.04707384,0.9196756,0.02951782) (29.97576,30.49063,7.303185)
compute 0.474748991259333(-0.0945111885666847,0.635193169116974,0.141632542014122) (-0.09916954,0.6352222,0.1407174) (294.4294,308.1432,100.6121) (0.06290881,0.9192802,0.03933395) (29.90606,33.29723,6.255973)
compute 3.39168673938702(-0.0642269179224968,0.63550591468811,0.156900778412819) (-0.09451119,0.6351932,0.1416325) (294.372,320.1771,91.41523) (0.08492811,0.9191193,0.06070237) (29.58277,35.12444,5.091676)
compute 11.0761007796313(0.0403783060610294,0.635541677474976,0.19331157207489) (-0.06422692,0.6355059,0.1569008) (297.1561,351.1897,70.85261) (0.1108839,0.9154026,0.09484423) (28.8298,36.41171,3.721332)
compute 20.9982002862818(0.226109862327576,0.590969145298004,0.280544131994247) (0.04037831,0.6355417,0.1933116) (313.8254,24.75975,56.3946) (0.1524137,0.8987125,0.1363549) (28.35697,36.26373,1.275036)
compute 28.5444814836421(0.440413922071457,0.455314010381699,0.41150289773941) (0.2261099,0.5909691,0.2805441) (338.2057,33.72971,65.34431) (0.2067365,0.8720914,0.1788446) (29.28853,37.81703,359.2076)
compute 23.2250491582385(0.604748785495758,0.302669703960419,0.471786081790924) (0.4404139,0.455314,0.4115029) (6.014704,38.42406,80.05299) (0.2544587,0.8408514,0.227953) (29.78232,36.27425,358.5761)
compute 8.96317205805872(0.679424464702606,0.259881854057312,0.496817827224731) (0.6047488,0.3026697,0.4717861) (6.92022,39.66343,93.89825) (0.2886008,0.8061328,0.2717509) (29.99513,33.32873,353.0996)
compute 7.85786528905065(0.727157294750214,0.203417062759399,0.523424386978149) (0.6794245,0.2598819,0.4968178) (9.74982,40.03078,96.53259) (0.3115177,0.7728244,0.2996764) (32.6187,32.70394,351.6341)
compute 2.98853916557326(0.738467931747437,0.17872166633606,0.535888075828552) (0.7271573,0.2034171,0.5234244) (10.78084,37.76756,101.7479) (0.3247559,0.7474324,0.319456) (33.46448,34.46022,350.8324)
compute 1.02572976791634(0.733481764793396,0.171598747372627,0.530446171760559) (0.7384679,0.1787217,0.5358881) (11.14062,37.63611,104.5645) (0.3194351,0.7349385,0.3288401) (37.28281,36.15619,351.7036)
compute 5.81303802900523(0.681837737560272,0.176781728863716,0.504270374774933) (0.7334818,0.1715987,0.5304462) (6.530175,33.6843,101.5931) (0.2883965,0.7479943,0.3240445) (37.27832,35.48658,354.2922)
compute 12.7836664890479(0.567763149738312,0.215673342347145,0.461648255586624) (0.6818377,0.1767817,0.5042704) (359.2862,26.50724,91.01541) (0.2233032,0.7943004,0.3060817) (35.61178,23.61976,350.4855)
compute 17.9879756793289(0.413079112768173,0.279658436775208,0.395803868770599) (0.5677631,0.2156733,0.4616483) (353.6015,18.28472,76.84565) (0.1515249,0.8484666,0.2878883) (33.6366,3.368217,344.0735)
compute 13.1836811500089(0.311167776584625,0.352565228939056,0.354820638895035) (0.4130791,0.2796584,0.3958039) (352.1513,17.49953,64.31415) (0.1328336,0.885726,0.2357705) (31.42657,11.66399,348.5866)
compute 5.64520314453229(0.27511066198349,0.39594304561615,0.352566450834274) (0.3111678,0.3525652,0.3548206) (349.9346,16.75817,64.69784) (0.1247537,0.896535,0.1901502) (34.83857,22.86492,355.0593)
compute 4.058173789054(0.287591695785522,0.431584626436234,0.367425084114075) (0.2751107,0.395943,0.3525665) (347.1826,17.11166,68.64448) (0.1202283,0.8699582,0.1831758) (36.77956,33.81165,358.9827)
compute 5.31812901642074(0.320639729499817,0.45304661989212,0.403138667345047) (0.2875917,0.4315846,0.3674251) (342.3981,19.73641,75.67641) (0.1281188,0.8493651,0.2324601) (35.68216,36.67797,0.4059075)
compute 9.10774289955338(0.36578556895256,0.445510387420654,0.481879740953445) (0.3206397,0.4530466,0.4031387) (340.175,18.68394,79.22382) (0.1502985,0.8008345,0.3369484) (34.15661,36.88774,2.833348)
compute 20.6093731658606(0.46875986456871,0.346727073192596,0.63058340549469) (0.3657856,0.4455104,0.4818797) (352.3774,22.19839,82.00783) (0.196485,0.7416489,0.4130542) (36.02851,36.81841,4.733904)
compute 18.336034437093(0.574565470218658,0.216631382703781,0.704754173755646) (0.4687599,0.3467271,0.6305834) (11.16955,25.80285,96.65917) (0.2206469,0.708945,0.4610158) (36.04828,33.72256,5.057995)
compute 10.5628257875123(0.658896863460541,0.153302207589149,0.710666954517365) (0.5745655,0.2166314,0.7047542) (14.57967,32.01852,110.559) (0.2318823,0.6834715,0.4727937) (36.79623,31.22032,4.284601)
compute 4.56897315875769(0.680050432682037,0.117436729371548,0.69185882806778) (0.6588969,0.1533022,0.710667) (17.38864,26.65657,118.1492) (0.2318495,0.679004,0.4727142) (39.40377,28.47901,4.565199)
compute 6.55468835031838(0.62363213300705,0.138831168413162,0.666253209114075) (0.6800504,0.1174367,0.6918588) (11.81843,19.31815,108.1678) (0.1820737,0.7101479,0.4375107) (43.30239,13.46497,354.9261)
compute 19.1979258084976(0.461041629314423,0.232622876763344,0.625960767269135) (0.6236321,0.1388312,0.6662532) (0.01643749,1.968843,96.6726) (0.1558796,0.7875694,0.37523) (36.58657,8.483913,351.9913)
compute 19.037547890336(0.319831132888794,0.342684984207153,0.561240196228027) (0.4610416,0.2326229,0.6259608) (348.3137,359.2605,78.14491) (0.1327718,0.8327814,0.3266803) (34.7657,5.701047,352.2606)
compute 14.201220247572(0.206765159964561,0.412357836961746,0.510948598384857) (0.3198311,0.342685,0.5612402) (347.0645,349.1879,78.52683) (0.1195797,0.8595657,0.2830503) (37.20223,4.392995,351.304)
compute 7.11730629760876(0.157924920320511,0.463032782077789,0.521545112133026) (0.2067652,0.4123578,0.5109486) (342.9715,344.3274,77.98302) (0.09506301,0.8617264,0.2691339) (36.70319,359.7038,350.5846)
compute 9.73105879013663(0.14857305586338,0.441352367401123,0.615947723388672) (0.1579249,0.4630328,0.5215451) (349.6268,347.797,79.37882) (0.0554061,0.853546,0.2924473) (36.53851,354.197,349.7293)
compute 12.1781398386848(0.144006535410881,0.370704293251038,0.715037107467651) (0.1485731,0.4413524,0.6159477) (2.290633,347.1136,86.47211) (0.01905763,0.8217388,0.3783611) (35.51904,352.1796,351.4785)
compute 14.9274328398473(0.156871289014816,0.26426973938942,0.818907260894775) (0.1440065,0.3707043,0.7150371) (8.597238,352.1258,93.72688) (-0.009470213,0.7778898,0.4272058) (37.2527,346.63,351.7201)
compute 10.1099663783869(0.186289876699448,0.184603080153465,0.87376081943512) (0.1568713,0.2642697,0.8189073) (10.61403,352.8366,100.065) (-0.02657103,0.7529618,0.4477847) (36.93657,346.7961,352.9696)
compute 4.43672369766928(0.215127468109131,0.151916697621346,0.882034003734589) (0.1862899,0.1846031,0.8737608) (10.64839,354.0871,103.8926) (-0.03207012,0.7357222,0.4416438) (38.42902,345.9787,354.1902)
compute 4.14858197456974(0.223017856478691,0.159040898084641,0.841933369636536) (0.2151275,0.1519167,0.882034) (7.607992,357.2289,98.67249) (-0.04701465,0.7474072,0.3979828) (41.10817,335.5078,349.1191)
compute 16.0389628918242(0.14058193564415,0.171542584896088,0.704919278621674) (0.2230179,0.1590409,0.8419334) (5.315938,339.1929,91.11618) (-0.06782894,0.786131,0.3405857) (38.25397,326.4062,344.7025)
compute 16.1226254644939(0.0500991940498352,0.232816204428673,0.586376786231995) (0.1405819,0.1715426,0.7049193) (0.07197484,324.6826,91.2506) (-0.07691428,0.8063557,0.3091822) (35.9318,330.4514,348.4229)
compute 8.50483141869295(0.0113005414605141,0.30834823846817,0.591150939464569) (0.05009919,0.2328162,0.5863768) (348.6293,331.3855,91.33783) (-0.0463893,0.836558,0.2964167) (29.27019,351.7017,0.5130494)
compute 8.77678450846087(-0.00115255848504603,0.296866118907928,0.677268743515015) (0.01130054,0.3083482,0.5911509) (351.3925,337.7986,94.51637) (-0.02619177,0.8608009,0.2935167) (22.11912,2.452627,2.680579)
compute 4.67575875697476(-0.00556146865710616,0.262679874897003,0.708862006664276) (-0.001152558,0.2968661,0.6772687) (7.927082,336.0661,104.8568) (-0.02587267,0.8664116,0.2984955) (22.66287,359.0466,358.8887)
compute 1.69003511644087(-0.0151411816477776,0.249043077230453,0.711670696735382) (-0.005561469,0.2626799,0.708862) (7.722024,332.9203,105.0842) (-0.03151422,0.8382342,0.3157935) (25.95922,356.6799,358.1515)
compute 3.52537995258817(-0.0248974971473217,0.218865275382996,0.727063715457916) (-0.01514118,0.2490431,0.7116707) (8.41401,329.8332,105.8387) (-0.03583988,0.8009354,0.3538123) (29.3783,356.252,358.046)
compute 4.54015306672877(-0.0308983735740185,0.188261166214943,0.76005882024765) (-0.0248975,0.2188653,0.7270637) (6.903563,332.6433,106.1424) (-0.04804941,0.7697215,0.3921312) (31.53382,353.7535,357.4772)
compute 5.63378929561488(-0.0307341814041138,0.181167289614677,0.815948069095612) (-0.03089837,0.1882612,0.7600588) (358.9992,336.4299,108.0231) (-0.05501977,0.7374756,0.4323163) (33.39405,352.2948,356.3414)
compute 6.01236962376428(-0.0243870262056589,0.179662778973579,0.875716865062714) (-0.03073418,0.1811673,0.8159481) (355.1959,340.9032,108.8895) (-0.06691891,0.7128578,0.4563205) (34.84222,349.0301,353.9631)
compute 1.91798666245533(-0.0180843230336905,0.181775271892548,0.893707990646362) (-0.02438703,0.1796628,0.8757169) (356.7694,342.7765,106.2353) (-0.08388714,0.7085846,0.4623335) (38.01453,344.6041,352.3139)
compute 11.2020961769408(-0.068474568426609,0.198873817920685,0.795132339000702) (-0.01808432,0.1817753,0.893708) (355.6885,327.4688,99.84867) (-0.09042684,0.7330903,0.4354855) (35.56028,346.7278,355.3407)
compute 13.3107864714577(-0.0820945799350739,0.232854142785072,0.667157590389252) (-0.06847457,0.1988738,0.7951323) (344.8754,329.0247,80.00082) (-0.09717648,0.7730698,0.3840952) (34.93702,344.0016,355.9291)
compute 13.4780846367424(-0.0865404382348061,0.23899282515049,0.53259003162384) (-0.08209458,0.2328541,0.6671576) (343.5424,333.6805,75.2935) (-0.1200619,0.8233571,0.3181978) (35.70805,327.6873,349.2768)
compute 12.162680941386(-0.105656966567039,0.241675361990929,0.412504881620407) (-0.08654044,0.2389928,0.53259) (351.5698,335.8721,69.11021) (-0.1327936,0.8587751,0.2382572) (38.00096,317.2473,345.0854)
compute 10.4099393956329(-0.163350433111191,0.280764639377594,0.335173279047012) (-0.105657,0.2416754,0.4125049) (354.0138,320.3867,73.2114) (-0.1412403,0.8696463,0.1966204) (39.15616,321.6082,349.0666)
compute 6.01983799424898(-0.20022888481617,0.321634143590927,0.359535306692123) (-0.1633504,0.2807646,0.3351733) (350.3624,320.2979,73.76255) (-0.1628521,0.8650041,0.1987009) (38.49381,327.3878,353.9166)
compute 10.7191921817154(-0.267796069383621,0.34093165397644,0.440482139587402) (-0.2002289,0.3216341,0.3595353) (346.2064,317.4571,78.98605) (-0.2017495,0.8318586,0.2668533) (37.32283,330.8319,355.7014)
compute 15.6467504560185(-0.35030072927475,0.318440169095993,0.571513414382935) (-0.2677961,0.3409317,0.4404821) (348.4582,318.5791,83.02789) (-0.2507345,0.7913608,0.3382842) (36.6694,333.9055,358.3983)
compute 15.458868667086(-0.425213038921356,0.250053375959396,0.68817126750946) (-0.3503007,0.3184402,0.5715134) (354.9453,317.6441,89.48029) (-0.2820052,0.7453039,0.3820345) (38.06874,333.9566,358.6692)
compute 9.64827588661961(-0.450271964073181,0.179758846759796,0.749323964118958) (-0.425213,0.2500534,0.6881713) (3.82913,317.36,99.41302) (-0.3000177,0.7195579,0.4018128) (39.60424,333.2344,358.2498)
compute 1.43195486771419(-0.457122415304184,0.167229846119881,0.750393986701965) (-0.450272,0.1797588,0.749324) (3.846128,310.9905,106.0906) (-0.3036726,0.7126852,0.4050178) (41.04273,330.0228,357.3263)
compute 4.12720085973381(-0.452877461910248,0.171209082007408,0.709534168243408) (-0.4571224,0.1672298,0.750394) (2.309798,307.6036,103.3993) (-0.26488,0.7169155,0.3995836) (42.36524,336.8537,0.5541101)
compute 14.0668774013148(-0.411049067974091,0.207830891013145,0.580317556858063) (-0.4528775,0.1712091,0.7095342) (353.3546,297.5477,90.78642) (-0.1677364,0.7523776,0.39211) (39.64394,5.49276,15.38053)
compute 14.3960015080548(-0.316269248723984,0.234340608119965,0.475253254175186) (-0.4110491,0.2078309,0.5803176) (349.0557,302.4368,80.98712) (-0.09700398,0.8025664,0.3415405) (34.58772,18.5584,19.06893)
compute 12.8816238929125(-0.2090974599123,0.234952256083488,0.403786778450012) (-0.3162692,0.2343406,0.4752533) (354.716,319.7141,74.90509) (-0.04317077,0.8358347,0.2886744) (33.36646,24.439,17.1075)
compute 9.90340065730857(-0.147427961230278,0.236459404230118,0.326312035322189) (-0.2090975,0.2349523,0.4037868) (359.9727,323.8367,74.05694) (0.001002457,0.8505473,0.2644312) (32.4831,33.44725,18.05112)
compute 5.75172470343264(-0.106866858899593,0.244882389903069,0.286411106586456) (-0.147428,0.2364594,0.326312) (2.626449,325.247,74.05348) (0.06843751,0.8620523,0.2394662) (33.44575,38.36308,13.92151)
compute 0.658838187067475(-0.107812203466892,0.238468006253242,0.28758105635643) (-0.1068669,0.2448824,0.2864111) (5.110462,325.5213,73.00772) (0.1026523,0.8635705,0.2331396) (35.02759,38.60152,10.97839)
compute 3.87213196052492(-0.134108066558838,0.233539804816246,0.315573573112488) (-0.1078122,0.238468,0.2875811) (4.958785,325.8796,72.04684) (0.1030604,0.8618561,0.2332036) (36.25582,26.13412,4.607839)
compute 3.10320307323989(-0.151887133717537,0.242284387350082,0.339457124471664) (-0.1341081,0.2335398,0.3155736) (2.156693,326.9263,71.14361) (0.008685313,0.8611765,0.2498015) (35.2091,350.2893,348.7704)
compute 2.53085033384397(-0.174735754728317,0.253109902143478,0.340583682060242) (-0.1518871,0.2422844,0.3394571) (359.9348,324.5424,71.71275) (-0.05831907,0.8713746,0.2330038) (31.99085,330.8766,343.4316)
compute 1.15817229072542(-0.1811553388834,0.259673893451691,0.333523988723755) (-0.1747358,0.2531099,0.3405837) (359.5952,322.3396,73.79117) (-0.1181254,0.8748438,0.2165653) (31.84624,322.7024,346.0817)
compute 1.64402244196759(-0.173041805624962,0.265019506216049,0.320262163877487) (-0.1811553,0.2596739,0.333524) (0.2130751,317.768,76.87968) (-0.183234,0.8661245,0.1970138) (33.77067,315.5192,349.1406)
compute 1.55455440571775(-0.161981880664825,0.254095196723938,0.320300400257111) (-0.1730418,0.2650195,0.3202622) (2.805479,316.4315,78.09486) (-0.2334481,0.8443747,0.1831524) (37.10136,312.8633,352.9869)
compute 6.00599826448198(-0.192457273602486,0.258123397827148,0.371897161006927) (-0.1619819,0.2540952,0.3203004) (0.211347,316.4365,81.10288) (-0.2821661,0.8242624,0.1884774) (38.66027,312.5739,356.046)
compute 12.64383866035(-0.299257189035416,0.300400197505951,0.424747109413147) (-0.1924573,0.2581234,0.3718972) (351.8799,313.2422,83.32793) (-0.3331285,0.8013464,0.2075405) (38.82578,311.8128,357.8627)
compute 16.939263599559(-0.467449069023132,0.306114107370377,0.405441462993622) (-0.2992572,0.3004002,0.4247471) (352.646,291.3085,86.72511) (-0.3860773,0.7736908,0.235794) (38.68177,308.3606,357.691)
compute 14.2296491209575(-0.598637938499451,0.266899853944778,0.366711437702179) (-0.4674491,0.3061141,0.4054415) (359.0445,275.8994,85.88174) (-0.4276944,0.7366282,0.2582907) (39.88608,306.0128,356.1973)
compute 13.0042356217215(-0.694893181324005,0.179459437727928,0.367053031921387) (-0.5986379,0.2668999,0.3667114) (11.0848,273.2121,88.87065) (-0.4406683,0.7148463,0.2625437) (41.03644,302.721,353.9528)
compute 5.18703713519262(-0.735362529754639,0.1482994556427,0.3760986328125) (-0.6948932,0.1794594,0.367053) (15.59838,272.857,101.214) (-0.4516692,0.7002217,0.2603602) (42.76181,297.7325,351.3973)
compute 2.50066655647615(-0.741447865962982,0.151967167854309,0.400074660778046) (-0.7353625,0.1482995,0.3760986) (10.68496,278.6847,98.19958) (-0.4471446,0.6914907,0.2489253) (46.82378,292.9838,349.4326)
compute 7.89417949287708(-0.664679706096649,0.149202063679695,0.381886452436447) (-0.7414479,0.1519672,0.4000747) (6.60935,275.0742,85.80126) (-0.4202909,0.7039239,0.2619393) (47.8144,300.2111,352.2421)
compute 14.9452308313958(-0.515506029129028,0.149669349193573,0.372776597738266) (-0.6646797,0.1492021,0.3818865) (7.520947,280.6203,73.22768) (-0.3671186,0.7341011,0.2913573) (46.50562,318.2704,0.7056316)
compute 15.473077593114(-0.362479954957962,0.17199419438839,0.377898752689362) (-0.515506,0.1496693,0.3727766) (9.607794,295.9804,70.01197) (-0.2782003,0.7623537,0.3309546) (41.88986,354.2568,19.91327)
compute 12.1973905732249(-0.245887190103531,0.201211094856262,0.357159078121185) (-0.36248,0.1719942,0.3778988) (13.31255,305.6545,67.60429) (-0.2043962,0.8072218,0.3287726) (38.57434,9.58034,22.72822)
compute 7.26732077279737(-0.183919310569763,0.222029134631157,0.325410276651382) (-0.2458872,0.2012111,0.3571591) (14.63168,310.3343,70.163) (-0.1395285,0.83985,0.3019842) (35.60274,11.70256,17.24597)
compute 3.20925068989791(-0.175004869699478,0.237629279494286,0.352001577615738) (-0.1839193,0.2220291,0.3254103) (10.36346,318.0133,75.37663) (-0.1275088,0.8447391,0.2726528) (37.21622,353.2774,1.607574)
compute 12.8740100529318(-0.248246014118195,0.260534197092056,0.455370396375656) (-0.1750049,0.2376293,0.3520016) (1.898489,323.8124,80.38281) (-0.1238629,0.8408437,0.2718146) (35.57703,349.2611,358.2639)
compute 12.9778603147368(-0.316538900136948,0.253462582826614,0.565500140190125) (-0.248246,0.2605342,0.4553704) (3.673647,327.4246,84.52007) (-0.1354176,0.8225159,0.3129734) (35.01813,346.3246,357.2032)
compute 9.98980773910302(-0.352174162864685,0.232922807335854,0.656537890434265) (-0.3165389,0.2534626,0.5655001) (8.666816,327.8419,92.29907) (-0.165148,0.78949,0.3763244) (35.69464,344.984,354.0248)
compute 8.98271718579423(-0.37951385974884,0.197197824716568,0.734288692474365) (-0.3521742,0.2329228,0.6565379) (10.34482,323.7717,100.9972) (-0.1993771,0.7553126,0.415481) (36.96743,341.2085,351.5274)
compute 5.97361334938256(-0.369538456201553,0.184439420700073,0.791787564754486) (-0.3795139,0.1971978,0.7342887) (11.04588,329.1272,103.8442) (-0.2065766,0.7426278,0.4326771) (38.46712,341.4789,352.9237)
compute 2.17069545115574(-0.357376605272293,0.167310506105423,0.797253966331482) (-0.3695385,0.1844394,0.7917876) (10.38829,326.9369,106.0677) (-0.1983722,0.7434088,0.432515) (39.50924,343.8282,353.196)
compute 10.3113561684796(-0.357984632253647,0.184897005558014,0.695653021335602) (-0.3573766,0.1673105,0.797254) (2.956925,312.781,96.30261) (-0.1455168,0.7722198,0.4224101) (34.77518,354.7209,359.8342)
compute 16.2705815495021(-0.296925038099289,0.261714637279511,0.565868735313416) (-0.3579846,0.184897,0.695653) (354.5493,311.893,80.34315) (-0.1207219,0.8168573,0.3785908) (30.16865,358.1223,359.1785)
compute 12.8696695670019(-0.223403707146645,0.296991795301437,0.466304808855057) (-0.296925,0.2617146,0.5658687) (353.6888,322.6135,68.27505) (-0.06618458,0.844871,0.3289209) (31.93293,18.49963,7.198507)
compute 10.3929366028413(-0.176182299852371,0.284634560346603,0.374551057815552) (-0.2234037,0.2969918,0.4663048) (1.555635,328.2601,67.51508) (-0.0216803,0.8639495,0.2740894) (31.81527,37.12592,14.18073)
compute 7.27670442032305(-0.144693076610565,0.250816196203232,0.318339049816132) (-0.1761823,0.2846346,0.3745511) (9.212645,332.7647,67.92957) (0.006903964,0.868681,0.2470269) (33.39222,43.95219,15.57031)
compute 4.46505952570082(-0.119967348873615,0.220652922987938,0.296602189540863) (-0.1446931,0.2508162,0.318339) (14.9369,334.5249,70.73604) (0.05339782,0.8671046,0.2271267) (34.44105,47.09553,13.36797)
compute 12.2242514349511(-0.0216120071709156,0.210443735122681,0.368471741676331) (-0.1199673,0.2206529,0.2966022) (16.49105,349.3716,72.93272) (0.101721,0.8569816,0.2338871) (34.0758,46.06528,9.724448)
compute 29.796992773364(0.243022590875626,0.203870713710785,0.505261361598969) (-0.02161201,0.2104437,0.3684717) (12.78872,31.19684,79.37563) (0.1818785,0.8219715,0.2765806) (33.79504,45.40127,4.545577)
compute 25.4303134034293(0.486943304538727,0.201975882053375,0.577158391475677) (0.2430226,0.2038707,0.5052614) (13.36395,51.25826,87.54416) (0.2400621,0.7812634,0.3400317) (34.30875,44.60257,0.3565508)
compute 18.1842207421187(0.666341841220856,0.197217717766762,0.606486082077026) (0.4869433,0.2019759,0.5771584) (11.04918,50.55273,106.8103) (0.2863491,0.7250595,0.3966065) (34.7687,43.83356,357.9478)
compute 12.1129732517522(0.771762669086456,0.156178757548332,0.563188672065735) (0.6663418,0.1972177,0.6064861) (8.776187,54.5356,120.366) (0.3044355,0.68195,0.4135886) (37.48887,44.30759,358.6807)
compute 7.4665265604412(0.782738029956818,0.121884018182755,0.497779846191406) (0.7717627,0.1561788,0.5631887) (10.0267,54.35798,125.216) (0.3076067,0.6733567,0.4120715) (40.65362,46.99729,0.9101466)
compute 7.02509732867931(0.727620780467987,0.115154810249805,0.454744905233383) (0.782738,0.121884,0.4977798) (8.836136,49.35253,116.9866) (0.2851527,0.6879628,0.3946022) (41.69379,42.07813,357.7324)
compute 18.0463759649137(0.549503803253174,0.143299758434296,0.447718381881714) (0.7276208,0.1151548,0.4547449) (10.03649,27.70169,97.40495) (0.21283,0.7539745,0.3877763) (38.17764,21.38884,346.4394)
compute 21.6754063891121(0.357338666915894,0.243573412299156,0.448003172874451) (0.5495038,0.1432998,0.4477184) (2.717616,4.279152,84.46364) (0.1424578,0.8135688,0.3327185) (32.66929,8.606375,343.5339)
compute 19.9746803490657(0.217824339866638,0.385677814483643,0.432482868432999) (0.3573387,0.2435734,0.4480032) (349.9477,352.1187,72.99849) (0.08632197,0.8492388,0.2925169) (31.57327,358.0492,343.1526)
compute 12.3184862854653(0.115026496350765,0.450927644968033,0.413785964250565) (0.2178243,0.3856778,0.4324829) (345.0233,331.96,76.26624) (0.05994283,0.863354,0.2705408) (29.63714,357.197,344.3428)
compute 11.2823104930685(0.0844114050269127,0.412243187427521,0.515251636505127) (0.1150265,0.4509276,0.413786) (352.428,324.5879,89.25421) (0.0378484,0.856545,0.2917973) (29.88066,0.2846833,347.7625)
compute 20.0008721086714(0.114334218204021,0.314197808504105,0.686993360519409) (0.08441141,0.4122432,0.5152516) (2.429177,341.0676,91.3232) (0.01446742,0.8044232,0.3777253) (30.35026,0.7010627,350.3045)
compute 14.0901298636337(0.122005261480808,0.245297402143478,0.809659838676453) (0.1143342,0.3141978,0.6869934) (7.474768,346.7394,97.69819) (-0.00778722,0.7524874,0.4471325) (30.86108,358.5136,351.7919)
compute 9.91031775500542(0.10667622089386,0.18731215596199,0.888553261756897) (0.1220053,0.2452974,0.8096598) (10.90006,344.6079,105.5222) (-0.03525442,0.7236086,0.4807379) (33.2415,353.1811,351.5216)
compute 1.67548771064275(0.098042257130146,0.176626816391945,0.898145139217377) (0.1066762,0.1873122,0.8885533) (10.51665,341.5137,107.932) (-0.05365117,0.7220631,0.4742187) (35.13018,349.2442,350.8837)
compute 4.11632845471996(0.100914254784584,0.17845131456852,0.857122719287872) (0.09804226,0.1766268,0.8981451) (7.362466,343.9154,101.2869) (-0.08337998,0.7421692,0.4199631) (33.84626,341.152,349.4484)
compute 14.5932012287744(0.119161903858185,0.143589422106743,0.716595768928528) (0.1009143,0.1784513,0.8571227) (13.19471,341.9418,97.1916) (-0.1199069,0.7734456,0.3649694) (33.80348,329.0178,346.4183)
compute 19.5194386962256(0.114773370325565,0.100503332912922,0.526266634464264) (0.1191619,0.1435894,0.7165958) (22.69741,334.8976,89.30228) (-0.1675651,0.803274,0.3067093) (32.618,313.463,342.9313)
compute 14.812553807644(0.0472255982458591,0.103187449276447,0.394466519355774) (0.1147734,0.1005033,0.5262666) (26.83077,322.642,79.76411) (-0.2055226,0.8176357,0.2666938) (32.48993,307.2534,344.7786)
compute 13.5097797162493(-0.0616892464458942,0.160501062870026,0.338751882314682) (0.0472256,0.1031874,0.3944665) (20.60859,313.4533,70.42574) (-0.2388659,0.8229539,0.2500985) (34.16673,305.3537,346.6872)
compute 8.7852232564028(-0.13242581486702,0.212167218327522,0.33204659819603) (-0.06168925,0.1605011,0.3387519) (13.78617,310.6654,67.94258) (-0.2388156,0.8242527,0.2452876) (40.13994,322.7746,353.8977)
compute 4.07528228865162(-0.145127460360527,0.249834343791008,0.341027051210403) (-0.1324258,0.2121672,0.3320466) (9.282685,314.5506,67.32439) (-0.1603805,0.8259978,0.2895121) (35.97477,359.4762,10.86364)
compute 2.12397709185124(-0.129594445228577,0.263805687427521,0.344855219125748) (-0.1451275,0.2498343,0.3410271) (6.152564,317.2128,65.78915) (-0.08771452,0.8301871,0.2962175) (33.69433,16.26589,16.54671)
compute 4.05322878755009(-0.0909447893500328,0.25179186463356,0.34703204035759) (-0.1295944,0.2638057,0.3448552) (6.65897,321.6259,64.63296) (-0.02215493,0.8294604,0.304122) (31.75222,28.53929,18.9314)
compute 9.02136503276519(-0.0217458624392748,0.228949144482613,0.400213062763214) (-0.09094479,0.2517919,0.347032) (11.29708,333.0684,68.30109) (0.01258717,0.8196617,0.3160278) (33.54936,28.40975,15.66739)
compute 18.7825126867872(0.069404624402523,0.227802142500877,0.564434111118317) (-0.02174586,0.2289491,0.4002131) (2.205827,353.5476,77.00715) (0.03464541,0.7886346,0.3580888) (34.5476,19.94422,7.321142)
compute 17.5436452661857(0.123167626559734,0.197662070393562,0.728687167167664) (0.06940462,0.2278021,0.5644341) (5.872338,359.3801,89.43841) (0.04049326,0.7513471,0.4038771) (36.56202,14.60337,2.910231)
compute 11.8438773981537(0.18813468515873,0.174219146370888,0.824902832508087) (0.1231676,0.1976621,0.7286872) (9.273317,9.038615,96.07614) (0.04414939,0.7102258,0.4546674) (37.26472,11.00171,357.6082)
compute 5.44183199247729(0.224527955055237,0.170815259218216,0.865217804908752) (0.1881347,0.1742191,0.8249028) (7.329144,2.541887,108.1253) (0.03825038,0.6870222,0.4768098) (39.43274,9.156989,357.0673)
compute 2.5639882784286(0.249823495745659,0.168132930994034,0.862001538276672) (0.224528,0.1708153,0.8652178) (6.535781,5.922462,108.7757) (0.03764697,0.6814682,0.4759085) (41.55166,10.90825,358.1396)
compute 8.88231123497901(0.205839082598686,0.152918636798859,0.786348104476929) (0.2498235,0.1681329,0.8620015) (7.159813,352.9021,100.8998) (0.03892326,0.7200528,0.4341201) (39.35845,11.98019,359.1259)
compute 19.7997056146039(0.108455963432789,0.151425614953041,0.613961517810822) (0.2058391,0.1529186,0.7863481) (15.93909,330.4247,92.70657) (0.03928741,0.7788703,0.3693394) (36.61399,17.02379,2.606517)
compute 22.1549442086436(0.0205259099602699,0.239082485437393,0.43047109246254) (0.108456,0.1514256,0.6139615) (13.75881,304.0082,86.76252) (0.06574866,0.8246052,0.2979289) (33.97501,32.88676,10.94666)
compute 14.729386555233(-0.0243158489465714,0.335673987865448,0.328712642192841) (0.02052591,0.2390825,0.4304711) (5.230751,291.0007,83.98626) (0.09093723,0.8592276,0.2255274) (32.24423,46.26202,14.99094)
compute 5.33216951265865(-0.0243298131972551,0.386885136365891,0.313859313726425) (-0.02431585,0.335674,0.3287126) (359.2491,300.0637,84.55964) (0.0685284,0.8822021,0.1992363) (31.66401,32.98688,8.197442)
compute 5.37575359863(0.00996874086558819,0.377088665962219,0.354077607393265) (-0.02432981,0.3868851,0.3138593) (359.7773,316.466,85.95223) (0.01887843,0.8800996,0.2039982) (30.85349,13.61779,358.644)
compute 10.950534842966(0.00676982663571835,0.319187462329865,0.446968078613281) (0.009968741,0.3770887,0.3540776) (4.081833,322.8842,90.05275) (-0.01786489,0.8497093,0.2686554) (30.93416,2.46073,356.1974)
compute 14.8961814179392(-0.00946530234068632,0.277833640575409,0.589150726795197) (0.006769827,0.3191875,0.4469681) (4.501944,329.2284,93.47389) (-0.04668775,0.7988053,0.3472183) (32.05793,359.7951,358.1328)
compute 15.6443682127552(-0.11115687340498,0.217642948031425,0.69167160987854) (-0.009465302,0.2778336,0.5891507) (10.40428,314.3878,99.1281) (-0.09706647,0.7421103,0.4162982) (34.81718,353.049,357.7793)
compute 14.2799686529873(-0.158369332551956,0.170465171337128,0.817913413047791) (-0.1111569,0.2176429,0.6916716) (7.481203,321.4418,101.63) (-0.1315876,0.7098814,0.4447291) (37.3966,346.8522,356.2672)
compute 6.86353246534546(-0.153130233287811,0.160095602273941,0.885558307170868) (-0.1583693,0.1704652,0.8179134) (5.086189,329.3685,104.9712) (-0.1542392,0.6877603,0.4596502) (38.54799,343.0298,353.6493)
compute 2.09822162167821(-0.13244591653347,0.163277849555016,0.887070178985596) (-0.1531302,0.1600956,0.8855583) (6.881358,329.3604,113.5134) (-0.1613675,0.6905187,0.4502869) (39.63232,343.62,354.9963)
compute 8.25947485413284(-0.104595139622688,0.175385564565659,0.810261130332947) (-0.1324459,0.1632778,0.8870702) (6.722927,329.2717,107.0107) (-0.1740386,0.7380868,0.3854841) (39.78572,336.5311,353.381)
compute 18.9815555171889(-0.107005752623081,0.194634199142456,0.621439456939697) (-0.1045951,0.1753856,0.8102611) (8.440801,316.6411,92.92369) (-0.196015,0.7956614,0.3112954) (37.42207,321.4671,347.4069)
compute 20.5626604972369(-0.109567314386368,0.223644852638245,0.417885720729828) (-0.1070058,0.1946342,0.6214395) (11.78596,306.65,75.64958) (-0.211037,0.8269982,0.2423987) (35.79436,308.8968,343.5421)
compute 13.0682809955583(-0.121844373643398,0.279368996620178,0.300318330526352) (-0.1095673,0.2236449,0.4178857) (9.75002,307.2828,66.71083) (-0.2318706,0.8583857,0.166284) (33.12633,299.8064,341.2266)
compute 6.16532264512575(-0.144563630223274,0.324148178100586,0.264544308185577) (-0.1218444,0.279369,0.3003183) (7.892868,311.6782,60.35677) (-0.2447202,0.8735,0.1252216) (33.75609,302.0046,346.2562)
compute 3.66027065163419(-0.166790902614594,0.35322031378746,0.263824999332428) (-0.1445636,0.3241482,0.2645443) (2.48242,308.1725,63.84335) (-0.2380468,0.8776603,0.1226736) (34.66088,313.0006,352.2975)
compute 1.76337175004357(-0.170546755194664,0.363729596138,0.277477711439133) (-0.1667909,0.3532203,0.263825) (359.9936,305.5425,67.35882) (-0.1822842,0.8795637,0.183919) (33.59495,340.0917,1.143742)
compute 2.66815183316277(-0.155685171484947,0.374493688344955,0.2968470454216) (-0.1705468,0.3637296,0.2774777) (356.5225,309.5873,66.86165) (-0.08483877,0.8826528,0.2281718) (28.47012,14.91475,11.08268)
compute 2.93290662333399(-0.127010554075241,0.376092493534088,0.302797198295593) (-0.1556852,0.3744937,0.296847) (353.7851,313.5344,65.42062) (-0.01105914,0.8831145,0.2417295) (28.13975,28.44805,11.369)
compute 2.73603029649477(-0.10051216930151,0.371491342782974,0.30782225728035) (-0.1270106,0.3760925,0.3027972) (353.8877,319.931,60.57866) (0.04067519,0.8635471,0.2512415) (30.6816,32.03717,8.013647)
compute 6.13833765435327(-0.0699072852730751,0.417681872844696,0.334236174821854) (-0.1005122,0.3714913,0.3078223) (350.1013,331.2732,53.0118) (0.08629092,0.8366598,0.2628138) (35.32726,34.9956,7.266934)
compute 17.1322185671612(0.0688290521502495,0.472508192062378,0.418483406305313) (-0.06990729,0.4176819,0.3342362) (342.4432,345.582,60.37279) (0.1340063,0.8155363,0.2867878) (36.35217,36.65079,6.391935)
compute 29.392584111342(0.308343976736069,0.357896417379379,0.544535577297211) (0.06882905,0.4725082,0.4184834) (354.4757,7.62925,77.90674) (0.1848477,0.7808575,0.3193719) (37.26086,36.91682,2.049346)
compute 24.6926001762827(0.509452044963837,0.231136038899422,0.611317336559296) (0.308344,0.3578964,0.5445356) (11.50566,22.46086,101.6037) (0.2307962,0.7289976,0.38136) (38.28918,34.38384,357.4893)
compute 10.4175961037299(0.594481885433197,0.197190150618553,0.661018788814545) (0.509452,0.231136,0.6113173) (6.097233,27.22761,112.9897) (0.255107,0.6845747,0.4219443) (39.99911,32.90966,354.944)
compute 5.264214699417(0.625616431236267,0.165601015090942,0.689373016357422) (0.5944819,0.1971902,0.6610188) (6.036572,22.87103,118.5583) (0.2640865,0.6507978,0.432383) (45.07378,34.83295,356.4174)
compute 4.20520330342429(0.610857903957367,0.155977562069893,0.651189923286438) (0.6256164,0.165601,0.689373) (5.025039,25.56286,112.1337) (0.2497977,0.6673886,0.4116478) (46.55339,34.30202,357.3204)
compute 14.1617811382967(0.50066864490509,0.182220920920372,0.566188633441925) (0.6108579,0.1559776,0.6511899) (4.893212,15.38226,92.15206) (0.1923622,0.7433359,0.3699991) (42.24904,19.10776,348.2698)
compute 17.9179060456053(0.380277216434479,0.262365430593491,0.460415780544281) (0.5006686,0.1822209,0.5661886) (3.411685,9.922891,72.43107) (0.1311039,0.8108658,0.3282369) (35.1899,4.4511,343.4536)
compute 18.081351350098(0.295716166496277,0.404696613550186,0.387719213962555) (0.3802772,0.2623654,0.4604158) (353.423,11.31489,51.65424) (0.06793126,0.8624423,0.2741169) (32.0543,353.3321,342.7617)
compute 14.2025101566252(0.214482441544533,0.513836085796356,0.346966445446014) (0.2957162,0.4046966,0.3877192) (334.6071,359.8654,59.18384) (0.00313393,0.9008175,0.219463) (28.31667,347.8815,347.1069)
compute 8.39811799878203(0.130934551358223,0.515113055706024,0.355390101671219) (0.2144824,0.5138361,0.3469664) (340.7943,350.8913,57.3845) (-0.04024705,0.9065204,0.2037938) (25.66785,348.4578,351.8998)
compute 15.5414377063531(-0.000224050862016156,0.441720128059387,0.394944220781326) (0.1309346,0.5151131,0.3553901) (350.0057,323.0856,76.57023) (-0.08518906,0.8890085,0.2257151) (27.01133,348.688,354.9254)
compute 18.1066618608753(-0.0844438746571541,0.343108147382736,0.521308064460754) (-0.0002240509,0.4417201,0.3949442) (357.3243,321.1519,82.18198) (-0.131182,0.8262807,0.3084972) (28.38819,346.4106,357.7576)
compute 21.3849956516329(-0.14940519630909,0.258690655231476,0.706741392612457) (-0.08444387,0.3431081,0.5213081) (6.82469,324.5533,91.65682) (-0.1774345,0.7631737,0.3759272) (32.28257,343.7272,0.6391283)
compute 16.4593674401052(-0.174823954701424,0.189079448580742,0.853708207607269) (-0.1494052,0.2586907,0.7067414) (9.666769,329.3378,97.16301) (-0.2122644,0.7350962,0.404231) (33.10446,337.0424,359.9581)
compute 5.0929121682492(-0.161272168159485,0.167309924960136,0.897710621356964) (-0.174824,0.1890794,0.8537082) (11.83942,330.8589,105.6554) (-0.2343903,0.7101175,0.4188236) (37.51413,335.2118,0.02853435)
compute 4.00342583531925(-0.139176145195961,0.177502989768982,0.865920543670654) (-0.1612722,0.1673099,0.8977106) (10.7135,324.2567,106.4174) (-0.23461,0.720878,0.3947679) (38.82904,336.2441,1.407697)
compute 12.7871418112347(-0.11887177079916,0.187243312597275,0.740047752857208) (-0.1391761,0.177503,0.8659205) (12.40515,319.0151,97.84521) (-0.256743,0.7652278,0.3167706) (39.22452,321.9589,355.5868)
compute 21.3129719822864(-0.120849214494228,0.179554790258408,0.527065932750702) (-0.1188718,0.1872433,0.7400478) (20.23302,306.0467,81.8497) (-0.2738566,0.8014435,0.2498559) (37.00341,310.8186,350.9178)
compute 16.4042236401898(-0.131048992276192,0.204393774271011,0.36523625254631) (-0.1208492,0.1795548,0.5270659) (20.61179,301.3329,70.10297) (-0.285071,0.8223209,0.1960486) (37.70377,302.1358,346.1396)
compute 7.80228979087719(-0.145471096038818,0.256652683019638,0.309124022722244) (-0.131049,0.2043938,0.3652363) (17.51109,309.8322,63.97012) (-0.2686943,0.8450975,0.1701327) (39.39563,308.8041,347.1159)
compute 6.64440731626388(-0.174226865172386,0.312932997941971,0.288619220256805) (-0.1454711,0.2566527,0.309124) (11.82856,307.2209,64.40735) (-0.1695305,0.8677883,0.2253738) (32.75135,356.6372,10.89725)
compute 6.82573023099369(-0.16617739200592,0.376034438610077,0.313367426395416) (-0.1742269,0.312933,0.2886192) (359.9746,304.6545,69.85972) (-0.07293231,0.890325,0.2303442) (25.41816,18.50353,14.94689)
compute 8.12012845553171(-0.107524067163467,0.404130131006241,0.361989110708237) (-0.1661774,0.3760344,0.3133674) (352.9791,310.8931,70.06681) (-0.01021672,0.8916087,0.2398703) (26.14281,23.24531,9.367015)
compute 8.39027366995428(-0.0357075110077858,0.422967344522476,0.401068657636642) (-0.1075241,0.4041301,0.3619891) (346.5995,314.4868,71.62186) (0.07647453,0.8567255,0.2704206) (31.03711,26.51505,5.817686)
compute 14.2266728237194(0.050250556319952,0.374089360237122,0.503352463245392) (-0.03570751,0.4229673,0.4010687) (350.8802,327.2542,75.53509) (0.1098023,0.8009335,0.3300403) (34.89211,23.02511,359.7027)
compute 20.9124684249401(0.0926236882805824,0.238029554486275,0.656405985355377) (0.05025056,0.3740894,0.5033525) (7.166065,337.5678,102.8876) (0.1165448,0.75222,0.3874724) (38.18113,19.71355,357.8845)
compute 16.7481589528767(0.125357076525688,0.189547508955002,0.813339412212372) (0.09262369,0.2380296,0.656406) (8.71773,341.3323,109.1662) (0.1070815,0.7036563,0.4502178) (40.16595,15.16542,352.437)
compute 14.0484896938375(0.225587919354439,0.211937919259071,0.909195840358734) (0.1253571,0.1895475,0.8133394) (358.5396,6.371729,102.1877) (0.08444446,0.6800939,0.4742289) (42.3436,9.722633,348.0763)
compute 2.34701167061566(0.241032272577286,0.201353207230568,0.895043730735779) (0.2255879,0.2119379,0.9091958) (5.988347,359.1942,111.0116) (0.06625246,0.6794649,0.4688901) (44.69117,9.832057,351.8297)
compute 10.2981148712063(0.226195961236954,0.211922153830528,0.79368644952774) (0.2410323,0.2013532,0.8950437) (10.68553,354.0324,104.471) (0.05665852,0.7286758,0.4147052) (42.0841,13.40235,354.6004)
compute 17.0517488877864(0.171410545706749,0.253974080085754,0.637781322002411) (0.226196,0.2119222,0.7936864) (10.9921,341.1755,86.23295) (0.04742137,0.7914461,0.3614468) (37.34548,13.39794,356.342)
compute 14.4397194439278(0.162685438990593,0.324742823839188,0.51221776008606) (0.1714105,0.2539741,0.6377813) (6.917561,334.7725,84.91309) (0.03765941,0.8459239,0.2924965) (32.9833,15.46197,358.1164)
compute 11.0836325631163(0.201994046568871,0.393956154584885,0.435087740421295) (0.1626854,0.3247428,0.5122178) (2.637032,344.0182,82.12315) (0.03201408,0.8788869,0.2382075) (31.60591,22.69685,2.737396)
compute 10.1992493127876(0.286485552787781,0.410901457071304,0.380530327558517) (0.201994,0.3939562,0.4350877) (2.149319,359.1865,86.95156) (0.02706439,0.8950964,0.2058628) (27.55648,29.23043,6.355)
compute 13.5126072126486(0.404779583215714,0.356490671634674,0.344404935836792) (0.2864856,0.4109015,0.3805303) (12.43186,16.62961,97.08643) (0.02466594,0.8995192,0.194407) (25.2891,30.67867,6.299222)
compute 7.47875348401679(0.450432181358337,0.298830777406693,0.357982575893402) (0.4047796,0.3564907,0.3444049) (20.36808,19.43744,112.3088) (0.01261713,0.8820943,0.2238574) (25.83761,22.77062,2.955428)
compute 18.2694441554721(0.322780817747116,0.292253077030182,0.488516569137573) (0.4504322,0.2988308,0.3579826) (12.09381,355.8987,103.4493) (0.002872765,0.8398772,0.2877223) (30.57765,13.96354,1.073462)
compute 19.7851507207954(0.189877897500992,0.282650947570801,0.634769201278687) (0.3227808,0.2922531,0.4885166) (5.102068,340.5468,99.77045) (0.003170636,0.7892999,0.3510549) (34.35168,10.27159,359.9366)
compute 16.6204045788356(0.14336870610714,0.264873147010803,0.793339788913727) (0.1898779,0.2826509,0.6347692) (1.556769,346.0217,99.5815) (0.0006273799,0.7472776,0.4102041) (36.60141,6.962838,359.2053)
compute 10.3730005173117(0.110356539487839,0.220907464623451,0.881300747394562) (0.1433687,0.2648731,0.7933398) (12.27821,344.9827,104.0483) (-0.01439651,0.7164203,0.4421397) (39.64035,5.727402,1.520473)
compute 3.50243336701155(0.108381792902946,0.196235597133636,0.906081855297089) (0.1103565,0.2209075,0.8813007) (12.62335,345.9016,108.9492) (-0.02859655,0.6994088,0.4567977) (42.57709,0.04711684,1.025485)
compute 3.37536877275046(0.127059832215309,0.185785904526711,0.879981160163879) (0.1083818,0.1962356,0.9060819) (12.13305,347.2437,106.4685) (-0.01486862,0.7000604,0.4566803) (46.40887,6.142344,3.681812)
compute 11.5474852382059(0.13980607688427,0.199661940336227,0.766053855419159) (0.1270598,0.1857859,0.8799812) (9.305318,336.0168,101.4677) (-0.006595161,0.7256581,0.438107) (43.77266,7.687771,2.469633)
compute 16.0184023876431(0.20456825196743,0.243895635008812,0.626382231712341) (0.1398061,0.1996619,0.7660539) (358.5954,337.2875,96.19767) (0.0003136508,0.7521504,0.379664) (41.48842,9.220147,2.794149)
compute 16.1628132819671(0.29569211602211,0.260500073432922,0.493927001953125) (0.2045683,0.2438956,0.6263822) (6.494959,344.7674,98.67007) (0.0066383,0.7934865,0.3149851) (39.26978,8.048743,2.078919)
compute 12.6955323876027(0.386223405599594,0.287629514932632,0.409158289432526) (0.2956921,0.2605001,0.493927) (9.405358,3.704925,99.64919) (0.02189773,0.8449309,0.2658477) (35.46282,9.862392,0.8678939)
compute 7.29993917633155(0.454211503267288,0.304895162582397,0.388948708772659) (0.3862234,0.2876295,0.4091583) (10.81686,20.53597,103.738) (0.03169794,0.8688851,0.2382035) (32.07952,15.00862,0.9175404)
compute 2.93961655971558(0.451629489660263,0.327958732843399,0.406991422176361) (0.4542115,0.3048952,0.3889487) (9.786447,19.93014,102.9138) (0.0324504,0.8786712,0.2246858) (29.6443,17.53705,1.923081)
compute 5.56978085831839(0.426352798938751,0.311283648014069,0.453738361597061) (0.4516295,0.3279587,0.4069914) (7.898133,14.89777,101.8286) (0.02369497,0.8711385,0.2390705) (30.36154,16.77212,1.970806)
compute 10.1970534588733(0.352276861667633,0.271314352750778,0.511298775672913) (0.4263528,0.3112836,0.4537384) (11.07558,359.2109,103.6187) (-0.01072129,0.8346085,0.293542) (33.47633,11.11482,1.989688)
compute 14.7552238719159(0.224981665611267,0.225777328014374,0.570408642292023) (0.3522769,0.2713144,0.5112988) (11.70073,334.5655,103.6785) (-0.04932854,0.7970765,0.3424911) (36.07883,0.8938303,357.2007)
compute 13.2879848216264(0.11232203245163,0.17900125682354,0.623104572296143) (0.2249817,0.2257773,0.5704086) (12.44443,324.3139,102.8474) (-0.09529159,0.7575861,0.3814194) (38.82177,346.6965,352.3782)
compute 12.5880261854611(-0.0094226598739624,0.148827522993088,0.633763670921326) (0.112322,0.1790013,0.6231046) (15.01458,305.7658,107.0155) (-0.1324805,0.7320029,0.3991798) (40.22515,335.1416,346.2424)
compute 10.1656566071443(-0.0746774822473526,0.157501295208931,0.711227416992188) (-0.00942266,0.1488275,0.6337637) (3.131998,323.1374,96.74825) (-0.1578894,0.7187915,0.4086051) (41.42245,327.5571,342.9828)
compute 13.4550494479721(-0.18660780787468,0.172440379858017,0.63806825876236) (-0.07467748,0.1575013,0.7112274) (4.163032,302.6863,92.12379) (-0.1861843,0.7171824,0.3887279) (41.10958,315.9395,336.4751)
compute 18.0703429379458(-0.260633021593094,0.220573768019676,0.480406671762466) (-0.1866078,0.1724404,0.6380683) (358.5867,278.0043,81.42065) (-0.2061924,0.7393498,0.3402629) (40.22116,310.8761,336.5102)
compute 16.0802239608003(-0.394032835960388,0.263094455003738,0.401325434446335) (-0.260633,0.2205738,0.4804067) (355.379,278.0535,82.79049) (-0.2141471,0.7736408,0.3040548) (36.76133,314.2576,339.2717)
compute 16.030173316695(-0.553697228431702,0.271525233983994,0.412851482629776) (-0.3940328,0.2630945,0.4013254) (359.2836,287.2125,87.27206) (-0.2413034,0.7970324,0.2837997) (34.64943,313.6841,338.5162)
compute 4.86511185890552(-0.597709953784943,0.278277307748795,0.432453036308289) (-0.5536972,0.2715252,0.4128515) (5.436294,289.4413,90.65618) (-0.2811693,0.8092464,0.2766686) (32.11074,312.7887,342.6761)
compute 1.49510291563325(-0.59494948387146,0.266845881938934,0.441685348749161) (-0.59771,0.2782773,0.432453) (7.047551,284.4953,97.94522) (-0.3032699,0.8025271,0.2736757) (34.49971,312.009,344.6605)
compute 2.22071332501193(-0.572820663452148,0.266149252653122,0.443413585424423) (-0.5949495,0.2668459,0.4416853) (1.579077,282.7298,97.99956) (-0.3102542,0.7907458,0.2662415) (36.03602,311.3219,344.7483)
compute 6.30362858031157(-0.522161781787872,0.286799520254135,0.412095576524735) (-0.5728207,0.2661493,0.4434136) (349.1022,280.6437,85.68525) (-0.3227531,0.7648783,0.2637835) (38.69932,311.8326,346.2296)
compute 4.70484953013249(-0.55706775188446,0.257363706827164,0.400752425193787) (-0.5221618,0.2867995,0.4120956) (354.546,280.3098,89.13865) (-0.3525131,0.7542264,0.2697354) (39.75863,314.07,349.0323)
compute 13.909660822792(-0.681927502155304,0.21537658572197,0.445417761802673) (-0.5570678,0.2573637,0.4007524) (3.718956,284.3038,93.03777) (-0.3868128,0.7535363,0.2854328) (34.56583,311.9991,347.1658)
compute 7.4669051156174(-0.700829684734344,0.218092173337936,0.517603635787964) (-0.6819275,0.2153766,0.4454178) (4.060215,296.9405,92.90132) (-0.4081373,0.7595853,0.2919095) (35.42665,309.3303,349.0164)
compute 8.28550379085867(-0.618407428264618,0.209722608327866,0.516387283802032) (-0.7008297,0.2180922,0.5176036) (5.706059,292.4403,95.85084) (-0.3992866,0.7816502,0.2842765) (36.85627,309.3785,350.3553)
compute 17.6647096284719(-0.46535062789917,0.243265137076378,0.434823125600815) (-0.6184074,0.2097226,0.5163873) (356.9219,285.0587,80.77483) (-0.3155306,0.809043,0.3013715) (34.88501,329.0479,357.813)
compute 18.545438293102(-0.288824141025543,0.273902118206024,0.386936753988266) (-0.4653506,0.2432651,0.4348231) (356.0132,295.2212,74.15072) (-0.1822508,0.8400769,0.3048235) (33.51504,5.258894,12.21787)
compute 15.9970004197122(-0.144301190972328,0.315878421068192,0.332701057195663) (-0.2888241,0.2739021,0.3869368) (352.7698,313.9733,67.52637) (-0.09374133,0.8719621,0.2642798) (31.49583,16.00339,12.31849)
compute 11.0481867233169(-0.0696251764893532,0.369930624961853,0.271806925535202) (-0.1443012,0.3158784,0.3327011) (347.6623,315.7635,72.63604) (-0.01878931,0.8862851,0.2379091) (29.67891,22.8344,9.637858)
compute 3.68964376638208(-0.0427059903740883,0.389395236968994,0.287864118814468) (-0.06962518,0.3699306,0.2718069) (347.2898,319.8604,68.4855) (0.02974277,0.8838668,0.2355312) (31.01111,19.26922,2.748089)
compute 17.8890375240796(-0.0151246236637235,0.324332058429718,0.452204674482346) (-0.04270599,0.3893952,0.2878641) (2.122708,337.9318,66.55962) (0.05428092,0.8310924,0.3040794) (29.15114,15.13965,355.3484)
compute 21.2058546676964(-0.024994807317853,0.235755026340485,0.644624829292297) (-0.01512462,0.3243321,0.4522047) (6.245037,337.0998,85.24557) (0.04916177,0.7597774,0.3721856) (34.28189,10.05005,353.4719)
compute 17.2677920149491(0.0120961926877499,0.193392291665077,0.807864904403687) (-0.02499481,0.235755,0.6446248) (6.021169,350.5167,88.64568) (0.03690174,0.7303619,0.4305247) (34.82035,6.008439,348.0515)
compute 8.93161757366511(0.0593489147722721,0.185140669345856,0.883207261562347) (0.01209619,0.1933923,0.8078649) (8.204838,357.488,93.93459) (0.02597935,0.7145897,0.4547903) (35.43902,4.705552,346.0876)
compute 2.90436425609793(0.0825797617435455,0.191175609827042,0.866853654384613) (0.05934891,0.1851407,0.8832073) (6.138986,358.2491,91.42422) (0.02350164,0.7110084,0.4553454) (38.42667,6.908417,349.0049)
compute 14.7716670887374(0.065327987074852,0.209306478500366,0.721272528171539) (0.08257976,0.1911756,0.8668537) (5.463133,338.7784,90.94796) (0.05681751,0.7490273,0.4038175) (34.6247,16.73833,355.0836)
compute 18.4344296890684(0.0498818047344685,0.23656003177166,0.539609432220459) (0.06532799,0.2093065,0.7212725) (5.236106,312.4075,87.1235) (0.08883384,0.7881581,0.3486836) (32.24749,26.60965,1.57252)
compute 18.3691057127406(0.075580045580864,0.302983075380325,0.370287299156189) (0.0498818,0.23656,0.5396094) (4.866175,299.0419,83.67419) (0.1380509,0.8207852,0.2783104) (31.67343,41.37786,8.422889)
compute 9.23562796430607(0.12588968873024,0.372065514326096,0.335269600152969) (0.07558005,0.3029831,0.3702873) (355.4273,313.0668,79.88474) (0.168908,0.8387088,0.2328388) (32.4797,47.2799,7.676858)
compute 4.32540615544032(0.159750521183014,0.397823601961136,0.327467113733292) (0.1258897,0.3720655,0.3352696) (348.465,332.1895,70.61266) (0.1997184,0.8468474,0.2097699) (31.84733,47.23198,3.578758)
compute 1.85592417141616(0.142074316740036,0.396475702524185,0.321973443031311) (0.1597505,0.3978236,0.3274671) (347.5551,328.739,79.83165) (0.2165518,0.8464174,0.2041214) (32.94127,45.3225,359.7258)
compute 3.69886811156891(0.109254933893681,0.37994509935379,0.326191246509552) (0.1420743,0.3964757,0.3219734) (353.7656,319.0637,89.24562) (0.2116036,0.8436231,0.2112478) (33.39384,38.91756,356.9254)
compute 2.05817822657973(0.0966423079371452,0.364417642354965,0.331031650304794) (0.1092549,0.3799451,0.3261912) (359.3341,312.3878,88.52811) (0.1084488,0.8491473,0.2698424) (31.70852,7.030356,346.9308)
compute 3.47797390101571(0.0692005008459091,0.345110476016998,0.340186476707459) (0.09664231,0.3644176,0.3310317) (3.415271,306.5741,88.08829) (0.005834721,0.8621315,0.2760879) (28.72541,343.781,343.7323)
compute 4.55420019137054(0.0536661185324192,0.302460223436356,0.343889564275742) (0.0692005,0.3451105,0.3401865) (10.40334,300.6411,86.10926) (-0.09488095,0.8704172,0.2521486) (27.90677,326.3631,344.7896)
compute 3.78848102629461(0.0632602870464325,0.267583012580872,0.35514971613884) (0.05366612,0.3024602,0.3438896) (15.62715,302.5258,87.6527) (-0.1725006,0.8694295,0.2201584) (30.06137,315.896,347.432)
compute 0.258845038078475(0.063476525247097,0.270080327987671,0.35579526424408) (0.06326029,0.267583,0.3551497) (15.64046,306.5566,87.63374) (-0.2004665,0.8631541,0.2082144) (31.83389,314.539,350.8787)
compute 4.38509132610051(0.0339576937258244,0.302214115858078,0.360149681568146) (0.06347653,0.2700803,0.3557953) (8.274187,311.7229,82.6226) (-0.2213939,0.8524839,0.2058109) (34.19346,314.9998,353.4375)
compute 12.204828644719(-0.0819163843989372,0.338515102863312,0.372446835041046) (0.03395769,0.3022141,0.3601497) (1.920162,309.7801,80.24729) (-0.2609721,0.841629,0.2067823) (34.839,314.2111,354.2034)
compute 22.1691153198907(-0.302384406328201,0.361292958259583,0.377136498689651) (-0.08191638,0.3385151,0.3724468) (356.9934,297.4412,83.98463) (-0.3323428,0.8258359,0.2022325) (34.41765,308.1999,354.8051)
compute 24.0112611405002(-0.540196001529694,0.351196259260178,0.345549017190933) (-0.3023844,0.361293,0.3771365) (358.0288,278.604,87.6799) (-0.4032507,0.797281,0.208153) (33.51819,305.5356,353.8194)
compute 19.8716734278881(-0.706665754318237,0.243123054504395,0.355364680290222) (-0.540196,0.3511963,0.345549) (6.216039,274.4861,89.69955) (-0.4444336,0.7575924,0.2235077) (36.35372,303.5583,353.9875)
compute 5.47706228076792(-0.738353848457336,0.198751360177994,0.36054527759552) (-0.7066658,0.2431231,0.3553647) (16.71618,273.3124,104.1858) (-0.463143,0.7371444,0.2252832) (39.66575,301.2193,355.4733)
compute 1.05797465316587(-0.729717135429382,0.198763400316238,0.366655766963959) (-0.7383538,0.1987514,0.3605453) (14.17945,274.5685,103.9363) (-0.4570556,0.736331,0.2183228) (39.91941,299.4005,353.442)
compute 7.13371600398403(-0.665055334568024,0.228700488805771,0.363248020410538) (-0.7297171,0.1987634,0.3666558) (5.435381,271.5808,96.77924) (-0.427323,0.757405,0.219299) (40.0088,308.1556,357.9234)
compute 14.1156963208372(-0.528369545936584,0.26360023021698,0.358319371938705) (-0.6650553,0.2287005,0.363248) (0.2716069,272.1371,85.72576) (-0.3593224,0.7917739,0.2380869) (37.23336,330.4106,9.365232)
compute 17.3937444472173(-0.357723593711853,0.291457176208496,0.377245157957077) (-0.5283695,0.2636002,0.3583194) (0.9878036,288.504,76.01242) (-0.2598668,0.8430246,0.2493363) (32.38533,357.4432,19.09744)
compute 17.8392509575467(-0.183070972561836,0.327422976493835,0.372067034244537) (-0.3577236,0.2914572,0.3772452) (5.004765,305.8111,73.6131) (-0.1694023,0.882225,0.2346764) (30.18533,6.997676,16.7999)
compute 14.0025966930346(-0.0545307248830795,0.347595751285553,0.320320188999176) (-0.183071,0.327423,0.372067) (8.960979,315.3109,72.79673) (-0.09363148,0.899451,0.2250332) (29.51714,12.19762,11.66263)
compute 7.48142851362839(0.00386868510395288,0.346408188343048,0.273573249578476) (-0.05453072,0.3475958,0.3203202) (10.05749,322.062,69.71239) (-0.0193655,0.9030237,0.2237717) (31.23723,18.3901,8.67345)
compute 3.38980081291792(-0.0234109722077847,0.328754514455795,0.263916999101639) (0.003868685,0.3464082,0.2735732) (13.6201,320.7146,69.70161) (-0.03702495,0.8927974,0.2317961) (33.98592,342.2546,349.6264)
compute 16.5200947269095(-0.128351733088493,0.404953688383102,0.36625212430954) (-0.02341097,0.3287545,0.263917) (353.9676,318.3898,63.56802) (-0.09249256,0.8859325,0.2388112) (31.00479,325.155,343.358)
compute 13.7598278790585(-0.242976158857346,0.431671917438507,0.437530905008316) (-0.1283517,0.4049537,0.3662521) (348.5108,315.0089,68.97092) (-0.1651583,0.8705316,0.2586323) (31.309,320.7867,344.8081)
compute 16.0445293186462(-0.400993436574936,0.405249685049057,0.428865015506744) (-0.2429762,0.4316719,0.4375309) (357.1145,293.0739,83.26427) (-0.2684215,0.8379086,0.2762418) (33.35313,316.8957,346.6292)
compute 17.7836302434102(-0.559175252914429,0.324104338884354,0.433302998542786) (-0.4009934,0.4052497,0.428865) (2.957576,290.8512,81.64052) (-0.3612269,0.7953402,0.2933748) (35.49463,317.0632,349.8872)
compute 14.8748527765389(-0.649144887924194,0.214742556214333,0.478817731142044) (-0.5591753,0.3241043,0.433303) (11.86882,295.3328,84.34702) (-0.4289166,0.7502785,0.3017635) (38.26337,317.5862,353.3127)
compute 5.19762505205498(-0.661239564418793,0.203147113323212,0.528019309043884) (-0.6491449,0.2147426,0.4788177) (10.50006,303.696,88.17887) (-0.4422278,0.7290862,0.2972448) (41.44656,314.8225,356.6456)
compute 3.41193666570719(-0.627673208713531,0.202017590403557,0.534032225608826) (-0.6612396,0.2031471,0.5280193) (9.204737,298.6961,92.85053) (-0.4204094,0.732497,0.2799253) (44.99898,315.4999,358.1696)
compute 11.884268476815(-0.526471018791199,0.229622215032578,0.478178083896637) (-0.6276732,0.2020176,0.5340322) (4.080939,293.6481,82.47409) (-0.3259142,0.7798908,0.2807562) (41.10986,333.221,6.860018)
compute 17.3254602022519(-0.36500871181488,0.241461738944054,0.4164779484272) (-0.526471,0.2296222,0.4781781) (7.875538,298.3413,75.22308) (-0.2414134,0.827129,0.273083) (36.5074,344.136,9.315052)
compute 11.4839656012328(-0.252399414777756,0.261180102825165,0.405593127012253) (-0.3650087,0.2414617,0.4164779) (9.871316,309.9958,72.91022) (-0.1936891,0.8417719,0.2632936) (33.60859,344.6708,6.963519)
compute 9.98003647108689(-0.260942786931992,0.261819243431091,0.505025088787079) (-0.2523994,0.2611801,0.4055931) (8.261827,320.4335,80.84135) (-0.1750298,0.8361517,0.2875393) (34.65822,342.8632,2.131441)
compute 14.1918411120968(-0.269948273897171,0.259758859872818,0.646642506122589) (-0.2609428,0.2618192,0.5050251) (7.584424,339.1938,81.01761) (-0.1873538,0.8123639,0.3334588) (33.74115,341.6531,358.4841)
compute 9.71749974005412(-0.363336235284805,0.243948146700859,0.668360948562622) (-0.2699483,0.2597589,0.6466425) (12.02565,316.6494,94.14838) (-0.2292401,0.7699556,0.3786786) (36.93228,339.5245,357.8294)
compute 7.78245950242444(-0.385566085577011,0.230187103152275,0.741662621498108) (-0.3633362,0.2439481,0.6683609) (8.797242,327.7999,91.75217) (-0.2437066,0.7443663,0.3967241) (39.17598,338.752,356.3162)
compute 2.98507405577898(-0.37946292757988,0.216170683503151,0.767301619052887) (-0.3855661,0.2301871,0.7416626) (11.22205,333.9126,90.62933) (-0.240869,0.7364256,0.4031693) (40.90141,340.23,357.2738)
compute 5.82353649956324(-0.348942488431931,0.21772988140583,0.717729151248932) (-0.3794629,0.2161707,0.7673016) (7.112983,329.5647,87.72383) (-0.1958004,0.7647668,0.3853855) (38.51274,345.6885,359.3355)
compute 16.2872269140273(-0.291429072618485,0.217611700296402,0.565349459648132) (-0.3489425,0.2177299,0.7177292) (7.887923,315.5377,79.18465) (-0.1115695,0.7996447,0.3577934) (34.73351,5.351095,7.702687)
compute 18.0309532783106(-0.19855634868145,0.219795882701874,0.410813331604004) (-0.2914291,0.2176117,0.5653495) (13.03186,307.9567,69.5296) (-0.05160352,0.8239428,0.320049) (32.54702,16.51697,10.71122)
compute 11.1206120028356(-0.104701273143291,0.218210905790329,0.470441460609436) (-0.1985563,0.2197959,0.4108133) (13.68024,330.1436,70.69052) (-0.03036248,0.825416,0.3107024) (33.28638,12.18431,4.04574)
compute 19.3290753191742(-0.0695828944444656,0.224895566701889,0.660397589206696) (-0.1047013,0.2182109,0.4704415) (5.664747,346.1179,82.04333) (-0.01693675,0.8096166,0.3393671) (32.90047,7.160461,357.5588)
compute 12.197396299792(-0.0371633023023605,0.223438546061516,0.77797520160675) (-0.06958289,0.2248956,0.6603976) (13.73201,356.9425,89.9958) (-0.01951663,0.780624,0.3916863) (36.00647,3.411882,353.9141)
compute 5.66964831592129(-0.0447314493358135,0.251866608858109,0.826442301273346) (-0.0371633,0.2234385,0.7779752) (6.391239,346.2506,97.78358) (-0.02537556,0.7621313,0.417623) (38.43475,2.355808,353.113)
compute 4.97458046365506(0.00163476960733533,0.236107021570206,0.835186123847961) (-0.04473145,0.2518666,0.8264423) (3.717937,358.5447,90.00282) (-0.00342951,0.7595502,0.4232172) (38.81459,6.069553,354.2314)
compute 14.2089048540513(-0.0177532136440277,0.187875092029572,0.702947378158569) (0.00163477,0.236107,0.8351861) (13.03903,333.8563,97.67179) (0.03213773,0.7701763,0.4049365) (37.64383,13.26008,358.0029)
compute 18.7552610790639(-0.00392595073208213,0.168302327394485,0.51693207025528) (-0.01775321,0.1878751,0.7029474) (22.92266,307.8066,95.44923) (0.09626956,0.7865896,0.3592614) (34.42144,31.19912,7.905687)
compute 16.5726626457955(0.0811613872647285,0.187439665198326,0.376009315252304) (-0.003925951,0.1683023,0.5169321) (27.14408,290.0981,87.56345) (0.145721,0.7984735,0.3256914) (32.8477,38.66239,8.939282)
compute 8.88059937131945(0.161078274250031,0.215969383716583,0.349820554256439) (0.08116139,0.1874397,0.3760093) (26.86487,301.0009,83.95525) (0.1976057,0.8082551,0.303938) (31.1744,43.45307,7.516833)
compute 3.11786840913558(0.189549714326859,0.22725422680378,0.355663478374481) (0.1610783,0.2159694,0.3498206) (20.66942,315.5057,80.47764) (0.2293369,0.8046788,0.2929759) (32.80135,46.97517,6.931382)
compute 1.80517364772765(0.186003342270851,0.210799932479858,0.362186104059219) (0.1895497,0.2272542,0.3556635) (19.62677,317.2107,77.02543) (0.2252938,0.7980943,0.2934314) (35.08782,41.36436,2.527541)
compute 2.61566730571465(0.176817744970322,0.190830126404762,0.376363664865494) (0.1860033,0.2107999,0.3621861) (24.62212,317.2127,84.39195) (0.1340254,0.8071328,0.3199727) (34.5854,21.6209,355.6716)
compute 4.38484429018492(0.133221104741097,0.188801199197769,0.372132539749146) (0.1768177,0.1908301,0.3763637) (27.31137,308.1608,88.44193) (0.02011583,0.8156008,0.3358893) (33.35983,354.9956,347.5189)
compute 7.502935612281(0.0584759712219238,0.188760027289391,0.365608125925064) (0.1332211,0.1888012,0.3721325) (29.01562,296.3924,92.20061) (-0.07785436,0.8227299,0.3223093) (32.23435,335.9698,343.2361)
compute 7.07740656975134(-0.0117681911215186,0.192448437213898,0.373426169157028) (0.05847597,0.18876,0.3656081) (24.94163,298.8976,88.32667) (-0.1523612,0.8304716,0.2953758) (31.64475,321.5751,342.6245)
compute 8.58739963115484(-0.0963424146175385,0.207317382097244,0.374103367328644) (-0.01176819,0.1924484,0.3734262) (19.51284,299.3772,83.80312) (-0.2074363,0.8370197,0.2652206) (32.27977,313.8622,345.0138)
compute 9.10717638297106(-0.180002674460411,0.238915026187897,0.356880813837051) (-0.09634241,0.2073174,0.3741034) (15.30352,295.1885,79.85395) (-0.2295207,0.8323825,0.2518457) (34.12836,314.0183,348.4262)
compute 7.5665156775472(-0.243492990732193,0.272183775901794,0.332644760608673) (-0.1800027,0.238915,0.3568808) (10.64516,292.4171,74.54035) (-0.2195622,0.8339168,0.2483088) (36.01556,325.1371,355.389)
compute 2.56506673709886(-0.265024453401566,0.282137364149094,0.322883665561676) (-0.243493,0.2721838,0.3326448) (9.244155,295.6056,71.14627) (-0.1561574,0.847717,0.2555908) (34.74773,353.204,9.23668)
compute 2.34844645169513(-0.242873504757881,0.287834763526917,0.328212380409241) (-0.2650245,0.2821374,0.3228837) (10.39651,302.4321,70.8005) (-0.08332039,0.8713234,0.2474933) (30.44762,14.77941,17.54213)
compute 7.33489963433097(-0.174894094467163,0.291839987039566,0.355467349290848) (-0.2428735,0.2878348,0.3282124) (10.46086,308.7575,74.26833) (-0.02379225,0.8847855,0.2262245) (29.043,23.52847,16.82491)
compute 13.2807091419076(-0.0523214302957058,0.29250705242157,0.406587034463882) (-0.1748941,0.29184,0.3554673) (12.82819,324.6797,76.49043) (0.03967238,0.890093,0.2147603) (29.09504,29.27496,12.71876)
compute 13.596141528243(0.0782045796513557,0.304081410169601,0.442843109369278) (-0.05232143,0.2925071,0.406587) (14.2916,340.8646,76.84526) (0.0959692,0.8852323,0.2144214) (29.52269,33.85632,10.02202)
compute 9.76031907666657(0.174340546131134,0.310564428567886,0.458406835794449) (0.07820458,0.3040814,0.4428431) (13.88815,352.7553,77.04521) (0.1401088,0.8697818,0.2219216) (31.94966,37.35867,6.062696)
compute 4.67178963476156(0.219751924276352,0.299750596284866,0.456554889678955) (0.1743405,0.3105644,0.4584068) (11.43838,0.2002556,73.34228) (0.1673189,0.8542805,0.2328994) (33.79546,40.70444,4.320048)
compute 2.36831051491913(0.19729420542717,0.292234629392624,0.456779778003693) (0.2197519,0.2997506,0.4565549) (11.96312,357.4103,85.38088) (0.1726954,0.8375986,0.2475956) (36.12275,41.72048,4.692192)
Average= 10.6178528526435
Max= 29.796992773364
Standard Deviation= 6.89631503893258
Right: 22    Wrong: 0
0
