red 208.8549 213.7533 13.06191 (-0.3071812,5,0.7) (-0.3071812,1.896029,0.7)
red 209.3633 214.7089 13.13766 (0.7216492,5,0.7) (0.7216492,1.626184,0.7)
black 209.8605 215.6867 10.15016 (0.98311,5,0.7) (0.98311,0.07292731,0.7)
red 209.8605 216.1311 14.39963 (-0.5150416,5,0.7) (-0.5150416,1.440777,0.7)
red 210.3602 216.3311 14.22254 (-0.5960121,5,0.7) (-0.5960121,1.562798,0.7)
black 210.3602 217.2422 15.44074 (0.1785899,5,0.7) (0.1785899,1.402404,0.7)
red 212.356 217.7978 13.1999 (0.7527721,5,0.7) (0.7527721,1.588203,0.7)
red 210.8596 217.8089 16.9205 (0.7296684,5,0.7) (0.7296684,1.748147,0.7)
red 211.858 218.9311 16.50685 (-0.5773222,5,0.7) (-0.5773222,1.589152,0.7)
black 210.8596 219.6756 14.64026 (-0.4761552,5,0.7) (-0.4761552,0.08216834,0.7)
black 208.8549 220.1756 17.99497 (0.6644888,5,0.7) (0.6644888,0.08120804,0.7)
black 209.3633 220.3422 17.56593 (-0.5404544,5,0.7) (-0.5404544,0.08145085,0.7)
red 213.3552 220.42 16.83273 (-0.3269225,5,0.7) (-0.3269225,1.674786,0.7)
black 215.8597 220.4867 11.83528 (-0.5326443,5,0.7) (-0.5326443,1.717386,0.7)
red 211.3619 220.62 15.26492 (-0.9730215,5,0.7) (-0.9730215,0.08385435,0.7)
red 214.8644 220.6422 14.27161 (-0.1005064,5,0.7) (-0.1005064,1.685969,0.7)
red 215.3617 220.9978 14.485 (-0.3529383,5,0.7) (-0.3529383,1.825495,0.7)
black 212.356 221.1533 14.6001 (-0.1049081,5,0.7) (-0.1049081,0.07863361,0.7)
red 214.3616 221.7756 14.72851 (0.7583635,5,0.7) (0.7583635,0.8970411,0.7)
red 213.8624 221.9311 16.16973 (0.8366289,5,0.7) (0.8366289,1.005024,0.7)
black 213.3552 222.0089 17.63107 (0.8623669,5,0.7) (0.8623669,1.147851,0.7)
black 215.3617 222.1644 14.19478 (0.6092424,5,0.7) (0.6092424,1.069769,0.7)
black 212.856 222.2311 19.21926 (0.7736585,5,0.7) (0.7736585,1.251905,0.7)
black 217.8572 222.2645 10.05966 (0.5059454,5,0.7) (0.5059454,1.255656,0.7)
black 216.8598 222.3089 12.53445 (0.6268544,5,0.7) (0.6268544,1.371165,0.7)
red 215.8597 222.4089 15.01728 (0.751581,5,0.7) (0.751581,1.462319,0.7)
red 216.8598 222.5756 13.43339 (0.9450879,5,0.7) (0.9450879,1.484304,0.7)
black 211.3619 222.7311 18.07547 (0.2044901,5,0.7) (0.2044901,0.08432787,0.7)
black 214.3616 222.9644 14.3388 (0.5461717,5,0.7) (0.5461717,0.08099604,0.7)
red 212.856 223.3978 16.9796 (0.5011821,5,0.7) (0.5011821,0.07968153,0.7)
black 213.8624 223.7422 16.10633 (0.2748511,5,0.7) (0.2748511,0.08028051,0.7)
black 211.858 223.7645 18.74749 (0.1197096,5,0.7) (0.1197096,0.08312437,0.7)
red 218.3573 224.12 13.93561 (0.8451583,5,0.7) (0.8451583,1.605189,0.7)
red 217.8572 224.9311 16.70981 (-0.482252,5,0.7) (-0.482252,1.639573,0.7)
red 216.36 225.2311 14.71159 (-0.6417131,5,0.7) (-0.6417131,0.07953626,0.7)
red 219.3564 225.6867 15.31149 (-0.5129359,5,0.7) (-0.5129359,1.661417,0.7)
red 217.3598 225.7645 14.0591 (-0.8971281,5,0.7) (-0.8971281,0.08312941,0.7)
red 218.8554 225.8311 16.844 (-0.3472556,5,0.7) (-0.3472556,1.719568,0.7)
black 217.3598 226.0867 14.50597 (-0.4231967,5,0.7) (-0.4231967,0.07861891,0.7)
red 220.8537 226.3645 14.04436 (-0.6244566,5,0.7) (-0.6244566,1.786615,0.7)
black 214.8644 226.5311 18.44987 (-0.494615,5,0.7) (-0.494615,0.08184314,0.7)
red 219.8637 226.6756 16.99001 (-0.2842058,5,0.7) (-0.2842058,1.826873,0.7)
black 221.364 227.2422 10.24985 (-0.378635,5,0.7) (-0.378635,0.07901634,0.7)
black 218.8554 227.32 17.72746 (0.03521955,5,0.7) (0.03521955,1.257665,0.7)
black 221.8617 228.2422 11.03866 (-0.9566302,5,0.7) (-0.9566302,0.08060738,0.7)
red 221.364 228.2756 16.46395 (0.2972686,5,0.7) (0.2972686,1.654098,0.7)
black 220.3638 228.5756 19.32076 (0.193029,5,0.7) (0.193029,1.73766,0.7)
black 218.3573 228.82 16.88148 (-0.8248074,5,0.7) (-0.8248074,0.08128737,0.7)
black 216.36 228.9978 19.65166 (0.252666,5,0.7) (0.252666,0.08177629,0.7)
red 222.3593 229.02 16.43837 (-0.2070183,5,0.7) (-0.2070183,1.772415,0.7)
red 220.3638 229.0867 14.50371 (0.8379412,5,0.7) (0.8379412,0.07767409,0.7)
red 222.8606 229.2533 15.26966 (0.05294573,5,0.7) (0.05294573,1.614909,0.7)
red 223.3584 229.6756 13.05948 (-0.8294401,5,0.7) (-0.8294401,0.982021,0.7)
red 221.8617 229.6978 16.03363 (-0.8781576,5,0.7) (-0.8781576,1.081282,0.7)
black 222.8606 229.9978 12.18398 (0.6387761,5,0.7) (0.6387761,0.07576733,0.7)
black 219.8637 230.4422 17.05077 (-0.1112517,5,0.7) (-0.1112517,0.08411835,0.7)
black 219.3564 232.2422 19.95955 (0.8155222,5,0.7) (0.8155222,0.08491258,0.7)
black 220.8537 233.42 19.56571 (0.734895,5,0.7) (0.734895,0.08467802,0.7)
black 223.3584 233.5867 16.57247 (0.4808502,5,0.7) (0.4808502,0.08164465,0.7)
black 222.3593 233.9644 18.37434 (-0.9856877,5,0.7) (-0.9856877,0.08483553,0.7)
0
