compute 108.714066984515(-0.201672181487083,1.04292786121368,0.231310844421387) (0,0,0) (286.3916,258.5922,115.7319) (-0.1348204,1.325714,0.006985591) (311.0985,9.766479,354.9275)
compute 0.534225412514439(-0.20416185259819,1.04272437095642,0.226588577032089) (-0.2016722,1.042928,0.2313108) (286.385,258.6428,115.7912) (-0.137758,1.3263,0.001188167) (311.0705,10.91243,354.3923)
compute 0.395589273533172(-0.204523727297783,1.04285633563995,0.222651481628418) (-0.2041619,1.042724,0.2265886) (285.9459,265.5673,110.1243) (-0.138942,1.326812,-0.004250511) (311.0502,11.47245,354.2441)
compute 0.258449835606207(-0.204559877514839,1.04303431510925,0.220073372125626) (-0.2045237,1.042856,0.2226515) (285.7492,268.8844,106.9673) (-0.1399164,1.326845,-0.008642199) (310.5925,11.19079,354.1908)
compute 0.331794651942163(-0.206195682287216,1.04301905632019,0.217186734080315) (-0.2045599,1.043034,0.2200734) (285.9066,270.2465,105.5098) (-0.142375,1.327664,-0.01554365) (308.9649,9.901581,354.2011)
compute 0.538961469852732(-0.210370600223541,1.0428569316864,0.213782072067261) (-0.2061957,1.043019,0.2171867) (286.0033,268.8849,106.4237) (-0.1425864,1.327525,-0.02013388) (308.2836,9.350492,353.9933)
compute 0.267851885351179(-0.212740421295166,1.04258596897125,0.212563470005989) (-0.2103706,1.042857,0.2137821) (286.3347,265.8981,108.5213) (-0.14201,1.327405,-0.02200527) (308.0095,8.657892,354.0945)
compute 0.39753794034652(-0.216556206345558,1.04232585430145,0.211479142308235) (-0.2127404,1.042586,0.2125635) (286.6936,263.9508,110.0924) (-0.1446187,1.32663,-0.02746746) (305.6877,6.582285,355.3555)
compute 0.764221438068782(-0.223914623260498,1.04213070869446,0.20942510664463) (-0.2165562,1.042326,0.2114791) (286.8647,262.0322,111.7785) (-0.1455495,1.32644,-0.03305744) (303.7716,5.23178,356.0162)
compute 0.481894899427916(-0.228242844343185,1.04173290729523,0.207344114780426) (-0.2239146,1.042131,0.2094251) (287.469,257.5208,115.9931) (-0.1461559,1.326159,-0.03326778) (303.2257,4.824554,356.1351)
compute 0.32064450379394(-0.231016203761101,1.04120087623596,0.205825328826904) (-0.2282428,1.041733,0.2073441) (288.5988,250.7546,125.5987) (-0.1469849,1.326109,-0.03259855) (302.9839,3.825563,356.751)
compute 0.688261662986523(-0.235894098877907,1.03890514373779,0.201546758413315) (-0.2310162,1.041201,0.2058253) (293.9521,222.6903,162.92) (-0.1506317,1.32567,-0.03162587) (302.3215,2.250054,358.1237)
compute 1.01962949569307(-0.244661152362823,1.03531193733215,0.197779521346092) (-0.2358941,1.038905,0.2015468) (304.5358,206.7517,194.3297) (-0.1568525,1.323957,-0.03033154) (301.6009,0.09166756,359.4673)
compute 1.78967730060755(-0.262033402919769,1.03110551834106,0.196882054209709) (-0.2446612,1.035312,0.1977795) (314.2228,207.3459,209.386) (-0.1640863,1.322099,-0.02951418) (300.8458,359.0107,0.3063714)
compute 0.553470367734331(-0.266520291566849,1.02792954444885,0.197525456547737) (-0.2620334,1.031106,0.1968821) (317.6748,205.0779,219.5074) (-0.1656471,1.319778,-0.02847531) (299.8674,2.108392,357.4676)
compute 0.727779321707077(-0.272204995155334,1.02862524986267,0.202016159892082) (-0.2665203,1.02793,0.1975255) (312.9403,202.8751,224.453) (-0.1640677,1.318628,-0.02708897) (298.9662,1.92136,356.4478)
compute 0.717254074355169(-0.278069317340851,1.02920889854431,0.20610448718071) (-0.272205,1.028625,0.2020162) (309.6526,214.2721,222.0767) (-0.1603311,1.320462,-0.02564744) (299.0743,359.7946,358.338)
compute 0.349188233182884(-0.275718688964844,1.02777099609375,0.208249300718308) (-0.2780693,1.029209,0.2061045) (313.4996,219.9882,221.6256) (-0.1456987,1.31339,-0.02215282) (300.4608,357.8717,0.1209416)
compute 55.5581478996795(-0.201145306229591,1.5725976228714,0.12904354929924) (-0.2757187,1.027771,0.2082493) (328.9959,222.2827,223.1271) (-0.1334468,1.312425,-0.02580377) (299.4158,356.445,1.438464)
compute 4.96777822314281(-0.200893625617027,1.53053939342499,0.102606378495693) (-0.2011453,1.572598,0.1290435) (338.7438,216.6924,226.6033) (-0.1287772,1.311777,-0.02669828) (299.0156,354.2591,3.543017)
compute 2.1431224905453(-0.1798295378685,1.53213310241699,0.0989922806620598) (-0.2008936,1.530539,0.1026064) (336.5132,212.565,226.1399) (-0.122973,1.312943,-0.02743821) (300.108,353.4214,3.550551)
compute 3.3472953999536(-0.166749238967896,1.56143498420715,0.10851825773716) (-0.1798295,1.532133,0.09899228) (332.3268,211.7454,225.8777) (-0.1231171,1.31451,-0.02821198) (300.6097,351.9568,4.362507)
compute 1.38781237699635(-0.156022727489471,1.57008278369904,0.110179536044598) (-0.1667492,1.561435,0.1085183) (330.4879,212.8406,225.8954) (-0.1262981,1.315857,-0.03558568) (300.4706,352.4147,3.439043)
compute 2.76522798677451(-0.14223912358284,1.59376454353333,0.106459975242615) (-0.1560227,1.570083,0.1101795) (326.2256,209.9332,226.8344) (-0.1345394,1.315962,-0.04162987) (300.3081,351.8752,4.16094)
compute 6.66883965147891(-0.138401120901108,1.65968632698059,0.115783624351025) (-0.1422391,1.593765,0.10646) (317.9805,207.9851,228.1602) (-0.1416582,1.314119,-0.04598989) (299.7275,351.5065,4.3027)
compute 5.60026424787682(-0.180842384696007,1.68300795555115,0.143910780549049) (-0.1384011,1.659686,0.1157836) (313.7821,239.6331,210.7757) (-0.1482259,1.312199,-0.0448886) (299.7918,351.0434,5.064248)
compute 2.28871214706717(-0.19471076130867,1.69838356971741,0.134159937500954) (-0.1808424,1.683008,0.1439108) (311.8748,239.3043,209.6181) (-0.1603374,1.311438,-0.04215271) (299.0948,349.7792,6.166205)
compute 1.6154254971195(-0.210259273648262,1.70005750656128,0.130110040307045) (-0.1947108,1.698384,0.1341599) (313.6403,236.8499,212.6248) (-0.1743643,1.312873,-0.03540206) (299.2773,347.2239,8.1464)
compute 1.80549816356307(-0.223159432411194,1.69545221328735,0.141872674226761) (-0.2102593,1.700058,0.13011) (314.0125,237.2208,211.5739) (-0.1818367,1.315232,-0.0292311) (299.7024,347.317,7.596709)
compute 2.34066140289993(-0.231913208961487,1.69200503826141,0.163305312395096) (-0.2231594,1.695452,0.1418727) (314.0809,238.6612,211.0718) (-0.1859345,1.315756,-0.02590458) (299.5987,347.3438,7.25805)
compute 2.66501299511027(-0.236464574933052,1.69163775444031,0.189561352133751) (-0.2319132,1.692005,0.1633053) (313.6582,241.9991,208.4628) (-0.187053,1.31535,-0.01833691) (300.219,347.8001,6.81935)
compute 2.07366336765987(-0.238169774413109,1.69277215003967,0.210196599364281) (-0.2364646,1.691638,0.1895614) (313.4484,243.8729,206.8371) (-0.1873351,1.31523,-0.01213952) (300.4716,346.2512,7.611237)
compute 1.10498583265066(-0.237745448946953,1.69505286216736,0.221000194549561) (-0.2381698,1.692772,0.2101966) (313.2007,243.9337,206.675) (-0.1869857,1.315379,-0.006570919) (301.1523,346.188,7.03436)
compute 0.579243840417402(-0.236831501126289,1.69486975669861,0.22671714425087) (-0.2377454,1.695053,0.2210002) (312.3547,244.6875,205.5655) (-0.1882391,1.317372,-0.002669952) (301.4951,346.0758,7.244127)
compute 0.534645617419951(-0.237269058823586,1.69379127025604,0.231935381889343) (-0.2368315,1.69487,0.2267171) (311.7723,242.1067,206.7204) (-0.1900667,1.318622,-0.0007134369) (301.6834,345.8142,6.782681)
compute 0.788518305826839(-0.24343977868557,1.6893652677536,0.234058782458305) (-0.2372691,1.693791,0.2319354) (312.0495,242.2124,206.5661) (-0.1937796,1.319328,0.0004731724) (302.0328,346.0044,6.829167)
compute 0.477094020840984(-0.246415361762047,1.6856781244278,0.23461802303791) (-0.2434398,1.689365,0.2340588) (312.4335,242.151,206.3489) (-0.1961651,1.319333,0.002164667) (302.4785,346.7462,6.319425)
compute 0.635976126286693(-0.251379668712616,1.6841059923172,0.238269135355949) (-0.2464154,1.685678,0.234618) (313.199,242.7268,205.8237) (-0.1974521,1.319517,0.002225616) (302.7238,346.8654,6.292259)
compute 0.414199754420937(-0.253240376710892,1.68402314186096,0.241968736052513) (-0.2513797,1.684106,0.2382691) (313.425,243.0462,205.791) (-0.2002769,1.319458,0.002135006) (302.6402,346.9966,6.52246)
compute 0.466706494914934(-0.25466325879097,1.6830507516861,0.2463059425354) (-0.2532404,1.684023,0.2419687) (313.6116,244.2031,205.1389) (-0.2026822,1.319573,0.001685136) (302.818,347.3795,6.616949)
compute 1.02696101841855(-0.25702440738678,1.67879724502563,0.255350142717361) (-0.2546633,1.683051,0.2463059) (313.7863,245.7161,203.9799) (-0.2027612,1.319869,0.001118516) (303.1547,347.5589,6.740857)
compute 1.4558494909638(-0.259184241294861,1.66715610027313,0.26382178068161) (-0.2570244,1.678797,0.2553501) (313.694,247.7858,201.3441) (-0.2050681,1.319897,0.001536173) (303.2409,347.4363,6.883539)
compute 1.8349603210257(-0.264028757810593,1.66768050193787,0.281512558460236) (-0.2591842,1.667156,0.2638218) (313.4417,249.6303,199.218) (-0.2104682,1.320108,0.003141002) (303.7911,347.064,7.095619)
compute 0.871827745090265(-0.269646555185318,1.66842520236969,0.288137823343277) (-0.2640288,1.667681,0.2815126) (312.8316,250.1393,198.2217) (-0.214734,1.320059,0.00624773) (304.0488,346.626,7.442484)
compute 0.717199826279068(-0.275547951459885,1.66857850551605,0.292210608720779) (-0.2696466,1.668425,0.2881378) (312.2378,250.2495,197.3914) (-0.2166791,1.319994,0.01097559) (304.3727,347.1479,6.920154)
compute 0.980057037212182(-0.281325876712799,1.66940331459045,0.300083756446838) (-0.275548,1.668579,0.2922106) (311.7017,250.2601,196.9204) (-0.2206556,1.31964,0.01580677) (304.8898,348.0179,6.280812)
compute 0.605353415437692(-0.283744484186172,1.67182743549347,0.3050756752491) (-0.2813259,1.669403,0.3000838) (310.8614,250.4225,196.4445) (-0.2275562,1.322082,0.02154066) (304.7425,346.9578,5.824756)
compute 1.58076891458765(-0.28506726026535,1.68030881881714,0.318349689245224) (-0.2837445,1.671827,0.3050757) (309.2307,249.4609,196.3015) (-0.2310477,1.324855,0.0348566) (306.3862,347.6702,4.703268)
compute 1.57272392779965(-0.287660598754883,1.67949616909027,0.3338403403759) (-0.2850673,1.680309,0.3183497) (308.8159,251.4258,194.6158) (-0.230089,1.323278,0.05391958) (306.9272,346.9821,5.76301)
compute 3.25691189606731(-0.289135545492172,1.67918765544891,0.366374582052231) (-0.2876606,1.679496,0.3338403) (308.7003,257.8679,188.1177) (-0.2163246,1.320832,0.07578816) (306.3844,346.1034,5.683688)
compute 3.53879358800251(-0.288844227790833,1.67307996749878,0.401230245828629) (-0.2891355,1.679188,0.3663746) (309.825,263.5847,183.1991) (-0.1979555,1.310989,0.1069271) (306.2683,344.414,7.272399)
compute 2.64267575719413(-0.276699483394623,1.66446602344513,0.423063218593597) (-0.2888442,1.67308,0.4012302) (309.6719,259.1814,184.9026) (-0.1811085,1.299109,0.1383018) (306.2725,342.2026,7.895316)
compute 2.37347615537538(-0.27271431684494,1.66379690170288,0.446451455354691) (-0.2766995,1.664466,0.4230632) (308.3782,254.811,184.4413) (-0.1786554,1.29846,0.1624121) (307.9507,338.7575,10.13366)
compute 2.31301635373208(-0.281153678894043,1.66607558727264,0.467866152524948) (-0.2727143,1.663797,0.4464515) (308.41,252.7184,184.2177) (-0.1926841,1.323407,0.1888878) (309.6851,337.8161,10.24216)
compute 2.98289759786336(-0.295448362827301,1.68182170391083,0.488782405853271) (-0.2811537,1.666076,0.4678662) (307.3267,253.6136,182.3585) (-0.2036103,1.33203,0.1996098) (310.2278,338.7904,7.699128)
compute 1.69459146463864(-0.304454475641251,1.68377101421356,0.503004014492035) (-0.2954484,1.681822,0.4887824) (306.3985,257.0801,179.971) (-0.2138065,1.331343,0.2019362) (308.8506,342.4417,2.629955)
compute 1.528314531107(-0.305239856243134,1.68301677703857,0.518248319625854) (-0.3044545,1.683771,0.503004) (305.6814,259.577,176.6307) (-0.2263658,1.335617,0.2071482) (308.2476,342.3358,3.401167)
compute 4.22579477671804(-0.305405497550964,1.68297863006592,0.560505926609039) (-0.3052399,1.683017,0.5182483) (303.4447,266.069,170.6403) (-0.228865,1.334797,0.234777) (310.3999,342.4717,3.029326)
compute 7.90211144850558(-0.312554210424423,1.69246232509613,0.638629496097565) (-0.3054055,1.682979,0.5605059) (303.7935,275.898,160.6437) (-0.2248821,1.338859,0.26215) (310.5371,338.0174,5.325395)
compute 10.7831449967943(-0.31740140914917,1.70405447483063,0.745726406574249) (-0.3125542,1.692462,0.6386295) (304.4736,293.3222,143.394) (-0.220891,1.349759,0.2884009) (314.1285,335.4957,5.333004)
compute 4.27651111615452(-0.31927290558815,1.70540869235992,0.788429081439972) (-0.3174014,1.704054,0.7457264) (302.3065,295.5884,137.5781) (-0.2149679,1.352883,0.2969357) (316.4028,334.7424,4.959019)
compute 2.87642122698255(-0.325388580560684,1.68232500553131,0.804464101791382) (-0.3192729,1.705409,0.7884291) (308.2314,298.9873,138.2757) (-0.2138679,1.343543,0.2876208) (314.5833,334.5003,6.677552)
compute 3.31903210628563(-0.32336437702179,1.66397845745087,0.776879608631134) (-0.3253886,1.682325,0.8044641) (304.8747,290.4654,142.5779) (-0.2117116,1.341362,0.2793223) (314.2444,341.3768,2.034295)
compute 3.72293841388316(-0.321417808532715,1.65868401527405,0.740080058574677) (-0.3233644,1.663978,0.7768796) (302.446,276.9473,153.4265) (-0.2163594,1.338708,0.2697992) (312.2906,341.6414,2.939126)
compute 3.3971924296982(-0.312565952539444,1.68443155288696,0.760397553443909) (-0.3214178,1.658684,0.7400801) (298.2872,291.5471,137.6584) (-0.2219932,1.342451,0.2672391) (313.6206,342.8093,2.226786)
compute 4.1228874714297(-0.2912977039814,1.66625738143921,0.730112552642822) (-0.312566,1.684432,0.7603976) (294.7007,284.1501,143.0917) (-0.2090756,1.340492,0.2645772) (312.4824,354.7914,355.3907)
compute 11.1954235930731(-0.201310127973557,1.66558825969696,0.663512706756592) (-0.2912977,1.666257,0.7301126) (289.8945,259.611,162.4386) (-0.191734,1.336828,0.2612156) (310.0354,0.09861908,354.8679)
compute 11.383085106765(-0.0998351499438286,1.71137857437134,0.687251687049866) (-0.2013101,1.665588,0.6635127) (280.775,287.885,131.778) (-0.1451879,1.333553,0.2592152) (308.052,10.69785,348.5032)
compute 4.13937460959281(-0.0729662328958511,1.68867337703705,0.709068596363068) (-0.09983515,1.711379,0.6872517) (286.7594,303.1891,121.1742) (-0.1051238,1.323033,0.2535869) (306.8844,16.52053,344.1558)
compute 7.99587324751755(-0.016124015673995,1.66438913345337,0.658347427845001) (-0.07296623,1.688673,0.7090686) (288.3222,272.1662,152.002) (-0.08297457,1.315061,0.2516805) (304.7463,16.00596,345.7554)
compute 9.96671148486682(0.0761182978749275,1.70071470737457,0.648083806037903) (-0.01612402,1.664389,0.6583474) (279.5601,269.2574,159.9968) (-0.07215735,1.319762,0.2557341) (301.8091,3.150164,353.4342)
compute 7.86869036154176(0.141010820865631,1.73834252357483,0.671847999095917) (0.0761183,1.700715,0.6480838) (276.4522,328.6564,108.7121) (-0.1228748,1.323442,0.2592205) (306.3383,324.806,17.61443)
compute 3.63140677331929(0.116259433329105,1.7142835855484,0.660567581653595) (0.1410108,1.738343,0.671848) (278.6768,342.9573,96.9955) (-0.1589756,1.305371,0.2497144) (313.0391,310.3597,24.97695)
compute 23.7598610380033(-0.103442199528217,1.64046430587769,0.608270287513733) (0.1162594,1.714284,0.6605676) (295.2766,272.9722,156.405) (-0.1847817,1.288382,0.2393749) (316.3453,306.5264,26.34458)
compute 27.5863332333774(-0.35747617483139,1.55524170398712,0.54266220331192) (-0.1034422,1.640464,0.6082703) (315.9991,258.1057,158.7643) (-0.2216258,1.283491,0.2298473) (317.3,308.3494,22.74748)
compute 20.6648550786309(-0.559152364730835,1.51230764389038,0.528987169265747) (-0.3574762,1.555242,0.5426622) (329.5904,258.457,150.1293) (-0.2798994,1.282719,0.2169238) (317.9149,310.2991,18.69553)
compute 17.4213665058324(-0.730038702487946,1.51211810112,0.562872648239136) (-0.5591524,1.512308,0.5289872) (334.1239,261.6569,147.4323) (-0.3319979,1.288606,0.2097276) (320.444,308.3529,17.53565)
compute 11.4954161512084(-0.835779905319214,1.49095380306244,0.602688848972321) (-0.7300387,1.512118,0.5628726) (335.9541,266.6007,140.914) (-0.3640837,1.286932,0.2035629) (320.0641,306.3057,15.99931)
compute 7.50867494640995(-0.865563452243805,1.44814550876617,0.656711161136627) (-0.8357799,1.490954,0.6026888) (337.01,274.4999,134.3807) (-0.3847486,1.276077,0.1892782) (320.7957,305.6259,16.36084)
compute 7.56263351235202(-0.871084213256836,1.38606560230255,0.699547469615936) (-0.8655635,1.448146,0.6567112) (344.0648,280.0775,134.7036) (-0.4047889,1.27009,0.1821055) (321.4406,305.1615,18.61849)
compute 5.69683116004582(-0.828395247459412,1.35978543758392,0.672484695911407) (-0.8710842,1.386066,0.6995475) (341.8209,277.3959,132.4144) (-0.3873637,1.287674,0.1800701) (312.555,324.8057,19.54968)
compute 12.3717827027699(-0.725088655948639,1.41184437274933,0.628624498844147) (-0.8283952,1.359785,0.6724847) (337.4752,271.9746,138.2784) (-0.3282401,1.312837,0.158503) (298.6614,352.204,3.196072)
compute 15.2729387682271(-0.597604334354401,1.49595129489899,0.628825664520264) (-0.7250887,1.411844,0.6286245) (325.4041,269.9285,142.7901) (-0.3093639,1.30852,0.1694812) (299.4009,3.015062,358.2748)
compute 13.1198590892388(-0.48021787405014,1.54818606376648,0.655377864837646) (-0.5976043,1.495951,0.6288257) (316.1744,272.1913,145.9803) (-0.2794756,1.308118,0.2075976) (303.154,359.9747,0.3189389)
compute 12.8109585147347(-0.365465849637985,1.58649146556854,0.697529196739197) (-0.4802179,1.548186,0.6553779) (309.1849,280.3094,143.1096) (-0.2483643,1.302036,0.2375225) (305.6559,359.8062,1.160419)
compute 5.91525680423306(-0.311176419258118,1.60456919670105,0.712525188922882) (-0.3654658,1.586491,0.6975292) (309.8452,288.1449,140.9501) (-0.2267493,1.306079,0.2497001) (305.2799,358.3004,0.50697)
compute 4.0943318407571(-0.293064057826996,1.62819278240204,0.740636110305786) (-0.3111764,1.604569,0.7125252) (311.8477,296.1804,139.1539) (-0.2073456,1.310631,0.2558199) (306.4251,354.8875,4.453778)
compute 1.42893333267332(-0.284736186265945,1.61806154251099,0.746309697628021) (-0.2930641,1.628193,0.7406361) (314.0007,301.3109,135.1672) (-0.189981,1.303245,0.2603653) (305.1518,349.287,7.744209)
compute 6.08263076585365(-0.286024898290634,1.62810909748077,0.686332821846008) (-0.2847362,1.618062,0.7463097) (310.4629,283.5186,151.7947) (-0.1807753,1.300394,0.2672581) (304.4966,348.1958,6.606025)
compute 5.77586417152045(-0.286347955465317,1.6753990650177,0.653172373771667) (-0.2860249,1.628109,0.6863328) (303.485,269.8513,157.8635) (-0.179259,1.315025,0.272826) (304.4836,356.2679,359.5785)
compute 7.44210505443886(-0.284110724925995,1.72853016853333,0.705235540866852) (-0.286348,1.675399,0.6531724) (303.4041,292.6275,143.5404) (-0.1834265,1.331837,0.2810533) (305.3694,3.934605,353.3618)
compute 4.33037329971641(-0.24836865067482,1.70539498329163,0.71314001083374) (-0.2841107,1.72853,0.7052355) (300.0525,291.1656,140.5606) (-0.1775914,1.318861,0.2900735) (308.0156,23.26695,339.3353)
compute 10.2050099834854(-0.167946994304657,1.65346539020538,0.677786111831665) (-0.2483687,1.705395,0.71314) (297.5371,267.0762,168.9578) (-0.1690897,1.30323,0.3017017) (311.2396,32.16402,335.9265)
compute 15.3818297436949(-0.0159711856395006,1.65018582344055,0.654277265071869) (-0.167947,1.653465,0.6777861) (286.5576,247.7648,193.3151) (-0.1462598,1.297461,0.31924) (311.3201,32.3424,338.0514)
compute 13.3331991849588(0.116132006049156,1.65696704387665,0.637538611888886) (-0.01597119,1.650186,0.6542773) (274.3058,236.9452,207.9976) (-0.09477665,1.298719,0.3376234) (310.3778,36.68667,337.1233)
compute 13.6119672392468(0.249469518661499,1.65829575061798,0.66488653421402) (0.116132,1.656967,0.6375386) (279.7833,66.73522,14.13976) (-0.03450321,1.307096,0.3592215) (313.2796,42.86882,335.1794)
compute 8.58384247501796(0.319328188896179,1.62208843231201,0.699194431304932) (0.2494695,1.658296,0.6648865) (282.5131,16.96861,69.91349) (-0.01138464,1.327322,0.3698513) (315.976,45.72664,335.4789)
compute 7.16510546332056(0.374589651823044,1.57722067832947,0.691013395786285) (0.3193282,1.622088,0.6991944) (280.3295,21.50913,63.93579) (0.01239317,1.313917,0.3814619) (320.1953,47.06083,333.8406)
compute 9.2467474736519(0.46154060959816,1.54662668704987,0.683680415153503) (0.3745897,1.577221,0.6910134) (285.4059,54.76537,32.67079) (0.03585992,1.305697,0.3793715) (315.7116,41.15267,339.2773)
compute 9.76263605869042(0.554666101932526,1.51740550994873,0.685841977596283) (0.4615406,1.546627,0.6836804) (295.8395,65.90057,24.78973) (0.07853503,1.305012,0.3738308) (310.2108,31.09166,340.1921)
compute 10.3731877138693(0.653318285942078,1.49243605136871,0.705956041812897) (0.5546661,1.517406,0.685842) (304.6157,67.02348,29.6609) (0.1103977,1.305074,0.3714737) (307.0061,29.94616,337.9286)
compute 6.4240004787647(0.594767808914185,1.51818883419037,0.711907029151917) (0.6533183,1.492436,0.705956) (296.5464,51.18861,40.73904) (0.1295908,1.311888,0.3715895) (306.7706,29.45376,337.4139)
compute 20.8375459498577(0.400034099817276,1.58393502235413,0.677606105804443) (0.5947678,1.518189,0.711907) (281.5501,314.7586,133.8071) (0.1334065,1.317807,0.3766579) (306.6815,28.11124,335.6894)
compute 10.2011840486256(0.30779093503952,1.62295413017273,0.696974217891693) (0.4000341,1.583935,0.6776061) (294.4391,302.0701,146.7789) (0.1204386,1.328139,0.3679506) (305.2352,25.82724,336.5965)
compute 2.98995139845603(0.284442782402039,1.64051151275635,0.703344702720642) (0.3077909,1.622954,0.6969742) (293.7291,308.1054,141.848) (0.09978656,1.31777,0.3544561) (305.1668,29.62835,333.8575)
compute 5.59269436399312(0.291611075401306,1.64093589782715,0.647880673408508) (0.2844428,1.640512,0.7033447) (286.0453,289.2256,154.2161) (0.09644275,1.307314,0.3390386) (303.6468,29.87144,334.5366)
compute 6.78795277724344(0.355206578969955,1.62872529029846,0.627530157566071) (0.2916111,1.640936,0.6478807) (281.8742,293.2214,150.9351) (0.1274517,1.291935,0.3280731) (301.8383,25.42525,334.6881)
compute 4.92593432516125(0.401495575904846,1.6121985912323,0.630798161029816) (0.3552066,1.628725,0.6275302) (282.0493,308.8827,137.2561) (0.1130416,1.291127,0.3288409) (301.6523,334.4597,11.63261)
compute 2.39614149644633(0.394438743591309,1.58955240249634,0.634189426898956) (0.4014956,1.612199,0.6307982) (286.2989,297.3464,150.6006) (0.1130185,1.277816,0.3217577) (306.6292,318.4747,21.97789)
compute 14.4339793355438(0.253789305686951,1.5572817325592,0.6309774518013) (0.3944387,1.589552,0.6341894) (299.1818,272.7999,168.0545) (0.1097804,1.277443,0.3208734) (307.0481,323.2929,18.61433)
compute 19.1111490534717(0.0657977312803268,1.52777850627899,0.613304615020752) (0.2537893,1.557282,0.6309775) (315.3629,263.3928,171.4576) (0.08143071,1.278727,0.3298188) (308.7468,323.6137,18.47227)
compute 18.7308528802325(-0.118235036730766,1.49832689762115,0.594622313976288) (0.06579773,1.527779,0.6133046) (330.3688,263.3241,165.4682) (0.03187454,1.280485,0.3319776) (309.5181,321.1158,21.1056)
compute 13.9460261405492(-0.248661890625954,1.5294805765152,0.632929623126984) (-0.118235,1.498327,0.5946223) (332.96,272.4282,158.4021) (-0.03079407,1.287195,0.3301143) (309.61,325.0219,18.42407)
compute 7.66200812011768(-0.302837312221527,1.5695595741272,0.669389665126801) (-0.2486619,1.529481,0.6329296) (323.5437,278.1128,148.1986) (-0.04402812,1.299926,0.3253808) (306.075,338.2603,12.04645)
compute 7.54122843661647(-0.237230286002159,1.5324147939682,0.667658686637878) (-0.3028373,1.56956,0.6693897) (332.7181,277.3875,156.7757) (0.0254779,1.306557,0.3325612) (305.1102,25.47554,343.8411)
compute 22.7238170343866(-0.0170360971242189,1.56620633602142,0.622827470302582) (-0.2372303,1.532415,0.6676587) (319.6159,273.446,162.4426) (0.08209133,1.302887,0.329206) (306.5605,45.41885,331.6895)
compute 27.1773064135297(0.25015327334404,1.61405146121979,0.609363555908203) (-0.0170361,1.566206,0.6228275) (295.0763,281.6732,163.0002) (0.1285732,1.295419,0.3407009) (306.2959,43.71587,336.0899)
compute 23.0915086525651(0.47137251496315,1.6463371515274,0.667168915271759) (0.2501533,1.614051,0.6093636) (289.5689,342.2476,113.8574) (0.1781173,1.308826,0.3509048) (304.0376,36.05444,340.7992)
compute 12.6990090944967(0.560738146305084,1.64348018169403,0.757347106933594) (0.4713725,1.646337,0.6671689) (300.4893,7.130621,97.06796) (0.2049025,1.320867,0.3565408) (301.9052,24.89806,345.6681)
compute 8.7235666127951(0.548551678657532,1.55734014511108,0.750909268856049) (0.5607381,1.64348,0.7573471) (298.9521,345.8824,112.4486) (0.199139,1.324735,0.3554865) (299.668,355.4685,1.933931)
compute 15.2088921907164(0.624343037605286,1.42630481719971,0.765621602535248) (0.5485517,1.55734,0.7509093) (299.3055,351.2186,97.71698) (0.1622896,1.312855,0.3466735) (300.9472,328.2268,17.00628)
compute 15.2066471353714(0.683648765087128,1.3068653345108,0.838705480098724) (0.624343,1.426305,0.7656216) (324.0044,10.75333,96.42621) (0.1531348,1.306766,0.3491166) (302.292,323.7224,20.99106)
compute 16.7390390710236(0.53441047668457,1.37880718708038,0.814792156219482) (0.6836488,1.306865,0.8387055) (307.0556,349.8416,105.7483) (0.1442278,1.297037,0.3707508) (303.3209,330.6243,13.01836)
compute 28.461739401278(0.292252153158188,1.47503960132599,0.700311899185181) (0.5344105,1.378807,0.8147922) (298.1575,284.9021,161.4906) (0.09208695,1.28154,0.3770965) (303.9921,329.0417,14.69321)
compute 22.8367648204731(0.0802470073103905,1.51038813591003,0.623136222362518) (0.2922522,1.47504,0.7003119) (311.4893,259.3743,180.1324) (0.02044352,1.278376,0.3706543) (303.079,330.7427,10.94085)
compute 17.1928340735906(-0.0846618711948395,1.54561364650726,0.589616417884827) (0.08024701,1.510388,0.6231362) (317.3455,256.4627,176.0275) (-0.04844474,1.303086,0.3472461) (301.1551,332.7574,9.01805)
compute 9.67695353364298(-0.1629758477211,1.59973514080048,0.572234570980072) (-0.08466187,1.545614,0.5896164) (316.1729,256.3796,172.2536) (-0.1015338,1.322254,0.3319354) (298.4538,338.6374,4.279976)
compute 5.60760884135635(-0.172061681747437,1.6550509929657,0.57369464635849) (-0.1629758,1.599735,0.5722346) (309.0786,255.9227,167.902) (-0.1321487,1.335011,0.3243499) (301.5632,333.7982,9.053195)
compute 11.4097954449997(-0.183566004037857,1.70678091049194,0.674739241600037) (-0.1720617,1.655051,0.5736946) (307.9339,280.8457,143.4398) (-0.1354847,1.338681,0.3140523) (302.4504,327.2534,15.28726)
compute 10.3383288534652(-0.195712730288506,1.66886448860168,0.770148396492004) (-0.183566,1.706781,0.6747392) (321.2327,309.2632,139.792) (-0.1307695,1.329381,0.3115892) (301.6619,322.4909,17.99458)
compute 7.0180304036691(-0.231263518333435,1.6220064163208,0.731863439083099) (-0.1957127,1.668864,0.7701484) (321.5254,287.7801,144.4395) (-0.1201589,1.31706,0.3257225) (305.4784,316.4565,21.3119)
compute 7.08255220757412(-0.262302339076996,1.58600032329559,0.679361939430237) (-0.2312635,1.622006,0.7318634) (320.2522,263.2674,158.9196) (-0.1154367,1.307477,0.3438702) (308.0803,312.0206,24.42757)
compute 5.32763272572109(-0.30484265089035,1.56508648395538,0.6550452709198) (-0.2623023,1.586,0.6793619) (325.347,253.6848,162.2973) (-0.1225573,1.304078,0.3518494) (308.8802,315.515,19.57282)
compute 4.99865183130302(-0.333886474370956,1.56541967391968,0.614363610744476) (-0.3048427,1.565086,0.6550453) (326.644,249.3358,166.0213) (-0.1594102,1.303907,0.3416489) (308.4728,313.2758,21.61453)
compute 3.8006312064979(-0.355336040258408,1.58770143985748,0.592274725437164) (-0.3338865,1.56542,0.6143636) (324.2329,248.2065,162.246) (-0.2024658,1.314628,0.3228045) (307.6437,311.7179,21.75376)
compute 5.89671684482564(-0.370210319757462,1.64475834369659,0.592901289463043) (-0.355336,1.587701,0.5922747) (317.2564,247.6859,164.9907) (-0.2372253,1.32097,0.3101334) (307.0028,310.7146,21.03082)
compute 12.2219625791559(-0.368172913789749,1.73167550563812,0.678801774978638) (-0.3702103,1.644758,0.5929013) (301.4973,264.857,142.5271) (-0.2723714,1.319094,0.3004894) (310.2607,309.8687,21.17452)
compute 9.96004113790141(-0.460130959749222,1.70769619941711,0.648986458778381) (-0.3681729,1.731676,0.6788018) (311.4198,263.8887,147.108) (-0.2996425,1.317106,0.2947826) (310.239,304.4523,24.83713)
compute 14.1298151062447(-0.591618001461029,1.6714072227478,0.612115919589996) (-0.460131,1.707696,0.6489865) (323.1506,257.5495,148.2184) (-0.3120807,1.313144,0.3085147) (312.0201,308.4637,19.0378)
compute 12.1375097517099(-0.706369161605835,1.63634431362152,0.630410134792328) (-0.591618,1.671407,0.6121159) (332.1001,265.7245,141.0237) (-0.3220569,1.313899,0.2994036) (312.5676,305.8578,24.66358)
compute 7.78267999023868(-0.71555483341217,1.56144821643829,0.649468183517456) (-0.7063692,1.636344,0.6304101) (334.7024,269.5668,138.9019) (-0.2940362,1.311527,0.2874191) (303.6103,322.3365,20.53685)
compute 9.59560240097247(-0.636025011539459,1.53307282924652,0.695046722888947) (-0.7155548,1.561448,0.6494682) (338.8499,277.3483,143.2259) (-0.2498704,1.309493,0.279017) (296.9019,344.6892,6.845615)
compute 7.04533328261027(-0.567871689796448,1.51733016967773,0.703470826148987) (-0.636025,1.533073,0.6950467) (341.551,281.3701,150.7742) (-0.2336709,1.288092,0.2933969) (300.7569,339.4731,14.49235)
compute 14.0073573849618(-0.458819985389709,1.50006437301636,0.617272078990936) (-0.5678717,1.51733,0.7034708) (334.4514,261.0132,149.625) (-0.1884505,1.292344,0.2951278) (297.2091,359.1591,1.545088)
compute 14.1425619853474(-0.327713042497635,1.53094661235809,0.574162185192108) (-0.45882,1.500064,0.6172721) (328.9485,255.7099,159.9036) (-0.1269426,1.286554,0.2996925) (299.1616,3.711837,359.677)
compute 13.1489451873116(-0.227081552147865,1.61316907405853,0.554106116294861) (-0.327713,1.530947,0.5741622) (315.9864,250.1968,165.4449) (-0.04802554,1.286576,0.3091995) (301.4593,11.68272,351.8139)
compute 13.7620768402803(-0.145688638091087,1.71398389339447,0.600485444068909) (-0.2270816,1.613169,0.5541061) (301.8845,256.2885,166.964) (0.005983919,1.307362,0.3097735) (302.9237,14.35524,348.9325)
compute 5.42312746866594(-0.102424792945385,1.6888530254364,0.621406972408295) (-0.1456886,1.713984,0.6004854) (310.5855,276.4202,157.0798) (0.02306839,1.323527,0.3042284) (300.8386,15.61364,346.7516)
compute 16.1497198731478(-0.0260879881680012,1.55958878993988,0.561868786811829) (-0.1024248,1.688853,0.621407) (314.779,255.9131,165.7135) (0.02498792,1.320821,0.2951646) (299.2802,19.29757,341.713)
compute 15.6421517221713(0.0711359828710556,1.4545806646347,0.625023245811462) (-0.02608799,1.559589,0.5618688) (306.7796,264.5705,156.0685) (0.01688085,1.309018,0.2862778) (298.536,24.22198,339.3031)
compute 15.5726758399707(0.155792489647865,1.37942337989807,0.73196005821228) (0.07113598,1.454581,0.6250232) (306.8555,313.5538,122.2736) (0.009576847,1.307136,0.2839637) (300.0765,27.92243,335.8077)
compute 5.75197850832753(0.106293544173241,1.36149215698242,0.708790004253387) (0.1557925,1.379423,0.7319601) (311.0396,304.5861,124.7057) (-0.03686553,1.311489,0.3066222) (303.5499,4.435303,353.4535)
compute 18.2515363135438(-0.0663884803652763,1.4130277633667,0.679861426353455) (0.1062935,1.361492,0.70879) (318.4208,280.9738,142.8182) (-0.06702571,1.30796,0.3197562) (308.3798,355.8997,359.7013)
compute 18.3890678147115(-0.135620340704918,1.55067610740662,0.780239045619965) (-0.06638848,1.413028,0.6798614) (313.2989,291.3293,128.6199) (-0.08493374,1.303537,0.3238978) (309.9694,2.860768,355.5351)
compute 3.73514970265866(-0.0984851196408272,1.55199110507965,0.784031212329865) (-0.1356203,1.550676,0.780239) (306.8517,305.8593,115.0787) (-0.09437233,1.311734,0.3192486) (306.2306,11.23608,352.7149)
compute 14.4089330342589(-0.0375166833400726,1.44294905662537,0.712236940860748) (-0.09848512,1.551991,0.7840312) (309.0797,285.3381,132.7917) (-0.0525212,1.306508,0.2973338) (298.9149,34.4958,337.4744)
compute 13.1458212710463(0.0672454908490181,1.39000689983368,0.653048455715179) (-0.03751668,1.442949,0.7122369) (304.1601,275.8044,142.506) (-7.152185E-05,1.28938,0.2992893) (301.5432,36.73281,337.0551)
compute 12.3080625579985(0.188612401485443,1.39284133911133,0.632778286933899) (0.06724549,1.390007,0.6530485) (299.7387,276.8419,151.8538) (0.05484709,1.283358,0.3114445) (302.6066,36.23003,337.0149)
compute 12.1534631395582(0.282754927873611,1.46962368488312,0.629267871379852) (0.1886124,1.392841,0.6327783) (296.5265,283.1822,155.2264) (0.08865839,1.300067,0.3220927) (299.5621,11.66364,353.0622)
compute 14.9461649145745(0.379044204950333,1.5833580493927,0.617793798446655) (0.2827549,1.469624,0.6292679) (287.7385,291.5596,146.3659) (0.07525885,1.321794,0.3293569) (307.2004,332.1974,18.79587)
compute 16.511619370264(0.512274205684662,1.67594659328461,0.648461163043976) (0.3790442,1.583358,0.6177938) (286.2302,350.5082,93.15393) (0.06846477,1.324269,0.327344) (316.9456,315.5499,27.15575)
compute 3.35816754486216(0.54158890247345,1.67870712280273,0.664609134197235) (0.5122742,1.675947,0.6484612) (292.9006,21.60971,67.5296) (0.07079133,1.314029,0.3296803) (314.8987,317.7505,23.89787)
compute 28.6020076698961(0.268851310014725,1.59793269634247,0.634656131267548) (0.5415889,1.678707,0.6646091) (301.2123,290.2147,136.2062) (0.06195144,1.295704,0.3288727) (314.5027,321.0587,20.54923)
compute 34.8998879472201(-0.0464002192020416,1.45539784431458,0.588824808597565) (0.2688513,1.597933,0.6346561) (332.1886,269.3677,150.6746) (0.001014523,1.2769,0.3067985) (315.3506,318.7766,20.65906)
compute 22.4913802087417(-0.26415279507637,1.40064537525177,0.601947426795959) (-0.04640022,1.455398,0.5888248) (344.4868,269.5658,139.6584) (-0.07265007,1.266392,0.2870111) (316.1747,319.7827,19.23347)
compute 15.6552734402721(-0.383314788341522,1.43535125255585,0.697365880012512) (-0.2641528,1.400645,0.6019474) (337.0342,284.6299,132.2979) (-0.1311185,1.260217,0.2708866) (315.437,323.6544,20.07941)
compute 2.26805189277721(-0.378405570983887,1.41322147846222,0.696605205535889) (-0.3833148,1.435351,0.6973659) (337.1894,280.1922,129.0103) (-0.129048,1.277909,0.2583766) (307.2424,349.0353,9.950215)
compute 10.4609417663473(-0.273882418870926,1.411825299263,0.692593693733215) (-0.3784056,1.413221,0.6966052) (333.0459,275.5212,134.0402) (-0.05493397,1.286878,0.2457661) (302.797,27.67197,342.0952)
compute 19.5072414614563(-0.0872977823019028,1.4378924369812,0.641997992992401) (-0.2738824,1.411825,0.6925937) (320.0198,274.8328,139.4245) (-0.01405905,1.274544,0.2468381) (304.1074,28.70272,342.6038)
compute 17.9168841447557(0.0862485691905022,1.46254980564117,0.604914903640747) (-0.08729778,1.437892,0.641998) (307.3265,276.3398,142.8227) (0.02894477,1.274143,0.2548255) (304.427,25.78554,344.8786)
compute 15.7944831042227(0.23788033425808,1.48579800128937,0.642516732215881) (0.08624857,1.46255,0.6049149) (296.826,297.0835,124.044) (0.07107713,1.280783,0.259522) (307.0467,26.16292,342.7231)
compute 19.7913293412164(0.389036267995834,1.4283674955368,0.756636381149292) (0.2378803,1.485798,0.6425167) (308.0341,355.8041,72.69062) (0.0622976,1.288382,0.2535442) (299.8156,355.8093,1.800286)
compute 15.0814904746585(0.24397537112236,1.39163780212402,0.737837374210358) (0.3890363,1.428367,0.7566364) (319.3889,317.4305,97.95003) (0.04400405,1.280726,0.264778) (304.8116,338.0731,14.01573)
compute 17.2240581148111(0.0962897464632988,1.45496129989624,0.675821959972382) (0.2439754,1.391638,0.7378374) (320.2789,294.1984,128.4384) (0.01845104,1.27579,0.2729692) (304.3711,340.8018,10.43581)
compute 15.2925637106404(-0.0251871645450592,1.53065514564514,0.621969819068909) (0.09628975,1.454961,0.675822) (316.7693,279.5148,145.2272) (-0.02940835,1.280598,0.2746813) (302.3278,339.3948,11.53091)
compute 12.1420920258537(-0.126697868108749,1.59693992137909,0.615265667438507) (-0.02518716,1.530655,0.6219698) (315.2071,278.6414,148.3733) (-0.08766667,1.293473,0.2684254) (302.9721,335.0798,11.60801)
compute 11.6345998540407(-0.167139291763306,1.65964376926422,0.70453554391861) (-0.1266979,1.59694,0.6152657) (313.8763,298.0948,127.2729) (-0.1235159,1.301734,0.264742) (304.4824,331.5189,13.24636)
compute 8.78405865807407(-0.253694146871567,1.66803979873657,0.692136645317078) (-0.1671393,1.659644,0.7045355) (314.6118,289.3609,134.3739) (-0.1534256,1.309035,0.2696088) (307.0949,327.0569,17.04219)
compute 8.40641811015234(-0.321031421422958,1.65118765830994,0.64471846818924) (-0.2536941,1.66804,0.6921366) (317.6788,276.6193,147.211) (-0.1649874,1.297083,0.282051) (311.0412,320.864,20.12853)
compute 7.81488519531469(-0.367187052965164,1.6539980173111,0.70771849155426) (-0.3210314,1.651188,0.6447185) (315.9724,287.7115,132.2612) (-0.1797408,1.295785,0.2861324) (313.7948,314.0471,21.91711)
compute 10.9142518834387(-0.452100276947021,1.59247088432312,0.677448928356171) (-0.3671871,1.653998,0.7077185) (328.0357,284.2515,137.4684) (-0.2060382,1.281944,0.2858995) (317.883,303.6163,25.89896)
compute 19.1346983658648(-0.57329124212265,1.48095417022705,0.580030024051666) (-0.4521003,1.592471,0.6774489) (341.3478,261.8521,138.1411) (-0.2267443,1.276544,0.3059815) (322.0756,303.9968,21.47392)
compute 15.7942024280725(-0.679108083248138,1.43739211559296,0.688891530036926) (-0.5732912,1.480954,0.58003) (342.6467,279.2515,135.7811) (-0.233782,1.273369,0.308781) (320.1819,302.1387,21.37278)
compute 3.99853016746418(-0.667728126049042,1.4003050327301,0.679202914237976) (-0.6791081,1.437392,0.6888915) (344.17,270.8634,130.3158) (-0.2195673,1.29536,0.2965924) (314.9116,306.6584,24.67098)
compute 9.7050527299566(-0.587807416915894,1.36226844787598,0.639394581317902) (-0.6677281,1.400305,0.6792029) (344.5854,261.3416,134.904) (-0.1559688,1.310704,0.2950477) (306.1497,319.1964,18.40168)
compute 10.7050942925962(-0.483084201812744,1.35808634757996,0.617589473724365) (-0.5878074,1.362268,0.6393946) (346.1697,258.6394,145.3601) (-0.1315331,1.30815,0.2945879) (306.7395,318.7905,19.10882)
compute 11.5598441197255(-0.401993095874786,1.44047021865845,0.617228388786316) (-0.4830842,1.358086,0.6175895) (329.9631,257.9982,143.9707) (-0.1268371,1.302493,0.2877067) (308.2572,314.7096,21.58157)
compute 6.5033441339766(-0.384509980678558,1.49960827827454,0.596579432487488) (-0.4019931,1.44047,0.6172284) (322.0795,255.1024,143.5935) (-0.1357956,1.305862,0.2788137) (304.0968,323.0296,17.40128)
compute 4.78590203011204(-0.393371999263763,1.54621565341949,0.590278387069702) (-0.38451,1.499608,0.5965794) (319.0029,258.461,144.6528) (-0.1527187,1.309341,0.2776055) (302.3886,342.1834,5.92708)
compute 3.53873930771074(-0.409335285425186,1.57536971569061,0.578134179115295) (-0.393372,1.546216,0.5902784) (315.702,256.3628,147.5688) (-0.1562951,1.311617,0.2781508) (301.7618,10.94019,347.6232)
compute 10.5969286094175(-0.429207801818848,1.60122215747833,0.678961873054504) (-0.4093353,1.57537,0.5781342) (316.2295,288.1677,130.7061) (-0.1555795,1.312469,0.2772703) (302.4989,18.38779,343.2938)
compute 6.0317326402466(-0.380085468292236,1.56698644161224,0.671675443649292) (-0.4292078,1.601222,0.6789619) (321.7765,282.1342,138.2376) (-0.1540878,1.312389,0.2803993) (306.594,28.02132,341.7603)
compute 22.3308399566187(-0.16810642182827,1.55325126647949,0.602806925773621) (-0.3800855,1.566986,0.6716754) (302.8879,262.8571,150.7471) (-0.1226778,1.305384,0.2835511) (309.5361,37.01852,336.1856)
compute 26.5725996192861(0.0913901999592781,1.49816656112671,0.618217408657074) (-0.1681064,1.553251,0.6028069) (274.9018,189.4307,215.6946) (-0.06322439,1.296111,0.2833411) (314.8743,42.30192,335.1541)
compute 14.3725369441689(0.158650577068329,1.39868438243866,0.697187781333923) (0.0913902,1.498167,0.6182174) (294.1487,332.3633,87.48396) (0.00794486,1.282481,0.2884371) (316.7245,43.25867,333.7836)
compute 13.1347838646035(0.264391124248505,1.39823651313782,0.619271218776703) (0.1586506,1.398684,0.6971878) (275.0126,318.3144,92.12492) (0.076325,1.275643,0.299554) (318.3672,40.18675,338.4032)
compute 17.9739527235234(0.402160078287125,1.39651572704315,0.734696745872498) (0.2643911,1.398237,0.6192712) (299.3179,4.206885,60.83786) (0.126524,1.292845,0.2918904) (318.5663,40.40027,338.429)
compute 4.95447234224686(0.413268208503723,1.38759768009186,0.687244057655334) (0.4021601,1.396516,0.7346967) (294.7577,352.8577,64.62788) (0.1416915,1.31467,0.2728982) (307.7269,41.30814,336.1747)
compute 8.73164962404642(0.467170506715775,1.45171856880188,0.662602126598358) (0.4132682,1.387598,0.6872441) (288.5157,1.33086,62.89817) (0.1630583,1.29614,0.2746534) (312.9327,40.84235,334.5491)
compute 7.02128123694192(0.504469633102417,1.5105015039444,0.653481781482697) (0.4671705,1.451719,0.6626021) (291.946,16.04037,56.64506) (0.1738372,1.295355,0.2770674) (308.4958,28.74076,340.3954)
compute 3.2205550855062(0.50147145986557,1.53281092643738,0.630449235439301) (0.5044696,1.510502,0.6534818) (288.5894,7.788294,68.72564) (0.1513316,1.298219,0.2844021) (305.0235,352.3929,357.8017)
compute 1.94896527807395(0.518895030021667,1.532430768013,0.621724486351013) (0.5014715,1.532811,0.6304492) (286.5652,6.995647,70.50291) (0.1243112,1.29261,0.2697888) (307.7104,316.6567,18.71498)
compute 4.14133213199204(0.559229731559753,1.53153109550476,0.612377524375916) (0.518895,1.532431,0.6217245) (285.1606,18.90046,58.1743) (0.1293088,1.289787,0.2729151) (310.9025,309.8931,19.98253)
compute 3.84870017311449(0.597067177295685,1.53251075744629,0.605404913425446) (0.5592297,1.531531,0.6123775) (284.5712,32.03381,44.25935) (0.1309372,1.297449,0.2927703) (311.812,312.2289,17.94292)
compute 4.1437384027878(0.635281443595886,1.53615701198578,0.621007204055786) (0.5970672,1.532511,0.6054049) (285.84,35.57212,41.65585) (0.1138879,1.302927,0.3105204) (316.4515,310.7406,17.42631)
compute 6.7851254786145(0.66072940826416,1.52222323417664,0.682342708110809) (0.6352814,1.536157,0.6210072) (305.6896,44.86557,41.91657) (0.0715763,1.293738,0.3216591) (320.0601,305.9505,18.35569)
compute 28.0685343892703(0.38349974155426,1.55840861797333,0.657471120357513) (0.6607294,1.522223,0.6823427) (283.1675,337.2161,81.51375) (0.0203925,1.267476,0.3329479) (327.1245,304.88,17.20477)
compute 38.598844566514(0.006832679733634,1.51598584651947,0.584606051445007) (0.3834997,1.558409,0.6574711) (308.9864,261.1434,143.7806) (-0.04829146,1.259569,0.3243026) (329.6616,302.512,16.30938)
compute 32.3312165005419(-0.294399678707123,1.42338228225708,0.512395262718201) (0.00683268,1.515986,0.5846061) (327.8628,244.6219,137.7049) (-0.1387305,1.270035,0.3034372) (326.2089,300.2589,16.75251)
compute 21.9967719197869(-0.510975360870361,1.3884859085083,0.496177464723587) (-0.2943997,1.423382,0.5123953) (333.1015,245.7655,130.1221) (-0.2397408,1.284154,0.2906032) (329.1381,299.2356,15.19102)
compute 12.9273907075108(-0.639954328536987,1.3833395242691,0.503226220607758) (-0.5109754,1.388486,0.4961775) (329.859,249.252,122.9321) (-0.2930053,1.286087,0.274315) (330.3662,300.4763,15.40279)
compute 13.0326815227668(-0.750507295131683,1.34941554069519,0.563328504562378) (-0.6399543,1.38334,0.5032262) (332.9241,259.4518,114.6228) (-0.3106103,1.275915,0.2588906) (329.9332,305.1002,15.02147)
compute 7.38237834188816(-0.789830923080444,1.32629263401031,0.621371030807495) (-0.7505073,1.349416,0.5633285) (342.8417,272.3625,118.8849) (-0.3129259,1.278807,0.2433867) (324.9086,307.6543,14.23882)
compute 10.426910889857(-0.73563289642334,1.41363763809204,0.603893280029297) (-0.7898309,1.326293,0.621371) (325.2136,262.2223,118.9761) (-0.3215487,1.285831,0.2391181) (324.1286,309.9467,14.62071)
compute 6.51032958602917(-0.709788024425507,1.46180355548859,0.56853049993515) (-0.7356329,1.413638,0.6038933) (319.6759,255.5864,123.0316) (-0.3411508,1.286917,0.2360569) (328.6602,307.3584,16.52201)
compute 16.8315737232963(-0.798318922519684,1.32379364967346,0.530507683753967) (-0.709788,1.461804,0.5685305) (344.2834,256.5234,122.6798) (-0.3636194,1.263467,0.2253502) (334.4604,302.768,17.62892)
compute 23.440930242985(-0.891913056373596,1.13668072223663,0.636227190494537) (-0.7983189,1.323794,0.5305077) (3.714632,279.1763,120.9259) (-0.374845,1.238296,0.2068162) (337.1696,301.7546,17.80109)
compute 5.86019302865216(-0.878283619880676,1.08184111118317,0.651752710342407) (-0.8919131,1.136681,0.6362272) (2.535954,277.1744,112.4151) (-0.3789266,1.226794,0.2021034) (340.8432,301.8235,20.28691)
compute 11.8070965947434(-0.814743280410767,1.17590546607971,0.619267702102661) (-0.8782836,1.081841,0.6517527) (332.4874,268.5736,105.9916) (-0.3259183,1.26221,0.2125751) (329.6276,309.4145,19.50936)
compute 14.5673712687123(-0.71115654706955,1.26660799980164,0.571689665317535) (-0.8147433,1.175905,0.6192677) (323.6331,258.275,110.25) (-0.2524638,1.298776,0.2131312) (318.4542,321.2981,13.4259)
compute 22.9240706447855(-0.552391767501831,1.43154883384705,0.559875726699829) (-0.7111565,1.266608,0.5716897) (304.406,249.162,122.341) (-0.2356647,1.301515,0.2115318) (318.7112,321.5737,15.52578)
compute 12.7079781233238(-0.464359492063522,1.51621401309967,0.594967007637024) (-0.5523918,1.431549,0.5598757) (298.9302,247.4521,130.4146) (-0.219186,1.302504,0.2264412) (322.3177,324.6502,13.25706)
compute 13.5241261434147(-0.458973556756973,1.51303374767303,0.730063557624817) (-0.4643595,1.516214,0.594967) (307.5486,314.1064,63.32671) (-0.2079963,1.310193,0.2291747) (319.7293,328.7888,11.64482)
compute 13.1015689389764(-0.466937154531479,1.41153621673584,0.647601783275604) (-0.4589736,1.513034,0.7300636) (309.4778,281.1878,87.81904) (-0.1950758,1.314489,0.2318579) (312.7428,349.0951,2.096781)
compute 8.98707170107984(-0.467288464307785,1.32508277893066,0.623057425022125) (-0.4669372,1.411536,0.6476018) (311.5877,272.8656,91.65004) (-0.170107,1.319757,0.2316702) (312.7655,21.34638,347.6812)
compute 7.6266467304386(-0.428146243095398,1.26222908496857,0.641329646110535) (-0.4672885,1.325083,0.6230574) (313.7758,278.5832,86.92654) (-0.1434426,1.312012,0.2440408) (315.9131,34.09931,340.0921)
compute 10.3118732379914(-0.332598179578781,1.22395718097687,0.647598803043365) (-0.4281462,1.262229,0.6413296) (311.3816,278.9096,93.62753) (-0.1169186,1.304359,0.2625029) (317.2881,36.34215,341.7758)
compute 14.4793167853343(-0.188042461872101,1.21577048301697,0.648897051811218) (-0.3325982,1.223957,0.6475988) (307.5628,277.9956,108.6951) (-0.05015527,1.29962,0.2724384) (318.0211,43.82294,338.6899)
compute 19.5270492756576(0.00232939259149134,1.25556254386902,0.631412386894226) (-0.1880425,1.21577,0.6488971) (296.9989,277.8848,122.9842) (0.03068684,1.278697,0.2828911) (321.7992,47.73153,338.6279)
compute 24.0020366178979(0.229826182126999,1.32622015476227,0.60204416513443) (0.002329393,1.255563,0.6314124) (282.757,283.1476,131.5442) (0.1043716,1.269237,0.2888847) (320.6777,49.83613,335.826)
compute 22.5295359363084(0.446721285581589,1.38675165176392,0.609147131443024) (0.2298262,1.32622,0.6020442) (280.6406,20.7708,41.43324) (0.1642801,1.286245,0.2976826) (322.5605,50.52646,335.7939)
compute 15.1313782368644(0.58829802274704,1.43212199211121,0.637314856052399) (0.4467213,1.386752,0.6091471) (292.053,34.72711,31.00823) (0.2062449,1.292938,0.3075714) (324.2216,50.3172,333.4853)
compute 14.5288915042105(0.729394793510437,1.4428836107254,0.670250535011292) (0.588298,1.432122,0.6373149) (305.4613,46.63207,20.76859) (0.2372323,1.292553,0.3185121) (324.5451,45.3288,334.1649)
compute 5.59671283001038(0.765824437141418,1.40755641460419,0.693855404853821) (0.7293948,1.442884,0.6702505) (317.4181,47.05062,33.7667) (0.2205187,1.304691,0.3335898) (317.984,16.90507,345.8109)
compute 5.61255507128663(0.720080852508545,1.41419744491577,0.662019908428192) (0.7658244,1.407556,0.6938554) (299.7376,40.45948,22.30948) (0.1646416,1.309289,0.3242765) (315.3809,335.7957,1.616194)
compute 8.26179283504371(0.700214684009552,1.36579751968384,0.725961327552795) (0.7200809,1.414197,0.6620199) (317.5063,29.58292,58.27728) (0.141135,1.303825,0.2963684) (315.153,323.8192,6.515347)
compute 28.34894860672(0.426236599683762,1.41651105880737,0.673707723617554) (0.7002147,1.365798,0.7259613) (292.4329,337.1409,77.39998) (0.1245191,1.295449,0.2827823) (315.9947,325.3343,4.973331)
compute 27.4679940250454(0.154405996203423,1.40602970123291,0.635663986206055) (0.4262366,1.416511,0.6737077) (307.5787,286.2486,123.4266) (0.09295572,1.289669,0.2795474) (315.8875,330.7704,3.691533)
compute 32.2410315014594(-0.114053443074226,1.23184835910797,0.674891531467438) (0.154406,1.40603,0.635664) (352.1685,281.8164,128.8039) (0.04147882,1.30478,0.2565339) (306.759,329.8818,6.30315)
compute 6.32354144418576(-0.170581191778183,1.20405662059784,0.680454850196838) (-0.1140534,1.231848,0.6748915) (3.821997,281.6723,133.677) (-0.02362332,1.317367,0.2444527) (301.5294,329.3024,7.754434)
compute 14.1875361941143(-0.178362101316452,1.32515418529511,0.606946647167206) (-0.1705812,1.204057,0.6804549) (330.7823,263.3064,123.554) (-0.0739561,1.321042,0.2422154) (305.5865,327.2285,12.35505)
compute 7.0590927218284(-0.240606531500816,1.29283618927002,0.598930597305298) (-0.1783621,1.325154,0.6069466) (339.6721,263.4938,132.195) (-0.1009696,1.319071,0.2375509) (303.9501,328.8814,13.51167)
compute 10.026791062801(-0.293638050556183,1.20774114131927,0.598549783229828) (-0.2406065,1.292836,0.5989306) (350.1836,262.3004,129.5067) (-0.08226878,1.315616,0.2403573) (303.7433,15.18136,346.8738)
compute 4.646786750176(-0.299417346715927,1.16554594039917,0.579964101314545) (-0.2936381,1.207741,0.5985498) (347.9814,259.8259,123.8354) (-0.04600618,1.308128,0.2413503) (309.4642,35.54018,335.6838)
compute 4.89609311599226(-0.251835286617279,1.16061317920685,0.569533944129944) (-0.2994173,1.165546,0.5799641) (341.3749,258.6796,121.0826) (-0.04668626,1.30787,0.2496189) (307.8458,25.79167,343.9028)
compute 8.34374627795815(-0.18812221288681,1.19165825843811,0.613564133644104) (-0.2518353,1.160613,0.5695339) (327.6702,263.326,117.1605) (-0.03853632,1.309543,0.2618372) (308.9066,21.37977,347.0547)
compute 9.09240229741524(-0.130801364779472,1.22535979747772,0.675577878952026) (-0.1881222,1.191658,0.6135641) (314.5493,271.0922,115.8334) (-0.04580862,1.310282,0.278192) (308.3052,339.7213,10.04049)
compute 3.78445587893895(-0.123914241790771,1.26096189022064,0.664748787879944) (-0.1308014,1.22536,0.6755779) (316.9192,263.4301,122.635) (-0.04224427,1.30837,0.2718238) (310.0015,328.778,15.99956)
compute 9.52052610903607(-0.162099033594131,1.31508278846741,0.596360981464386) (-0.1239142,1.260962,0.6647488) (320.8141,253.6784,127.2796) (-0.05853415,1.301422,0.2744861) (310.4784,330.2902,11.82293)
compute 9.93845435083472(-0.220591574907303,1.38557755947113,0.557807147502899) (-0.162099,1.315083,0.596361) (316.07,249.3953,128.3216) (-0.1114784,1.305373,0.2741942) (309.6166,331.4733,11.66283)
compute 11.9810921680667(-0.324627012014389,1.44493401050568,0.554961681365967) (-0.2205916,1.385578,0.5578071) (316.3972,252.1071,124.9158) (-0.164794,1.313397,0.27263) (311.0939,331.8121,10.27989)
compute 11.6234274402968(-0.41847163438797,1.50909674167633,0.579184353351593) (-0.324627,1.444934,0.5549617) (316.4545,258.849,121.1034) (-0.2042165,1.324561,0.2740358) (312.9666,329.4808,9.594683)
compute 12.138583937353(-0.482093095779419,1.6043393611908,0.619379818439484) (-0.4184716,1.509097,0.5791844) (313.1229,269.5055,113.4816) (-0.2185163,1.331379,0.2712442) (317.3564,327.7882,9.632457)
compute 9.91450439863495(-0.487744301557541,1.66347873210907,0.698754489421844) (-0.4820931,1.604339,0.6193798) (308.2534,299.1486,93.54656) (-0.2200019,1.335886,0.2490918) (317.0388,326.3295,12.71508)
compute 7.91785389527104(-0.44090011715889,1.60316121578217,0.677858054637909) (-0.4877443,1.663479,0.6987545) (316.0995,288.9521,109.9442) (-0.1705481,1.323356,0.2391098) (316.1696,342.9266,6.798086)
compute 20.5507769905798(-0.309584528207779,1.47188067436218,0.589795112609863) (-0.4409001,1.603161,0.6778581) (317.5381,270.0496,121.2066) (-0.05518537,1.322717,0.235489) (320.2058,30.53356,343.7241)
compute 24.253378637515(-0.0997291505336761,1.37129724025726,0.521484553813934) (-0.3095845,1.471881,0.5897951) (305.9395,259.799,126.6034) (0.02241374,1.300502,0.2070187) (322.1268,46.81713,336.0395)
compute 19.1982071738514(0.0812352225184441,1.30719685554504,0.521095514297485) (-0.09972915,1.371297,0.5214846) (292.1917,265.0375,128.1688) (0.09658211,1.277509,0.205141) (322.4767,47.79719,335.3391)
compute 15.6123930676347(0.234895721077919,1.29810285568237,0.547180593013763) (0.08123522,1.307197,0.5210955) (288.0293,296.055,109.636) (0.1621628,1.285167,0.2240428) (322.8761,45.63532,336.4463)
compute 12.1282570773073(0.348081707954407,1.33099699020386,0.575752794742584) (0.2348957,1.298103,0.5471806) (287.9986,321.3183,89.89206) (0.203868,1.28921,0.251215) (330.9757,39.03187,339.3311)
compute 10.747939490329(0.409519881010056,1.40025103092194,0.630351781845093) (0.3480817,1.330997,0.5757528) (291.9852,341.659,74.06976) (0.2335321,1.285146,0.265532) (339.0446,36.07832,339.2777)
compute 14.14406004955(0.487308740615845,1.45533812046051,0.734849393367767) (0.4095199,1.400251,0.6303518) (304.8833,7.725692,53.76043) (0.2555026,1.255988,0.2868925) (350.08,35.74851,340.3093)
compute 8.42525794600246(0.510776221752167,1.38428926467896,0.696121692657471) (0.4873087,1.455338,0.7348494) (307.2493,13.94473,46.5267) (0.2569284,1.229269,0.3019723) (1.532098,37.12767,339.9806)
compute 24.3751868863462(0.455754041671753,1.17035233974457,0.593075454235077) (0.5107762,1.384289,0.6961217) (308.8423,4.557799,36.70802) (0.2496471,1.214462,0.3071231) (5.198654,39.50607,339.6656)
compute 29.1114043689517(0.443417638540268,0.893447458744049,0.682063579559326) (0.455754,1.170352,0.5930755) (340.8261,7.963936,30.81603) (0.2450992,1.194204,0.2949679) (7.948299,39.13076,338.6003)
compute 11.142906666673(0.488895505666733,0.812050819396973,0.743078231811523) (0.4434176,0.8934475,0.6820636) (353.8535,24.47506,30.11669) (0.2385247,1.195317,0.2921265) (7.000552,38.97505,336.4321)
compute 9.78842490980349(0.423759043216705,0.882438361644745,0.723478198051453) (0.4888955,0.8120508,0.7430782) (329.2003,23.25513,30.3998) (0.2105855,1.224405,0.3061677) (1.734137,34.50733,339.0258)
compute 12.6562049827487(0.310856819152832,0.922783851623535,0.682940781116486) (0.423759,0.8824384,0.7234782) (315.2221,10.48638,32.66752) (0.1448233,1.303217,0.3110202) (330.0359,14.98563,341.6313)
compute 12.9026217943427(0.198887273669243,0.981212973594666,0.656547129154205) (0.3108568,0.9227839,0.6829408) (306.3563,344.9671,53.27359) (0.1006613,1.320251,0.2677698) (313.3254,1.414363,348.2045)
compute 8.52484511646022(0.139420181512833,1.04153513908386,0.646945059299469) (0.1988873,0.981213,0.6565471) (298.9313,326.6369,61.98378) (0.08993424,1.319793,0.257431) (311.2051,358.633,350.5337)
compute 7.53729370731864(0.114088073372841,1.11218988895416,0.640069723129272) (0.1394202,1.041535,0.6469451) (294.0987,305.7779,82.28526) (0.08174396,1.317364,0.2565495) (309.4927,358.458,350.9191)
compute 8.03011793712693(0.11449395865202,1.18957853317261,0.618642807006836) (0.1140881,1.11219,0.6400697) (287.6302,278.5591,107.6055) (0.05654291,1.316762,0.2602075) (309.9612,346.5163,358.3343)
compute 6.04859698199027(0.0875791311264038,1.1979444026947,0.565124988555908) (0.114494,1.189579,0.6186428) (292.0706,240.4522,134.4918) (0.02085808,1.31422,0.2666396) (314.3223,329.977,7.406698)
compute 10.795592561672(0.0250570308417082,1.11849689483643,0.527262568473816) (0.08757913,1.197944,0.565125) (300.4694,233.3409,125.5655) (-0.009034947,1.305793,0.2757895) (324.1785,320.6419,11.73511)
compute 16.2297964005869(-0.0513159595429897,0.975378513336182,0.522270023822784) (0.02505703,1.118497,0.5272626) (312.8436,250.274,98.93623) (-0.03364135,1.289527,0.2873273) (336.8118,314.0789,12.76926)
compute 17.3629419562062(-0.0887425020337105,0.806147634983063,0.532630503177643) (-0.05131596,0.9753785,0.52227) (331.0917,262.8253,77.18294) (-0.0519215,1.274952,0.2914929) (347.3364,308.2346,12.36145)
compute 7.62503617819197(-0.0733368769288063,0.732881724834442,0.547083556652069) (-0.0887425,0.8061476,0.5326305) (341.316,275.2077,61.22275) (-0.06368914,1.268328,0.2953029) (352.7067,302.8058,11.58214)
compute 1.26886273800978(-0.082013837993145,0.736749649047852,0.555494904518127) (-0.07333688,0.7328817,0.5470836) (341.9833,283.88,49.27658) (-0.06983869,1.258643,0.2959884) (357.7859,300.2608,10.73576)
compute 6.71112757594756(-0.0439702905714512,0.751064240932465,0.502093553543091) (-0.08201384,0.7367496,0.5554949) (340.8554,285.2041,46.46082) (-0.07587335,1.250241,0.3041532) (0.1314249,300.2075,8.649048)
compute 0.45494584534024(-0.0459650717675686,0.753320217132568,0.498683422803879) (-0.04397029,0.7510642,0.5020936) (341.7654,284.9609,44.28193) (-0.08948332,1.244439,0.307129) (1.444529,301.7717,7.779077)
compute 2.16042883397449(-0.0635086670517921,0.759900152683258,0.487928330898285) (-0.04596507,0.7533202,0.4986834) (342.1259,282.3109,45.03912) (-0.1099034,1.240529,0.3056124) (2.514623,302.7639,9.514174)
compute 2.16406901855162(-0.0807437598705292,0.770508885383606,0.48026505112648) (-0.06350867,0.7599002,0.4879283) (341.3517,280.5644,46.95321) (-0.1315891,1.246356,0.3067702) (2.228509,307.8006,8.80302)
compute 3.62575537462911(-0.102796241641045,0.798578083515167,0.473907500505447) (-0.08074376,0.7705089,0.4802651) (336.4015,285.5302,47.71085) (-0.1498353,1.260329,0.3103195) (358.446,318.5258,8.922318)
compute 1.99082238644164(-0.0970739871263504,0.816139757633209,0.481335878372192) (-0.1027962,0.7985781,0.4739075) (331.6636,297.6889,48.64325) (-0.1588587,1.263339,0.317316) (355.889,330.6756,9.552995)
compute 6.03153442108864(-0.0579988434910774,0.847848773002625,0.514586627483368) (-0.09707399,0.8161398,0.4813359) (322.6325,316.6596,52.13115) (-0.1575177,1.264178,0.3237297) (353.7241,339.909,9.221184)
compute 3.70352384866466(-0.0214078426361084,0.851139664649963,0.519263982772827) (-0.05799884,0.8478488,0.5145866) (323.7349,330.9075,46.4507) (-0.1528161,1.265524,0.3255084) (354.2444,346.8943,7.684056)
compute 4.48340140932055(0.0205981861799955,0.84789115190506,0.503933310508728) (-0.02140784,0.8511397,0.519264) (324.1742,340.1827,45.78596) (-0.1328207,1.265177,0.3142452) (353.6915,350.6475,6.793245)
compute 5.60851516029483(0.0738197863101959,0.843587219715118,0.486772835254669) (0.02059819,0.8478912,0.5039333) (325.0486,344.918,46.78256) (-0.08524801,1.267221,0.2939188) (352.8275,351.1419,4.856474)
compute 11.2200695474631(0.0818950086832047,0.735685229301453,0.457092076539993) (0.07381979,0.8435872,0.4867728) (332.5323,342.4732,51.30531) (-0.05564148,1.276899,0.2869649) (351.6281,351.1549,2.635195)
compute 9.23675881788619(0.125528052449226,0.654442250728607,0.462336838245392) (0.08189501,0.7356852,0.4570921) (342.5206,345.0767,52.37693) (-0.02707674,1.284188,0.2820943) (347.6523,351.2237,1.523551)
compute 7.53004393140332(0.176424875855446,0.598949730396271,0.461836785078049) (0.1255281,0.6544423,0.4623368) (350.3715,350.517,52.79741) (-0.005219776,1.286419,0.2846733) (343.8367,349.5588,2.67062)
compute 2.78269618875544(0.197929680347443,0.582029819488525,0.456777155399323) (0.1764249,0.5989497,0.4618368) (351.4811,351.2009,53.62551) (0.007641941,1.285983,0.2848517) (346.4154,349.8625,359.0345)
compute 1.3834961746612(0.189163982868195,0.584176301956177,0.467263400554657) (0.1979297,0.5820298,0.4567772) (344.6092,344.6199,55.1394) (0.006868307,1.280739,0.281382) (350.3122,351.032,358.3341)
compute 3.49692675169985(0.174348533153534,0.606702923774719,0.489532291889191) (0.189164,0.5841763,0.4672634) (334.7444,342.7769,56.26768) (-0.005297184,1.280634,0.2706438) (351.5424,352.449,357.5681)
compute 17.0827385072564(0.124386146664619,0.769450187683105,0.475422590970993) (0.1743485,0.6067029,0.4895323) (317.1175,340.671,61.27884) (-0.01529383,1.281617,0.2667988) (352.3342,354.4812,358.5794)
compute 16.8813563358518(0.0906076654791832,0.933178544044495,0.451969236135483) (0.1243861,0.7694502,0.4754226) (296.0667,340.4017,57.80085) (-0.02235011,1.282723,0.2587856) (350.6841,354.5472,359.8193)
compute 8.40458355283342(0.0768615528941154,1.01171469688416,0.425383150577545) (0.09060767,0.9331785,0.4519692) (279.9792,327.5395,66.92939) (-0.02748625,1.290882,0.248041) (347.7907,355.467,0.01034529)
compute 1.76147971498434(0.0622971579432487,1.02117431163788,0.422437787055969) (0.07686155,1.011715,0.4253832) (278.3326,306.6772,85.65472) (-0.03354222,1.29314,0.2433095) (345.9975,354.9078,1.492157)
compute 2.43587722505857(0.0547505766153336,0.998885273933411,0.428730458021164) (0.06229716,1.021174,0.4224378) (282.4533,320.2286,69.38064) (-0.03808542,1.293219,0.2437551) (346.0292,353.8519,1.86309)
compute 2.67866538628133(0.0477270558476448,0.973450779914856,0.433343648910522) (0.05475058,0.9988853,0.4287305) (286.6754,323.9938,63.69363) (-0.04395311,1.291575,0.2536611) (347.431,352.2225,3.36307)
Average= 10.1798005013802
Max= 55.5581478996795
Standard Deviation= 9.78736653560906
Right: 38    Miss: 2
0
