compute 70.3931166274161(-0.20742255449295,0.479488343000412,0.436583071947098) (0.25382,1.003379,0.3454046) (354.8368,312.3667,15.88352) (-0.09335208,0.9127654,0.2087244) (25.49064,324.3031,353.4966)
compute 0.264564188695992(-0.209059372544289,0.479328483343124,0.434510707855225) (-0.2074226,0.4794883,0.4365831) (354.821,312.1106,15.64114) (-0.09515733,0.9117793,0.2095989) (25.92953,323.5235,353.2523)
compute 0.56068769431509(-0.213795900344849,0.477018028497696,0.432596504688263) (-0.2090594,0.4793285,0.4345107) (354.7982,311.556,15.12698) (-0.09629411,0.9112006,0.2099504) (25.57062,323.0095,352.9515)
compute 0.571145085537249(-0.218236282467842,0.476324737071991,0.429071873426437) (-0.2137959,0.477018,0.4325965) (354.688,311.168,14.6909) (-0.09749714,0.9115211,0.2102205) (25.57833,322.7186,352.9848)
compute 0.471032336845193(-0.220258012413979,0.475691467523575,0.424864888191223) (-0.2182363,0.4763247,0.4290719) (354.5441,310.6621,14.60784) (-0.0979539,0.9118372,0.2096811) (25.77855,323.3753,353.3085)
compute 0.161785385468862(-0.219191327691078,0.475902289152145,0.423666894435883) (-0.220258,0.4756915,0.4248649) (354.3896,310.4212,15.10876) (-0.09514263,0.9073322,0.2151556) (26.08825,325.209,353.6701)
compute 0.695062955226597(-0.213669672608376,0.474311321973801,0.427577316761017) (-0.2191913,0.4759023,0.4236669) (354.8833,311.0072,16.23977) (-0.09343522,0.9017642,0.2242201) (27.90038,327.4005,354.9916)
compute 1.71447694653852(-0.208991274237633,0.466929912567139,0.442327588796616) (-0.2136697,0.4743113,0.4275773) (355.992,311.8898,17.63525) (-0.0938837,0.8937775,0.2322571) (28.7991,327.1003,354.2719)
compute 1.50607091338956(-0.207620471715927,0.460693717002869,0.45596781373024) (-0.2089913,0.4669299,0.4423276) (356.5696,312.6956,18.15108) (-0.09846704,0.8912252,0.2401181) (29.58744,325.8276,353.1869)
compute 0.81425621135015(-0.208117917180061,0.455178052186966,0.461937010288239) (-0.2076205,0.4606937,0.4559678) (357.0746,313.1799,18.06779) (-0.09949602,0.8900542,0.2447222) (29.69399,325.7702,352.786)
compute 0.53084664208901(-0.211753323674202,0.451324552297592,0.46227490901947) (-0.2081179,0.4551781,0.461937) (357.3675,312.658,17.94516) (-0.09995829,0.8898362,0.2487635) (29.65521,326.0586,352.7045)
compute 0.576969831703874(-0.214463829994202,0.446322053670883,0.463232815265656) (-0.2117533,0.4513246,0.4622749) (357.5346,312.1936,17.90563) (-0.101725,0.8884245,0.2526067) (30.44517,325.9737,352.5093)
compute 0.487258436128561(-0.216329053044319,0.441902309656143,0.464086562395096) (-0.2144638,0.4463221,0.4632328) (357.624,312.1329,17.81669) (-0.1056653,0.8839109,0.2576233) (30.96246,325.7973,352.2429)
compute 1.00456087381661(-0.219741657376289,0.4325270652771,0.46525838971138) (-0.2163291,0.4419023,0.4640866) (357.7886,312.1535,17.9516) (-0.1100461,0.8826115,0.2639267) (31.63067,326.0935,352.8463)
compute 1.01971258967176(-0.223760381340981,0.425299406051636,0.471224308013916) (-0.2197417,0.4325271,0.4652584) (358.0255,312.3375,19.30444) (-0.1180384,0.877638,0.2738217) (31.91797,326.6477,353.0728)
compute 0.922166026797959(-0.226676762104034,0.421633660793304,0.479167610406876) (-0.2237604,0.4252994,0.4712243) (358.7329,312.3578,22.0727) (-0.1276554,0.869289,0.288284) (33.47266,327.449,353.783)
compute 1.91654358839989(-0.235361635684967,0.416019171476364,0.495303422212601) (-0.2266768,0.4216337,0.4791676) (358.6654,311.2449,25.08863) (-0.1399606,0.8608062,0.3105778) (34.84286,328.353,354.7093)
compute 2.87853603668487(-0.258956611156464,0.41326043009758,0.51155960559845) (-0.2353616,0.4160192,0.4953034) (353.8553,304.3414,32.30394) (-0.1541056,0.849611,0.3320963) (36.04616,328.7101,355.2998)
compute 4.14706820287944(-0.293754696846008,0.400264322757721,0.529999017715454) (-0.2589566,0.4132604,0.5115596) (352.362,300.5823,34.51764) (-0.1717589,0.8361529,0.353223) (36.97927,328.154,356.1591)
compute 6.17684743304239(-0.333837062120438,0.362347930669785,0.557767629623413) (-0.2937547,0.4002643,0.529999) (359.0793,300.0693,35.27948) (-0.1917576,0.8237645,0.3706326) (37.28024,327.2877,356.3783)
compute 6.86471355763604(-0.365952402353287,0.317366600036621,0.598482668399811) (-0.3338371,0.3623479,0.5577676) (4.731239,304.1787,34.54243) (-0.2100184,0.8107017,0.3825124) (37.89369,327.3937,357.1037)
compute 5.32117767710279(-0.38986998796463,0.279725730419159,0.627510368824005) (-0.3659524,0.3173666,0.5984827) (11.50024,302.2971,41.53888) (-0.2271904,0.8018555,0.3905796) (37.96219,326.7514,357.5582)
compute 4.94735609454117(-0.408092319965363,0.256761759519577,0.667363047599792) (-0.38987,0.2797257,0.6275104) (12.37839,302.5513,47.0989) (-0.2461034,0.7899932,0.4024031) (38.03286,326.2997,358.6605)
compute 4.85622839127231(-0.423202812671661,0.228745743632317,0.704038262367249) (-0.4080923,0.2567618,0.667363) (13.58029,304.3103,49.56662) (-0.2607834,0.7787999,0.4167696) (37.5943,325.7083,359.4167)
compute 4.32693596338313(-0.446420758962631,0.20579095184803,0.732432663440704) (-0.4232028,0.2287457,0.7040383) (13.19892,302.7578,55.16787) (-0.2768447,0.7646426,0.431856) (37.03197,324.449,358.7151)
compute 3.64387912439518(-0.471364051103592,0.181080341339111,0.74217963218689) (-0.4464208,0.205791,0.7324327) (15.38791,299.4491,56.03639) (-0.2929726,0.7464867,0.4414571) (38.07158,321.0112,356.4992)
compute 2.10762970142078(-0.477314502000809,0.162440925836563,0.734345436096191) (-0.4713641,0.1810803,0.7421796) (20.59272,296.2762,55.39146) (-0.2984396,0.7419517,0.4458211) (38.60202,319.0672,355.9214)
compute 1.92025711743258(-0.467614203691483,0.175672218203545,0.724366664886475) (-0.4773145,0.1624409,0.7343454) (18.62169,300.5141,51.27202) (-0.2882444,0.7512652,0.4452077) (38.19831,320.5881,356.6558)
compute 6.79140802308312(-0.443651586771011,0.224286317825317,0.683442533016205) (-0.4676142,0.1756722,0.7243667) (10.84473,299.2145,43.81979) (-0.2665622,0.7750486,0.4430706) (35.69556,323.6098,358.0154)
compute 9.57427026046622(-0.404046505689621,0.28932124376297,0.625403225421906) (-0.4436516,0.2242863,0.6834425) (2.412579,298.3504,38.33324) (-0.2456077,0.8071735,0.4224581) (32.03106,324.9798,358.4446)
compute 8.47844602273037(-0.372188627719879,0.335508525371552,0.561840534210205) (-0.4040465,0.2893212,0.6254032) (358.7258,296.0071,34.14205) (-0.2276324,0.8368896,0.3940817) (28.76458,322.6252,359.4918)
compute 7.59151197765763(-0.353947877883911,0.381026118993759,0.503887712955475) (-0.3721886,0.3355085,0.5618405) (354.0061,291.1014,32.88676) (-0.2163423,0.86646,0.3605601) (25.37196,316.4207,358.3107)
compute 4.5078305162419(-0.345003336668015,0.413535058498383,0.473967522382736) (-0.3539479,0.3810261,0.5038877) (351.5919,288.7975,33.4766) (-0.2031111,0.8895318,0.3216951) (25.16841,313.0237,356.5832)
compute 2.24721814879084(-0.340857207775116,0.430267184972763,0.459550708532333) (-0.3450033,0.4135351,0.4739675) (350.9927,288.475,34.43647) (-0.1872323,0.9019763,0.2893965) (24.32162,310.9838,355.4445)
compute 2.69600874650357(-0.333225876092911,0.453579366207123,0.448363602161407) (-0.3408572,0.4302672,0.4595507) (348.747,288.0927,35.85128) (-0.1685313,0.9105951,0.2630009) (23.65523,311.8264,355.5428)
compute 2.79625548775192(-0.31939959526062,0.471905112266541,0.432397842407227) (-0.3332259,0.4535794,0.4483636) (346.5087,286.5691,38.01208) (-0.1501562,0.9127659,0.2412054) (23.63105,312.4337,355.143)
compute 2.93984505559866(-0.300560295581818,0.485153436660767,0.41412678360939) (-0.3193996,0.4719051,0.4323978) (346.2118,286.1905,38.64108) (-0.1339977,0.9182947,0.2280232) (22.80208,314.1525,355.4347)
compute 3.21738301786306(-0.277819156646729,0.49560683965683,0.393909901380539) (-0.3005603,0.4851534,0.4141268) (346.0992,286.3687,38.67383) (-0.1205532,0.9256747,0.2182259) (21.41556,317.4764,356.1824)
compute 3.1466952399395(-0.253113925457001,0.504903733730316,0.376781314611435) (-0.2778192,0.4956068,0.3939099) (346.0717,286.9442,38.58312) (-0.1046749,0.9273491,0.2136375) (20.97122,323.8164,357.3617)
compute 1.97985063650851(-0.234948843717575,0.508257687091827,0.369656592607498) (-0.2531139,0.5049037,0.3767813) (346.4836,288.6375,37.99257) (-0.09550992,0.92777,0.2117529) (20.19568,327.9919,358.9937)
compute 1.315184952895(-0.221851721405983,0.507287561893463,0.370360434055328) (-0.2349488,0.5082577,0.3696566) (345.8247,291.2741,37.35806) (-0.09149806,0.928698,0.2086721) (19.55394,330.6258,359.3974)
compute 1.20791192946702(-0.210694313049316,0.509537398815155,0.374404639005661) (-0.2218517,0.5072876,0.3703604) (345.489,293.7369,36.3522) (-0.08758102,0.9309177,0.2096019) (18.95682,331.9975,359.3584)
compute 1.65898668574666(-0.200507000088692,0.511072337627411,0.387407958507538) (-0.2106943,0.5095374,0.3744046) (345.6056,296.3251,35.04188) (-0.0808218,0.9307984,0.2173366) (19.82244,335.1225,358.1929)
compute 2.48403135237167(-0.185130596160889,0.521584153175354,0.403842955827713) (-0.200507,0.5110723,0.387408) (346.329,300.2292,32.43899) (-0.07184894,0.9226522,0.2355577) (22.1994,341.0461,357.1441)
compute 3.02618523041032(-0.164579778909683,0.509559452533722,0.422520488500595) (-0.1851306,0.5215842,0.403843) (348.2911,305.6947,30.45652) (-0.03900778,0.8997205,0.2618903) (29.43663,357.5117,359.2615)
compute 4.72491790257747(-0.133199423551559,0.476060092449188,0.433725446462631) (-0.1645798,0.5095595,0.4225205) (352.5888,312.2479,28.75859) (-0.01157421,0.8724639,0.2807817) (34.90174,9.821896,2.820893)
compute 6.31494889375664(-0.0945151224732399,0.427242994308472,0.444130927324295) (-0.1331994,0.4760601,0.4337254) (357.5113,318.3627,29.08314) (0.009467994,0.859403,0.2911929) (36.45429,19.44792,5.460497)
compute 5.58194130081446(-0.0435349158942699,0.40811762213707,0.456420987844467) (-0.09451512,0.427243,0.4441309) (0.5314356,325.0327,31.50798) (0.03245493,0.8589343,0.2952729) (34.70491,27.63239,8.157398)
compute 8.98849804305843(0.0391321778297424,0.403823107481003,0.491449803113937) (-0.04353492,0.4081176,0.456421) (2.559712,336.1637,36.88412) (0.05244122,0.8678377,0.3046795) (32.34336,28.67719,6.631737)
compute 13.135223468576(0.151502177119255,0.378771632909775,0.554686009883881) (0.03913218,0.4038231,0.4914498) (3.941411,344.3183,44.94253) (0.08232972,0.8590905,0.3332608) (31.68062,27.35428,3.888105)
compute 12.9930356508478(0.261645495891571,0.339358955621719,0.611227929592133) (0.1515022,0.3787716,0.554686) (8.830244,354.8267,48.7436) (0.1214713,0.8399304,0.3691221) (34.50608,27.21281,2.206244)
compute 10.8585302375506(0.348289906978607,0.30648198723793,0.667819619178772) (0.2616455,0.339359,0.6112279) (10.66401,3.234977,52.65303) (0.1568053,0.8201156,0.4140805) (34.6883,27.32584,0.3393319)
compute 8.41763557322322(0.39546924829483,0.284913390874863,0.734111130237579) (0.3482899,0.306482,0.6678196) (8.743462,5.909154,56.26849) (0.1899916,0.7954957,0.4599452) (34.24819,25.81597,357.9186)
compute 7.27086395587203(0.416447907686234,0.259271234273911,0.798833012580872) (0.3954692,0.2849134,0.7341111) (7.963636,5.814338,56.38409) (0.2118346,0.7701616,0.4900712) (35.07363,24.22345,354.7054)
compute 6.85813151748964(0.435581177473068,0.216713756322861,0.849094092845917) (0.4164479,0.2592712,0.798833) (10.45145,7.868932,57.24676) (0.224126,0.7433209,0.5149078) (34.73306,22.58833,351.4263)
compute 7.23556192261231(0.440620601177216,0.144699707627296,0.853984594345093) (0.4355812,0.2167138,0.8490941) (26.42167,10.94537,54.61319) (0.2314956,0.7281069,0.527041) (35.09259,22.21244,350.654)
compute 6.08635024538407(0.422272354364395,0.118119351565838,0.802397847175598) (0.4406206,0.1446997,0.8539846) (38.21198,16.49884,46.38391) (0.2298764,0.7367313,0.5194509) (36.83168,23.91496,351.6828)
compute 6.704605550468(0.402845293283463,0.164125353097916,0.757662951946259) (0.4222724,0.1181194,0.8023978) (27.71056,12.47317,42.26725) (0.2236089,0.7729751,0.4984053) (34.15737,23.87702,352.6506)
compute 11.3259250007104(0.37605619430542,0.248704254627228,0.687261164188385) (0.4028453,0.1641254,0.757663) (12.68443,8.789509,35.80091) (0.209436,0.814862,0.4578536) (31.89707,22.91745,352.3308)
compute 13.2277122928688(0.340629518032074,0.347879230976105,0.607220470905304) (0.3760562,0.2487043,0.6872612) (1.214964,3.798721,31.96718) (0.1868335,0.8481842,0.4244776) (26.27596,21.33132,354.3968)
compute 10.1618900913068(0.302980750799179,0.423249691724777,0.550402641296387) (0.3406295,0.3478792,0.6072205) (352.5641,359.7126,32.06992) (0.1499047,0.884871,0.3871667) (21.15684,15.68971,354.9682)
compute 6.80170435172978(0.262623280286789,0.472524851560593,0.526537358760834) (0.3029808,0.4232497,0.5504026) (346.3824,358.5833,27.65892) (0.1171146,0.9163309,0.3485213) (16.70588,12.26948,357.0863)
compute 7.05325626142467(0.211468622088432,0.520825982093811,0.521532952785492) (0.2626233,0.4725249,0.5265374) (340.2729,354.3392,27.85121) (0.08678373,0.9372362,0.3190667) (13.10722,7.583499,357.4979)
compute 5.95129188922905(0.163168534636498,0.555561661720276,0.520009219646454) (0.2114686,0.520826,0.521533) (334.6252,350.9195,24.5186) (0.06320463,0.9473618,0.2987576) (11.89559,1.559394,357.5597)
compute 5.21765197807053(0.115785486996174,0.577394247055054,0.519251346588135) (0.1631685,0.5555617,0.5200092) (333.0147,348.699,20.03596) (0.03329764,0.9534357,0.2756078) (11.22509,353.234,357.3701)
compute 4.43188835856568(0.072966493666172,0.585353016853333,0.511044323444366) (0.1157855,0.5773942,0.5192513) (331.5389,345.3671,11.70899) (0.001273878,0.953336,0.2597123) (11.16583,343.3835,356.5283)
compute 3.94526999185284(0.0380231067538261,0.581959366798401,0.493045479059219) (0.07296649,0.585353,0.5110443) (326.1558,339.9255,8.126334) (-0.02653597,0.9516557,0.2447641) (11.75907,333.8827,355.761)
compute 4.4661995311221(0.000348763773217797,0.577006459236145,0.469576209783554) (0.03802311,0.5819594,0.4930455) (321.8307,331.0781,11.69092) (-0.04978066,0.9391065,0.228384) (15.42785,326.1315,355.416)
compute 3.77488897526345(-0.0302188508212566,0.576321542263031,0.447437316179276) (0.0003487638,0.5770065,0.4695762) (320.8732,320.4161,19.14488) (-0.06360971,0.9334886,0.2242215) (16.06847,322.522,355.1531)
compute 2.61203658103778(-0.0543085597455502,0.573522686958313,0.437735468149185) (-0.03021885,0.5763215,0.4474373) (327.0553,310.9987,29.1352) (-0.07320308,0.9328109,0.2246415) (15.40407,320.5685,356.2058)
compute 1.37674430541966(-0.0678356364369392,0.574955403804779,0.439858675003052) (-0.05430856,0.5735227,0.4377355) (333.7016,311.0244,29.2631) (-0.08181353,0.9512549,0.2294372) (8.130698,317.1394,357.9241)
compute 1.11267459349092(-0.0781382992863655,0.578995525836945,0.441014975309372) (-0.06783564,0.5749554,0.4398587) (333.5217,308.2384,28.49657) (-0.08320322,0.9633891,0.2257853) (4.118517,314.1961,357.5033)
compute 1.19137189556849(-0.0885498821735382,0.584479570388794,0.439154624938965) (-0.0781383,0.5789955,0.441015) (332.2598,307.206,24.89862) (-0.08084698,0.9598482,0.222789) (4.632927,312.7709,356.6348)
compute 1.39408097751772(-0.0973262786865234,0.590490520000458,0.430144101381302) (-0.08854988,0.5844796,0.4391546) (331.0833,306.2752,22.27834) (-0.0796411,0.9533466,0.2175544) (5.06303,312.3824,356.2229)
compute 1.47956831383643(-0.102909095585346,0.595010459423065,0.417209088802338) (-0.09732628,0.5904905,0.4301441) (332.1102,306.0707,19.49686) (-0.07864355,0.9474755,0.2100563) (7.776562,312.3134,356.1993)
compute 2.35083568372152(-0.108025915920734,0.603151082992554,0.395757019519806) (-0.1029091,0.5950105,0.4172091) (331.1432,301.1824,22.04855) (-0.07820624,0.9370081,0.2062322) (11.93592,312.7601,356.4834)
compute 2.54216070111175(-0.114333279430866,0.616389572620392,0.374991238117218) (-0.1080259,0.6031511,0.395757) (331.0566,297.2705,25.70815) (-0.07501158,0.9321775,0.2045407) (14.65843,313.1211,355.5858)
compute 1.62523982622791(-0.117728747427464,0.619002044200897,0.359313666820526) (-0.1143333,0.6163896,0.3749912) (331.6349,295.3246,27.64203) (-0.07089157,0.9294591,0.2036723) (15.80736,313.0074,354.2511)
compute 1.12937614006389(-0.119394242763519,0.618488430976868,0.348155200481415) (-0.1177287,0.619002,0.3593137) (332.2922,294.6646,26.54048) (-0.06662594,0.9312093,0.2019653) (16.80698,313.7289,353.4086)
compute 1.10230515898476(-0.121628865599632,0.611179113388062,0.340212404727936) (-0.1193942,0.6184884,0.3481552) (333.3117,294.548,25.13581) (-0.0657637,0.9240341,0.2031089) (20.0282,312.8183,353.1682)
compute 0.772915644758896(-0.123980075120926,0.608769357204437,0.333255052566528) (-0.1216289,0.6111791,0.3402124) (333.0762,294.1253,25.05118) (-0.07094299,0.9189582,0.2044079) (22.34291,311.0261,352.8659)
compute 0.541484192360524(-0.12779238820076,0.604925692081451,0.333140939474106) (-0.1239801,0.6087694,0.3332551) (334.0998,292.3388,28.15794) (-0.08176747,0.9102193,0.2009445) (26.57601,306.5935,353.3117)
compute 1.87589665852678(-0.134092479944229,0.596091151237488,0.348443180322647) (-0.1277924,0.6049257,0.3331409) (338.4004,288.1667,35.61739) (-0.113478,0.8942572,0.2071785) (30.49022,303.2612,352.6688)
compute 3.24547121108907(-0.138995707035065,0.576624631881714,0.373944580554962) (-0.1340925,0.5960912,0.3484432) (343.3632,286.3542,41.13407) (-0.1562523,0.8830724,0.2176657) (32.97134,300.1197,352.387)
compute 4.44035369419841(-0.1635632365942,0.551876068115234,0.401433110237122) (-0.1389957,0.5766246,0.3739446) (351.081,285.2975,43.49244) (-0.1874555,0.8746726,0.2289746) (34.62037,298.2815,352.8004)
compute 5.05934269535176(-0.212522372603416,0.542451798915863,0.410028517246246) (-0.1635632,0.5518761,0.4014331) (353.5954,280.3015,46.14479) (-0.2051463,0.8704467,0.2390324) (36.04016,297.1922,352.9584)
compute 5.09253910711637(-0.262838751077652,0.540573596954346,0.402404218912125) (-0.2125224,0.5424518,0.4100285) (353.5513,273.526,46.05186) (-0.2131623,0.8678052,0.2455977) (36.44769,296.2484,353.0718)
compute 5.44499013171493(-0.309755772352219,0.515819728374481,0.390122890472412) (-0.2628388,0.5405736,0.4024042) (354.5847,269.1107,46.07418) (-0.2287451,0.8661937,0.2443282) (36.46854,293.5465,353.6028)
compute 6.05640531799372(-0.357623636722565,0.48115536570549,0.37689208984375) (-0.3097558,0.5158197,0.3901229) (356.1663,264.8561,44.26714) (-0.2535191,0.8564854,0.2373772) (36.61376,290.2465,353.9676)
compute 6.48621338138105(-0.407716482877731,0.442317724227905,0.363128334283829) (-0.3576236,0.4811554,0.3768921) (357.7943,260.7462,42.63445) (-0.2851925,0.8452181,0.2300902) (37.08947,287.91,354.6803)
compute 6.55068530542682(-0.458397805690765,0.402914613485336,0.350091993808746) (-0.4077165,0.4423177,0.3631283) (2.292136,258.8517,41.95533) (-0.3150504,0.8371909,0.2219756) (37.63446,286.7041,355.7102)
compute 5.58363098281317(-0.505344808101654,0.377409487962723,0.333869755268097) (-0.4583978,0.4029146,0.350092) (3.468092,255.78,42.48171) (-0.3432792,0.8211157,0.2182273) (37.59378,285.6345,356.7919)
compute 6.50538737281764(-0.554887712001801,0.336311161518097,0.324465781450272) (-0.5053448,0.3774095,0.3338698) (5.94746,254.4358,42.31593) (-0.370704,0.80275,0.217536) (38.41686,285.4006,357.3867)
compute 5.55957714173826(-0.593638062477112,0.297394275665283,0.315818458795547) (-0.5548877,0.3363112,0.3244658) (8.442141,253.8617,42.75595) (-0.3975413,0.7852682,0.2187639) (38.89611,284.9806,357.7489)
compute 4.70445039755099(-0.630894422531128,0.269556939601898,0.308731019496918) (-0.5936381,0.2973943,0.3158185) (10.23398,254.3459,44.59051) (-0.4222374,0.7635128,0.2151755) (39.79587,283.8342,357.8721)
compute 4.16407846251089(-0.669267773628235,0.25507390499115,0.301541954278946) (-0.6308944,0.2695569,0.308731) (9.596362,254.3191,49.67646) (-0.4456508,0.7392807,0.2045651) (41.55293,283.3166,357.4374)
compute 4.54072380566138(-0.713625192642212,0.25385719537735,0.291910946369171) (-0.6692678,0.2550739,0.301542) (7.09173,253.6792,55.78075) (-0.4614616,0.7263334,0.1952554) (41.81641,283.6893,358.7995)
compute 5.09576499950579(-0.76289165019989,0.24437452852726,0.282990336418152) (-0.7136252,0.2538572,0.2919109) (7.028857,253.0075,58.04897) (-0.4698851,0.7176884,0.1871527) (42.22295,284.0645,359.7977)
compute 4.88472583824544(-0.802944183349609,0.216577902436256,0.279957681894302) (-0.7628917,0.2443745,0.2829903) (12.36012,254.225,58.71967) (-0.4785609,0.7157646,0.1906327) (40.39325,284.5315,359.8551)
compute 3.85719320052881(-0.804706752300262,0.178347557783127,0.275148510932922) (-0.8029442,0.2165779,0.2799577) (20.43472,248.9395,58.54135) (-0.4851713,0.7269514,0.1898176) (39.01258,282.5958,358.4624)
compute 2.49776247882625(-0.78761613368988,0.160190939903259,0.273689150810242) (-0.8047068,0.1783476,0.2751485) (23.72251,249.016,55.67276) (-0.483071,0.7328042,0.1934036) (39.58152,279.8358,356.452)
compute 4.3152643926679(-0.746682345867157,0.171313911676407,0.265761017799377) (-0.7876161,0.1601909,0.2736892) (19.99356,244.2838,55.51944) (-0.4751062,0.742698,0.2134442) (38.65697,280.2071,354.7662)
compute 7.95554589814001(-0.684891045093536,0.221248328685761,0.261582434177399) (-0.7466823,0.1713139,0.265761) (10.33896,244.8104,47.81354) (-0.4572568,0.7603257,0.2475091) (37.6979,286.0382,356.2927)
compute 11.9232437625896(-0.589934766292572,0.292147725820541,0.274733692407608) (-0.684891,0.2212483,0.2615824) (0.3569429,249.8893,36.84336) (-0.4219017,0.7816819,0.2794927) (35.84327,295.3076,358.2654)
compute 13.0377770928158(-0.477147907018662,0.343015164136887,0.315843194723129) (-0.5899348,0.2921477,0.2747337) (355.9611,255.8804,35.02201) (-0.3672439,0.8028799,0.31843) (33.71014,311.2747,2.039494)
compute 12.2774255524268(-0.366585791110992,0.368733257055283,0.362620502710342) (-0.4771479,0.3430152,0.3158432) (358.4774,265.0713,39.51321) (-0.2782495,0.8264621,0.3586251) (33.25904,334.3421,7.779138)
compute 10.7135884591908(-0.26692670583725,0.388831824064255,0.396417140960693) (-0.3665858,0.3687333,0.3626205) (1.331822,273.8445,43.26372) (-0.1762417,0.8500796,0.3824084) (32.67002,354.2247,10.21493)
compute 10.5627843476112(-0.176291927695274,0.431398332118988,0.430042594671249) (-0.2669267,0.3888318,0.3964171) (359.7852,286.1526,44.67189) (-0.0528958,0.8628925,0.3873507) (33.14699,17.464,13.20959)
compute 7.52876063280117(-0.110372014343739,0.460324615240097,0.452089339494705) (-0.1762919,0.4313983,0.4300426) (355.6547,296.0093,49.05977) (-0.0007283986,0.8671892,0.379587) (31.7464,30.91629,13.25209)
compute 7.12939668127838(-0.0487908013164997,0.492340952157974,0.468384683132172) (-0.110372,0.4603246,0.4520893) (349.9633,309.9419,48.07189) (0.04673249,0.8716407,0.3595227) (31.63796,43.68668,13.33416)
compute 5.29104107985426(-0.00211158790625632,0.516075432300568,0.475950211286545) (-0.0487908,0.492341,0.4683847) (345.8949,320.0013,48.96072) (0.08721519,0.8757237,0.3504392) (32.5646,52.01628,13.55509)
compute 7.44341580517045(0.0689056739211082,0.521179795265198,0.497651308774948) (-0.002111588,0.5160754,0.4759502) (348.6479,332.9991,52.41664) (0.1088233,0.8704277,0.3631219) (33.52132,49.30663,9.272112)
compute 12.7174183083538(0.178400233387947,0.468126207590103,0.534658491611481) (0.06890567,0.5211798,0.4976513) (359.1225,350.0677,49.83334) (0.1371767,0.8433499,0.399483) (35.88785,43.29792,4.256534)
compute 15.6199903859387(0.28226226568222,0.359063297510147,0.576087594032288) (0.1784002,0.4681262,0.5346585) (14.53532,358.0369,51.88554) (0.1655826,0.814758,0.4362341) (38.09157,39.02411,0.836196)
compute 10.4551101058261(0.348400264978409,0.295447766780853,0.626185119152069) (0.2822623,0.3590633,0.5760876) (17.38508,2.55937,58.9912) (0.1926885,0.7927643,0.4599491) (38.88358,38.24619,359.3537)
compute 7.27504936201035(0.390430897474289,0.260580450296402,0.674251019954681) (0.3484003,0.2954478,0.6261851) (17.51896,7.427742,59.5088) (0.2226876,0.7691764,0.4821237) (39.23421,38.70492,358.1697)
compute 8.17254063521035(0.430689036846161,0.251504510641098,0.744791448116302) (0.3904309,0.2605805,0.674251) (12.54376,10.29019,60.19868) (0.2464272,0.7452186,0.4975873) (38.20103,37.66089,356.3472)
compute 7.91061823858658(0.47165846824646,0.219830602407455,0.804591596126556) (0.430689,0.2515045,0.7447914) (12.99255,13.57482,60.0223) (0.2622947,0.7272891,0.509262) (37.93209,35.96764,354.7411)
compute 6.40248379023683(0.49333655834198,0.168643712997437,0.836358606815338) (0.4716585,0.2198306,0.8045916) (19.69279,16.23369,55.0575) (0.2748313,0.7169024,0.5212108) (35.87463,32.09324,351.1545)
compute 4.69567577262901(0.493447184562683,0.131342068314552,0.807836472988129) (0.4933366,0.1686437,0.8363586) (31.58818,27.13992,45.56277) (0.2748147,0.7189779,0.5190018) (39.44779,35.35729,352.2469)
compute 6.05413556099069(0.471049189567566,0.165547236800194,0.763186812400818) (0.4934472,0.1313421,0.8078365) (24.55698,24.08127,40.11656) (0.2740085,0.7417927,0.499826) (38.48042,43.21214,357.1071)
compute 13.4909019398883(0.444346517324448,0.252521604299545,0.663573205471039) (0.4710492,0.1655472,0.7631868) (7.237848,18.63509,41.50094) (0.2741513,0.7648672,0.4515353) (38.53641,53.68761,1.646439)
compute 15.9243042128915(0.416544824838638,0.328627645969391,0.526484608650208) (0.4443465,0.2525216,0.6635732) (358.1586,15.70134,47.662) (0.2782405,0.7843145,0.3871601) (39.98382,68.65044,7.874347)
compute 13.3732621712326(0.394433379173279,0.379233151674271,0.404687315225601) (0.4165448,0.3286276,0.5264846) (354.455,18.47569,52.34286) (0.2837954,0.8027388,0.3384071) (40.71162,76.74187,11.52394)
compute 8.4843819396292(0.398478120565414,0.402399569749832,0.32316780090332) (0.3944334,0.3792332,0.4046873) (352.0014,23.89541,54.38627) (0.2897492,0.8225558,0.3098937) (38.22686,78.80284,9.7652)
compute 6.26311778866811(0.43090695142746,0.396440327167511,0.269918173551559) (0.3984781,0.4023996,0.3231678) (352.3278,39.06951,43.16644) (0.2971861,0.8320339,0.2835321) (36.73517,81.56693,8.116844)
compute 4.65964188191266(0.452327221632004,0.378019660711288,0.232863113284111) (0.430907,0.3964403,0.2699182) (354.8462,49.93052,37.79084) (0.307995,0.8367537,0.2602115) (36.08586,83.17286,5.310728)
compute 5.28757875792349(0.471558928489685,0.353195399045944,0.190321996808052) (0.4523272,0.3780197,0.2328631) (357.0541,63.17989,31.60132) (0.3167944,0.8370391,0.2332852) (38.15086,85.86492,3.986775)
compute 5.69039885035002(0.484668016433716,0.327717304229736,0.141158163547516) (0.4715589,0.3531954,0.190322) (1.442113,76.52328,26.94103) (0.3225932,0.8356353,0.2058066) (38.92433,87.57081,1.925351)
compute 4.37259756996045(0.493618100881577,0.313716620206833,0.100712671875954) (0.484668,0.3277173,0.1411582) (3.860795,84.91059,26.44228) (0.3174171,0.843001,0.1871488) (37.59107,85.99916,358.6606)
compute 1.67065647436305(0.498882919549942,0.326510339975357,0.0913472175598145) (0.4936181,0.3137166,0.1007127) (2.489953,85.97063,26.64976) (0.3091267,0.8607674,0.1820816) (33.84434,82.04002,355.6211)
compute 3.88937338502881(0.51172262430191,0.357401728630066,0.111186236143112) (0.4988829,0.3265103,0.09134722) (357.2135,81.7675,25.73359) (0.2949716,0.89101,0.192506) (26.14177,72.99622,353.4421)
compute 7.52348877372801(0.518005549907684,0.41496217250824,0.159223809838295) (0.5117226,0.3574017,0.1111862) (346.6602,72.96827,26.44293) (0.2537099,0.9240917,0.204359) (15.74668,63.27315,351.7123)
compute 7.39085864374248(0.501415550708771,0.467363059520721,0.208634316921234) (0.5180055,0.4149622,0.1592238) (337.5787,62.40092,29.36596) (0.2115849,0.9422977,0.2078795) (10.43903,56.9958,352.813)
compute 7.21757744767097(0.464066088199615,0.509162545204163,0.254100382328033) (0.5014156,0.4673631,0.2086343) (331.2856,56.0278,26.2382) (0.1745751,0.9453534,0.2076544) (9.869618,51.66748,353.5305)
compute 7.06002674092911(0.418536841869354,0.539523065090179,0.298706710338593) (0.4640661,0.5091625,0.2541004) (327.3638,49.15829,23.04056) (0.1499387,0.9457137,0.2049613) (9.826446,47.54839,353.3587)
compute 6.6856170409954(0.369631081819534,0.561478197574615,0.338656008243561) (0.4185368,0.5395231,0.2987067) (323.8756,39.88559,22.33006) (0.1261799,0.9450995,0.2038051) (8.784905,39.98617,353.83)
compute 6.66249464741389(0.313955366611481,0.570479035377502,0.374125480651855) (0.3696311,0.5614782,0.338656) (321.3713,29.17175,22.39783) (0.09593996,0.9477572,0.2125182) (8.431668,28.92076,354.7599)
compute 5.79610451626519(0.262863487005234,0.567428767681122,0.401324719190598) (0.3139554,0.570479,0.3741255) (322.6648,18.2357,23.23745) (0.06951869,0.9468807,0.2195827) (8.519513,18.14481,355.4233)
compute 4.63639598148461(0.221319571137428,0.555837988853455,0.41833570599556) (0.2628635,0.5674288,0.4013247) (325.1702,8.068883,25.63448) (0.05144842,0.9500959,0.2232332) (8.591717,10.27628,356.2763)
compute 3.03760743422961(0.193559482693672,0.546345949172974,0.426208734512329) (0.2213196,0.555838,0.4183357) (326.9843,359.8636,27.92153) (0.04437384,0.9504737,0.2237876) (8.83915,7.169689,356.6627)
compute 1.41363949569038(0.179459467530251,0.546079277992249,0.427186548709869) (0.1935595,0.5463459,0.4262087) (326.7883,354.7249,29.97119) (0.0394773,0.9514948,0.2229198) (9.944926,4.596697,357.849)
compute 0.552823466208132(0.174650236964226,0.548416137695313,0.425782352685928) (0.1794595,0.5460793,0.4271865) (326.364,352.0572,32.27747) (0.03802425,0.9469802,0.226255) (11.74983,4.498104,357.262)
compute 0.594860108146873(0.174739986658096,0.547144412994385,0.419971972703934) (0.1746502,0.5484161,0.4257824) (328.1351,352.2509,32.45232) (0.04396938,0.9305265,0.2300668) (18.43039,8.089565,355.5805)
compute 1.0616594975456(0.174917683005333,0.54204785823822,0.41066038608551) (0.17474,0.5471444,0.419972) (330.9625,352.411,33.00582) (0.08220407,0.9024475,0.2347604) (27.57527,23.2786,357.49)
compute 1.85403899332191(0.18087138235569,0.542678534984589,0.393113255500793) (0.1749177,0.5420479,0.4106604) (331.3315,353.4844,33.69594) (0.1193492,0.8781593,0.2177295) (37.09388,40.80652,3.655236)
compute 2.69066979040103(0.199654579162598,0.544591903686523,0.373942941427231) (0.1808714,0.5426785,0.3931133) (331.4271,0.9234729,30.07073) (0.1388689,0.8663912,0.2014792) (43.58068,48.78576,4.932616)
compute 2.61824676809778(0.220634192228317,0.54797899723053,0.358648985624313) (0.1996546,0.5445919,0.3739429) (331.8025,10.89326,23.93719) (0.1585235,0.8591884,0.1877337) (45.13796,50.59407,1.418935)
compute 3.2406495600241(0.249088868498802,0.548553884029388,0.343151181936264) (0.2206342,0.547979,0.358649) (332.2132,23.0419,18.54414) (0.1776891,0.8618574,0.1681993) (45.22408,59.21045,0.2889724)
compute 2.47475634713103(0.271050959825516,0.540107846260071,0.335484832525253) (0.2490889,0.5485539,0.3431512) (337.2614,32.27218,12.34194) (0.2094176,0.8770117,0.130568) (39.47681,75.12758,3.66097)
compute 2.96419057760305(0.299227565526962,0.532697677612305,0.330024898052216) (0.271051,0.5401078,0.3354848) (340.1804,41.52291,8.513227) (0.2218315,0.8985838,0.1157908) (33.79855,80.22424,0.8920349)
compute 1.69773783915236(0.316053956747055,0.530672252178192,0.329024106264114) (0.2992276,0.5326977,0.3300249) (340.2246,46.36847,7.338703) (0.2278383,0.9091626,0.1166121) (29.67353,80.41529,355.7248)
compute 1.04987508614428(0.325376570224762,0.525844037532806,0.329055666923523) (0.316054,0.5306723,0.3290241) (340.6328,49.07589,6.980967) (0.241378,0.9347022,0.1167825) (14.54671,80.54082,351.7577)
compute 1.79017338713083(0.330301702022552,0.50938093662262,0.334073781967163) (0.3253766,0.525844,0.3290557) (340.9629,51.41644,6.33478) (0.2254495,0.9758877,0.1247221) (1.575275,73.25672,344.5305)
compute 0.817798529707352(0.332206010818481,0.502521693706512,0.338099181652069) (0.3303017,0.5093809,0.3340738) (341.0733,52.15686,5.837965) (0.1931057,0.9984748,0.1278736) (351.5933,67.09723,339.0106)
compute 0.566627302104864(0.332151114940643,0.506660938262939,0.341968327760696) (0.332206,0.5025217,0.3380992) (339.3648,49.90533,7.250278) (0.163583,1.00587,0.1294457) (344.6568,62.93786,338.4591)
compute 0.908253931015177(0.339521199464798,0.508514821529388,0.346942007541656) (0.3321511,0.5066609,0.3419683) (335.5932,47.32495,10.47736) (0.1411431,1.0097,0.140046) (341.1508,58.35401,340.4089)
compute 1.24603304897002(0.34618479013443,0.519020438194275,0.347640872001648) (0.3395212,0.5085148,0.346942) (331.9336,45.68385,13.68858) (0.1182447,1.011166,0.1574635) (336.1613,46.95269,339.6192)
compute 0.964184622902416(0.345795124769211,0.527746915817261,0.351722776889801) (0.3461848,0.5190204,0.3476409) (329.6949,43.04432,15.88526) (0.08443112,1.019408,0.164865) (329.6291,33.82077,337.73)
compute 1.76593149600843(0.335007786750793,0.534506618976593,0.363961696624756) (0.3457951,0.5277469,0.3517228) (326.198,36.4809,19.57049) (0.06525322,1.024276,0.1625838) (325.7632,22.85242,338.5034)
compute 3.34212325654436(0.311781167984009,0.551377475261688,0.381075352430344) (0.3350078,0.5345066,0.3639617) (321.7238,28.57598,23.25653) (0.05282038,1.027513,0.1615243) (323.8106,15.45688,340.7459)
compute 3.86364736527916(0.282372772693634,0.562627971172333,0.403466194868088) (0.3117812,0.5513775,0.3810754) (317.6218,18.5428,26.19029) (0.03624135,1.030759,0.1634247) (322.1889,7.067453,342.9464)
compute 2.92469787502549(0.257410794496536,0.569899439811707,0.416860640048981) (0.2823728,0.562628,0.4034662) (313.5717,7.644748,29.79784) (0.01431813,1.035996,0.1624953) (320.2787,356.0336,345.8444)
compute 6.77480532817382(0.20149752497673,0.580191850662231,0.453705877065659) (0.2574108,0.5698994,0.4168606) (311.2443,354.6244,34.15243) (-0.007416219,1.041016,0.1561838) (319.8909,345.0476,348.1431)
compute 7.93435157976015(0.126318201422691,0.586849629878998,0.478183150291443) (0.2014975,0.5801919,0.4537059) (310.313,342.1502,36.76366) (-0.03101148,1.045756,0.1431865) (321.1075,333.2664,351.3586)
compute 7.49388278916651(0.0521683730185032,0.589877843856812,0.488597571849823) (0.1263182,0.5868496,0.4781832) (310.993,331.9944,38.45411) (-0.05526312,1.04625,0.1287658) (322.5887,322.5023,355.3329)
compute 7.13354236740227(-0.019162118434906,0.589825332164764,0.489435076713562) (0.05216837,0.5898778,0.4885976) (311.1824,323.4062,38.27013) (-0.07402109,1.044726,0.1207714) (325.1299,316.5548,357.0566)
compute 5.02892851088976(-0.0678482428193092,0.587522864341736,0.477050721645355) (-0.01916212,0.5898253,0.4894351) (312.4893,316.6535,39.22477) (-0.09348294,1.040932,0.1181181) (329.3502,312.8011,358.9657)
compute 2.99599042885413(-0.0959338769316673,0.584588348865509,0.46704164147377) (-0.06784824,0.5875229,0.4770507) (313.1193,312.4195,40.55228) (-0.1060776,1.039372,0.1209406) (333.275,310.3113,359.9683)
compute 1.31074356099509(-0.108721151947975,0.584270656108856,0.464179903268814) (-0.09593388,0.5845883,0.4670416) (313.7166,310.3968,42.10058) (-0.1114318,1.035624,0.134842) (337.0549,311.9389,358.2824)
compute 1.38195892446702(-0.0981469079852104,0.576358735561371,0.460109531879425) (-0.1087212,0.5842707,0.4641799) (315.5587,311.7491,42.71828) (-0.109319,1.031563,0.1565026) (342.3076,318.7265,354.9255)
compute 2.570284778726(-0.0764205232262611,0.57188081741333,0.447126895189285) (-0.09814691,0.5763587,0.4601095) (315.9663,314.2162,42.19071) (-0.09972547,1.024456,0.171597) (347.6622,324.3248,354.2213)
compute 9.30520177794533(-0.0626669302582741,0.663534939289093,0.438817948102951) (-0.07642052,0.5718808,0.4471269) (314.7756,315.3686,43.69989) (-0.08294603,1.005032,0.1899957) (357.531,333.2437,352.6317)
compute 4.05258293034927(-0.0235406067222357,0.668862342834473,0.447933465242386) (-0.06266693,0.6635349,0.4388179) (311.0895,316.4692,46.9962) (-0.05837318,0.9915524,0.2050716) (3.053954,341.8586,352.3643)
compute 5.14414983648403(0.0243401750922203,0.685537815093994,0.456627547740936) (-0.02354061,0.6688623,0.4479335) (307.5133,322.9078,45.72796) (-0.02818166,0.9836584,0.2126338) (7.259951,350.8542,352.8079)
compute 5.24434538747829(0.0754385367035866,0.697278201580048,0.457826197147369) (0.02434018,0.6855378,0.4566275) (306.4362,331.3543,43.11755) (-0.01412649,0.9853199,0.2167565) (7.155539,354.5324,352.2453)
compute 2.72939226083836(0.101786479353905,0.704140484333038,0.455914855003357) (0.07543854,0.6972782,0.4578262) (307.9777,339.0497,38.14707) (-0.01224117,0.9861507,0.2180832) (8.199418,354.9527,351.2973)
compute 0.992727144624598(0.108730778098106,0.697544693946838,0.453302770853043) (0.1017865,0.7041405,0.4559149) (310.0704,342.5152,36.25909) (-0.01135422,0.9828054,0.2225062) (9.744446,354.1668,351.4331)
compute 1.4843948080568(0.106370970606804,0.683461427688599,0.449248671531677) (0.1087308,0.6975447,0.4533028) (311.8661,342.6406,35.24961) (-0.01184679,0.979058,0.2281371) (11.35074,352.7556,351.1389)
compute 1.6043478177961(0.101286806166172,0.668261110782623,0.448545217514038) (0.106371,0.6834614,0.4492487) (313.6117,342.6473,34.06462) (-0.009084623,0.9659449,0.2360899) (15.7226,351.0873,351.142)
compute 2.42408661304771(0.0932773351669312,0.645449221134186,0.446788609027863) (0.1012868,0.6682611,0.4485452) (317.7343,340.6426,33.01451) (-0.01288649,0.9156873,0.251339) (26.5785,349.0485,352.5776)
compute 5.91552366603831(0.0883707702159882,0.587303340435028,0.437076538801193) (0.09327734,0.6454492,0.4467886) (325.999,334.8126,36.14421) (-0.02188815,0.8502901,0.2691116) (43.20305,348.7385,353.9901)
compute 5.81522732388678(0.0878202095627785,0.530429601669312,0.424962013959885) (0.08837077,0.5873033,0.4370765) (337.7909,330.1133,39.99669) (-0.02204629,0.8132036,0.279247) (53.12731,347.4853,353.9078)
compute 4.7998620107224(0.108169890940189,0.48762372136116,0.417384773492813) (0.08782021,0.5304296,0.424962) (349.78,328.0013,43.17659) (-0.01898437,0.7931981,0.2860284) (60.78546,346.2489,351.3929)
compute 2.64975985572565(0.132793784141541,0.478261262178421,0.420236259698868) (0.1081699,0.4876237,0.4173848) (354.4764,329.4367,42.59257) (-0.0104607,0.7929332,0.3016823) (61.06005,348.3823,352.6807)
compute 1.69731547592245(0.147254884243011,0.472098290920258,0.426638007164001) (0.1327938,0.4782613,0.4202363) (358.2921,332.0676,42.69282) (-0.003990792,0.7990205,0.3038878) (61.04032,348.0968,352.5158)
compute 0.933472346893198(0.15017756819725,0.463396996259689,0.428335785865784) (0.1472549,0.4720983,0.426638) (2.053883,333.1958,40.62428) (-0.0009154826,0.7984219,0.3179872) (62.44385,346.8955,350.9045)
compute 2.02941117093487(0.141838505864143,0.445124298334122,0.425434142351151) (0.1501776,0.463397,0.4283358) (8.894641,329.8274,39.76041) (0.001684085,0.7899376,0.3269421) (64.6977,347.0191,350.9699)
compute 3.67144834782208(0.119481064379215,0.418051391839981,0.414703071117401) (0.1418385,0.4451243,0.4254341) (17.19042,320.2891,38.18957) (0.002616327,0.7800335,0.3362685) (66.15161,347.9071,351.8918)
compute 3.57136768902429(0.0932392030954361,0.394463181495667,0.40918692946434) (0.1194811,0.4180514,0.4147031) (20.77201,313.7255,37.91457) (0.003433757,0.7768906,0.3455501) (66.91446,346.2866,350.4677)
compute 2.70080616261635(0.0674424767494202,0.386500030755997,0.409930288791656) (0.0932392,0.3944632,0.4091869) (19.92835,309.4643,36.04918) (0.004393417,0.7809877,0.3398955) (65.36844,343.8683,348.5295)
compute 1.66226900498505(0.0512064434587955,0.388412952423096,0.4129379093647) (0.06744248,0.3865,0.4099303) (17.62434,309.1635,34.06085) (-0.0009584986,0.7892339,0.3444148) (61.2554,339.6692,346.9022)
compute 1.14245067429024(0.0400832742452621,0.390972465276718,0.413431227207184) (0.05120644,0.388413,0.4129379) (14.70916,309.5524,31.63571) (-0.009516988,0.8033381,0.3479108) (56.89684,335.2734,345.4675)
compute 0.806036989908077(0.0321864411234856,0.389936685562134,0.412191569805145) (0.04008327,0.3909725,0.4134312) (15.29408,307.2113,29.87146) (-0.03000915,0.81743,0.3534557) (51.93957,331.159,346.3405)
compute 1.61805651235395(0.0217419192194939,0.382987082004547,0.42241045832634) (0.03218644,0.3899367,0.4121916) (17.99935,303.4694,30.01943) (-0.06153636,0.8206179,0.345945) (49.25958,323.6783,344.547)
compute 1.94442956274017(0.00964895728975534,0.379986226558685,0.437338143587112) (0.02174192,0.3829871,0.4224105) (18.67245,301.7101,29.76641) (-0.09407912,0.8222944,0.3328034) (46.94606,313.9992,341.0964)
compute 2.06991439275424(-0.00702792359516025,0.377221494913101,0.449283540248871) (0.009648957,0.3799862,0.4373381) (19.2742,300.5016,30.1704) (-0.1389995,0.8349742,0.2815455) (43.42774,301.5752,338.0342)
compute 0.973272990100959(-0.0140083823353052,0.373385190963745,0.44369050860405) (-0.007027924,0.3772215,0.4492835) (19.55104,298.9384,32.09839) (-0.1651661,0.8402583,0.2606596) (41.22844,297.2111,339.1234)
compute 1.00197522675036(-0.0200084690004587,0.369680255651474,0.436572372913361) (-0.01400838,0.3733852,0.4436905) (19.90874,296.0605,34.07684) (-0.1912501,0.8375728,0.2401656) (40.74411,294.6505,342.5385)
compute 2.10413414379287(-0.0385531485080719,0.37927058339119,0.433953493833542) (-0.02000847,0.3696803,0.4365724) (19.5759,293.1207,36.46521) (-0.200779,0.8318703,0.223442) (41.65831,292.5828,343.3444)
compute 3.54002437575132(-0.0644708722829819,0.403329581022263,0.432336837053299) (-0.03855315,0.3792706,0.4339535) (17.49121,291.3848,37.99164) (-0.206564,0.8300149,0.2110583) (41.19996,289.1154,342.6011)
compute 3.56625137209804(-0.0891661047935486,0.429032564163208,0.431189209222794) (-0.06447087,0.4033296,0.4323368) (14.14275,289.5736,39.84652) (-0.2141145,0.8318599,0.2000017) (40.348,288.978,344.4995)
compute 4.12349690813094(-0.119134075939655,0.456441342830658,0.424047619104385) (-0.0891661,0.4290326,0.4311892) (12.51378,285.9604,40.54591) (-0.2181543,0.8413183,0.1907134) (38.60166,288.4939,348.5332)
compute 5.94393246594416(-0.17032191157341,0.486239343881607,0.419055819511414) (-0.1191341,0.4564413,0.4240476) (8.58268,279.3171,43.57646) (-0.2219084,0.8561091,0.1804285) (35.93475,286.5572,349.1549)
compute 5.92281048104379(-0.215945154428482,0.523911118507385,0.416349232196808) (-0.1703219,0.4862393,0.4190558) (1.871508,276.7193,43.30866) (-0.2183688,0.8780686,0.174364) (32.79051,282.8793,350.1229)
compute 3.97308462651062(-0.248299971222878,0.544723927974701,0.406422853469849) (-0.2159452,0.5239111,0.4163492) (356.2104,274.731,38.29874) (-0.1939063,0.8947515,0.183987) (28.51321,282.6992,350.5187)
compute 2.16994000220936(-0.258625984191895,0.545575976371765,0.387356877326965) (-0.2483,0.5447239,0.4064229) (355.14,270.8782,36.28526) (-0.1616716,0.9021733,0.1953847) (26.03824,283.0945,349.8768)
compute 1.66213803627837(-0.253378421068192,0.547336757183075,0.371684193611145) (-0.258626,0.545576,0.3873569) (355.0847,266.3949,38.38063) (-0.153757,0.9078617,0.201915) (22.16055,286.0908,352.933)
compute 0.677952351693518(-0.255954504013062,0.550130546092987,0.366069883108139) (-0.2533784,0.5473368,0.3716842) (355.3383,265.9736,37.11694) (-0.1638599,0.8948672,0.2046474) (22.802,290.3486,355.3009)
compute 4.17851603117414(-0.29070109128952,0.55897581577301,0.344612121582031) (-0.2559545,0.5501305,0.3660699) (354.4888,266.2417,36.30544) (-0.1884286,0.8843043,0.2038304) (24.64671,290.4314,355.7409)
compute 7.02249547697011(-0.351282685995102,0.551926791667938,0.309802263975143) (-0.2907011,0.5589758,0.3446121) (356.1609,262.7841,35.69192) (-0.2219953,0.8718115,0.1963468) (26.97068,289.3732,356.7441)
compute 8.59109461671442(-0.41991975903511,0.521421849727631,0.268099844455719) (-0.3512827,0.5519268,0.3098023) (0.200002,257.61,34.76681) (-0.2470115,0.8632045,0.1820557) (29.73889,288.9137,1.130926)
compute 8.2238827533522(-0.477942764759064,0.481096416711807,0.22602353990078) (-0.4199198,0.5214218,0.2680998) (5.450412,252.4676,34.21352) (-0.2775928,0.8601497,0.1574736) (31.04003,285.882,4.540375)
compute 7.06585629079926(-0.522639930248261,0.439187437295914,0.190832152962685) (-0.4779428,0.4810964,0.2260235) (11.46295,248.1749,37.97596) (-0.2921549,0.8552756,0.1367963) (31.90546,281.328,2.670312)
compute 4.68837355347923(-0.551844596862793,0.413114428520203,0.165037378668785) (-0.5226399,0.4391874,0.1908322) (14.02587,245.6134,39.56934) (-0.3183639,0.8471382,0.1119721) (34.46709,275.8661,1.159606)
compute 4.11185587499101(-0.581170082092285,0.393031567335129,0.144362986087799) (-0.5518446,0.4131144,0.1650374) (17.39343,243.7219,39.56686) (-0.3375418,0.8385777,0.09674307) (35.42229,274.4937,1.058376)
compute 3.7154781091553(-0.613872587680817,0.382172793149948,0.130466550588608) (-0.5811701,0.3930316,0.144363) (18.04289,243.3366,40.82367) (-0.3526045,0.8282564,0.08899605) (37.44827,272.9706,1.10782)
compute 2.87030269733972(-0.637267470359802,0.371793568134308,0.117473669350147) (-0.6138726,0.3821728,0.1304666) (18.31664,243.4887,40.97863) (-0.3691073,0.8158825,0.08365706) (38.89487,271.5668,0.8071291)
compute 2.16319185362739(-0.652718365192413,0.360711216926575,0.107159055769444) (-0.6372675,0.3717936,0.1174737) (19.27068,241.9008,40.98816) (-0.3909376,0.8027302,0.07524822) (40.16497,271.2665,1.332927)
compute 2.90779612984588(-0.672908186912537,0.344316720962524,0.0941544622182846) (-0.6527184,0.3607112,0.1071591) (19.62611,240.2523,42.46362) (-0.4131415,0.7897312,0.06496146) (41.13545,270.7621,2.245059)
compute 3.70108048993831(-0.697915613651276,0.326115936040878,0.0738281309604645) (-0.6729082,0.3443167,0.09415446) (20.32397,237.6857,45.30192) (-0.4325356,0.7783731,0.0565103) (41.83241,269.4271,2.685524)
compute 4.24849101434952(-0.728077292442322,0.309758871793747,0.0487744435667992) (-0.6979156,0.3261159,0.07382813) (19.49341,234.0411,47.04275) (-0.45491,0.7659577,0.04511377) (41.5379,267.8198,2.665198)
compute 5.43852068320274(-0.761812269687653,0.278174012899399,0.0201021768152714) (-0.7280773,0.3097589,0.04877444) (20.58636,232.0359,48.13317) (-0.4773282,0.7557727,0.03032151) (41.7065,265.0759,1.814671)
compute 5.05154896838713(-0.788821816444397,0.247039139270782,-0.00910259690135717) (-0.7618123,0.278174,0.02010218) (21.99481,229.6841,49.52085) (-0.4986528,0.7429367,0.01815717) (41.68169,262.6923,0.2947252)
compute 5.07061675386972(-0.814074635505676,0.208838701248169,-0.0308772884309292) (-0.7888218,0.2470391,-0.009102597) (24.62931,226.7878,52.01325) (-0.5145167,0.7242519,0.008766213) (42.2837,260.2862,359.9259)
compute 5.67550973784569(-0.834707319736481,0.155973330140114,-0.0317055620253086) (-0.8140746,0.2088387,-0.03087729) (31.02985,228.8326,48.7974) (-0.5226482,0.7075805,0.001449284) (43.62893,254.3621,356.3034)
compute 2.21472252787352(-0.836180567741394,0.138525694608688,-0.0181442517787218) (-0.8347073,0.1559733,-0.03170556) (33.70932,232.6207,49.03072) (-0.522625,0.7043545,0.004144662) (45.58816,250.7133,353.4657)
compute 3.07368426900703(-0.824700355529785,0.159168064594269,0.0015242719091475) (-0.8361806,0.1385257,-0.01814425) (30.09685,233.803,47.11232) (-0.5198954,0.7210128,0.03221101) (44.85766,253.0772,353.1684)
compute 7.61173940777615(-0.792546927928925,0.2259461581707,0.0188650079071522) (-0.8247004,0.1591681,0.001524272) (19.09016,236.4584,39.65452) (-0.5173528,0.7444971,0.05659918) (42.6783,257.3022,354.6375)
compute 14.0399896306851(-0.709074974060059,0.331831157207489,0.0580176711082459) (-0.7925469,0.2259462,0.01886501) (1.211692,237.9619,32.83108) (-0.5071492,0.772219,0.07498662) (40.74718,261.4865,355.7969)
compute 14.7077691790312(-0.609473824501038,0.421564668416977,0.118510283529758) (-0.709075,0.3318312,0.05801767) (345.6573,239.6212,29.32499) (-0.4867593,0.7996129,0.1047017) (35.96439,268.2785,358.5124)
compute 12.2796771462033(-0.52164101600647,0.45685863494873,0.196732923388481) (-0.6094738,0.4215647,0.1185103) (344.7901,247.4447,30.48672) (-0.4603316,0.8295667,0.1428294) (30.52656,281.174,3.368505)
compute 8.77940084151361(-0.471110582351685,0.474894732236862,0.266225099563599) (-0.521641,0.4568586,0.1967329) (346.2888,256.9359,31.30274) (-0.4197873,0.8575864,0.1797896) (24.94915,293.8923,6.349896)
compute 5.74219486703776(-0.439556270837784,0.490801364183426,0.311486393213272) (-0.4711106,0.4748947,0.2662251) (344.9727,261.0788,35.82489) (-0.3770671,0.8742555,0.2030067) (20.25784,301.8924,6.561721)
compute 4.93506503617995(-0.41044020652771,0.516266644001007,0.342133760452271) (-0.4395563,0.4908014,0.3114864) (341.0475,266.65,38.3179) (-0.3411076,0.8909591,0.2169874) (16.60231,308.0348,5.904545)
compute 4.36988442498297(-0.374299049377441,0.536910951137543,0.355446100234985) (-0.4104402,0.5162666,0.3421338) (338.1457,273.6688,37.75885) (-0.3121269,0.9023411,0.2273366) (15.09473,312.8205,4.985481)
compute 4.26932322316569(-0.332710593938828,0.537929534912109,0.365041673183441) (-0.374299,0.536911,0.3554461) (339.1953,282.6157,32.36193) (-0.2887932,0.9060163,0.2293095) (15.92305,315.6006,3.336624)
compute 4.82876831018134(-0.284940481185913,0.538834512233734,0.3720343708992) (-0.3327106,0.5379295,0.3650417) (341.5269,289.0246,33.32039) (-0.2650068,0.9013613,0.2328322) (18.28994,319.9627,1.08249)
compute 5.00666114083363(-0.237703427672386,0.551675617694855,0.382543057203293) (-0.2849405,0.5388345,0.3720344) (340.6945,294.3064,35.75313) (-0.2324631,0.8977664,0.2328956) (17.86948,324.985,0.8139908)
compute 6.03379049209661(-0.179674699902534,0.558339536190033,0.397673219442368) (-0.2377034,0.5516756,0.3825431) (339.2313,301.7753,37.13415) (-0.1932735,0.9124966,0.2283681) (13.70681,329.256,1.783799)
compute 5.7945667981506(-0.122989408671856,0.55650806427002,0.409552782773972) (-0.1796747,0.5583395,0.3976732) (341.1078,309.8119,35.23053) (-0.1594072,0.9287868,0.2235317) (11.80605,331.7274,2.918762)
compute 3.27369909007355(-0.0910881757736206,0.557904601097107,0.416768848896027) (-0.1229894,0.5565081,0.4095528) (341.1784,312.2911,32.85888) (-0.127664,0.9418812,0.2220308) (9.768581,332.7465,2.242573)
compute 2.61048913985084(-0.0753348395228386,0.575826525688171,0.427356690168381) (-0.09108818,0.5579046,0.4167688) (336.542,313.0534,34.40233) (-0.1014849,0.9443172,0.2244131) (10.29774,333.8933,0.837172)
compute 2.12450340878432(-0.0621068999171257,0.58929181098938,0.437106519937515) (-0.07533484,0.5758265,0.4273567) (332.3014,317.2078,31.60245) (-0.08422334,0.9466214,0.2292158) (10.12577,334.6219,359.8995)
compute 0.751248976155579(-0.0559909008443356,0.593210339546204,0.439024120569229) (-0.0621069,0.5892918,0.4371065) (330.7897,317.5002,31.8711) (-0.07435428,0.949639,0.225616) (9.073697,336.5913,359.2081)
compute 1.41550548124159(-0.0420986451208591,0.593971014022827,0.441630303859711) (-0.0559909,0.5932103,0.4390241) (329.8178,318.7057,33.11693) (-0.0532915,0.9641815,0.2194238) (3.179753,344.0378,359.4861)
compute 2.04654071906358(-0.0221145115792751,0.597748041152954,0.443910956382751) (-0.04209865,0.593971,0.4416303) (329.0568,322.3474,33.12564) (-0.03389468,0.9792255,0.215369) (355.81,351.6865,359.2675)
compute 2.32593410004595(-0.000171787687577307,0.605236649513245,0.44576421380043) (-0.02211451,0.597748,0.443911) (328.3857,326.771,33.17696) (-0.02963917,0.9856696,0.2027863) (352.6577,353.603,0.06365664)
compute 2.00808371342162(0.0196238532662392,0.607172191143036,0.448525786399841) (-0.0001717877,0.6052366,0.4457642) (327.5685,331.7468,32.02136) (-0.0275892,0.9829475,0.1958872) (353.6894,354.1823,358.9602)
compute 1.16982502496966(0.0309632923454046,0.605457723140717,0.450833767652512) (0.01962385,0.6071722,0.4485258) (326.9624,334.6654,30.71136) (-0.02645389,0.9813491,0.1951105) (352.9005,354.6017,357.5934)
compute 1.08578268172211(0.0331572405993938,0.597048044204712,0.457341939210892) (0.03096329,0.6054577,0.4508338) (327.8287,336.4763,29.68448) (-0.02347284,0.9810978,0.1970388) (352.5168,355.2982,356.4745)
compute 0.613157459469048(0.032747995108366,0.596015691757202,0.463372111320496) (0.03315724,0.597048,0.4573419) (327.4944,337.1385,28.89133) (-0.02007337,0.9795296,0.2024804) (350.6402,355.6269,355.4847)
compute 0.797952732525979(0.0307706836611032,0.603746235370636,0.463329792022705) (0.032748,0.5960157,0.4633721) (324.5991,336.1022,29.21667) (-0.01910902,0.9794955,0.2065172) (350.9675,355.5995,354.8204)
compute 0.95286085256381(0.0308624822646379,0.613105535507202,0.461543887853622) (0.03077068,0.6037462,0.4633298) (323.3004,336.0021,28.55622) (-0.0197488,0.9788809,0.2050806) (350.233,356.0729,354.6041)
compute 1.90554301651318(0.0313484221696854,0.626913249492645,0.448420614004135) (0.03086248,0.6131055,0.4615439) (321.0328,334.4818,29.28962) (-0.02054099,0.9823157,0.2034033) (350.2875,356.6298,356.3389)
compute 1.51206537583002(0.0359010510146618,0.629452526569366,0.434226959943771) (0.03134842,0.6269132,0.4484206) (319.3567,331.4658,32.22524) (-0.01967388,0.9786442,0.202152) (352.7784,355.9939,357.3721)
compute 0.896484645185393(0.0429590567946434,0.626892268657684,0.429328173398972) (0.03590105,0.6294525,0.434227) (321.9412,331.2728,34.38376) (-0.01931521,0.9726624,0.1981831) (356.1753,353.2507,357.4407)
compute 0.828869274186814(0.0496211461722851,0.622330725193024,0.43120202422142) (0.04295906,0.6268923,0.4293282) (325.8135,334.7603,29.98307) (-0.01875226,0.9659324,0.1944793) (0.04461914,350.9412,357.1917)
compute 0.405065859889244(0.0526345297694206,0.625028908252716,0.430984854698181) (0.04962115,0.6223307,0.431202) (325.114,333.4746,30.17874) (-0.006368771,0.9632334,0.193749) (2.814252,354.8365,356.2782)
compute 1.88818903523758(0.0654934346675873,0.638845920562744,0.431499183177948) (0.05263453,0.6250289,0.4309849) (321.6932,333.1534,33.08366) (0.04851544,0.9501476,0.2059359) (8.254425,17.9354,358.6781)
compute 4.33765031172897(0.0928070768713951,0.67141854763031,0.422867268323898) (0.06549343,0.6388459,0.4314992) (316.7572,333.5043,37.84635) (0.08565433,0.9406682,0.2094489) (10.8058,32.67751,0.09786233)
compute 4.30064273590203(0.133429408073425,0.676706075668335,0.409774482250214) (0.09280708,0.6714185,0.4228673) (315.8822,336.7146,42.98521) (0.09353905,0.9280218,0.2112004) (15.20073,42.35056,0.5708891)
compute 4.04262554248775(0.168918281793594,0.664475381374359,0.394766747951508) (0.1334294,0.6767061,0.4097745) (319.1622,346.2488,43.561) (0.09773651,0.9242101,0.2081153) (18.54551,49.05769,1.942988)
compute 3.78354307688498(0.196774750947952,0.642863214015961,0.381038993597031) (0.1689183,0.6644754,0.3947667) (324.8154,356.0473,41.10514) (0.09830362,0.9226432,0.2072383) (20.72727,49.68118,1.626957)
compute 2.58418502307986(0.216974779963493,0.632699251174927,0.368530839681625) (0.1967748,0.6428632,0.381039) (328.1342,358.5447,43.03571) (0.1061647,0.9207652,0.2151297) (21.41753,47.84288,0.1286727)
compute 5.40894234495112(0.264194428920746,0.606789171695709,0.373494535684586) (0.2169748,0.6326993,0.3685308) (334.9892,1.940563,44.83998) (0.1199252,0.9200864,0.2300682) (21.90233,44.44205,359.6434)
compute 10.2136706569301(0.33726242184639,0.545345664024353,0.409794270992279) (0.2641944,0.6067892,0.3734945) (345.3667,3.851878,51.1969) (0.1549481,0.9115097,0.2494938) (24.27028,43.42831,357.8436)
compute 10.5917877843172(0.411794662475586,0.48106524348259,0.44892954826355) (0.3372624,0.5453457,0.4097943) (354.8209,11.29694,50.77343) (0.1963518,0.8952845,0.2748479) (26.49525,44.88703,357.2817)
compute 8.38625616374862(0.47188013792038,0.44091460108757,0.491480588912964) (0.4117947,0.4810652,0.4489295) (357.6887,15.91298,52.20869) (0.2361985,0.8776091,0.3058097) (29.17623,45.45044,356.6273)
compute 7.30577679355899(0.515718221664429,0.404318600893021,0.537048041820526) (0.4718801,0.4409146,0.4914806) (359.4496,18.35693,51.87096) (0.2712532,0.8560687,0.3451669) (31.34943,43.31269,354.3767)
compute 6.70316665769307(0.545603334903717,0.368193835020065,0.584955513477325) (0.5157182,0.4043186,0.537048) (1.197249,19.72655,52.93453) (0.3057967,0.8306963,0.3794752) (33.29976,41.46341,351.3684)
compute 7.26830875846677(0.580999612808228,0.33002108335495,0.635678052902222) (0.5456033,0.3681938,0.5849555) (1.007286,21.76005,54.91639) (0.3268471,0.8046929,0.4074197) (35.0927,38.80585,347.7195)
compute 9.64333676558877(0.628997623920441,0.258116811513901,0.678402304649353) (0.5809996,0.3300211,0.6356781) (9.833885,28.80093,50.54741) (0.3365304,0.7886841,0.4231038) (33.50953,35.60268,344.7364)
compute 9.83814099108323(0.64892190694809,0.162306189537048,0.688514173030853) (0.6289976,0.2581168,0.6784023) (24.05267,30.82818,47.84952) (0.3453023,0.780942,0.4299029) (30.83961,33.79214,341.8655)
compute 5.56533882789055(0.609734177589417,0.136723071336746,0.658395648002625) (0.6489219,0.1623062,0.6885142) (34.428,37.95647,43.15114) (0.3441647,0.7863789,0.4258961) (33.93816,35.34681,341.981)
compute 8.32591698512385(0.550637722015381,0.180585443973541,0.619462490081787) (0.6097342,0.1367231,0.6583956) (27.29133,30.57835,29.73296) (0.3233782,0.8106714,0.4109184) (33.07482,37.31013,345.2525)
compute 13.3666711496077(0.503434658050537,0.28171706199646,0.545902609825134) (0.5506377,0.1805854,0.6194625) (7.144236,26.30588,28.5678) (0.289414,0.8434293,0.3752554) (30.01583,38.41585,346.4394)
compute 13.4798997459849(0.473090052604675,0.379121243953705,0.45779812335968) (0.5034347,0.2817171,0.5459026) (356.7911,29.14516,31.18745) (0.2496383,0.8785334,0.3408182) (26.78571,40.15498,350.2407)
compute 11.0788398967447(0.443360298871994,0.469563782215118,0.401138097047806) (0.4730901,0.3791212,0.4577981) (347.0479,30.31908,33.16713) (0.1939191,0.9131566,0.3117953) (22.78069,36.15157,353.1101)
compute 7.97915144261913(0.404838770627975,0.538619339466095,0.390455961227417) (0.4433603,0.4695638,0.4011381) (337.08,25.99232,34.40351) (0.1554303,0.9294881,0.2957511) (20.47061,30.08678,354.6416)
compute 7.06469696155668(0.353961437940598,0.585550904273987,0.404595255851746) (0.4048388,0.5386193,0.390456) (328.6009,22.00688,26.58467) (0.1129607,0.9463806,0.2776711) (16.86941,24.17334,354.9887)
compute 8.17253379775567(0.280380040407181,0.572045624256134,0.437495350837708) (0.3539614,0.5855509,0.4045953) (331.2026,11.40146,23.56408) (0.07898301,0.9494654,0.2623112) (17.48439,19.69494,356.7411)
compute 8.20983049777304(0.216899767518044,0.522873401641846,0.454597383737564) (0.28038,0.5720456,0.4374954) (341.2854,2.432406,21.73795) (0.06198472,0.9316964,0.2636787) (20.65354,13.0778,357.5227)
compute 4.64241873451232(0.176463708281517,0.500075221061707,0.455208361148834) (0.2168998,0.5228734,0.4545974) (347.1363,358.5389,18.40132) (0.04585798,0.9246886,0.2616318) (22.13651,6.145232,355.5309)
compute 2.73151190526942(0.150648355484009,0.497277855873108,0.446731448173523) (0.1764637,0.5000752,0.4552084) (346.6605,352.4651,18.53813) (0.0339327,0.9289203,0.2575685) (20.37384,0.6037641,354.7193)
compute 1.34602378868583(0.141047418117523,0.505903720855713,0.442911177873611) (0.1506484,0.4972779,0.4467314) (343.1914,345.7,22.64418) (0.01847911,0.9286659,0.2568564) (20.72158,353.1855,355.6337)
compute 2.53082721949231(0.136672228574753,0.530722260475159,0.445236355066299) (0.1410474,0.5059037,0.4429112) (340.474,342.6117,24.93015) (-0.03074996,0.9180706,0.2558134) (22.70332,332.9609,353.355)
compute 3.48918657505302(0.10741264373064,0.547091960906982,0.454898238182068) (0.1366722,0.5307223,0.4452364) (339.9566,334.6972,28.66347) (-0.08694994,0.9118364,0.2310464) (23.5606,309.7062,347.8441)
compute 6.06522710462296(0.0479017309844494,0.553970813751221,0.464376151561737) (0.1074126,0.547092,0.4548982) (340.6028,323.8407,30.19452) (-0.1226402,0.9130569,0.1921016) (23.19815,294.1917,346.3174)
compute 7.70670474155296(-0.0287154205143452,0.561123013496399,0.460134923458099) (0.04790173,0.5539708,0.4643762) (340.6101,310.0583,33.80505) (-0.1364014,0.9107739,0.1705123) (25.67374,288.9816,349.8345)
compute 7.760031648828(-0.100202731788158,0.579334616661072,0.436057716608047) (-0.02871542,0.561123,0.4601349) (339.3103,298.4853,33.62377) (-0.1405882,0.9104838,0.1697356) (25.08956,290.8701,352.5977)
compute 4.85463588514202(-0.140754535794258,0.581653833389282,0.409469723701477) (-0.1002027,0.5793346,0.4360577) (337.8979,289.9649,35.19037) (-0.1441528,0.9166445,0.1831403) (23.3211,294.7681,354.2492)
compute 2.97323843530248(-0.156586945056915,0.584621429443359,0.384478867053986) (-0.1407545,0.5816538,0.4094697) (335.7712,285.4008,35.89234) (-0.1380458,0.9179799,0.2037534) (22.76937,304.595,355.2751)
compute 0.679072651551482(-0.157826617360115,0.583532989025116,0.377891570329666) (-0.1565869,0.5846214,0.3844789) (335.6571,285.2477,35.4747) (-0.103882,0.9220116,0.2387653) (21.8124,326.8361,358.868)
compute 0.959002625353424(-0.149844691157341,0.584448933601379,0.383127838373184) (-0.1578266,0.583533,0.3778916) (337.0851,287.8721,40.26213) (-0.02067773,0.9232236,0.2662062) (21.14837,0.2006498,2.889363)
compute 3.48839207344444(-0.121444165706635,0.590247809886932,0.402535855770111) (-0.1498447,0.5844489,0.3831278) (335.7401,294.3919,43.91552) (0.0557702,0.9153196,0.2617525) (24.99713,24.21997,4.686669)
compute 5.54497185114727(-0.0732998847961426,0.612493395805359,0.418720215559006) (-0.1214442,0.5902478,0.4025359) (332.6426,304.5151,45.44645) (0.1003892,0.8848432,0.2504269) (32.66253,38.65609,4.215235)
compute 7.07949000554549(-0.00519863469526172,0.627659022808075,0.430726110935211) (-0.07329988,0.6124934,0.4187202) (330.1654,317.5031,45.29286) (0.1286852,0.8633581,0.22843) (40.09781,48.93007,3.833721)
compute 6.18794666279434(0.0565543249249458,0.624103605747223,0.432457983493805) (-0.005198635,0.627659,0.4307261) (330.4095,331.425,43.93609) (0.1530685,0.8625687,0.1971898) (41.24937,57.90791,4.287342)
compute 4.6918113368025(0.0999389663338661,0.613554835319519,0.41804251074791) (0.05655432,0.6241036,0.432458) (331.7538,344.6765,40.07087) (0.1744558,0.8644837,0.1713562) (43.37409,65.4184,3.004908)
Average= 4.89187074863505
Max= 15.9243042128915
Standard Deviation= 5.06580047024663
Right: 6    Wrong: 0
0
