88.9261426764807 (-0.156098991632462,0.581490874290466,0.654436707496643) (0,0,0) (43.72537,271.2558,30.58976) (-0.1239764,1.271244,0.3664226) (7.408705,271.9264,4.250148)
0.570966134801408 (-0.152345255017281,0.581326901912689,0.658735871315002) (-0.156099,0.5814909,0.6544367) (43.81595,271.3093,30.32876) (-0.1197648,1.296808,0.3724245) (2.947009,273.7122,4.762777)
0.951356842618945 (-0.144667819142342,0.584005773067474,0.663674354553223) (-0.1523453,0.5813269,0.6587359) (43.80955,271.128,28.63901) (-0.1090909,1.339571,0.3787875) (358.6833,274.8236,3.897446)
2.74986861078695 (-0.137212797999382,0.610250473022461,0.667111814022064) (-0.1446678,0.5840058,0.6636744) (43.27969,271.2974,27.10036) (-0.09295364,1.392794,0.3827081) (353.7116,275.1684,2.72811)
3.79442667752162 (-0.130006313323975,0.647312462329865,0.670885801315308) (-0.1372128,0.6102505,0.6671118) (42.12258,273.2134,25.97329) (-0.0680373,1.458077,0.3853894) (347.1609,274.6707,1.861117)
4.62901810562317 (-0.118424616754055,0.691962420940399,0.674762189388275) (-0.1300063,0.6473125,0.6708858) (41.52075,275.4921,25.77772) (-0.03524783,1.52016,0.3889944) (340.7411,274.8386,0.6724509)
3.8527089644768 (-0.104922242462635,0.727924704551697,0.677717983722687) (-0.1184246,0.6919624,0.6747622) (40.40769,278.3119,26.10163) (-0.003524655,1.560205,0.389991) (335.6925,274.6481,359.9073)
4.19889431474342 (-0.0827953442931175,0.7631014585495,0.683723628520966) (-0.1049222,0.7279247,0.677718) (38.23307,282.6811,26.75235) (0.03382116,1.593426,0.3964662) (328.4121,276.5189,358.5204)
3.6072838580275 (-0.0565813556313515,0.786287665367126,0.692468702793121) (-0.08279534,0.7631015,0.6837236) (36.87583,286.2032,26.61456) (0.06525734,1.613438,0.4004048) (323.3022,278.4139,356.5262)
2.99621919094035 (-0.0313782766461372,0.801525354385376,0.697977840900421) (-0.05658136,0.7862877,0.6924687) (36.91308,288.4969,26.4257) (0.09251136,1.627908,0.4016965) (317.9164,280.7099,354.5759)
2.93088874033774 (-0.00537127023562789,0.811791241168976,0.706767499446869) (-0.03137828,0.8015254,0.6979778) (36.9896,292.3459,27.05363) (0.1179985,1.637136,0.4046369) (312.2667,285.4551,352.0702)
3.60780840599741 (0.028924373909831,0.817442715167999,0.716436922550201) (-0.00537127,0.8117912,0.7067675) (37.2715,296.3763,28.4827) (0.1390619,1.639656,0.4073288) (308.3489,290.5846,349.3869)
3.20140262736127 (0.0600777976214886,0.818447291851044,0.723741233348846) (0.02892437,0.8174427,0.7164369) (38.1795,301.5379,30.45366) (0.1502388,1.639728,0.4080861) (307.5242,292.9754,348.2479)
2.35175535312145 (0.0828632935881615,0.819708704948425,0.729425013065338) (0.0600778,0.8184473,0.7237412) (38.63565,306.0611,31.66853) (0.159762,1.640042,0.4126419) (306.6774,295.528,346.2278)
2.27339222124202 (0.105245687067509,0.820909202098846,0.733222186565399) (0.08286329,0.8197087,0.729425) (37.28616,307.6241,30.98437) (0.176482,1.639994,0.4166554) (304.774,298.171,342.728)
1.41064954812328 (0.119234211742878,0.821863234043121,0.734772741794586) (0.1052457,0.8209092,0.7332222) (36.2557,306.0689,29.32752) (0.1966972,1.641684,0.4196053) (302.7004,297.6755,341.171)
0.821226877500914 (0.125860214233398,0.824505746364594,0.738841474056244) (0.1192342,0.8218632,0.7347727) (35.67894,304.4232,27.47818) (0.2167651,1.644386,0.4289605) (300.8905,295.4371,341.4463)
1.58869732481385 (0.135065451264381,0.825312554836273,0.75176465511322) (0.1258602,0.8245057,0.7388415) (35.3376,299.5151,24.04126) (0.2386608,1.642059,0.4517805) (299.9975,295.0221,340.7285)
2.36357235322172 (0.147990062832832,0.826455473899841,0.771520555019379) (0.1350655,0.8253126,0.7517647) (34.96679,290.4908,20.48874) (0.2614705,1.644521,0.4832601) (300.0157,291.6498,342.1429)
9.17633773200237 (0.0567587912082672,0.827148377895355,0.761677145957947) (0.1479901,0.8264555,0.7715206) (34.35439,283.1014,18.52477) (0.2843142,1.646842,0.52079) (299.5954,289.3262,342.354)
2.77663495350315 (0.0672962591052055,0.827941119670868,0.787354052066803) (0.05675879,0.8271484,0.7616771) (33.51991,280.5479,17.89183) (0.3024178,1.6449,0.5573093) (299.5778,288.3832,342.164)
3.3991466911668 (0.0809928476810455,0.828225672245026,0.818462610244751) (0.06729626,0.8279411,0.7873541) (32.91962,280.3078,17.60008) (0.3201478,1.642868,0.5901285) (299.738,290.1897,340.2065)
14.8393308484058 (0.208298459649086,0.827695190906525,0.894709408283234) (0.08099285,0.8282257,0.8184626) (33.33215,278.1961,16.48837) (0.3289702,1.646926,0.6182693) (301.7378,292.3213,337.7759)
2.64452166485285 (0.225067004561424,0.82897812128067,0.915118217468262) (0.2082985,0.8276952,0.8947094) (32.78849,275.4849,15.67397) (0.3340688,1.648125,0.636201) (303.2612,292.0364,338.4428)
2.10112878164947 (0.236122325062752,0.830799758434296,0.932892799377441) (0.225067,0.8289781,0.9151182) (30.78329,276.4749,14.16504) (0.3323976,1.647247,0.6488523) (308.0507,291.1893,340.4071)
0.93712251019527 (0.241171255707741,0.831645429134369,0.940742194652557) (0.2361223,0.8307998,0.9328928) (30.497,275.9483,13.75729) (0.3131635,1.639805,0.6583749) (318.108,290.0665,344.4927)
0.644828386843776 (0.244654506444931,0.829069495201111,0.945518374443054) (0.2411713,0.8316454,0.9407422) (30.4862,276.6064,13.56269) (0.2883901,1.618727,0.6575485) (333.6601,287.8549,351.1815)
0.785278931841965 (0.2511126101017,0.825027406215668,0.943615555763245) (0.2446545,0.8290695,0.9455184) (31.2516,277.6949,13.9648) (0.2698264,1.598319,0.6497653) (344.2773,287.0703,355.6848)
0.950100176207239 (0.252912044525146,0.821529507637024,0.93496710062027) (0.2511126,0.8250274,0.9436156) (34.49144,279.9033,16.0483) (0.2557871,1.582699,0.631477) (351.5036,284.9467,357.3784)
2.01108789114025 (0.245086386799812,0.818522036075592,0.91668701171875) (0.252912,0.8215295,0.9349671) (38.55037,282.0259,18.47277) (0.2433514,1.575232,0.6072555) (355.7312,282.5417,358.0258)
2.65181496388045 (0.233311012387276,0.816555976867676,0.893008172512054) (0.2450864,0.818522,0.916687) (41.8002,283.0112,20.71433) (0.2333209,1.574544,0.5817757) (354.9541,281.7527,358.2402)
2.94819495084308 (0.215861409902573,0.815714836120605,0.869259715080261) (0.233311,0.816556,0.8930082) (42.51503,283.8782,21.906) (0.2268903,1.590343,0.5555904) (348.9232,281.6045,356.8807)
3.39639388919532 (0.196791842579842,0.815787076950073,0.841154634952545) (0.2158614,0.8157148,0.8692597) (41.52767,282.4406,22.17435) (0.2252965,1.614844,0.5245293) (337.4243,282.6705,355.7642)
3.65724935027751 (0.174712866544724,0.818398296833038,0.812115907669067) (0.1967918,0.8157871,0.8411546) (37.01398,281.5511,20.80054) (0.2331746,1.640396,0.491111) (323.8021,284.6516,355.2497)
2.37059820965058 (0.162568330764771,0.825391232967377,0.792995691299438) (0.1747129,0.8183983,0.8121159) (31.0788,282.6404,19.15175) (0.2463498,1.649226,0.4673733) (315.569,289.7408,355.4954)
2.74404987749319 (0.185310512781143,0.832780838012695,0.779535830020905) (0.1625683,0.8253912,0.7929957) (25.47124,285.4446,18.22232) (0.2578231,1.654873,0.4508616) (310.7704,300.4225,354.3239)
5.82940295098831 (0.242366537451744,0.838653147220612,0.769128143787384) (0.1853105,0.8327808,0.7795358) (21.04441,289.1472,17.60873) (0.2725334,1.655888,0.4452789) (307.9405,314.5874,351.2848)
8.02009605369454 (0.321339428424835,0.840593218803406,0.75528210401535) (0.2423665,0.8386531,0.7691281) (20.51573,293.2037,19.15712) (0.2944532,1.655984,0.4487296) (305.7751,328.7604,349.16)
7.89352735442182 (0.398964732885361,0.840458631515503,0.740961790084839) (0.3213394,0.8405932,0.7552821) (22.74696,302.5347,22.68528) (0.3229753,1.658005,0.4551237) (303.5704,340.0389,347.1766)
7.37259580865886 (0.47102016210556,0.840229749679565,0.725357949733734) (0.3989647,0.8404586,0.7409618) (25.968,315.5783,27.86138) (0.3493675,1.658385,0.4640977) (301.2181,347.5037,344.58)
4.63778706310531 (0.517360985279083,0.83938866853714,0.723706364631653) (0.4710202,0.8402297,0.7253579) (26.99445,326.0316,33.67082) (0.3684115,1.660558,0.4758716) (298.1538,352.0628,343.6908)
8.10047552553374 (0.475354969501495,0.842589437961578,0.792894661426544) (0.517361,0.8393887,0.7237064) (21.61722,332.5752,35.14885) (0.3779523,1.657279,0.4882519) (297.356,353.2965,344.6151)
2.21326049520083 (0.49609786272049,0.846224665641785,0.799704194068909) (0.475355,0.8425894,0.7928947) (13.47101,333.157,37.25124) (0.3790126,1.654705,0.4920111) (296.7267,355.7914,344.1214)
1.3255127600114 (0.507398903369904,0.852986693382263,0.798200905323029) (0.4960979,0.8462247,0.7997042) (358.1592,335.2166,37.89995) (0.3720802,1.659989,0.4832008) (294.5423,357.9661,344.0361)
1.62840948006708 (0.512399077415466,0.863817632198334,0.787116646766663) (0.5073989,0.8529867,0.7982009) (337.884,334.3463,37.68867) (0.3544593,1.660469,0.4682069) (293.2323,358.4532,344.8988)
2.90756771786389 (0.505022943019867,0.873415589332581,0.760680556297302) (0.5123991,0.8638176,0.7871166) (317.7804,329.6111,43.44386) (0.3320031,1.661649,0.4487772) (293.2151,1.840761,343.009)
3.2967641756172 (0.493397951126099,0.879513502120972,0.730439186096191) (0.5050229,0.8734156,0.7606806) (299.3675,322.815,51.11732) (0.3110668,1.663559,0.4295455) (293.2827,4.514623,342.6638)
3.91396499864838 (0.481872469186783,0.880779683589935,0.693056404590607) (0.493398,0.8795135,0.7304392) (286.7747,282.828,88.44634) (0.2957699,1.661792,0.4090081) (293.5594,6.854599,341.3494)
3.158620335373 (0.472149312496185,0.878684282302856,0.663077116012573) (0.4818725,0.8807797,0.6930564) (288.269,235.9842,134.5279) (0.2862005,1.660848,0.3895869) (293.7859,7.807344,341.445)
2.76298905936908 (0.466340214014053,0.875996828079224,0.636198818683624) (0.4721493,0.8786843,0.6630771) (294.4112,218.2533,145.7157) (0.2792769,1.659358,0.3730417) (293.6879,9.069753,341.1385)
1.99394956556934 (0.462668985128403,0.873153746128082,0.616807520389557) (0.4663402,0.8759968,0.6361988) (300.525,220.6531,141.8705) (0.2779114,1.65921,0.3632955) (294.5993,9.352517,341.4651)
91.2649532487865 (0.385151535272598,1.77652561664581,0.720920443534851) (0.462669,0.8731537,0.6168075) (301.0403,212.0511,150.2101) (0.2764576,1.659095,0.35768) (295.7896,9.452505,341.9715)
8.5679543650803 (0.330130845308304,1.84143269062042,0.710881531238556) (0.3851515,1.776526,0.7209204) (300.3451,206.1085,155.2356) (0.2728294,1.658966,0.3576584) (297.1793,8.344403,343.2218)
6.26869748285472 (0.287107557058334,1.88694036006927,0.713657438755035) (0.3301308,1.841433,0.7108815) (299.2028,202.4819,161.2332) (0.2710544,1.658558,0.3592316) (298.219,7.685547,343.7)
3.97290251667567 (0.251977533102036,1.90454542636871,0.719517350196838) (0.2871076,1.88694,0.7136574) (300.9831,201.7909,163.5626) (0.2681888,1.658189,0.3617235) (299.0973,6.937195,344.1673)
4.69469861719175 (0.208159655332565,1.9059032201767,0.736315250396729) (0.2519775,1.904545,0.7195174) (302.6581,230.2137,136.4416) (0.264842,1.657978,0.3644074) (300.0106,6.550379,344.1031)
2.2312566701855 (0.208636820316315,1.90304160118103,0.714192092418671) (0.2081597,1.905903,0.7363153) (307.0802,210.5762,158.722) (0.2595809,1.657895,0.3665662) (300.9129,5.506201,345.7208)
4.96371707726516 (0.168923154473305,1.87484240531921,0.723756551742554) (0.2086368,1.903042,0.7141921) (324.5045,236.655,158.9549) (0.2556676,1.657254,0.3705376) (302.2188,4.704865,346.535)
1.29994632949964 (0.167813196778297,1.86509561538696,0.715226948261261) (0.1689232,1.874842,0.7237566) (331.487,232.8051,175.9067) (0.2518548,1.656179,0.3738932) (303.308,4.564127,347.0007)
2.56415252213038 (0.181700766086578,1.86355996131897,0.693726599216461) (0.1678132,1.865096,0.7152269) (334.2126,224.2506,184.2202) (0.2499825,1.654719,0.3806117) (305.5893,5.370503,347.1087)
2.35462419285085 (0.187646672129631,1.85189032554626,0.674158990383148) (0.1817008,1.86356,0.6937266) (342.1545,223.9967,192.7672) (0.2491552,1.653636,0.3868966) (307.2845,7.202446,345.8361)
0.411903644871918 (0.185500398278236,1.85309767723084,0.670857131481171) (0.1876467,1.85189,0.674159) (345.0569,230.6357,196.3586) (0.2487241,1.652456,0.3897084) (306.9303,9.396091,344.7362)
4.03613713238011 (0.197219878435135,1.8915159702301,0.674823105335236) (0.1855004,1.853098,0.6708571) (333.6686,228.2032,184.9184) (0.2477544,1.652814,0.389588) (305.8279,10.71794,344.0427)
9.31759321010195 (0.269445359706879,1.95035469532013,0.676622688770294) (0.1972199,1.891516,0.6748231) (297.954,174.3876,182.2307) (0.2416477,1.653891,0.382318) (303.9102,9.209519,345.0596)
7.40419517187205 (0.215460762381554,1.92674458026886,0.631784796714783) (0.2694454,1.950355,0.6766227) (323.9567,208.1638,183.1439) (0.2347096,1.65462,0.3767751) (301.6483,6.788352,345.0833)
10.0421617030914 (0.131942227482796,1.89259696006775,0.675865352153778) (0.2154608,1.926745,0.6317848) (341.3983,244.0055,170.985) (0.2261363,1.656691,0.3685914) (298.8222,0.8326837,347.8274)
3.85028408395139 (0.116365686058998,1.90594291687012,0.708449482917786) (0.1319422,1.892597,0.6758654) (329.2316,257.9267,114.5799) (0.2179506,1.658437,0.3607408) (296.7782,354.8849,350.6323)
7.61230527143065 (0.14355893433094,1.93529570102692,0.643691003322601) (0.1163657,1.905943,0.7084495) (328.0825,222.6672,179.7651) (0.2099806,1.659365,0.3549552) (294.9488,349.8082,353.9905)
1.46502456743322 (0.139201879501343,1.94391429424286,0.632674396038055) (0.1435589,1.935296,0.643691) (327.5298,210.5704,165.2569) (0.2086959,1.659207,0.3554638) (294.6624,348.6955,354.3107)
3.7959559510723 (0.101702243089676,1.94518828392029,0.638426125049591) (0.1392019,1.943914,0.6326744) (322.0849,232.5838,106.5921) (0.2067917,1.65907,0.3555946) (295.0704,349.5177,352.9934)
5.41290495368942 (0.0945648998022079,1.91901731491089,0.591584980487823) (0.1017022,1.945188,0.6384261) (347.9754,221.166,198.5447) (0.2032317,1.659109,0.3574324) (295.2044,348.401,354.0164)
3.67937368155113 (0.0783825442194939,1.94407296180725,0.613128542900085) (0.0945649,1.919017,0.591585) (320.1013,223.336,125.559) (0.2008127,1.659242,0.3588848) (295.1088,346.9555,355.0582)
3.55418710615735 (0.0687892585992813,1.91933715343475,0.589478313922882) (0.07838254,1.944073,0.6131285) (344.3401,217.0352,130.7307) (0.1981469,1.65883,0.3590757) (295.035,347.4077,354.5521)
2.31777097267892 (0.0705391466617584,1.89771819114685,0.581307351589203) (0.06878926,1.919337,0.5894783) (353.3966,218.1211,190.5403) (0.1946042,1.658552,0.357082) (295.4926,347.2119,354.3065)
5.44928779265786 (0.0606465078890324,1.93539690971375,0.619411468505859) (0.07053915,1.897718,0.5813074) (321.0628,230.6069,107.7454) (0.194219,1.658762,0.3579361) (295.7346,346.517,355.0448)
2.26519289927758 (0.0649986788630486,1.91793048381805,0.605660378932953) (0.06064651,1.935397,0.6194115) (346.092,225.1965,187.0543) (0.1942454,1.658391,0.3589177) (295.901,347.9496,354.1179)
2.29371027853704 (0.0798506215214729,1.93525469303131,0.603336095809937) (0.06499868,1.91793,0.6056604) (330.2267,216.1544,160.1203) (0.1946936,1.658608,0.360022) (296.475,347.4136,354.4616)
2.05319485154541 (0.0690442845225334,1.93211853504181,0.620510160923004) (0.07985062,1.935255,0.6033361) (326.1737,222.0187,137.6244) (0.1949491,1.65827,0.3614703) (295.9783,347.1582,354.8168)
2.09867590769855 (0.0642023384571075,1.91180658340454,0.622613549232483) (0.06904428,1.932119,0.6205102) (342.5615,220.9512,170.4691) (0.1943315,1.657905,0.3618465) (296.7146,347.6454,354.4108)
1.86011614255566 (0.057251688092947,1.90820109844208,0.639486372470856) (0.06420234,1.911807,0.6226135) (338.6122,223.6383,172.5127) (0.1941715,1.657938,0.363416) (297.2729,347.8579,354.2237)
2.72578841376888 (0.0494228564202785,1.90823364257813,0.665595769882202) (0.05725169,1.908201,0.6394864) (332.4751,230.829,162.8247) (0.1948093,1.657747,0.3668633) (297.7626,348.0797,354.1132)
2.46673388700627 (0.044939786195755,1.908607006073,0.689849436283112) (0.04942286,1.908234,0.6655958) (331.7188,232.8126,154.857) (0.195619,1.657481,0.3692149) (297.7312,347.6792,354.0055)
2.7923782640568 (0.0542018823325634,1.8855516910553,0.677105665206909) (0.04493979,1.908607,0.6898494) (344.0089,225.6346,176.9457) (0.1961401,1.657093,0.3710396) (296.9849,346.547,354.2922)
3.9547491230546 (0.0770691260695457,1.85928499698639,0.658366560935974) (0.05420188,1.885552,0.6771057) (351.8162,218.6752,185.5158) (0.1988091,1.65706,0.3687096) (296.8983,347.782,353.45)
3.83696437278499 (0.104806713759899,1.83279252052307,0.659368813037872) (0.07706913,1.859285,0.6583666) (355.9184,219.9927,189.5903) (0.2132905,1.657258,0.3675821) (297.7952,2.746934,344.4843)
5.95227613509681 (0.160512894392014,1.81230568885803,0.66384881734848) (0.1048067,1.832793,0.6593688) (357.0386,222.2995,194.1012) (0.2390689,1.654593,0.3739906) (302.9427,21.46171,332.0304)
9.45167711403455 (0.254581898450851,1.81036245822906,0.654867351055145) (0.1605129,1.812306,0.6638488) (351.8333,216.5962,198.3924) (0.2624165,1.647373,0.3811027) (308.7871,32.36467,327.347)
10.8558191778242 (0.361726820468903,1.81560754776001,0.638213932514191) (0.2545819,1.810362,0.6548674) (345.7703,208.2655,206.6113) (0.2782045,1.640768,0.382818) (312.4324,39.218,325.2628)
9.85911427136171 (0.458051651716232,1.82919251918793,0.622176826000214) (0.3617268,1.815608,0.6382139) (339.1368,201.0942,213.3204) (0.2875953,1.637392,0.382381) (314.2533,42.74254,324.7618)
8.82577658678827 (0.543464362621307,1.83895671367645,0.602207779884338) (0.4580517,1.829193,0.6221768) (333.1956,194.6155,222.9985) (0.2934375,1.635016,0.3805678) (315.7369,45.86988,324.8115)
9.41702083755326 (0.63066029548645,1.8255056142807,0.56928414106369) (0.5434644,1.838957,0.6022078) (335.7339,178.8537,236.1308) (0.2980072,1.632415,0.3772252) (317.1123,48.86692,324.1165)
10.174817146088 (0.729238748550415,1.80096769332886,0.56355094909668) (0.6306603,1.825506,0.5692841) (344.3208,152.9735,247.8768) (0.3007976,1.631626,0.375577) (317.5435,50.21286,323.3097)
5.19425645261373 (0.779081523418427,1.79357326030731,0.576162457466125) (0.7292387,1.800968,0.5635509) (349.8968,137.7348,250.5498) (0.303288,1.631101,0.3739982) (317.3796,51.19192,323.227)
4.06612395889451 (0.758937358856201,1.8266921043396,0.588438093662262) (0.7790815,1.793573,0.5761625) (340.0531,137.3333,244.5343) (0.3062768,1.63055,0.3723516) (317.371,51.68375,323.6669)
11.398232735435 (0.667326867580414,1.88252174854279,0.626941859722137) (0.7589374,1.826692,0.5884381) (314.9792,144.2363,225.4335) (0.3089566,1.630099,0.3716537) (316.9829,52.21712,323.4268)
13.4145663194564 (0.54346114397049,1.90334939956665,0.674043357372284) (0.6673269,1.882522,0.6269419) (290.6551,192.841,163.0476) (0.310116,1.629358,0.3711887) (315.7357,52.05701,323.5027)
11.4239290082561 (0.435316205024719,1.87062919139862,0.690915703773499) (0.5434611,1.903349,0.6740434) (318.8784,243.5934,125.192) (0.310692,1.631675,0.3701759) (314.3651,50.99347,323.5662)
6.01740451146492 (0.389351665973663,1.83846545219421,0.71267968416214) (0.4353162,1.870629,0.6909157) (338.4551,260.9043,132.2451) (0.3097175,1.632413,0.3712552) (313.8336,49.5226,323.6837)
1.80616587332099 (0.401846528053284,1.8506646156311,0.717292964458466) (0.3893517,1.838465,0.7126797) (336.4361,261.5362,137.9405) (0.3071474,1.633071,0.3732148) (313.8709,48.1594,324.1451)
7.81062866972081 (0.46372002363205,1.89002084732056,0.690397799015045) (0.4018465,1.850665,0.717293) (320.3183,242.6934,149.9617) (0.3029734,1.633667,0.3753551) (313.6853,47.09868,324.7745)
10.88791986642 (0.564732551574707,1.90427494049072,0.652345597743988) (0.46372,1.890021,0.6903978) (309.6643,197.9385,186.1225) (0.3023005,1.633803,0.3755705) (313.8199,46.9563,324.6926)
11.4894943186913 (0.670183539390564,1.87050271034241,0.621680080890656) (0.5647326,1.904275,0.6523456) (323.9175,155.7972,223.9742) (0.3002572,1.634112,0.3761331) (314.3703,47.3376,324.5578)
9.9116229824145 (0.745593369007111,1.80708694458008,0.610917866230011) (0.6701835,1.870503,0.6216801) (347.4731,138.8079,239.7131) (0.3006181,1.634,0.3776517) (314.9055,47.59822,324.775)
3.95468524459526 (0.774468183517456,1.78008437156677,0.609888434410095) (0.7455934,1.807087,0.6109179) (357.0796,134.4729,244.6957) (0.3017794,1.633459,0.3781741) (313.7809,47.33777,324.8388)
0.901719865885039 (0.769544899463654,1.78360867500305,0.603206336498261) (0.7744682,1.780084,0.6098884) (356.723,135.9604,243.5997) (0.2965439,1.639471,0.3738258) (309.6447,45.03694,325.2925)
3.73643514128582 (0.744356453418732,1.80781781673431,0.589956641197205) (0.7695449,1.783609,0.6032063) (352.7968,140.0989,238.3174) (0.2814797,1.647386,0.3735608) (304.4546,36.82185,328.8933)
5.83864888827142 (0.697803676128387,1.83892726898193,0.573403000831604) (0.7443565,1.807818,0.5899566) (347.8022,146.674,231.1083) (0.2638264,1.654321,0.3716158) (299.308,25.01536,335.3941)
7.09148726781257 (0.637165546417236,1.87131917476654,0.556004703044891) (0.6978037,1.838927,0.573403) (342.9194,158.3839,220.318) (0.2528746,1.656958,0.3656649) (296.503,16.77357,340.9372)
7.46218521223763 (0.567087113857269,1.88913953304291,0.537569165229797) (0.6371655,1.871319,0.5560047) (341.3468,173.1673,205.7722) (0.2486426,1.657115,0.35791) (293.8998,17.59902,341.2333)
6.28134783992356 (0.505340933799744,1.89446496963501,0.527342617511749) (0.5670871,1.88914,0.5375692) (343.8194,185.8726,196.9284) (0.2496457,1.657592,0.3510387) (292.4534,16.5187,341.5539)
5.43321504817215 (0.451780200004578,1.90196287631989,0.522145330905914) (0.5053409,1.894465,0.5273426) (345.1815,192.9162,192.164) (0.2488425,1.658124,0.3457907) (291.3491,14.5761,343.1255)
5.31799198151994 (0.400433570146561,1.91569137573242,0.520368874073029) (0.4517802,1.901963,0.5221453) (344.1703,201.7706,185.8313) (0.2483175,1.658285,0.340881) (290.6925,13.38414,344.0963)
5.05688624502793 (0.351362586021423,1.92782270908356,0.521810829639435) (0.4004336,1.915691,0.5203689) (346.3013,213.4143,183.0041) (0.2473716,1.658174,0.3372118) (290.1589,11.69712,345.4666)
4.1143704955457 (0.312607824802399,1.94126105308533,0.52501767873764) (0.3513626,1.927823,0.5218108) (348.8723,219.3463,183.0787) (0.2467468,1.658035,0.3345533) (289.8273,10.14586,346.7616)
4.70515040373104 (0.270545452833176,1.9566855430603,0.53939425945282) (0.3126078,1.941261,0.5250177) (350.4063,225.957,181.8456) (0.2454248,1.657783,0.3313635) (289.6175,9.587464,347.1193)
4.98196137311851 (0.2292660176754,1.97243201732636,0.562417089939117) (0.2705455,1.956686,0.5393943) (347.2207,236.5464,176.2558) (0.2439667,1.657489,0.3275777) (289.4941,9.017004,347.2338)
5.04676892005264 (0.199077054858208,1.99669885635376,0.59477037191391) (0.229266,1.972432,0.5624171) (340.0036,249.085,170.1385) (0.2428104,1.657007,0.3245209) (289.5947,7.587333,348.4089)
3.16860626662847 (0.186769872903824,2.01443004608154,0.617968320846558) (0.1990771,1.996699,0.5947704) (335.4602,256.5143,167.4129) (0.2396524,1.656279,0.3215117) (289.5972,6.315275,349.1148)
1.45937936359489 (0.189476832747459,2.02753520011902,0.623791217803955) (0.1867699,2.01443,0.6179683) (328.7343,256.8515,164.5686) (0.23764,1.655915,0.3182853) (289.632,4.735521,349.9751)
1.29159631258538 (0.196943759918213,2.03677320480347,0.628863334655762) (0.1894768,2.027535,0.6237912) (323.617,255.6331,163.1983) (0.2363307,1.655565,0.3163054) (289.7231,3.269405,350.7538)
1.49413825360952 (0.207078620791435,2.04103398323059,0.638981401920319) (0.1969438,2.036773,0.6288633) (320.3137,257.2655,160.8205) (0.235507,1.6556,0.3141267) (289.7293,2.530244,351.184)
1.17711647864023 (0.214561730623245,2.04205536842346,0.64801025390625) (0.2070786,2.041034,0.6389814) (319.3224,257.9343,159.7729) (0.2352924,1.655445,0.3130621) (289.7404,2.868994,350.6649)
1.11862332112334 (0.218889221549034,2.04236578941345,0.658320844173431) (0.2145617,2.042055,0.6480103) (319.1682,259.9268,157.8621) (0.2355494,1.655239,0.3127089) (290.0114,3.718261,349.6425)
0.636979934412968 (0.218647733330727,2.04134225845337,0.664603233337402) (0.2188892,2.042366,0.6583208) (319.419,261.9084,155.095) (0.2388483,1.655378,0.3117273) (290.1611,3.132577,350.0826)
0.7217987768383 (0.217796728014946,2.03563618659973,0.668940961360931) (0.2186477,2.041342,0.6646032) (320.0222,262.3622,154.3594) (0.2402498,1.655447,0.310982) (290.3332,3.005424,350.394)
1.23529632257111 (0.220232918858528,2.02936434745789,0.679300725460052) (0.2177967,2.035636,0.668941) (320.7403,264.8233,151.5918) (0.2403948,1.655411,0.3110071) (290.5465,2.873577,350.5672)
0.957026108509593 (0.22121225297451,2.0243923664093,0.687419235706329) (0.2202329,2.029364,0.6793007) (321.4516,266.2012,150.5762) (0.2404832,1.655286,0.3112501) (290.5487,3.198231,350.2696)
0.803495451345021 (0.2237409055233,2.02081227302551,0.694153428077698) (0.2212123,2.024392,0.6874192) (321.5565,267.1008,149.6157) (0.2419833,1.655127,0.3121072) (290.7912,3.824996,349.6842)
0.652341804419335 (0.227092400193214,2.01808381080627,0.699039936065674) (0.2237409,2.020812,0.6941534) (321.3924,267.2823,149.4488) (0.2452803,1.654557,0.317707) (291.125,4.591222,349.1169)
1.64590485557075 (0.241870060563087,2.01245355606079,0.703602969646454) (0.2270924,2.018084,0.6990399) (320.7783,267.4769,149.2404) (0.2472644,1.65433,0.3217645) (291.6308,6.87448,347.1755)
3.98286673365346 (0.276633054018021,1.99328505992889,0.700374066829681) (0.2418701,2.012454,0.703603) (318.2487,265.2755,151.0986) (0.2611242,1.654286,0.3271875) (295.0706,17.57838,338.8306)
9.25303774950248 (0.334060221910477,1.92541337013245,0.674733757972717) (0.2766331,1.993285,0.7003741) (316.7402,251.8342,158.6561) (0.2901302,1.647598,0.3416038) (305.0799,34.0024,326.7372)
13.2180637292882 (0.423041164875031,1.82879626750946,0.65992671251297) (0.3340602,1.925413,0.6747338) (311.1546,239.3276,164.285) (0.3158973,1.631409,0.3582796) (316.3834,42.0136,322.1003)
15.2122426225841 (0.537565469741821,1.72909724712372,0.669174551963806) (0.4230412,1.828796,0.6599267) (296.8926,216.9425,177.7403) (0.3354089,1.617343,0.3688303) (324.8642,45.56618,322.1976)
14.9198005916027 (0.656245708465576,1.64092183113098,0.689178109169006) (0.5375655,1.729097,0.6691746) (288.5705,169.9216,223.3605) (0.3542738,1.605681,0.3746565) (329.9656,48.89516,321.0449)
12.5736804974972 (0.768574714660645,1.58531999588013,0.699196815490723) (0.6562457,1.640922,0.6891781) (293.9454,133.6757,266.4024) (0.366329,1.598598,0.3764967) (333.3356,51.64972,319.8331)
10.7576547717398 (0.865474939346313,1.5406311750412,0.712833881378174) (0.7685747,1.58532,0.6991968) (302.2332,109.5331,300.0531) (0.3691886,1.597284,0.3784446) (333.786,52.68955,320.7274)
5.38737314480708 (0.917295157909393,1.52858328819275,0.721312820911407) (0.8654749,1.540631,0.7128339) (306.8615,96.60986,318.2234) (0.3655556,1.605502,0.3826011) (329.2526,51.91353,321.193)
3.80900815222004 (0.938276827335358,1.55845904350281,0.710447132587433) (0.9172952,1.528583,0.7213128) (309.9109,108.3038,305.0333) (0.3552088,1.617794,0.3816921) (323.2722,50.29424,322.4397)
7.40895484643977 (0.931243658065796,1.63220953941345,0.709634482860565) (0.9382768,1.558459,0.7104471) (307.5625,115.8634,294.8652) (0.3491358,1.627513,0.3854061) (320.3168,49.47015,322.9175)
10.4825347240643 (0.897461354732513,1.73144209384918,0.709537446498871) (0.9312437,1.63221,0.7096345) (303.1128,124.0465,279.7598) (0.3475098,1.632989,0.3893481) (318.2155,49.19223,323.6195)
9.66633036294261 (0.860451638698578,1.82038855552673,0.701625287532806) (0.8974614,1.731442,0.7095374) (300.8366,132.9894,265.3325) (0.3480672,1.635401,0.391605) (316.877,49.98158,322.9442)
7.78086085372545 (0.822498738765717,1.88684213161469,0.687565445899963) (0.8604516,1.820389,0.7016253) (299.1741,142.3292,254.2731) (0.3509246,1.63656,0.3929079) (315.5425,50.07555,322.5421)
6.05798610890553 (0.782704949378967,1.93125951290131,0.676913201808929) (0.8224987,1.886842,0.6875654) (298.9029,150.1895,244.791) (0.3531702,1.63732,0.395285) (314.8136,50.07222,322.0203)
3.88692869843051 (0.750279664993286,1.95249950885773,0.674034833908081) (0.7827049,1.93126,0.6769132) (297.9524,155.2457,238.4756) (0.3547263,1.637453,0.3972816) (314.5055,49.95655,322.1163)
3.31066703145993 (0.718235671520233,1.96044290065765,0.676512062549591) (0.7502797,1.9525,0.6740348) (297.1362,160.8165,231.8724) (0.355762,1.637608,0.3978573) (313.5216,49.37285,322.922)
4.07665123656848 (0.677747070789337,1.96484231948853,0.678308427333832) (0.7182357,1.960443,0.6765121) (296.1946,171.0486,219.2743) (0.3419364,1.646225,0.3955331) (308.1602,46.45415,324.5966)
6.25920465386201 (0.615848481655121,1.96255791187286,0.66930228471756) (0.6777471,1.964842,0.6783084) (299.4152,192.7429,196.5043) (0.3281741,1.650307,0.3918918) (303.8943,41.22165,325.381)
8.24055832014422 (0.534760177135468,1.94909572601318,0.663459599018097) (0.6158485,1.962558,0.6693023) (310.6811,221.5405,174.8132) (0.3161851,1.65355,0.3942244) (300.4014,31.01408,329.7469)
7.68226663269555 (0.461879819631577,1.92572379112244,0.670087456703186) (0.5347602,1.949096,0.6634596) (325.021,241.8504,171.7619) (0.306366,1.656456,0.3904121) (297.5341,25.37545,332.5616)
2.06392781486047 (0.442276895046234,1.92208003997803,0.675419270992279) (0.4618798,1.925724,0.6700875) (327.7019,243.3387,172.8848) (0.3031161,1.656509,0.3888579) (298.1217,25.17483,330.0079)
0.818498113356916 (0.445562094449997,1.9294650554657,0.674129724502563) (0.4422769,1.92208,0.6754193) (326.5259,239.3573,174.426) (0.3087834,1.655368,0.3838563) (298.4744,30.64823,325.1379)
3.93892356369494 (0.478693932294846,1.93900871276855,0.655084729194641) (0.4455621,1.929465,0.6741297) (326.8769,223.4729,185.4888) (0.3140199,1.653374,0.3793192) (299.9389,36.90737,320.5949)
8.29605628889037 (0.553789794445038,1.94800174236298,0.620993793010712) (0.4786939,1.939009,0.6550847) (325.4816,185.7546,203.4142) (0.3184162,1.652048,0.3783681) (301.6483,41.12647,318.2892)
8.56754972589813 (0.636361122131348,1.93757450580597,0.600658118724823) (0.5537898,1.948002,0.6209938) (335.3018,155.8207,219.1713) (0.3245395,1.649662,0.3783351) (302.982,44.80368,316.4196)
6.7234943761701 (0.699974596500397,1.91636860370636,0.595741450786591) (0.6363611,1.937575,0.6006581) (346.0039,139.3657,227.4435) (0.3300241,1.648292,0.3787896) (304.0491,47.41643,315.2558)
2.55326857416775 (0.717461347579956,1.93418335914612,0.601104855537415) (0.6999746,1.916369,0.5957415) (334.9917,135.8805,225.9587) (0.3352908,1.64659,0.3788706) (304.6425,49.95588,313.7056)
3.38951884664056 (0.694899797439575,1.9594212770462,0.602810084819794) (0.7174613,1.934183,0.6011049) (306.3307,155.7392,220.9764) (0.3399785,1.644649,0.3800482) (305.676,52.03232,313.0357)
4.54460554238134 (0.651438355445862,1.94897985458374,0.594598889350891) (0.6948998,1.959421,0.6028101) (311.1074,231.0442,212.2267) (0.3423832,1.64393,0.3821553) (306.4596,53.38544,313.2939)
5.53670046733194 (0.671872913837433,1.90785932540894,0.563662886619568) (0.6514384,1.94898,0.5945989) (334.9819,221.3851,229.6581) (0.3463445,1.643476,0.3827056) (307.3947,55.36046,313.6368)
9.64054384314865 (0.753817558288574,1.8737827539444,0.526008248329163) (0.6718729,1.907859,0.5636629) (348.0622,190.2101,242.6096) (0.3512404,1.642399,0.3823606) (308.306,57.4863,313.3391)
8.26515111878541 (0.834777057170868,1.86000514030457,0.535336136817932) (0.7538176,1.873783,0.5260082) (349.7544,152.4919,244.2657) (0.3544008,1.641784,0.3839003) (308.9785,58.04337,313.5104)
5.18621855580212 (0.852164626121521,1.89173769950867,0.57248991727829) (0.8347771,1.860005,0.5353361) (324.6133,133.6943,246.2947) (0.3570872,1.641735,0.3847853) (309.3181,58.74991,313.5236)
6.34981292691661 (0.800138056278229,1.91782069206238,0.597885310649872) (0.8521646,1.891738,0.5724899) (288.2676,168.0266,243.7655) (0.3611879,1.64088,0.3851234) (309.8253,59.40128,313.0056)
2.12911671616115 (0.781773149967194,1.92198133468628,0.607821762561798) (0.8001381,1.917821,0.5978853) (293.7054,232.4901,209.321) (0.3647808,1.640542,0.3847707) (310.2214,59.76647,313.2909)
4.71905422171231 (0.795708119869232,1.9019421339035,0.567433714866638) (0.7817731,1.921981,0.6078218) (318.25,204.2469,229.5083) (0.3695442,1.640232,0.3823602) (310.4827,60.89938,313.1733)
6.33023061554682 (0.853899776935577,1.88292050361633,0.551337420940399) (0.7957081,1.901942,0.5674337) (331.0628,166.1164,240.1206) (0.3730146,1.640307,0.3804389) (311.0998,61.14223,313.034)
4.66343387125339 (0.875688850879669,1.89538657665253,0.590638756752014) (0.8538998,1.882921,0.5513374) (316.0146,141.8353,245.8631) (0.3749104,1.640068,0.3794149) (311.3542,60.97795,313.2582)
4.73549597424215 (0.837064743041992,1.91019940376282,0.613687634468079) (0.8756889,1.895387,0.5906388) (293.6672,172.2291,243.1939) (0.3759921,1.640097,0.3784925) (311.1574,60.98666,313.7682)
7.2630853926438 (0.76764053106308,1.8991367816925,0.631939709186554) (0.8370647,1.910199,0.6136876) (307.4452,252.6035,209.711) (0.3765522,1.640279,0.3763073) (310.9724,59.98843,314.2728)
5.72990906255059 (0.766314506530762,1.8608626127243,0.589319109916687) (0.7676405,1.899137,0.6319397) (326.5389,218.1765,233.4284) (0.3778601,1.639974,0.3735423) (311.5396,59.95213,314.4586)
11.1333376791356 (0.870810568332672,1.82253360748291,0.586753606796265) (0.7663145,1.860863,0.5893191) (340.7638,160.2635,254.2462) (0.3785711,1.639079,0.3696308) (311.7112,59.80335,314.4479)
12.3596001184271 (0.943311095237732,1.81606543064117,0.686642587184906) (0.8708106,1.822534,0.5867536) (338.0828,108.4877,256.6541) (0.3760059,1.63913,0.3683771) (311.2916,58.03257,315.0396)
5.4987056358236 (0.92787116765976,1.82986533641815,0.737581253051758) (0.9433111,1.816065,0.6866426) (312.2762,96.16003,269.5617) (0.3737815,1.639038,0.3661227) (310.4643,57.24221,315.2509)
5.79407898206176 (0.877427160739899,1.84333145618439,0.762704968452454) (0.9278712,1.829865,0.7375813) (280.2346,70.62914,345.8766) (0.3739482,1.639827,0.3658897) (309.8778,56.19335,314.918)
5.97583226009822 (0.819782614707947,1.85798180103302,0.756914377212524) (0.8774272,1.843331,0.762705) (284.5839,275.0481,167.6521) (0.3744498,1.640337,0.3688725) (310.2529,54.93126,315.3449)
8.95250969140934 (0.812718570232391,1.85234749317169,0.667846441268921) (0.8197826,1.857982,0.7569144) (315.9328,183.1438,245.9625) (0.3739839,1.640519,0.3741776) (310.1612,53.50289,315.9276)
5.7133268088289 (0.86785364151001,1.83805334568024,0.672319889068604) (0.8127186,1.852347,0.6678464) (340.9579,130.979,248.598) (0.3737917,1.64028,0.3792833) (310.289,52.49645,315.6568)
5.80903293378243 (0.844095826148987,1.87617886066437,0.709150552749634) (0.8678536,1.838053,0.6723199) (323.5823,110.0386,234.4774) (0.3703276,1.640062,0.3834679) (310.2653,51.87982,316.4295)
8.09220457606702 (0.768621623516083,1.90045177936554,0.692937970161438) (0.8440958,1.876179,0.7091506) (304.2896,144.1987,222.2986) (0.3663743,1.640022,0.3858491) (310.0768,51.72049,316.8816)
5.79237753261639 (0.712124347686768,1.90299880504608,0.680418610572815) (0.7686216,1.900452,0.692938) (304.4022,200.0553,218.9995) (0.3630914,1.640087,0.3880309) (310.1521,51.8423,316.8824)
2.03111975806764 (0.708822071552277,1.8948347568512,0.662115931510925) (0.7121243,1.902999,0.6804186) (318.7416,191.8291,227.1077) (0.3592477,1.640186,0.3908494) (310.0259,52.00005,317.1288)
6.5036720690847 (0.77310049533844,1.89154374599457,0.671455562114716) (0.7088221,1.894835,0.6621159) (327.095,131.0032,225.4589) (0.3557756,1.640915,0.3940634) (309.9813,52.27327,317.4951)
3.70256719876259 (0.744460225105286,1.91419684886932,0.677577018737793) (0.7731005,1.891544,0.6714556) (306.0128,145.8312,236.1758) (0.3529324,1.641194,0.3978043) (310.1002,51.81619,317.9598)
6.93962905427056 (0.676293194293976,1.92588722705841,0.683272302150726) (0.7444602,1.914197,0.677577) (296.6281,227.3357,207.8093) (0.3505559,1.641102,0.3997677) (310.1333,51.78616,318.0638)
4.2200992312076 (0.662871718406677,1.90985882282257,0.646613359451294) (0.6762932,1.925887,0.6832723) (319.1894,212.9473,219.9448) (0.3485095,1.641029,0.4010992) (309.995,52.40371,317.8357)
7.33276461677793 (0.728599369525909,1.89674925804138,0.61686509847641) (0.6628717,1.909859,0.6466134) (330.7989,160.6665,221.4567) (0.3469517,1.640927,0.4021243) (309.7873,52.53977,317.7843)
3.95760228987667 (0.760774910449982,1.90357506275177,0.638874292373657) (0.7285994,1.896749,0.6168651) (323.8114,138.5934,226.7834) (0.3454392,1.64097,0.4033679) (309.9619,52.23536,317.9167)
4.10223903769961 (0.733299255371094,1.92908084392548,0.655529022216797) (0.7607749,1.903575,0.6388743) (302.3766,184.5468,231.0926) (0.3445758,1.64082,0.4046181) (309.8797,52.43719,317.9233)
2.76267251081899 (0.708585619926453,1.9170126914978,0.652915239334106) (0.7332993,1.929081,0.655529) (308.7386,203.7092,227.1882) (0.3436283,1.640705,0.4052582) (309.7637,52.6604,317.7946)
3.37603004718826 (0.728106915950775,1.89444875717163,0.637118220329285) (0.7085856,1.917013,0.6529152) (322.1667,179.7962,230.4563) (0.3433338,1.640757,0.4060138) (310.0168,52.88549,317.6455)
4.97901107051177 (0.773189246654511,1.89221179485321,0.658133327960968) (0.7281069,1.894449,0.6371182) (321.243,142.2349,233.3955) (0.3441243,1.64073,0.4085763) (310.3768,52.89293,317.6696)
0.752684493166788 (0.774544417858124,1.88546752929688,0.655078530311584) (0.7731892,1.892212,0.6581333) (318.905,143.1301,239.6403) (0.3449489,1.640699,0.4108652) (310.6459,52.80924,317.978)
2.77139167301634 (0.755150496959686,1.8749178647995,0.638326168060303) (0.7745444,1.885468,0.6550785) (325.2012,177.9664,239.9199) (0.3450745,1.64068,0.4131669) (310.8303,52.41643,318.3205)
7.81598001966147 (0.827040433883667,1.84534168243408,0.646452724933624) (0.7551505,1.874918,0.6383262) (344.9055,138.187,235.9243) (0.3429661,1.641677,0.4161848) (310.0351,50.368,319.5291)
5.25246676833767 (0.781569302082062,1.86966741085052,0.636478960514069) (0.8270404,1.845342,0.6464527) (330.6453,158.5749,244.1315) (0.3286099,1.64882,0.4257414) (305.7754,36.85766,326.7814)
12.5345302636909 (0.656379461288452,1.87363290786743,0.631659865379334) (0.7815693,1.869667,0.636479) (334.0368,201.433,226.6437) (0.3052629,1.659286,0.436526) (300.3339,14.7889,337.8677)
5.07324600370019 (0.606940805912018,1.87110257148743,0.642759382724762) (0.6563795,1.873633,0.6316599) (328.4419,167.492,199.9546) (0.285499,1.658184,0.447473) (305.2658,355.1413,349.5768)
14.8983001002927 (0.462093144655228,1.85235130786896,0.672144412994385) (0.6069408,1.871103,0.6427594) (317.5297,201.1708,171.8759) (0.2774038,1.654231,0.4531531) (309.5883,349.8903,352.4405)
13.4145503514177 (0.342253029346466,1.79409885406494,0.687636852264404) (0.4620931,1.852351,0.6721444) (339.3118,232.4495,175.9705) (0.2780786,1.653954,0.4563978) (311.2533,351.4981,351.5379)
14.4326294528594 (0.244555473327637,1.68831706047058,0.677865445613861) (0.342253,1.794099,0.6876369) (0.5940578,232.0672,168.4504) (0.2767327,1.65265,0.4569276) (313.0723,351.9235,352.0327)
21.5596282367832 (0.182295113801956,1.4844743013382,0.710323631763458) (0.2445555,1.688317,0.6778654) (42.06212,244.624,158.7607) (0.2759783,1.651852,0.4564927) (313.2606,352.4965,351.9088)
15.1989596277801 (0.210220053792,1.33508610725403,0.712373971939087) (0.1822951,1.484474,0.7103236) (65.43931,213.2879,109.6357) (0.2754296,1.651645,0.4541037) (311.9454,354.6371,350.961)
2.10316341606369 (0.229715809226036,1.32977259159088,0.706542015075684) (0.2102201,1.335086,0.712374) (57.11602,214.123,95.73213) (0.2775807,1.652798,0.4511949) (311.1537,357.2551,349.2012)
15.8731224328101 (0.141724243760109,1.45727097988129,0.671940743923187) (0.2297158,1.329773,0.706542) (23.99471,234.0686,128.8336) (0.2792083,1.653458,0.4485957) (311.3739,359.3293,348.2062)
12.6953145116118 (0.14325051009655,1.58021259307861,0.640315890312195) (0.1417242,1.457271,0.6719407) (341.3838,222.5912,141.9526) (0.2833879,1.653672,0.4458674) (310.9614,3.251747,346.2201)
32.4851253035331 (0.379292130470276,1.80308532714844,0.628465116024017) (0.1432505,1.580213,0.6403159) (317.7309,177.945,172.8898) (0.288173,1.652871,0.443692) (310.946,8.0258,344.1836)
15.5377632627659 (0.533772468566895,1.80498969554901,0.611899852752686) (0.3792921,1.803085,0.6284651) (333.8748,140.9185,203.2033) (0.3017715,1.651482,0.4409145) (311.4662,17.69269,339.6998)
12.6121029673359 (0.654128789901733,1.77033853530884,0.597061812877655) (0.5337725,1.80499,0.6118999) (355.8185,139.1549,218.737) (0.3243215,1.647301,0.4374646) (314.564,31.88889,332.6403)
11.849352152199 (0.769536674022675,1.74611461162567,0.608678042888641) (0.6541288,1.770339,0.5970618) (5.391501,140.2903,230.295) (0.3385866,1.6395,0.4338397) (318.9286,42.21928,328.5046)
12.2139432497946 (0.883092164993286,1.74836564064026,0.653601586818695) (0.7695367,1.746115,0.608678) (356.9127,134.3591,245.1104) (0.3446256,1.636224,0.4305893) (320.3329,47.91772,326.2937)
9.17904563972183 (0.961217880249023,1.73680639266968,0.700380265712738) (0.8830922,1.748366,0.6536016) (343.6018,111.068,255.6873) (0.348148,1.638033,0.4315168) (317.8492,48.15828,326.1588)
4.9913576435892 (0.970864951610565,1.70430421829224,0.663748204708099) (0.9612179,1.736806,0.7003803) (352.7227,120.1025,263.0174) (0.3480695,1.641676,0.4297317) (315.0878,47.06221,326.825)
5.14399979326178 (0.944804012775421,1.70702397823334,0.619481921195984) (0.970865,1.704304,0.6637482) (358.7367,136.3218,259.2851) (0.348202,1.643427,0.4291222) (313.4298,47.00285,325.494)
7.44463625381055 (0.894044756889343,1.75379657745361,0.591587781906128) (0.944804,1.707024,0.6194819) (356.5965,142.6817,252.5049) (0.3465647,1.646241,0.4282801) (311.1981,44.94971,326.2467)
11.8132916410357 (0.797143220901489,1.8141998052597,0.561306953430176) (0.8940448,1.753797,0.5915878) (350.5063,150.2976,237.9651) (0.3371572,1.651465,0.4259512) (307.0941,38.91344,329.2157)
15.6189367985792 (0.651883602142334,1.86677289009094,0.538267135620117) (0.7971432,1.8142,0.561307) (340.053,166.9561,213.2013) (0.3315043,1.652775,0.4201283) (304.959,35.78788,330.2596)
19.4790071792937 (0.457939714193344,1.85321390628815,0.550312757492065) (0.6518836,1.866773,0.5382671) (347.6006,208.3463,173.3525) (0.3289913,1.653492,0.4120764) (304.1,35.15022,330.5168)
12.888624104061 (0.361226767301559,1.81547582149506,0.626694083213806) (0.4579397,1.853214,0.5503128) (9.808839,252.5212,185.3266) (0.3353883,1.652187,0.4030826) (304.778,38.82655,327.5388)
5.89591465671619 (0.395317554473877,1.86112773418427,0.611531555652618) (0.3612268,1.815476,0.6266941) (357.7979,235.3387,181.915) (0.3362582,1.651075,0.3967551) (305.5881,40.98365,326.5945)
12.9364994436706 (0.508638739585876,1.9102828502655,0.57309478521347) (0.3953176,1.861128,0.6115316) (343.948,206.8638,195.6158) (0.3376633,1.650042,0.3919543) (305.8611,41.42915,326.1412)
12.7624137650873 (0.635312736034393,1.92307102680206,0.564258396625519) (0.5086387,1.910283,0.5730948) (338.1034,177.427,216.6959) (0.3415439,1.648501,0.3865438) (306.3043,42.36931,324.8191)
10.0368619974986 (0.731090247631073,1.90527081489563,0.588417887687683) (0.6353127,1.923071,0.5642584) (339.4749,152.7024,235.0767) (0.3434283,1.64838,0.3816632) (306.2549,42.70445,324.5251)
5.61705717192567 (0.77013772726059,1.90044641494751,0.628507196903229) (0.7310902,1.905271,0.5884179) (333.9183,137.219,242.3858) (0.3427221,1.64862,0.376417) (305.553,41.72351,325.531)
3.15330688864345 (0.750059008598328,1.9193549156189,0.643792748451233) (0.7701377,1.900446,0.6285072) (322.5089,141.1927,238.0498) (0.3372903,1.650334,0.3748734) (303.4395,36.57579,328.605)
7.75090872369443 (0.678903639316559,1.94994366168976,0.646776139736176) (0.750059,1.919355,0.6437927) (312.8213,151.4249,221.5266) (0.3283148,1.654905,0.3737027) (300.8777,28.48969,333.0431)
13.0285475891078 (0.552454054355621,1.96296143531799,0.618221879005432) (0.6789036,1.949944,0.6467761) (314.3056,183.3457,191.6911) (0.3127122,1.657462,0.3695048) (297.9357,17.75938,340.8576)
12.5858464046481 (0.428488045930862,1.95859587192535,0.59692108631134) (0.5524541,1.962961,0.6182219) (326.019,204.1426,175.4907) (0.3023416,1.659479,0.3654924) (297.0904,9.248317,346.9246)
10.7359923059706 (0.321823090314865,1.95079696178436,0.587544620037079) (0.428488,1.958596,0.5969211) (334.999,213.4182,167.7506) (0.2926545,1.659016,0.3606079) (296.6527,2.291485,351.8384)
9.09241305241776 (0.231540784239769,1.94510352611542,0.5967036485672) (0.3218231,1.950797,0.5875446) (340.3032,223.3219,157.22) (0.2832749,1.658725,0.3570916) (295.9987,356.1566,355.9058)
7.61183086642761 (0.158831849694252,1.93873631954193,0.618310749530792) (0.2315408,1.945104,0.5967036) (345.7652,235.5233,150.9896) (0.274908,1.659175,0.3553182) (295.9089,351.6503,358.6621)
4.16207234104227 (0.134622603654861,1.95553946495056,0.647702097892761) (0.1588318,1.938736,0.6183107) (342.324,241.9381,148.6335) (0.2689439,1.658899,0.3543843) (296.0195,348.5658,0.1503612)
6.50643952648866 (0.169284522533417,1.99792373180389,0.682851791381836) (0.1346226,1.955539,0.6477021) (326.1591,238.4914,141.8178) (0.2649365,1.659352,0.353429) (295.9453,346.2156,1.33915)
10.7504234950355 (0.266188383102417,2.03495478630066,0.711056470870972) (0.1692845,1.997924,0.6828518) (304.4591,221.8419,147.2265) (0.2637575,1.65899,0.3532782) (295.7821,347.3897,0.1539789)
12.7212646060219 (0.389569759368896,2.04572582244873,0.740109503269196) (0.2661884,2.034955,0.7110565) (292.9057,182.4099,183.6964) (0.2716409,1.659944,0.3556256) (295.2919,354.6293,354.3835)
11.534760284538 (0.503716111183167,2.03394913673401,0.751813769340515) (0.3895698,2.045726,0.7401095) (296.1025,149.4371,219.9345) (0.283557,1.660516,0.3602597) (295.2845,4.504702,346.6713)
12.6177057104231 (0.625184834003448,1.99982941150665,0.750455856323242) (0.5037161,2.033949,0.7518138) (310.5616,132.9376,244.2094) (0.2920068,1.659663,0.3625802) (295.7667,10.95726,342.0786)
7.86465124540404 (0.696875333786011,1.96843433380127,0.7427037358284) (0.6251848,1.999829,0.7504559) (323.6885,127.3489,255.413) (0.2967853,1.65907,0.3644564) (295.9688,14.20333,340.2784)
1.33110725698925 (0.698627769947052,1.96919167041779,0.729530274868011) (0.6968753,1.968434,0.7427037) (324.6642,129.7477,254.5099) (0.3013864,1.65848,0.3665518) (296.3256,17.70075,338.956)
6.96568907985754 (0.640091776847839,1.99996519088745,0.707653105258942) (0.6986278,1.969192,0.7295303) (317.9647,137.9399,242.3158) (0.3052009,1.658163,0.3686469) (297.1132,20.27584,338.0833)
11.862928280082 (0.530184268951416,2.02982378005981,0.67446106672287) (0.6400918,1.999965,0.7076531) (308.0261,164.5986,215.0947) (0.3099902,1.657814,0.367715) (297.2893,23.32733,336.4775)
13.1550194692013 (0.403651177883148,2.02276420593262,0.639176607131958) (0.5301843,2.029824,0.6744611) (320.1681,216.8019,183.9626) (0.313989,1.65723,0.3695921) (297.7363,26.05016,334.5127)
8.66946105151791 (0.323299527168274,1.99052333831787,0.643659293651581) (0.4036512,2.022764,0.6391766) (340.2861,244.5263,182.7103) (0.3156506,1.656673,0.3713579) (298.0955,29.55153,332.6505)
0.94980479585806 (0.316084265708923,1.98618543148041,0.639262080192566) (0.3232995,1.990523,0.6436593) (345.2536,246.6696,184.312) (0.3200547,1.656149,0.3728243) (299.0872,33.23916,330.0124)
4.50048114890084 (0.354954570531845,1.99727296829224,0.619473218917847) (0.3160843,1.986185,0.6392621) (341.9131,239.9834,188.0149) (0.3207349,1.65579,0.3743042) (299.0533,34.72589,329.2149)
6.52502636187997 (0.414994180202484,2.0135805606842,0.599803328514099) (0.3549546,1.997273,0.6194732) (332.7573,232.1745,189.5045) (0.3216794,1.655171,0.3783584) (299.4778,36.1587,327.8031)
6.84590930466836 (0.482799530029297,2.02183961868286,0.595234930515289) (0.4149942,2.013581,0.5998033) (324.946,225.6014,194.1629) (0.326548,1.653985,0.3815359) (300.5153,38.74185,325.9525)
8.02906826139058 (0.561567008495331,2.02416682243347,0.610625267028809) (0.4827995,2.02184,0.5952349) (315.4673,216.3849,199.9744) (0.3302624,1.653014,0.3841919) (301.6408,40.32869,325.1501)
10.1545303383712 (0.651631236076355,2.00352883338928,0.652743637561798) (0.561567,2.024167,0.6106253) (303.658,201.2292,211.9056) (0.3324288,1.652119,0.3852661) (302.543,41.2957,325.0335)
11.278763297257 (0.734178602695465,1.95965015888214,0.715843915939331) (0.6516312,2.003529,0.6527436) (290.541,174.5936,235.5816) (0.3350489,1.651553,0.3860822) (303.169,42.18837,324.6209)
11.6464884626803 (0.804073393344879,1.89334225654602,0.781281292438507) (0.7341786,1.95965,0.7158439) (282.8377,136.6204,277.772) (0.3392758,1.651346,0.3909824) (304.0393,40.71221,326.4794)
9.81164659253162 (0.844110429286957,1.81982839107513,0.832463204860687) (0.8040734,1.893342,0.7812813) (287.7635,102.878,312.3436) (0.3274215,1.653537,0.4128922) (307.4162,28.41139,338.4103)
8.12411162948164 (0.807225346565247,1.75353538990021,0.861529469490051) (0.8441104,1.819828,0.8324632) (278.9529,112.2423,299.5491) (0.297172,1.650828,0.447588) (315.3271,8.092538,354.6418)
13.0065873068276 (0.719889163970947,1.65722298622131,0.857862770557404) (0.8072253,1.753535,0.8615295) (283.5675,199.1903,205.0884) (0.2555988,1.633571,0.4805306) (328.5062,346.4253,6.739296)
16.9122859197787 (0.611015617847443,1.52931559085846,0.838144958019257) (0.7198892,1.657223,0.8578628) (286.9399,203.8796,182.9437) (0.2143468,1.605898,0.4973724) (343.6397,327.2605,10.90513)
19.5581581668172 (0.494078159332275,1.37373149394989,0.818873882293701) (0.6110156,1.529316,0.838145) (287.4625,227.804,144.9207) (0.1832088,1.578495,0.4969021) (356.2722,312.8589,10.19205)
17.1952130214934 (0.410167336463928,1.22387206554413,0.827160120010376) (0.4940782,1.373731,0.8188739) (286.0058,310.215,49.92575) (0.1584523,1.56176,0.4958844) (2.003887,302.8025,6.615436)
10.0473617492911 (0.360452890396118,1.13858044147491,0.808484971523285) (0.4101673,1.223872,0.8271601) (301.6182,331.5478,22.85481) (0.1441522,1.551379,0.4966507) (5.598224,296.6309,4.395171)
5.82223837269683 (0.314725279808044,1.12435925006866,0.775370180606842) (0.3604529,1.13858,0.808485) (303.2793,310.3726,34.37566) (0.1399543,1.544741,0.4969574) (8.51762,292.3633,2.164403)
2.98440865630403 (0.286767095327377,1.11470508575439,0.771394431591034) (0.3147253,1.124359,0.7753702) (303.6009,300.6909,35.06981) (0.1473745,1.541303,0.4955043) (9.828048,288.927,1.337619)
3.07803679457596 (0.256084233522415,1.1142954826355,0.773808002471924) (0.2867671,1.114705,0.7713944) (303.1066,293.1638,36.39493) (0.1644081,1.543284,0.4982858) (9.45256,284.9549,359.9688)
2.28392175562795 (0.234319120645523,1.11721360683441,0.780084490776062) (0.2560842,1.114295,0.773808) (300.8023,290.9109,32.40547) (0.1911756,1.541593,0.5084997) (10.28672,281.2008,358.6054)
3.43310185491002 (0.200746476650238,1.1120343208313,0.775117456912994) (0.2343191,1.117214,0.7800845) (301.8668,280.6361,31.64129) (0.2177584,1.540182,0.5258884) (11.75055,277.7109,358.5743)
6.1126900426892 (0.150195091962814,1.07867431640625,0.783373713493347) (0.2007465,1.112034,0.7751175) (317.1692,282.9659,18.62626) (0.2356216,1.537542,0.5406851) (12.9806,276.7927,357.9778)
3.84506598010598 (0.122897021472454,1.07464480400085,0.756596267223358) (0.1501951,1.078674,0.7833737) (321.877,268.8896,28.94483) (0.2449512,1.534452,0.5481952) (14.90628,278.4203,357.6678)
4.32211516746088 (0.127238050103188,1.08863806724548,0.715934097766876) (0.122897,1.074645,0.7565963) (316.395,255.9093,30.61611) (0.2492686,1.532172,0.5479699) (15.56631,282.649,358.9214)
2.21695144629581 (0.136804103851318,1.08969748020172,0.695962727069855) (0.1272381,1.088638,0.7159341) (315.2309,253.1244,29.76757) (0.2469255,1.549028,0.5469898) (9.149688,287.7861,359.9166)
0.856571932030014 (0.142531871795654,1.08353710174561,0.697579503059387) (0.1368041,1.089697,0.6959627) (314.2332,262.7134,18.8598) (0.2435276,1.561144,0.5355252) (3.934433,290.3255,359.7429)
3.13181390361091 (0.148707613348961,1.06691133975983,0.723391711711884) (0.1425319,1.083537,0.6975795) (315.9041,276.8585,11.63522) (0.2332568,1.586787,0.5199301) (353.0481,293.9717,357.9616)
5.8928253216166 (0.153438284993172,1.02619433403015,0.7657271027565) (0.1487076,1.066911,0.7233917) (322.571,297.8062,1.184933) (0.2280734,1.597288,0.4983161) (348.6611,296.4806,357.7481)
7.23017642972233 (0.167977645993233,0.964594662189484,0.800678968429565) (0.1534383,1.026194,0.7657271) (331.0771,310.0272,4.677693) (0.2109763,1.596637,0.4755619) (348.9968,297.4658,358.0976)
7.48205464490559 (0.213424101471901,0.909098744392395,0.821961283683777) (0.1679776,0.9645947,0.800679) (337.9792,319.5348,8.880952) (0.1937217,1.584611,0.4555356) (351.404,297.1992,359.2383)
8.32900342124721 (0.281035184860229,0.860813558101654,0.827835977077484) (0.2134241,0.9090987,0.8219613) (343.0128,324.9282,18.38375) (0.1770923,1.579157,0.4448246) (352.7289,297.1685,359.6854)
8.52307648048409 (0.354199141263962,0.8171107172966,0.826660990715027) (0.2810352,0.8608136,0.827836) (351.145,330.462,24.5966) (0.1589728,1.562523,0.438827) (358.8329,294.2926,1.784897)
5.76798162778044 (0.410208851099014,0.80366325378418,0.823654413223267) (0.3541991,0.8171107,0.826661) (354.41,335.9412,28.94734) (0.1456964,1.532735,0.4393404) (7.597562,289.987,1.847621)
1.51696009148974 (0.425331354141235,0.802755415439606,0.824430644512177) (0.4102089,0.8036633,0.8236544) (357.1973,335.2445,31.50933) (0.1421053,1.527835,0.4512236) (8.012367,286.8025,0.9680811)
2.48144185659323 (0.40496701002121,0.800387382507324,0.838410675525665) (0.4253314,0.8027554,0.8244306) (0.01587763,325.1031,35.85524) (0.149374,1.534135,0.475028) (7.339688,284.1544,1.35657)
6.54495185215346 (0.350967347621918,0.788205921649933,0.873328983783722) (0.404967,0.8003874,0.8384107) (0.6643695,310.8853,37.98124) (0.1568589,1.528161,0.506529) (11.56767,281.3476,1.02474)
7.30633958527756 (0.282523959875107,0.800815641880035,0.895572125911713) (0.3509673,0.7882059,0.873329) (358.3919,295.6737,38.77586) (0.1565234,1.496933,0.5364569) (21.83693,280.2267,1.074128)
6.19881812581596 (0.229089513421059,0.831429600715637,0.902648866176605) (0.282524,0.8008156,0.8955721) (351.7119,286.6938,37.66496) (0.1562054,1.47201,0.5610265) (29.33479,278.8405,2.518908)
2.28054353057284 (0.208511769771576,0.840972781181335,0.905009388923645) (0.2290895,0.8314296,0.9026489) (347.9523,282.7264,34.56349) (0.1586042,1.468038,0.5796465) (32.28483,277.9808,3.033363)
0.908806997354357 (0.205346345901489,0.836747169494629,0.897612273693085) (0.2085118,0.8409728,0.9050094) (349.9853,275.06,36.11605) (0.1626689,1.463951,0.5947255) (34.55993,276.5874,2.754594)
0.555856918818467 (0.208380326628685,0.833285450935364,0.894496321678162) (0.2053463,0.8367472,0.8976123) (352.3498,270.9682,37.6064) (0.1662455,1.461119,0.6068652) (35.97112,275.218,2.081186)
1.58549334519542 (0.220737814903259,0.829988896846771,0.903866708278656) (0.2083803,0.8332855,0.8944963) (353.7999,272.3156,36.58073) (0.168822,1.457506,0.6153448) (37.52283,274.0893,1.467703)
1.88707283624803 (0.234310269355774,0.821836948394775,0.914135038852692) (0.2207378,0.8299889,0.9038667) (355.6064,272.392,36.48861) (0.1726824,1.451744,0.6212655) (39.74983,272.8017,1.082563)
1.35405013565025 (0.243470430374146,0.818587124347687,0.923562407493591) (0.2343103,0.8218369,0.914135) (356.4582,272.4955,36.61752) (0.1757477,1.446369,0.6253232) (41.35547,271.6102,0.05036483)
0.883448789502044 (0.249746426939964,0.817617952823639,0.929704129695892) (0.2434704,0.8185871,0.9235624) (356.7111,272.9556,36.54524) (0.1773075,1.445365,0.631671) (41.33611,272.193,359.8143)
0.509171684600217 (0.254044562578201,0.816497087478638,0.932193160057068) (0.2497464,0.817618,0.9297041) (357.1923,273.3392,36.56854) (0.1794718,1.444626,0.6373933) (41.22923,273.1316,0.1312608)
0.422109562044643 (0.256229013204575,0.813247680664063,0.93377023935318) (0.2540446,0.8164971,0.9321932) (357.2464,273.3573,36.59425) (0.1817798,1.446457,0.6404418) (40.0391,272.9068,359.8933)
0.108811349028118 (0.256526678800583,0.812215030193329,0.933599889278412) (0.256229,0.8132477,0.9337702) (356.6394,272.6877,36.93523) (0.1836541,1.451638,0.6414248) (38.45592,272.8308,359.2719)
0.154564745353523 (0.256046444177628,0.810906827449799,0.934268474578857) (0.2565267,0.812215,0.9335999) (355.7594,273.3258,36.93908) (0.1872874,1.458176,0.6429748) (35.2017,273.38,359.7379)
0.0473502637411771 (0.255678802728653,0.810972929000854,0.934559464454651) (0.2560464,0.8109068,0.9342685) (355.1041,273.8257,37.05283) (0.1895772,1.476547,0.6423755) (30.2681,273.7931,0.02080469)
0.308873538379349 (0.257988899946213,0.810792565345764,0.93660181760788) (0.2556788,0.8109729,0.9345595) (355.0055,274.5119,37.25244) (0.1894807,1.513226,0.6397102) (18.30709,275.4737,0.2845418)
0.94157665909781 (0.26386684179306,0.803438365459442,0.936750829219818) (0.2579889,0.8107926,0.9366018) (355.6033,274.5313,37.83693) (0.191994,1.540981,0.6355064) (7.489197,277.0935,1.33324)
0.316174056434748 (0.264316231012344,0.800309181213379,0.936804294586182) (0.2638668,0.8034384,0.9367508) (355.6035,275.0834,38.74874) (0.2027794,1.552391,0.6236197) (3.994015,278.7253,2.638004)
0.345470895211642 (0.262529969215393,0.80182933807373,0.93426787853241) (0.2643162,0.8003092,0.9368043) (354.0347,277.3804,39.41207) (0.2087494,1.565191,0.6108148) (358.4091,282.3716,3.195872)
2.26317893567818 (0.25666606426239,0.819187641143799,0.920982480049133) (0.26253,0.8018293,0.9342679) (351.933,278.8206,39.95634) (0.216784,1.580398,0.5952295) (350.8542,288.6631,5.680536)
1.35219738281539 (0.251780599355698,0.824581384658813,0.9095858335495) (0.2566661,0.8191876,0.9209825) (350.8124,279.7501,41.78839) (0.2232694,1.592095,0.5795428) (343.0485,298.6227,8.404923)
0.693836980708306 (0.250985234975815,0.829160451889038,0.904434084892273) (0.2517806,0.8245814,0.9095858) (349.064,285.9269,43.49704) (0.2318684,1.612691,0.5528912) (332.2226,308.5953,8.259809)
3.2832066848325 (0.275498360395432,0.837254524230957,0.884147703647614) (0.2509852,0.8291605,0.9044341) (347.175,296.2594,42.08458) (0.2399343,1.625073,0.5189757) (323.9702,318.4067,7.13954)
Average= 6.47535414416833
Max= 91.2649532487865
Standard Deviation= 8.21217388932901
Right: 21    Miss: 19
0
