compute 93.9450033859808(0.00245660427026451,0.879380702972412,0.330529779195786) (0,0,0) (332.186,353.0207,75.01098) (-0.218819,1.235905,0.02263073) (329.4858,14.83175,4.869328)
compute 0.0504601157422353(0.00208538095466793,0.879153549671173,0.330785155296326) (0.002456604,0.8793807,0.3305298) (332.1741,353.0337,75.03048) (-0.2175304,1.235862,0.02276779) (329.4934,14.72564,4.861946)
compute 0.0320687829535892(0.00180208974052221,0.879245340824127,0.33090415596962) (0.002085381,0.8791535,0.3307852) (332.1735,353.0332,75.03104) (-0.2170199,1.235927,0.0229044) (329.5914,14.46974,4.851076)
compute 0.0622575455791879(0.00148875708691776,0.879764556884766,0.330763310194016) (0.00180209,0.8792453,0.3309042) (332.1099,353.0042,75.03732) (-0.2168019,1.23578,0.02296522) (329.658,14.31157,4.835442)
compute 0.0656071994856074(0.00114238448441029,0.880321145057678,0.330737501382828) (0.001488757,0.8797646,0.3307633) (331.9562,352.8953,75.06461) (-0.2166159,1.235564,0.02239169) (329.5194,14.21688,4.806818)
compute 0.0851921549838261(0.000834636681247503,0.881115078926086,0.330710470676422) (0.001142384,0.8803211,0.3307375) (331.6321,352.7329,75.12467) (-0.2164778,1.235551,0.02060977) (329.3867,14.11981,4.825469)
compute 0.0773590282563437(0.000762866402510554,0.88188362121582,0.330761790275574) (0.0008346367,0.8811151,0.3307105) (331.4044,352.6427,75.20034) (-0.2166789,1.235742,0.01957382) (329.4765,14.18853,4.837275)
compute 0.114685456233642(0.000906053523067385,0.883006453514099,0.330577343702316) (0.0007628664,0.8818836,0.3307618) (331.0153,352.602,75.2939) (-0.2171388,1.235773,0.01867425) (329.587,14.44015,4.835151)
compute 0.250190886838214(0.00113954371772707,0.885463297367096,0.330166310071945) (0.0009060535,0.8830065,0.3305773) (330.7037,352.6143,75.37025) (-0.2174955,1.235473,0.01670888) (329.2106,14.65071,4.884118)
compute 0.282025904422581(0.00150438293348998,0.888180077075958,0.329503089189529) (0.001139544,0.8854633,0.3301663) (330.3251,352.7061,75.45826) (-0.2182067,1.235255,0.01592676) (328.9558,14.53343,4.950371)
compute 0.230126984096558(0.00189557939302176,0.89040744304657,0.329076886177063) (0.001504383,0.8881801,0.3295031) (329.8092,352.7894,75.58047) (-0.218628,1.235302,0.01521169) (328.9336,14.60462,4.987666)
compute 0.227431237045661(0.00265619275160134,0.892518937587738,0.328708708286285) (0.001895579,0.8904074,0.3290769) (329.3381,352.7349,75.71294) (-0.2188069,1.235213,0.01435857) (328.8308,14.72505,4.902575)
compute 0.19095060855702(0.00333128892816603,0.89428323507309,0.328429937362671) (0.002656193,0.8925189,0.3287087) (329.1726,352.721,75.74416) (-0.219125,1.235188,0.01328334) (328.7409,14.67718,4.889954)
compute 0.141147904552761(0.00394416740164161,0.895534515380859,0.328204214572906) (0.003331289,0.8942832,0.3284299) (329.0592,352.722,75.78683) (-0.2196504,1.235475,0.01250938) (328.9651,14.89644,4.844509)
compute 0.126045661810727(0.00478677032515407,0.896406412124634,0.327859878540039) (0.003944167,0.8955345,0.3282042) (329.0072,352.739,75.8221) (-0.2202374,1.235603,0.0120158) (329.0273,15.06686,4.930467)
compute 0.128229276696511(0.00581691320985556,0.897060930728912,0.327466577291489) (0.00478677,0.8964064,0.3278599) (328.9298,352.8203,75.8768) (-0.2203308,1.235364,0.0115343) (328.8443,15.11183,4.873767)
compute 0.109569281627167(0.00685929693281651,0.897311151027679,0.32723993062973) (0.005816913,0.8970609,0.3274666) (328.9253,353.0028,75.89839) (-0.2204643,1.23512,0.01124593) (328.6359,15.14834,4.830536)
compute 0.0858274618634769(0.00771093927323818,0.897361814975739,0.327146261930466) (0.006859297,0.8973112,0.3272399) (328.9932,353.2184,75.89793) (-0.2208334,1.235198,0.0111523) (328.7294,15.28725,4.770686)
compute 0.0828165445990282(0.00853602588176727,0.89729243516922,0.327129632234573) (0.007710939,0.8973618,0.3271463) (329.0194,353.3364,75.88341) (-0.2209472,1.235454,0.01099454) (328.967,15.32681,4.705371)
compute 0.0404408860079175(0.00885105971246958,0.897527873516083,0.327035456895828) (0.008536026,0.8972924,0.3271296) (329.0037,353.4169,75.86295) (-0.2209342,1.235218,0.01127137) (328.8145,15.35214,4.631229)
compute 0.0221855506639205(0.00900357030332088,0.897671937942505,0.326963305473328) (0.00885106,0.8975279,0.3270355) (329.0063,353.4482,75.85091) (-0.220699,1.235059,0.01239763) (328.7452,15.19956,4.669339)
compute 0.0154456421223976(0.00915563944727182,0.897645592689514,0.32696944475174) (0.00900357,0.8976719,0.3269633) (329.0184,353.4678,75.83925) (-0.2206143,1.235089,0.01467969) (328.9462,15.11918,4.649484)
compute 0.0283075751280237(0.00938338320702314,0.897511959075928,0.327071458101273) (0.009155639,0.8976456,0.3269694) (329.0285,353.4773,75.83469) (-0.2206707,1.234859,0.01674117) (328.9147,15.20018,4.623604)
compute 0.0566137370635034(0.00969415903091431,0.897377610206604,0.327525198459625) (0.009383383,0.897512,0.3270715) (329.0299,353.4807,75.83136) (-0.2205355,1.234743,0.01854327) (328.9525,15.12505,4.554373)
compute 0.107473228431175(0.0100696049630642,0.897142231464386,0.328504323959351) (0.009694159,0.8973776,0.3275252) (329.0318,353.4837,75.82692) (-0.2204219,1.23473,0.02025562) (329.0624,15.09133,4.541542)
compute 0.125369868339217(0.0102970814332366,0.896943151950836,0.329721033573151) (0.0100696,0.8971422,0.3285043) (329.0354,353.4893,75.81992) (-0.2203613,1.235041,0.02184773) (329.5048,15.1761,4.41317)
compute 0.103260260366355(0.0105145312845707,0.896859526634216,0.330727010965347) (0.01029708,0.8969432,0.329721) (329.0379,353.4943,75.81457) (-0.2203103,1.235184,0.0222058) (329.6062,15.24701,4.50359)
compute 0.0432006926012366(0.0105822840705514,0.896946609020233,0.331144690513611) (0.01051453,0.8968595,0.330727) (329.0379,353.4946,75.81437) (-0.2202811,1.235137,0.02223505) (329.598,15.27589,4.424265)
compute 0.0330167872124283(0.0105391573160887,0.897115886211395,0.331424862146378) (0.01058228,0.8969466,0.3311447) (329.0426,353.4915,75.81817) (-0.2201546,1.235222,0.02220522) (329.6135,15.20132,4.559835)
compute 0.0281648561795933(0.0105892252177,0.89735335111618,0.331567794084549) (0.01053916,0.8971159,0.3314249) (329.0574,353.4817,75.8312) (-0.2203348,1.235267,0.02215347) (329.6624,15.33178,4.531735)
compute 0.0403295750291173(0.0109243327751756,0.897483766078949,0.331750392913818) (0.01058923,0.8973534,0.3315678) (329.0811,353.4656,75.86948) (-0.220582,1.235208,0.02215026) (329.6455,15.52411,4.45307)
compute 0.0321392352003364(0.011114502325654,0.897693872451782,0.331901997327805) (0.01092433,0.8974838,0.3317504) (329.0855,353.4587,75.88947) (-0.2206037,1.235406,0.02201954) (329.788,15.517,4.493835)
compute 0.0337887365480359(0.0112150199711323,0.897924423217773,0.332127630710602) (0.0111145,0.8976939,0.331902) (329.0933,353.4411,75.92061) (-0.2205414,1.235333,0.021081) (329.6558,15.45403,4.517248)
compute 0.0470840605654835(0.0112560000270605,0.898248255252838,0.332466959953308) (0.01121502,0.8979244,0.3321276) (329.0952,353.4179,75.94416) (-0.2208185,1.235376,0.0197453) (329.6201,15.43956,4.463758)
compute 0.0461000519003069(0.0113741289824247,0.898598194122314,0.332742840051651) (0.011256,0.8982483,0.332467) (329.0883,353.3724,75.98656) (-0.2211637,1.235375,0.01920465) (329.6515,15.60477,4.302097)
compute 0.0345991357782083(0.0113050527870655,0.898917138576508,0.3328577876091) (0.01137413,0.8985982,0.3327428) (329.0797,353.3226,76.03967) (-0.2216095,1.235716,0.01884028) (329.947,15.89428,4.289016)
compute 0.0507864725166519(0.0113409413024783,0.899422943592072,0.332829505205154) (0.01130505,0.8989171,0.3328578) (329.0627,353.2955,76.06985) (-0.2219024,1.235529,0.01880064) (329.8192,16.12959,4.20354)
compute 0.0415813581590205(0.0113249076530337,0.899824261665344,0.332937151193619) (0.01134094,0.8994229,0.3328295) (329.0608,353.2945,76.07425) (-0.221851,1.235494,0.01882299) (329.7895,16.0955,4.205249)
compute 0.0344955242681188(0.0111464709043503,0.900112509727478,0.333000928163528) (0.01132491,0.8998243,0.3329372) (329.061,353.2941,76.07455) (-0.2219391,1.235634,0.01887367) (329.9579,16.14374,4.092026)
compute 0.0269285166107869(0.0109395002946258,0.900284230709076,0.332987159490585) (0.01114647,0.9001125,0.3330009) (329.0608,353.2942,76.07461) (-0.2219925,1.235782,0.01973741) (330.1496,16.16157,4.088385)
compute 0.0210678834314024(0.0108405565842986,0.900420606136322,0.332860678434372) (0.0109395,0.9002842,0.3329872) (329.0605,353.2928,76.07484) (-0.2220371,1.235504,0.02019989) (329.9178,16.22379,4.164216)
compute 0.0309779274596344(0.0107693495228887,0.900583565235138,0.33260703086853) (0.01084056,0.9004206,0.3328607) (329.0605,353.2924,76.07475) (-0.2219873,1.235366,0.02043565) (329.7245,16.19902,4.307086)
compute 0.0204480478726122(0.0107268588617444,0.900632441043854,0.332413077354431) (0.01076935,0.9005836,0.332607) (329.0612,353.2927,76.07565) (-0.221861,1.235733,0.02149038) (330.0331,16.05773,4.424228)
compute 0.00422164604510969(0.0107120685279369,0.900600433349609,0.332436293363571) (0.01072686,0.9006324,0.3324131) (329.082,353.2711,76.10587) (-0.2219329,1.235817,0.02260572) (330.183,16.09374,4.443086)
compute 0.0322590696181922(0.0108543885871768,0.900651276111603,0.332721292972565) (0.01071207,0.9006004,0.3324363) (329.0962,353.2408,76.12992) (-0.2216463,1.235684,0.02286352) (330.0631,15.89502,4.504071)
compute 0.0385814446321053(0.0108701791614294,0.900373995304108,0.332989096641541) (0.01085439,0.9006513,0.3327213) (329.1405,353.2047,76.15054) (-0.2214712,1.235715,0.02334502) (330.0972,15.61783,4.555021)
compute 0.0249397938704155(0.0107828555628657,0.900177836418152,0.333115965127945) (0.01087018,0.900374,0.3329891) (329.2751,353.099,76.15144) (-0.2214962,1.235672,0.02415974) (330.0591,15.60662,4.709911)
compute 0.0517807192020522(0.011249415576458,0.900007545948029,0.333262413740158) (0.01078286,0.9001778,0.333116) (329.2994,353.0851,76.14629) (-0.2212608,1.235727,0.02456407) (330.1372,15.4243,4.696796)
compute 0.0205228691033727(0.0111298002302647,0.900019228458405,0.333428770303726) (0.01124942,0.9000075,0.3332624) (329.3018,353.0858,76.1441) (-0.22119,1.235768,0.02465986) (330.1581,15.36315,4.748509)
compute 0.0186985116445202(0.0110867917537689,0.900026559829712,0.333610594272614) (0.0111298,0.9000192,0.3334288) (329.3016,353.0847,76.14259) (-0.2211196,1.235487,0.02485809) (329.9245,15.2026,4.775544)
compute 0.025688011087028(0.0109879365190864,0.900101482868195,0.333835542201996) (0.01108679,0.9000266,0.3336106) (329.3069,353.0645,76.13939) (-0.2217259,1.235419,0.0249983) (329.7796,14.78291,5.00144)
compute 0.0341770314956529(0.0108885420486331,0.900144696235657,0.334159672260284) (0.01098794,0.9001015,0.3338355) (329.3062,353.0279,76.12776) (-0.2222084,1.235468,0.02499353) (329.8267,14.67651,4.999895)
compute 0.0400851613180307(0.0107641499489546,0.900108337402344,0.334538996219635) (0.01088854,0.9001447,0.3341597) (329.3066,353.004,76.11793) (-0.2224187,1.235387,0.0249995) (329.7741,14.84449,4.969412)
compute 0.0428752589679923(0.0108192143961787,0.89995551109314,0.334935784339905) (0.01076415,0.9001083,0.334539) (329.3103,352.9952,76.10816) (-0.2223227,1.235162,0.02510227) (329.6609,14.95658,4.791455)
compute 0.0341232812140247(0.0108958864584565,0.899806320667267,0.335232943296433) (0.01081921,0.8999555,0.3349358) (329.3093,352.9948,76.10075) (-0.2220832,1.235194,0.02496402) (329.6996,15.00152,4.729887)
compute 0.0349667929318087(0.0108758537098765,0.899613380432129,0.335523873567581) (0.01089589,0.8998063,0.3352329) (329.3081,352.9957,76.09634) (-0.2218722,1.234941,0.02460746) (329.4378,14.85337,4.775656)
compute 0.0181856972392211(0.010830637998879,0.899479627609253,0.335638493299484) (0.01087585,0.8996134,0.3355239) (329.3078,352.9948,76.09505) (-0.22428,1.23958,0.02083874) (325.6488,13.44519,4.729736)
compute 0.437333677650938(0.0119359511882067,0.895311236381531,0.336365729570389) (0.01083064,0.8994796,0.3356385) (329.3019,353.0058,76.06892) (-0.2267556,1.24341,0.01568367) (321.7903,11.82497,5.157862)
compute 1.30881349527494(0.018063772469759,0.885257065296173,0.342080861330032) (0.01193595,0.8953112,0.3363657) (329.2422,353.0518,75.96287) (-0.2296012,1.246697,0.005855032) (318.0479,10.65684,5.936553)
compute 0.502862358420243(0.0204849354922771,0.883975386619568,0.346297770738602) (0.01806377,0.8852571,0.3420809) (329.2375,353.0724,75.93724) (-0.2312904,1.247243,-0.000237464) (316.6461,10.9132,5.414806)
compute 0.26892407138231(0.0206658206880093,0.884786903858185,0.348855257034302) (0.02048494,0.8839754,0.3462978) (329.1249,353.034,75.97241) (-0.2317337,1.247583,-0.001520528) (316.8637,11.21352,5.553271)
compute 0.35844815059623(0.0204912628978491,0.887928664684296,0.350572049617767) (0.02066582,0.8847869,0.3488553) (328.5338,352.8332,76.16508) (-0.2328938,1.247047,-0.0003697341) (316.3417,10.69203,5.849442)
compute 0.289249541628906(0.0198095459491014,0.890311121940613,0.352063924074173) (0.02049126,0.8879287,0.350572) (328.4377,352.8025,76.22453) (-0.2352093,1.246709,0.0004486749) (316.0281,10.36518,6.083519)
compute 0.137222146177186(0.0187850706279278,0.891207337379456,0.352237820625305) (0.01980955,0.8903111,0.3520639) (328.4302,352.8084,76.24902) (-0.2359014,1.246546,0.0004945705) (315.9154,10.72093,6.016788)
compute 0.127506009008418(0.0190428681671619,0.890072464942932,0.352758765220642) (0.01878507,0.8912073,0.3522378) (328.4282,352.8519,76.27402) (-0.2359828,1.246274,0.0006655091) (315.6816,10.84485,5.941008)
compute 0.28535079380409(0.0196761935949326,0.88746964931488,0.353742003440857) (0.01904287,0.8900725,0.3527588) (328.4294,352.979,76.31813) (-0.2356812,1.246107,0.0002671489) (315.4188,10.57047,6.052262)
compute 0.0612259180535754(0.0195003822445869,0.886886537075043,0.353804707527161) (0.01967619,0.8874696,0.353742) (328.3981,353.1339,76.29391) (-0.2359544,1.246186,-0.000293999) (315.5011,10.61259,5.938072)
compute 0.0614245217062739(0.0195080675184727,0.887444674968719,0.353548347949982) (0.01950038,0.8868865,0.3538047) (328.2334,353.5082,76.11954) (-0.2361232,1.246224,-0.001380525) (315.5872,10.69456,5.803052)
compute 0.0412029516341395(0.019910691305995,0.887435495853424,0.353461295366287) (0.01950807,0.8874447,0.3535483) (328.1084,353.8614,75.95074) (-0.2357692,1.246218,-0.001883439) (315.6039,10.41165,5.718296)
compute 0.0560154764865944(0.0203987546265125,0.887386620044708,0.353190779685974) (0.01991069,0.8874355,0.3534613) (327.9214,354.4348,75.52267) (-0.2358074,1.246331,-0.002085357) (315.8907,10.41547,5.511616)
compute 0.0563373634889852(0.0207610800862312,0.887631475925446,0.352835595607758) (0.02039875,0.8873866,0.3531908) (327.6015,354.8456,75.15564) (-0.2353712,1.246127,-0.002152747) (316.5132,11.1066,5.031387)
compute 0.129078834764012(0.0214826744049788,0.888419687747955,0.352111607789993) (0.02076108,0.8876315,0.3528356) (327.1295,355.3455,74.58768) (-0.2347156,1.246328,-0.002474411) (317.0101,11.74221,4.538958)
compute 2.1238819942629(0.0226889383047819,0.907113432884216,0.34210279583931) (0.02148267,0.8884197,0.3521116) (325.5835,357.6456,71.21706) (-0.2330464,1.24631,-0.00110647) (317.3988,11.67301,4.42031)
compute 2.10531912080527(0.029870243743062,0.926681995391846,0.339146941900253) (0.02268894,0.9071134,0.3421028) (323.6471,0.3063198,66.87539) (-0.2323666,1.246552,0.0006397301) (318.0787,11.03282,4.566078)
compute 3.56942210534337(0.0507059693336487,0.954668045043945,0.34667894244194) (0.02987024,0.926682,0.3391469) (319.3545,4.011488,57.28814) (-0.2314959,1.246648,0.0005043754) (318.8684,10.34988,4.723134)
compute 5.69987619799513(0.0693738460540771,1.0079882144928,0.354250520467758) (0.05070597,0.954668,0.3466789) (312.2817,6.3397,54.1641) (-0.2300454,1.24642,0.004905836) (320.1832,9.024015,4.841393)
compute 6.60903785359846(0.080510787665844,1.07311236858368,0.35590922832489) (0.06937385,1.007988,0.3542505) (303.527,9.828407,48.29681) (-0.2301557,1.244686,0.00968852) (321.9157,7.492559,5.101848)
compute 5.96185464404513(0.0831632316112518,1.13246130943298,0.350905328989029) (0.08051079,1.073112,0.3559092) (294.4143,13.0791,43.7529) (-0.2299566,1.243009,0.01449573) (324.1602,6.015113,5.109194)
compute 4.24160215520808(0.0830366611480713,1.17471218109131,0.347168117761612) (0.08316323,1.132461,0.3509053) (288.6064,21.41262,28.90512) (-0.2313888,1.242272,0.01789194) (325.961,4.494234,5.215516)
compute 3.5969271733936(0.0647623613476753,1.20562982559204,0.345183730125427) (0.08303666,1.174712,0.3471681) (285.1404,16.69099,30.46284) (-0.2327215,1.242389,0.02048568) (326.7973,3.412658,5.36377)
compute 3.09968746752487(0.0432279221713543,1.2278755903244,0.343700438737869) (0.06476236,1.20563,0.3451837) (283.4435,5.620721,40.12281) (-0.2319209,1.24058,0.02042021) (327.8871,2.765214,5.73512)
compute 2.05084649967862(0.0310338959097862,1.24400496482849,0.347127705812454) (0.04322792,1.227876,0.3437004) (283.8087,358.9476,45.16321) (-0.2317311,1.239356,0.02080851) (328.7022,2.658016,5.85548)
compute 2.60233801075722(0.00835527386516333,1.2514910697937,0.357464760541916) (0.0310339,1.244005,0.3471277) (286.5169,344.0291,58.04455) (-0.2312897,1.239484,0.0205577) (328.7681,2.513477,5.872263)
compute 3.5678363567943(-0.0248302854597569,1.25315427780151,0.370460838079453) (0.008355274,1.251491,0.3574648) (290.1588,327.4075,74.37195) (-0.2305559,1.239024,0.01488397) (327.4752,2.412093,5.642651)
compute 3.6174980998879(-0.0591175444424152,1.2500251531601,0.381561368703842) (-0.02483029,1.253154,0.3704608) (294.1062,319.3678,80.6762) (-0.2297922,1.242094,0.009254039) (325.0446,2.081116,5.594793)
compute 4.72333091081841(-0.0984397977590561,1.22936797142029,0.397624582052231) (-0.05911754,1.250025,0.3815614) (302.1481,311.1382,87.55324) (-0.2291981,1.243375,0.00392224) (322.9858,1.868193,5.458982)
compute 4.37838615317344(-0.131119772791862,1.20200908184052,0.407651394605637) (-0.0984398,1.229368,0.3976246) (309.1142,307.0994,89.96938) (-0.2283221,1.244966,-0.0006949147) (320.8548,1.758551,5.734344)
compute 4.18062021872711(-0.155271202325821,1.1694860458374,0.417981892824173) (-0.1311198,1.202009,0.4076514) (315.0245,305.3391,88.64564) (-0.2283205,1.247262,-0.006820216) (318.6696,1.74255,6.030402)
compute 3.75453561049562(-0.169712141156197,1.13664567470551,0.429055422544479) (-0.1552712,1.169486,0.4179819) (320.3066,305.4287,87.39581) (-0.2283056,1.24888,-0.01215247) (316.9682,1.829074,6.057296)
compute 3.23991520146284(-0.175243005156517,1.1091582775116,0.445289880037308) (-0.1697121,1.136646,0.4290554) (323.7496,306.7183,85.92285) (-0.2284738,1.250713,-0.01587615) (314.9606,1.940669,6.049549)
compute 1.63001525184763(-0.175093278288841,1.09648180007935,0.45553582906723) (-0.175243,1.109158,0.4452899) (325.2311,307.7867,84.57724) (-0.2279835,1.251655,-0.01961897) (313.7332,1.459747,6.371852)
compute 1.01190177067232(-0.16897751390934,1.10138070583344,0.461938381195068) (-0.1750933,1.096482,0.4555358) (324.3204,308.938,83.49553) (-0.2283258,1.251791,-0.01988832) (312.9358,0.5423694,6.711811)
compute 6.68804881876504(-0.141775459051132,1.16247475147247,0.462690472602844) (-0.1689775,1.101381,0.4619384) (315.7214,314.0585,74.30269) (-0.229745,1.251969,-0.02161516) (312.3391,359.3162,6.933351)
compute 11.1611134548616(-0.105457589030266,1.26796865463257,0.465706139802933) (-0.1417755,1.162475,0.4626905) (303.52,322.5053,63.7912) (-0.2289044,1.251851,-0.02234565) (312.0797,358.6071,7.01888)
compute 13.3492563886624(-0.065580390393734,1.392014503479,0.436676830053329) (-0.1054576,1.267969,0.4657061) (288.1169,347.6773,34.83592) (-0.2310806,1.25129,-0.02231917) (311.2973,357.2888,7.446829)
compute 10.1793291366707(-0.0463101640343666,1.48187828063965,0.392915725708008) (-0.06558039,1.392015,0.4366768) (282.932,40.71368,338.7072) (-0.2353819,1.251161,-0.02203853) (311.241,354.4249,9.103333)
compute 7.29394462514631(-0.09023567289114,1.52261781692505,0.351310402154922) (-0.04631016,1.481878,0.3929157) (275.8009,44.44667,336.6083) (-0.2375123,1.249641,-0.02232397) (311.1939,352.6513,9.988721)
compute 10.6029128408388(-0.189826428890228,1.51661014556885,0.31542494893074) (-0.09023567,1.522618,0.3513104) (287.213,265.1006,119.8114) (-0.2369933,1.249162,-0.02396629) (311.1865,353.3668,9.984213)
compute 10.2795736775797(-0.277000844478607,1.46306312084198,0.305409908294678) (-0.1898264,1.51661,0.3154249) (312.1449,262.3372,125.528) (-0.2318743,1.249207,-0.02492826) (311.5314,355.118,8.809253)
compute 8.54474381744128(-0.325626820325851,1.39340198040009,0.314580768346787) (-0.2770008,1.463063,0.3054099) (330.5925,266.709,124.558) (-0.2289383,1.24935,-0.0238433) (311.9529,354.4554,8.973342)
compute 5.37351762317342(-0.335803687572479,1.34356760978699,0.331913858652115) (-0.3256268,1.393402,0.3145808) (342.6582,268.9174,122.61) (-0.2295734,1.249421,-0.02293282) (311.9189,352.4111,10.03907)
compute 1.92796653700706(-0.330386430025101,1.34178757667542,0.350330978631973) (-0.3358037,1.343568,0.3319139) (341.7709,270.5773,124.1546) (-0.2299489,1.249137,-0.02269967) (311.6591,352.1575,10.47703)
compute 4.44783172921869(-0.313839703798294,1.3830224275589,0.352383702993393) (-0.3303864,1.341788,0.350331) (331.1259,268.8141,126.9532) (-0.2306722,1.249223,-0.02275931) (311.8607,352.8444,10.3274)
compute 5.78280437118768(-0.285993248224258,1.43329918384552,0.345987975597382) (-0.3138397,1.383022,0.3523837) (318.1854,266.3282,129.1122) (-0.2303114,1.249415,-0.02202322) (312.1514,352.5209,10.26947)
compute 6.47559268226025(-0.23827950656414,1.47610414028168,0.336797505617142) (-0.2859932,1.433299,0.345988) (305.9429,262.8311,130.9017) (-0.2290802,1.250145,-0.02151395) (313.317,351.7706,9.825805)
compute 10.8863753821195(-0.142279103398323,1.52644038200378,0.346872359514236) (-0.2382795,1.476104,0.3367975) (288.7235,269.2736,128.1097) (-0.2310398,1.249591,-0.02395428) (312.496,351.3759,10.12993)
compute 13.2530991986832(-0.0137705439701676,1.55470359325409,0.362721860408783) (-0.1422791,1.52644,0.3468724) (280.7294,43.44355,352.7309) (-0.2365987,1.24907,-0.02406897) (311.5461,350.8748,11.44639)
compute 5.76576227902367(0.0437535867094994,1.55606997013092,0.359046399593353) (-0.01377054,1.554704,0.3627219) (291.1727,68.28161,329.0408) (-0.2375409,1.248746,-0.02038009) (311.3755,350.7166,11.87631)
compute 3.40541914839269(0.00971186812967062,1.55694007873535,0.359350353479385) (0.04375359,1.55607,0.3590464) (287.2115,61.21021,336.0762) (-0.2350265,1.248576,-0.01362562) (312.1462,351.735,10.88783)
compute 11.6406954878321(-0.106397472321987,1.55300760269165,0.366680830717087) (0.009711868,1.55694,0.3593504) (280.4677,332.2397,63.60881) (-0.2313073,1.247801,-0.008914492) (313.0585,352.4752,10.10686)
compute 15.052050789126(-0.248358234763145,1.50306606292725,0.36361375451088) (-0.1063975,1.553008,0.3666808) (306.6947,280.1617,114.3843) (-0.2290227,1.247248,-0.008807211) (312.6506,353.0246,9.417422)
compute 14.645375667263(-0.345035880804062,1.3968358039856,0.33502584695816) (-0.2483582,1.503066,0.3636138) (339.9689,264.3948,120.1711) (-0.2285882,1.247196,-0.008597112) (312.4901,352.5775,9.669889)
compute 10.2661598480017(-0.375448405742645,1.29891216754913,0.329981654882431) (-0.3450359,1.396836,0.3350258) (2.269347,261.3986,112.2422) (-0.2287601,1.246873,-0.01328808) (311.6032,352.6107,9.898717)
compute 3.38350318670747(-0.372742354869843,1.28189766407013,0.359101980924606) (-0.3754484,1.298912,0.3299817) (5.57224,265.4562,115.2597) (-0.2295567,1.246514,-0.0177258) (310.4908,353.5,9.411555)
compute 7.2152815438423(-0.347536534070969,1.34458041191101,0.384431183338165) (-0.3727424,1.281898,0.359102) (349.9171,270.4269,119.6066) (-0.2299623,1.248392,-0.01908989) (309.2623,353.8369,9.862078)
compute 11.1653611731658(-0.291768074035645,1.44127655029297,0.386934220790863) (-0.3475365,1.34458,0.3844312) (326.5578,272.256,123.3604) (-0.2311165,1.249149,-0.01966228) (308.9403,355.5958,9.146593)
compute 11.9570544827784(-0.206553399562836,1.5231808423996,0.368843853473663) (-0.2917681,1.441277,0.3869342) (301.6553,273.2939,124.0675) (-0.2310055,1.249324,-0.01980887) (308.5316,357.1012,8.558631)
compute 10.8857743812112(-0.113967031240463,1.57942843437195,0.358167618513107) (-0.2065534,1.523181,0.3688439) (279.6472,288.9073,106.8179) (-0.2309196,1.249558,-0.0194639) (308.0061,357.7314,8.489769)
compute 8.16233392307773(-0.0376826412975788,1.60375034809113,0.342308700084686) (-0.113967,1.579428,0.3581676) (277.9745,64.46415,330.4425) (-0.2310085,1.249813,-0.01949273) (307.8889,358.4248,8.063429)
compute 3.50071036257045(-0.0139034129679203,1.59616601467133,0.317762345075607) (-0.03768264,1.60375,0.3423087) (281.1475,74.38144,322.7025) (-0.2312924,1.250349,-0.01929791) (307.9769,359.2499,7.748233)
compute 0.99779266655741(-0.0142222670838237,1.58862996101379,0.311230480670929) (-0.01390341,1.596166,0.3177623) (280.6502,72.18436,326.8002) (-0.2309048,1.250148,-0.01571591) (308.0772,359.2288,7.884952)
compute 0.632897872785807(-0.0202535782009363,1.58866393566132,0.309312641620636) (-0.01422227,1.58863,0.3112305) (278.7065,75.99171,328.0156) (-0.2353521,1.25039,-0.01191427) (308.6981,358.8947,8.088245)
compute 1.50404271409594(-0.0336452461779118,1.59541714191437,0.308184862136841) (-0.02025358,1.588664,0.3093126) (276.7058,92.89593,317.4737) (-0.2394754,1.250964,-0.01008191) (309.362,358.2748,8.753536)
compute 1.86122794525834(-0.0510709919035435,1.60192108154297,0.308862447738647) (-0.03364525,1.595417,0.3081849) (273.5785,99.38988,313.3996) (-0.2424227,1.251374,-0.009339797) (309.7924,358.2696,9.286752)
compute 1.65620376448819(-0.0675633698701859,1.60322523117065,0.309638172388077) (-0.05107099,1.601921,0.3088624) (271.1373,111.3419,301.918) (-0.2424089,1.251635,-0.008715759) (310.2151,358.6429,9.351189)
compute 1.76270037821319(-0.0850432217121124,1.6027706861496,0.311865150928497) (-0.06756337,1.603225,0.3096382) (271.2888,280.9717,131.6597) (-0.2423287,1.251451,-0.008414402) (310.2185,359.2922,8.964416)
compute 2.16064247855654(-0.106538385152817,1.60079205036163,0.312803536653519) (-0.08504322,1.602771,0.3118652) (273.4753,278.8209,133.181) (-0.2413085,1.251892,-0.009114328) (310.5639,359.3559,9.126972)
compute 2.51864706500965(-0.131283327937126,1.59609687328339,0.312765806913376) (-0.1065384,1.600792,0.3128035) (275.7248,276.3373,135.0392) (-0.240053,1.252031,-0.009316432) (310.7764,359.4368,8.856813)
compute 2.62285031892036(-0.156606271862984,1.58928549289703,0.313302487134933) (-0.1312833,1.596097,0.3127658) (278.1298,276.16,134.5818) (-0.2395684,1.252349,-0.009591035) (311.0606,359.2815,8.97212)
compute 1.88041497088682(-0.173497036099434,1.58118009567261,0.314915150403976) (-0.1566063,1.589285,0.3133025) (280.1754,278.2747,132.605) (-0.2393318,1.252301,-0.01008609) (311.5103,359.3986,8.830498)
compute 1.70510675559841(-0.18515607714653,1.57201933860779,0.323334544897079) (-0.173497,1.58118,0.3149152) (281.8598,281.4494,129.6477) (-0.2388291,1.252246,-0.008058927) (312.179,359.2195,9.067945)
compute 0.732382424618156(-0.18885213136673,1.5669082403183,0.327056676149368) (-0.1851561,1.572019,0.3233345) (282.5954,284.1278,127.2076) (-0.238378,1.251955,-0.003985669) (312.8387,359.9101,8.322659)
compute 0.646418001328184(-0.191786214709282,1.56323838233948,0.331496149301529) (-0.1888521,1.566908,0.3270567) (282.9475,285.7685,125.7329) (-0.2390183,1.25165,0.002097295) (313.324,0.5159301,8.251266)
compute 1.05268192040684(-0.197345271706581,1.55626583099365,0.337090283632278) (-0.1917862,1.563238,0.3314961) (284.2995,287.9821,124.225) (-0.2427146,1.250458,0.007599243) (313.9079,1.006456,7.967454)
compute 2.15993714217489(-0.211898371577263,1.54390716552734,0.347189962863922) (-0.1973453,1.556266,0.3370903) (285.7031,290.128,121.9956) (-0.2469042,1.248283,0.01224301) (314.0112,1.056593,7.924614)
compute 2.58082216900183(-0.225424095988274,1.53694987297058,0.368039786815643) (-0.2118984,1.543907,0.34719) (287.0234,291.0699,120.4205) (-0.2497917,1.246856,0.01722841) (314.0871,0.9063867,7.218276)
compute 2.57585507543928(-0.235280513763428,1.51622521877289,0.379737764596939) (-0.2254241,1.53695,0.3680398) (289.2624,291.8483,117.8816) (-0.2507565,1.246794,0.02295876) (314.9366,359.7162,7.739917)
compute 3.02068402081541(-0.250132441520691,1.48996460437775,0.378236562013626) (-0.2352805,1.516225,0.3797378) (293.1611,291.9034,115.6509) (-0.2492487,1.246561,0.02678669) (315.048,358.3683,7.783386)
compute 2.17322352501696(-0.231163144111633,1.48659861087799,0.388292700052261) (-0.2501324,1.489965,0.3782366) (296.1934,291.1353,115.8708) (-0.2432759,1.245499,0.03551978) (314.4221,357.793,7.924569)
compute 1.44824500997863(-0.220056727528572,1.49284565448761,0.39517480134964) (-0.2311631,1.486599,0.3882927) (296.313,291.6651,115.6177) (-0.2331962,1.245037,0.04654342) (314.1169,357.3624,7.979453)
compute 4.70796768587596(-0.183307901024818,1.51138651371002,0.418027728796005) (-0.2200567,1.492846,0.3951748) (294.0596,294.2653,115.3211) (-0.2220448,1.244688,0.058708) (313.8558,356.2747,9.098151)
compute 5.62627610551903(-0.134644716978073,1.53143656253815,0.437912106513977) (-0.1833079,1.511387,0.4180277) (289.9868,297.6805,114.8991) (-0.211635,1.244301,0.07214964) (312.918,355.3288,9.12951)
compute 5.5726707498961(-0.0829929336905479,1.54587888717651,0.453044146299362) (-0.1346447,1.531437,0.4379121) (284.2908,304.0467,111.4442) (-0.2047586,1.243268,0.08578167) (312.4292,354.0643,10.34089)
compute 5.02059416829267(-0.037907786667347,1.55706775188446,0.472090810537338) (-0.08299293,1.545879,0.4530441) (279.4702,326.9501,89.52486) (-0.2014167,1.241184,0.09698395) (312.221,351.6611,12.32423)
compute 2.72221400779925(-0.0141133982688189,1.5637035369873,0.483529269695282) (-0.03790779,1.557068,0.4720908) (277.7565,3.422742,50.87332) (-0.2005017,1.237109,0.1071197) (311.407,349.7476,12.82756)
compute 1.2000417787359(-0.0239101592451334,1.56679499149323,0.489732205867767) (-0.0141134,1.563704,0.4835293) (276.5773,9.650128,43.1647) (-0.2123917,1.238481,0.1173384) (311.5234,348.216,13.55289)
compute 5.02323129229852(-0.071819856762886,1.57617330551147,0.501564085483551) (-0.02391016,1.566795,0.4897322) (276.6966,350.2635,58.0806) (-0.2285374,1.239542,0.1304289) (311.1931,344.789,14.80122)
compute 6.10951443985946(-0.132483512163162,1.58187425136566,0.506040334701538) (-0.07181986,1.576173,0.5015641) (277.0608,312.7907,90.01579) (-0.2459701,1.23899,0.1435474) (312.2129,343.1857,14.30548)
compute 8.50772186257056(-0.216307610273361,1.58302247524261,0.520543277263641) (-0.1324835,1.581874,0.5060403) (281.4833,288.1137,108.246) (-0.2641795,1.241191,0.1529275) (311.5886,341.3779,15.28517)
compute 9.3200632241648(-0.308274149894714,1.56817531585693,0.51770156621933) (-0.2163076,1.583022,0.5205433) (290.8159,270.2355,119.9151) (-0.2773952,1.244717,0.1654083) (311.317,340.9463,14.21911)
compute 7.48185735074385(-0.367479920387268,1.52774655818939,0.496300369501114) (-0.3082741,1.568175,0.5177016) (299.5043,265.2438,120.3451) (-0.281796,1.245844,0.1734772) (311.457,342.238,13.08661)
compute 2.47165639481055(-0.381138324737549,1.50753176212311,0.492335706949234) (-0.3674799,1.527747,0.4963004) (303.6701,262.1218,123.2053) (-0.2816742,1.245405,0.1771568) (311.912,343.3082,12.52382)
compute 4.10470112544554(-0.344315856695175,1.51851379871368,0.506770312786102) (-0.3811383,1.507532,0.4923357) (298.6472,264.3599,123.3586) (-0.2689572,1.244866,0.1776046) (311.0047,343.6241,12.63195)
compute 7.18346862030113(-0.277532815933228,1.54263639450073,0.517649114131927) (-0.3443159,1.518514,0.5067703) (292.0223,267.1817,125.5016) (-0.2504317,1.24532,0.1760706) (309.1083,344.6919,12.99598)
compute 7.66982197372042(-0.203544482588768,1.56282711029053,0.518472790718079) (-0.2775328,1.542636,0.5176491) (286.7083,266.6557,131.5005) (-0.2297141,1.245168,0.1745429) (308.1541,345.6967,13.61504)
compute 8.65203225049518(-0.122399464249611,1.59171009063721,0.526659727096558) (-0.2035445,1.562827,0.5184728) (281.0776,270.5065,132.5164) (-0.2086633,1.244504,0.1724537) (305.8126,346.9625,13.58429)
compute 7.90926363101239(-0.0460151433944702,1.61206793785095,0.529236376285553) (-0.1223995,1.59171,0.5266597) (274.5188,271.7927,135.392) (-0.1933098,1.244383,0.1720989) (304.7679,347.7891,15.13444)
compute 6.06984416563326(0.0143545689061284,1.61313307285309,0.523018300533295) (-0.04601514,1.612068,0.5292364) (270.7657,2.722909,47.999) (-0.1769564,1.243353,0.1724289) (304.9327,349.6649,13.49676)
compute 4.52238170230004(0.0582523047924042,1.60251069068909,0.520705878734589) (0.01435457,1.613133,0.5230183) (275.7408,63.92171,348.2312) (-0.1687861,1.243158,0.1733025) (304.8656,350.5583,13.05306)
compute 3.0010228517818(0.0869623795151711,1.59383344650269,0.519680738449097) (0.0582523,1.602511,0.5207059) (279.7918,73.0566,339.8159) (-0.1689245,1.242194,0.1815678) (305.3619,352.8273,11.35532)
compute 0.442818778587907(0.0912322252988815,1.59362494945526,0.518525838851929) (0.08696238,1.593833,0.5196807) (280.9496,74.21822,339.3321) (-0.1783328,1.241263,0.1855559) (305.1734,354.5576,10.46152)
compute 3.05606942981361(0.0609301701188087,1.59659600257874,0.515896320343018) (0.09123223,1.593625,0.5185258) (278.6382,80.93581,331.5489) (-0.1947645,1.246593,0.1899818) (305.1431,354.08,11.68726)
compute 6.92926046220145(-0.00808358564972878,1.60276019573212,0.515142023563385) (0.06093017,1.596596,0.5158963) (271.967,58.58786,351.0389) (-0.2094562,1.247803,0.1948607) (305.3983,352.1703,12.71419)
compute 7.77936393596161(-0.0858558043837547,1.60151958465576,0.513802647590637) (-0.008083586,1.60276,0.515142) (275.8834,260.3453,144.1349) (-0.2209834,1.248147,0.2000261) (306.1491,350.6672,13.05433)
compute 8.97520506557094(-0.174837723374367,1.59191274642944,0.520537436008453) (-0.0858558,1.60152,0.5138026) (285.4789,263.2544,135.5023) (-0.2296082,1.247545,0.2033067) (306.1934,350.113,12.58187)
compute 8.80198019604503(-0.2576804459095,1.56257712841034,0.525435447692871) (-0.1748377,1.591913,0.5205374) (296.1843,261.6725,132.4201) (-0.239981,1.247481,0.2042355) (306.0299,348.7682,13.42959)
compute 8.05131695453891(-0.324796766042709,1.51811873912811,0.524330079555511) (-0.2576804,1.562577,0.5254354) (306.1595,261.2674,128.7833) (-0.2484954,1.247496,0.2080829) (306.1835,349.3664,13.56108)
compute 2.7407096620256(-0.344380080699921,1.49917340278625,0.527282536029816) (-0.3247968,1.518119,0.5243301) (310.0972,261.4864,128.692) (-0.2534184,1.247183,0.2119178) (306.4519,350.7228,13.37565)
compute 2.63627859302386(-0.322825521230698,1.50886416435242,0.538965284824371) (-0.3443801,1.499173,0.5272825) (307.1532,263.3561,129.9178) (-0.2575406,1.246612,0.2128788) (306.2355,353.5244,12.98248)
compute 6.48816620153136(-0.265762329101563,1.53974103927612,0.539167463779449) (-0.3228255,1.508864,0.5389653) (300.6899,264.6033,134.6849) (-0.2530209,1.247072,0.2134523) (305.9791,358.3996,11.49059)
compute 8.4580621306217(-0.188443332910538,1.57107067108154,0.525235176086426) (-0.2657623,1.539741,0.5391675) (291.5646,262.0665,143.3652) (-0.2400787,1.247325,0.2129728) (306.4547,2.925973,10.46867)
compute 8.46143056986891(-0.107701599597931,1.59199631214142,0.511005938053131) (-0.1884433,1.571071,0.5252352) (285.0022,259.7405,152.4836) (-0.2193373,1.246882,0.2124306) (306.0524,7.030051,7.892827)
compute 8.57744526849916(-0.0242463406175375,1.60559642314911,0.496600598096848) (-0.1077016,1.591996,0.5110059) (279.0384,250.2295,166.6435) (-0.1999768,1.247236,0.2106362) (304.8814,8.455743,7.950855)
compute 7.34875975286042(0.0486688800156116,1.60945677757263,0.488300263881683) (-0.02424634,1.605596,0.4966006) (274.5105,222.4276,198.3803) (-0.1813811,1.249259,0.2096794) (304.7742,9.853962,7.424122)
compute 6.01329315052365(0.107701919972897,1.60403048992157,0.478219330310822) (0.04866888,1.609457,0.4883003) (274.0671,153.6206,269.5167) (-0.1638156,1.249038,0.2096491) (304.2015,11.77513,6.885241)
compute 5.21156198225387(0.158484011888504,1.59742105007172,0.468548119068146) (0.1077019,1.60403,0.4782193) (278.2309,124.0313,299.7876) (-0.1486467,1.248958,0.2090763) (304.0637,13.05881,5.694446)
compute 2.769363717307(0.185448616743088,1.59406352043152,0.463202595710754) (0.158484,1.597421,0.4685481) (281.1374,118.5701,304.859) (-0.1408398,1.248983,0.2085495) (303.9853,14.14174,5.317723)
compute 1.20447021085766(0.196999609470367,1.5925509929657,0.460142910480499) (0.1854486,1.594064,0.4632026) (282.0461,117.2988,306.4135) (-0.1358661,1.248793,0.2079467) (303.8479,15.15855,4.425794)
compute 0.320685573075934(0.194783985614777,1.59152054786682,0.45806610584259) (0.1969996,1.592551,0.4601429) (282.0438,117.3637,306.1503) (-0.135615,1.248601,0.2069146) (303.5219,15.92768,3.697116)
compute 1.44030681461575(0.18044675886631,1.59211134910584,0.459308385848999) (0.194784,1.591521,0.4580661) (281.211,117.7501,304.489) (-0.1401534,1.248819,0.2063438) (303.3763,16.49097,3.347675)
compute 2.50592508884939(0.156685665249825,1.59667336940765,0.465832531452179) (0.1804468,1.592111,0.4593084) (279.7585,118.942,301.3697) (-0.1465132,1.248473,0.2062437) (303.1497,17.83906,2.212812)
compute 3.58359356018141(0.122480489313602,1.60107314586639,0.475572258234024) (0.1566857,1.596673,0.4658325) (276.8046,123.7708,294.0762) (-0.1531394,1.248233,0.2048601) (303.2143,20.27286,0.4838278)
compute 4.97676456438477(0.0752159431576729,1.60402643680573,0.490874528884888) (0.1224805,1.601073,0.4755723) (272.6996,142.8203,272.3104) (-0.1624036,1.248046,0.20337) (303.2311,20.48545,0.05633952)
compute 6.5022442133934(0.0110382083803415,1.6043336391449,0.501316845417023) (0.07521594,1.604026,0.4908745) (274.5042,250.4256,161.1742) (-0.1804066,1.248281,0.200517) (302.957,16.10792,2.045924)
compute 6.34457357173461(-0.0520446561276913,1.60321307182312,0.50799947977066) (0.01103821,1.604334,0.5013168) (280.0348,261.2268,145.5212) (-0.1950566,1.248375,0.1986785) (302.6077,11.90023,3.667459)
compute 7.54728108805933(-0.127392843365669,1.5989363193512,0.507288038730621) (-0.05204466,1.603213,0.5079995) (288.0069,257.171,145.8042) (-0.2084522,1.24858,0.1974438) (302.2371,10.05413,4.561841)
compute 9.71449757597462(-0.215606644749641,1.55989420413971,0.495834439992905) (-0.1273928,1.598936,0.507288) (304.9845,257.0215,145.1291) (-0.2151906,1.249078,0.1972629) (302.4876,10.98461,3.840572)
compute 4.78913976003093(-0.248882293701172,1.52693128585815,0.485846281051636) (-0.2156066,1.559894,0.4958344) (312.4291,258.2982,146.4773) (-0.2174657,1.249479,0.1971615) (302.571,12.93691,3.10631)
compute 3.04263492039076(-0.219836816191673,1.53325283527374,0.479353129863739) (-0.2488823,1.526931,0.4858463) (307.1974,257.0447,150.8946) (-0.2176622,1.249251,0.1970257) (302.342,14.48905,2.858281)
compute 7.89798093927376(-0.1462572067976,1.56142508983612,0.473859876394272) (-0.2198368,1.533253,0.4793531) (296.476,252.9271,160.7) (-0.2094542,1.249112,0.1965491) (302.2485,16.64637,1.812468)
compute 10.3165035800318(-0.0481565855443478,1.58848404884338,0.456915646791458) (-0.1462572,1.561425,0.4738599) (286.3514,234.7534,185.4271) (-0.1987261,1.248955,0.1908464) (301.5906,19.70078,0.08378727)
compute 11.1010968055814(0.0608565509319305,1.60553181171417,0.444711357355118) (-0.04815659,1.588484,0.4569156) (280.9381,165.825,255.9345) (-0.1926821,1.249618,0.1868567) (301.5469,19.10877,0.3821136)
compute 6.74230542094457(0.128094732761383,1.60122382640839,0.442194104194641) (0.06085655,1.605532,0.4447114) (293.5397,117.4886,298.2135) (-0.1942474,1.249518,0.1858559) (301.737,8.296578,7.507772)
compute 7.2452688596045(0.0590314604341984,1.60458850860596,0.463835150003433) (0.1280947,1.601224,0.4421941) (285.2023,124.1477,286.1516) (-0.1997435,1.248412,0.1865504) (303.9031,356.5592,13.25738)
compute 16.2695231537748(-0.102035537362099,1.59806287288666,0.485848277807236) (0.05903146,1.604589,0.4638352) (279.9095,236.6284,163.1346) (-0.2042644,1.247036,0.1873151) (304.7268,351.4134,14.24104)
compute 19.2654883996625(-0.28347310423851,1.53455853462219,0.473060965538025) (-0.1020355,1.598063,0.4858483) (305.0412,250.3123,137.8162) (-0.2077172,1.247202,0.1855439) (304.2337,347.676,15.19443)
compute 14.7127675864811(-0.390804171562195,1.44320225715637,0.430863499641418) (-0.2834731,1.534559,0.473061) (329.3111,245.6281,133.4763) (-0.2111044,1.246928,0.1868501) (303.8655,345.1241,15.4388)
compute 1.52479121178549(-0.398958563804626,1.43719816207886,0.419463694095612) (-0.3908042,1.443202,0.4308635) (330.8117,244.4537,134.1852) (-0.2125187,1.246762,0.1867923) (303.7695,345.3263,15.21868)
compute 9.78110930891574(-0.328731030225754,1.50527584552765,0.418733566999435) (-0.3989586,1.437198,0.4194637) (314.2957,238.3904,146.055) (-0.2156973,1.246772,0.1865783) (303.1414,346.0245,16.11077)
compute 12.308544173363(-0.223842337727547,1.5689389705658,0.428500592708588) (-0.328731,1.505276,0.4187336) (298.3567,226.6377,166.5761) (-0.2109681,1.248933,0.1860632) (301.4651,351.1449,14.15355)
compute 10.5655705985208(-0.124401532113552,1.60430181026459,0.433412283658981) (-0.2238423,1.568939,0.4285006) (290.4553,203.3346,198.2973) (-0.2020768,1.249855,0.1847071) (300.2644,357.9272,11.3284)
compute 11.1324777065169(-0.0140703516080976,1.61914217472076,0.43337681889534) (-0.1244015,1.604302,0.4334123) (288.7383,167.5658,239.2419) (-0.1926811,1.250323,0.1831729) (300.0333,3.973694,8.33059)
compute 10.6681350451874(0.0925776138901711,1.62142491340637,0.431994408369064) (-0.01407035,1.619142,0.4333768) (293.0753,137.121,272.2821) (-0.1868921,1.250691,0.1828448) (299.9264,8.361858,5.887308)
compute 8.50092228272862(0.174175873398781,1.59833741188049,0.426056444644928) (0.09257761,1.621425,0.4319944) (299.0137,124.9573,288.8581) (-0.1807766,1.250301,0.1823619) (299.9861,12.59913,3.749262)
compute 6.47526979733718(0.233826547861099,1.57319939136505,0.427726477384567) (0.1741759,1.598337,0.4260564) (302.7457,116.8333,300.4475) (-0.173659,1.24976,0.1815134) (300.0421,17.86202,0.7290933)
compute 4.05897162915992(0.268571823835373,1.55292332172394,0.433127582073212) (0.2338265,1.573199,0.4277265) (305.1106,111.3562,308.1273) (-0.1664334,1.249371,0.1795188) (300.2924,22.58299,357.3547)
compute 1.11649781501711(0.277720242738724,1.54652953147888,0.433415025472641) (0.2685718,1.552923,0.4331276) (306.5403,110.606,308.0583) (-0.1645814,1.249419,0.1780912) (300.6821,23.97815,356.0604)
compute 1.61401862997506(0.262558102607727,1.54999554157257,0.429102033376694) (0.2777202,1.54653,0.433415) (304.6795,112.1465,305.9958) (-0.1641957,1.24853,0.1762816) (300.9021,23.97898,356.1888)
compute 3.957754218629(0.229137569665909,1.56898176670074,0.419669479131699) (0.2625581,1.549996,0.429102) (300.8252,116.7323,300.7508) (-0.168055,1.248189,0.1719428) (300.2231,23.79987,356.5165)
compute 5.17654742944355(0.18241910636425,1.59061813354492,0.414292007684708) (0.2291376,1.568982,0.4196695) (296.2418,123.2108,293.1713) (-0.1746521,1.248022,0.1686899) (299.5758,23.83288,356.7519)
compute 6.55042192692187(0.119688883423805,1.60945296287537,0.413306444883347) (0.1824191,1.590618,0.414292) (290.852,134.2019,280.114) (-0.181145,1.247944,0.1677299) (299.4075,23.73668,357.1696)
compute 8.22088883116929(0.0380355454981327,1.61880970001221,0.415173172950745) (0.1196889,1.609453,0.4133064) (284.8073,157.3855,254.8135) (-0.1886451,1.247778,0.1678194) (298.8033,22.11503,358.5721)
compute 8.83228337535126(-0.0500995665788651,1.61994481086731,0.420815616846085) (0.03803555,1.61881,0.4151732) (283.525,200.2172,210.0478) (-0.2009281,1.247583,0.1681808) (298.51,17.51188,1.566693)
compute 8.98751625911198(-0.139914989471436,1.61704647541046,0.422343671321869) (-0.05009957,1.619945,0.4208156) (290.1423,229.1113,176.8363) (-0.2142488,1.247689,0.1695031) (298.2819,12.95636,4.166525)
compute 8.20422266508202(-0.218637511134148,1.59570181369781,0.413506418466568) (-0.139915,1.617046,0.4223437) (300.4215,239.686,164.2238) (-0.2240048,1.24788,0.173583) (298.3398,8.523434,7.393794)
compute 6.33801048078399(-0.278144538402557,1.57624912261963,0.403629958629608) (-0.2186375,1.595702,0.4135064) (308.3113,243.5314,159.8789) (-0.232941,1.247717,0.176195) (298.3438,5.287354,9.600394)
compute 3.01165268796463(-0.307053774595261,1.56830668449402,0.40077006816864) (-0.2781445,1.576249,0.40363) (313.1471,246.2792,157.0692) (-0.2390268,1.247444,0.1769258) (298.2069,4.628241,9.863344)
compute 1.10792401878833(-0.300501495599747,1.57723295688629,0.400397419929504) (-0.3070538,1.568307,0.4007701) (311.0884,245.1653,160.9114) (-0.2412505,1.247429,0.1769188) (298.2463,4.885616,9.939653)
compute 5.64984015656782(-0.252262204885483,1.60646200180054,0.397125840187073) (-0.3005015,1.577233,0.4003974) (302.0683,235.5949,170.9573) (-0.2422114,1.247394,0.1774059) (298.417,5.81809,9.685142)
compute 7.84021991352074(-0.178512334823608,1.63301920890808,0.395520657300949) (-0.2522622,1.606462,0.3971258) (292.0349,214.9285,190.8633) (-0.2376554,1.246939,0.1776032) (297.8666,7.576515,8.935597)
compute 9.39886994078295(-0.0859884396195412,1.64896047115326,0.399888843297958) (-0.1785123,1.633019,0.3955207) (287.8844,172.1146,231.0021) (-0.2304434,1.247507,0.1761441) (297.4228,9.916592,7.753174)
compute 10.0972491472558(0.0142168393358588,1.65312564373016,0.411593437194824) (-0.08598844,1.64896,0.3998888) (292.5182,135.8416,265.2513) (-0.2220605,1.247672,0.1754052) (297.4342,11.73041,6.853198)
compute 9.12713353920638(0.101528234779835,1.62892138957977,0.422608494758606) (0.01421684,1.653126,0.4115934) (300.458,116.7113,282.4041) (-0.2126771,1.247611,0.1757095) (297.2009,12.91688,5.686372)
compute 6.3546508038064(0.159213781356812,1.60303294658661,0.428958684206009) (0.1015282,1.628921,0.4226085) (308.0181,109.8925,288.7829) (-0.2019964,1.24802,0.1756296) (297.3246,13.11461,5.240175)
compute 1.2228451468638(0.168976739048958,1.59707713127136,0.43328857421875) (0.1592138,1.603033,0.4289587) (309.2957,108.0821,290.4356) (-0.1931558,1.248871,0.1757116) (297.4599,13.96473,4.09118)
compute 5.35290708871186(0.117575749754906,1.61155140399933,0.437002778053284) (0.1689767,1.597077,0.4332886) (300.2057,112.3482,286.0127) (-0.1889123,1.24912,0.1764469) (297.263,13.81959,3.765681)
compute 10.3451653531822(0.0156457666307688,1.62920820713043,0.437874555587769) (0.1175757,1.611551,0.4370028) (286.8757,131.3773,266.0438) (-0.1883658,1.249243,0.1769756) (296.98,12.03257,4.923128)
compute 12.7159367377872(-0.110793069005013,1.63967740535736,0.446425586938858) (0.01564577,1.629208,0.4378746) (284.4693,216.2896,181.9534) (-0.1980043,1.249228,0.17728) (296.9532,9.818234,5.801897)
compute 14.281711193243(-0.24442982673645,1.58945655822754,0.442449241876602) (-0.1107931,1.639677,0.4464256) (307.4443,249.5186,147.5763) (-0.2065599,1.248902,0.1753343) (296.6159,7.813586,7.190573)
compute 11.5762331841614(-0.335096895694733,1.5182089805603,0.432242214679718) (-0.2444298,1.589457,0.4424492) (327.167,255.793,144.5206) (-0.2146878,1.247583,0.1745339) (296.1572,8.208599,6.734531)
compute 2.31359118268114(-0.34901037812233,1.5129611492157,0.414518058300018) (-0.3350969,1.518209,0.4322422) (327.2823,254.1449,145.7862) (-0.2241072,1.247032,0.1734895) (295.7313,9.226406,6.069882)
compute 7.15037785731271(-0.303662747144699,1.56575655937195,0.398115992546082) (-0.3490104,1.512961,0.4145181) (313.2113,244.9884,153.3165) (-0.2375026,1.246914,0.1734327) (295.5398,8.153614,7.833229)
compute 9.55179852060843(-0.224990889430046,1.61932873725891,0.39008817076683) (-0.3036627,1.565757,0.398116) (299.1551,228.3596,170.0337) (-0.2443908,1.246537,0.1733609) (295.4544,10.14006,7.169002)
compute 9.36897437798811(-0.137473881244659,1.65223157405853,0.384092777967453) (-0.2249909,1.619329,0.3900882) (290.8775,200.2561,198.4111) (-0.2483777,1.245755,0.1746736) (295.5765,14.56947,4.365921)
compute 8.75171448465017(-0.0513708107173443,1.66639733314514,0.377396196126938) (-0.1374739,1.652232,0.3840928) (289.7961,164.6467,233.1202) (-0.2492402,1.245301,0.1773176) (295.446,16.84697,3.405099)
compute 7.89026998484882(0.0266279801726341,1.6589697599411,0.368087232112885) (-0.05137081,1.666397,0.3773962) (295.3783,139.4007,257.9488) (-0.2394689,1.2462,0.1799646) (295.9347,19.14791,2.272984)
compute 5.66203899034863(0.0798278748989105,1.63991463184357,0.36454576253891) (0.02662798,1.65897,0.3680872) (301.1335,126.922,269.9201) (-0.222522,1.247005,0.1846931) (296.158,20.4693,1.267937)
compute 1.17440018171252(0.0909081548452377,1.63632416725159,0.366048276424408) (0.07982787,1.639915,0.3645458) (301.1875,126.9773,270.8793) (-0.2004319,1.246886,0.1884541) (295.5733,19.72154,1.754455)
compute 2.53908916948999(0.0704985484480858,1.64491534233093,0.378471523523331) (0.09090815,1.636324,0.3660483) (295.1429,129.5008,266.6845) (-0.1848026,1.24646,0.1934628) (295.2302,19.63899,1.115953)
compute 6.08616375155802(0.0102308262139559,1.65227913856506,0.3826804459095) (0.07049855,1.644915,0.3784715) (289.2448,151.0766,243.952) (-0.1735804,1.241498,0.198429) (295.7709,15.1332,4.335277)
compute 7.80272695398744(-0.0676922053098679,1.64978194236755,0.385845988988876) (0.01023083,1.652279,0.3826804) (288.6521,194.2937,201.301) (-0.1695901,1.238975,0.1988745) (295.5113,10.77356,8.185644)
compute 8.9698366743661(-0.154872640967369,1.6293329000473,0.391061872243881) (-0.06769221,1.649782,0.385846) (298.7711,227.8179,169.1514) (-0.1702886,1.237296,0.1992702) (295.6758,11.63457,5.895531)
compute 9.66467835136868(-0.241679206490517,1.58847999572754,0.402734994888306) (-0.1548726,1.629333,0.3910619) (314.5266,243.4907,157.7908) (-0.1834431,1.238717,0.1974716) (294.3593,10.98991,6.602789)
compute 8.6393607671298(-0.308786749839783,1.53747415542603,0.421678006649017) (-0.2416792,1.58848,0.402735) (328.8151,251.3902,152.6016) (-0.1952376,1.243221,0.1974378) (294.6725,9.983583,7.548287)
compute 2.02420803165382(-0.324854403734207,1.52762353420258,0.429062962532043) (-0.3087867,1.537474,0.421678) (330.0661,254.8687,149.674) (-0.2028928,1.245289,0.199147) (294.7772,12.33022,5.34293)
compute 5.33636867678169(-0.287575513124466,1.56526517868042,0.422654062509537) (-0.3248544,1.527624,0.429063) (316.2027,246.8423,153.8285) (-0.210228,1.246601,0.2057002) (295.4948,12.58373,5.707754)
compute 8.97619182748963(-0.210787415504456,1.61146032810211,0.417477339506149) (-0.2875755,1.565265,0.4226541) (302.4956,234.2106,166.3926) (-0.212496,1.247176,0.2119779) (295.7411,15.50295,4.649189)
compute 10.0467411488609(-0.115092806518078,1.64199197292328,0.419492602348328) (-0.2107874,1.61146,0.4174773) (290.9491,207.317,192.2871) (-0.2072632,1.247876,0.2177395) (297.1667,20.72697,1.641147)
compute 10.0123047186554(-0.0173698104918003,1.65295195579529,0.438326627016068) (-0.1150928,1.641992,0.4194926) (285.9551,172.3879,229.2142) (-0.2033243,1.24856,0.2250854) (298.9031,23.44341,0.8598889)
compute 9.17085807887336(0.0712814629077911,1.63486361503601,0.453300893306732) (-0.01736981,1.652952,0.4383266) (286.3928,138.1969,267.1688) (-0.1968911,1.249837,0.2358313) (301.4406,26.84342,359.8392)
compute 8.12904667981598(0.143519043922424,1.59808969497681,0.459428757429123) (0.07128146,1.634864,0.4533009) (290.1451,116.2685,294.3712) (-0.1890102,1.250569,0.245231) (303.6618,31.27884,358.27)
compute 5.77767143227739(0.193850234150887,1.56974279880524,0.458256751298904) (0.143519,1.59809,0.4594288) (294.8669,108.6015,304.9203) (-0.1859547,1.251158,0.2501858) (305.0085,33.9173,357.8486)
compute 2.07491252593239(0.210580095648766,1.56092119216919,0.449723452329636) (0.1938502,1.569743,0.4582568) (298,105.7087,306.9783) (-0.1852108,1.252059,0.2507878) (305.997,33.94997,358.2824)
compute 2.23940986567926(0.189594835042953,1.56648635864258,0.444233149290085) (0.2105801,1.560921,0.4497235) (295.3235,107.9484,305.924) (-0.1857599,1.253015,0.2497949) (306.6811,32.03558,359.2576)
compute 5.12494630679325(0.142135411500931,1.58575248718262,0.445944011211395) (0.1895948,1.566486,0.4442331) (289.6102,113.9046,300.2611) (-0.1915472,1.253152,0.2492097) (306.7905,28.52828,1.078405)
compute 6.9527538241405(0.0775935798883438,1.60203540325165,0.466026276350021) (0.1421354,1.585752,0.445944) (282.1249,122.8604,289.9843) (-0.1999936,1.252462,0.2487077) (307.6962,23.64753,3.37926)
compute 8.5253520122556(-0.00409665843471885,1.6056547164917,0.490146160125732) (0.07759358,1.602035,0.4660263) (275.4123,183.2256,228.0175) (-0.2072625,1.250987,0.2499528) (309.0977,19.11438,5.448945)
compute 8.68821795976195(-0.0865493044257164,1.600914478302,0.51712030172348) (-0.004096658,1.605655,0.4901462) (281.1298,251.8078,154.4536) (-0.2151514,1.249597,0.2503439) (310.4057,14.8481,7.538148)
compute 8.75113556240136(-0.166831389069557,1.574582695961,0.539916396141052) (-0.0865493,1.600914,0.5171203) (293.5599,263.3494,141.47) (-0.2202808,1.246945,0.249971) (311.589,11.17655,9.505555)
compute 9.70030957670589(-0.238355368375778,1.51120316982269,0.556558430194855) (-0.1668314,1.574583,0.5399164) (306.5372,270.5984,132.0022) (-0.221316,1.246567,0.249365) (312.3528,10.14696,9.890366)
compute 6.5123527571514(-0.269165009260178,1.45713555812836,0.575755655765533) (-0.2383554,1.511203,0.5565584) (318.91,276.9789,127.9548) (-0.2212965,1.246823,0.2489119) (312.7653,10.14935,9.901237)
compute 3.66657011721906(-0.24022650718689,1.45427536964417,0.598088502883911) (-0.269165,1.457136,0.5757557) (316.9147,284.5315,123.225) (-0.2230551,1.24708,0.2477613) (312.269,7.083395,10.66367)
compute 7.56500743155992(-0.169455528259277,1.47655236721039,0.61285799741745) (-0.2402265,1.454275,0.5980885) (308.522,291.4712,121.2883) (-0.2300992,1.249831,0.2462985) (311.377,359.5653,13.60349)
compute 10.3185548758808(-0.0716228634119034,1.5090194940567,0.61753910779953) (-0.1694555,1.476552,0.612858) (294.0641,301.4892,113.6248) (-0.2350176,1.250436,0.2422742) (310.4957,352.1055,16.34673)
compute 11.4481367284379(0.0403690002858639,1.52901470661163,0.604732990264893) (-0.07162286,1.509019,0.6175391) (277.0804,359.3186,52.61581) (-0.2373866,1.250485,0.2403422) (309.6865,348.0586,17.80332)
compute 9.71969230571093(0.135180771350861,1.53067684173584,0.583397388458252) (0.040369,1.529015,0.604733) (289.843,86.42332,321.467) (-0.2378098,1.251308,0.2396168) (309.1716,346.864,18.05061)
compute 5.30389178623934(0.186099007725716,1.52401304244995,0.570128858089447) (0.1351808,1.530677,0.5833974) (297.6331,90.6769,319.0004) (-0.2371978,1.252018,0.2409757) (308.3526,345.8542,18.29803)
compute 2.41086775159947(0.208273276686668,1.51549112796783,0.566017031669617) (0.186099,1.524013,0.5701289) (297.2541,91.98483,321.1314) (-0.2352357,1.251215,0.2435071) (308.0516,347.0867,17.50453)
compute 1.8294829662127(0.219715684652328,1.50227582454681,0.571414053440094) (0.2082733,1.515491,0.566017) (297.4542,87.09454,326.6257) (-0.2299114,1.251216,0.2476407) (307.9832,349.4661,16.02739)
compute 1.60016176506348(0.224956020712852,1.49209094047546,0.582588076591492) (0.2197157,1.502276,0.5714141) (298.1172,82.33714,331.9663) (-0.2273344,1.252236,0.2510471) (308.1244,351.6847,14.44973)
compute 0.9083424875137(0.222762122750282,1.48328065872192,0.582315385341644) (0.224956,1.492091,0.5825881) (298.2574,80.46271,334.3984) (-0.2260073,1.253135,0.2540204) (308.4746,352.6923,13.84023)
compute 1.60099328875087(0.208922654390335,1.47624325752258,0.578408718109131) (0.2227621,1.483281,0.5823154) (297.9351,79.43696,336.4761) (-0.2260096,1.253833,0.2554012) (308.5993,352.9821,13.70516)
compute 2.20153086685261(0.189353570342064,1.46883654594421,0.571562886238098) (0.2089227,1.476243,0.5784087) (297.0319,79.74686,337.6209) (-0.2265071,1.254149,0.2575821) (309.16,353.7981,13.21361)
compute 2.47054340383153(0.167546033859253,1.45999658107758,0.56403660774231) (0.1893536,1.468837,0.5715629) (296.7339,79.50753,338.1543) (-0.2241401,1.254158,0.2596878) (309.5193,355.3245,12.42996)
compute 2.71750386510142(0.14723502099514,1.45297634601593,0.547403454780579) (0.167546,1.459997,0.5640366) (295.8553,78.88938,340.0072) (-0.2223798,1.254776,0.25921) (309.7144,356.2786,11.82451)
compute 2.96864207331791(0.131257861852646,1.44876480102539,0.522740185260773) (0.147235,1.452976,0.5474035) (295.3387,79.84901,339.9159) (-0.2192471,1.255168,0.259197) (309.7268,357.6992,11.08212)
compute 0.997423036827379(0.127054333686829,1.4479386806488,0.51373279094696) (0.1312579,1.448765,0.5227402) (294.5341,80.4805,340.1211) (-0.2168517,1.255469,0.260241) (310.3352,359.385,10.67287)
compute 0.336558133412485(0.125558152794838,1.45070290565491,0.512529611587524) (0.1270543,1.447939,0.5137328) (292.4175,78.24873,343.6214) (-0.2171418,1.255579,0.262673) (311.2844,1.95961,9.594262)
compute 1.4397250476251(0.114777110517025,1.45655262470245,0.504990994930267) (0.1255582,1.450703,0.5125296) (289.6119,73.64474,349.2586) (-0.2174256,1.25572,0.2656162) (312.4204,4.545993,8.552506)
compute 1.30195302780397(0.10511153191328,1.46398437023163,0.500424385070801) (0.1147771,1.456553,0.504991) (286.3002,64.79423,359.9539) (-0.2165912,1.254956,0.2662601) (313.1311,6.583333,7.819407)
compute 2.10090153515746(0.0855233818292618,1.47015190124512,0.49599215388298) (0.1051115,1.463984,0.5004244) (284.1972,55.11023,9.283339) (-0.2171109,1.254712,0.2662583) (313.5456,8.100931,7.452827)
compute 1.20349235290905(0.079263798892498,1.46017372608185,0.498460561037064) (0.08552338,1.470152,0.4959922) (282.8921,46.16559,18.19327) (-0.2180603,1.253958,0.2659365) (313.7899,8.94976,7.461185)
compute 4.43517716219302(0.0811684802174568,1.42400991916656,0.524065852165222) (0.0792638,1.460174,0.4984606) (282.3952,36.60191,26.965) (-0.2197402,1.250967,0.2647504) (314.8744,10.4791,6.624646)
compute 13.037557792835(0.145644277334213,1.36250841617584,0.619240581989288) (0.08116848,1.42401,0.5240659) (283.4846,29.10405,32.21996) (-0.2207602,1.248117,0.2659096) (316.2969,12.00223,6.100575)
compute 4.6470139741006(0.126677647233009,1.32300209999084,0.603781223297119) (0.1456443,1.362508,0.6192406) (285.6876,19.07304,40.473) (-0.221492,1.24761,0.2688392) (317.4173,13.3696,5.898872)
compute 4.19909088203612(0.108852811157703,1.28511214256287,0.600640714168549) (0.1266776,1.323002,0.6037812) (287.9493,7.558432,52.17883) (-0.2207574,1.246495,0.2731304) (318.9023,14.90568,5.135516)
compute 4.52312146794637(0.0987577438354492,1.2416844367981,0.608255624771118) (0.1088528,1.285112,0.6006407) (291.7594,6.180219,49.11474) (-0.2202272,1.24442,0.278398) (320.6689,16.1538,4.603378)
compute 3.46054091839895(0.0882348641753197,1.20887732505798,0.611495494842529) (0.09875774,1.241684,0.6082556) (293.4531,359.8812,54.91768) (-0.2206311,1.244593,0.2829785) (321.9688,16.63786,4.801867)
compute 2.79810086723382(0.0801456570625305,1.18449914455414,0.600395679473877) (0.08823486,1.208877,0.6114955) (294.5764,3.685837,46.36641) (-0.2195639,1.243702,0.2853265) (322.4266,17.05925,4.291945)
compute 2.99376795328753(0.0721179991960526,1.16159200668335,0.582871854305267) (0.08014566,1.184499,0.6003957) (294.3005,5.764281,42.00496) (-0.2185569,1.243126,0.2878026) (323.0663,17.38006,4.188185)
compute 3.00597423585162(0.0671214237809181,1.13601851463318,0.567884564399719) (0.072118,1.161592,0.5828719) (294.6813,6.902005,40.1053) (-0.2180053,1.242185,0.2910467) (323.8014,17.86275,3.757211)
compute 2.72711900388548(0.0654375106096268,1.11575484275818,0.549711346626282) (0.06712142,1.136019,0.5678846) (295.1011,9.17898,38.69801) (-0.2175092,1.240719,0.2935764) (325.2367,17.22938,3.83536)
compute 2.66049005874141(0.0628947466611862,1.09624981880188,0.531797409057617) (0.06543751,1.115755,0.5497113) (294.6198,11.21727,39.2769) (-0.2179053,1.240159,0.2955279) (326.8138,15.39498,5.083281)
compute 2.23820986448609(0.0626994371414185,1.07875895500183,0.517833530902863) (0.06289475,1.09625,0.5317974) (296.8376,15.73742,33.66513) (-0.2184423,1.239708,0.2956305) (327.404,15.26949,5.111286)
compute 2.17731120736551(0.0628111883997917,1.06108093261719,0.505123555660248) (0.06269944,1.078759,0.5178335) (298.4719,18.03452,33.65905) (-0.2189808,1.239377,0.295633) (327.4557,16.13159,5.038801)
compute 2.49212133708013(0.0683553293347359,1.03742003440857,0.499601662158966) (0.06281119,1.061081,0.5051236) (301.7911,23.65,27.34066) (-0.2184706,1.238391,0.2985629) (328.4328,16.10995,5.711116)
compute 2.25624141866087(0.0700596943497658,1.01492238044739,0.49948662519455) (0.06835533,1.03742,0.4996017) (305.7415,25.35642,25.70231) (-0.2223969,1.236298,0.3018142) (330.0114,14.58101,6.784693)
compute 1.85772056829471(0.0670592784881592,0.996608018875122,0.500319838523865) (0.07005969,1.014922,0.4994866) (309.0683,25.02682,25.82392) (-0.2286585,1.23428,0.3066619) (331.8604,11.28826,8.121817)
compute 1.46561664616059(0.064800463616848,0.982238471508026,0.502113461494446) (0.06705928,0.996608,0.5003198) (311.8497,24.59319,25.3698) (-0.2337967,1.232643,0.3097269) (333.2339,7.89313,9.134538)
compute 0.572732514391508(0.0632556304335594,0.977159917354584,0.504263818264008) (0.06480046,0.9822385,0.5021135) (313.3884,23.79662,25.56442) (-0.2375779,1.233021,0.3115997) (333.8115,5.579494,9.103635)
Average= 4.68381521123657
Max= 19.2654883996625
Standard Deviation= 6.55395791228076
Right: 1    Miss: 39
0
