red 208.7277 217.7778 14.96823 (-0.8991196,5,0.7) (-0.8991196,0.08253681,0.7)
red 209.2229 218.1556 14.79614 (-0.2148761,5,0.7) (-0.2148761,0.08211715,0.7)
red 210.7294 218.4778 13.09952 (0.5460343,5,0.7) (0.5460343,0.07908843,0.7)
red 213.2255 218.4889 13.09732 (-0.4877359,5,0.7) (-0.4877359,1.671023,0.7)
red 209.7307 218.6556 14.7929 (-0.8559239,5,0.7) (-0.8559239,0.08079875,0.7)
red 211.7279 219.4222 13.01099 (-0.9432476,5,0.7) (-0.9432476,0.07609058,0.7)
red 212.7265 219.4667 15.14059 (-0.9846299,5,0.7) (-0.9846299,1.394822,0.7)
red 211.231 219.7667 14.24899 (-0.3894707,5,0.7) (-0.3894707,0.0829739,0.7)
red 210.2302 219.9444 15.88303 (0.1794924,5,0.7) (0.1794924,0.08129391,0.7)
red 214.7243 220.7111 14.50157 (-0.4316434,5,0.7) (-0.4316434,1.634301,0.7)
red 214.2234 221.2222 16.02713 (0.08323681,5,0.7) (0.08323681,1.504139,0.7)
red 215.2228 221.5 13.7886 (0.2514896,5,0.7) (0.2514896,1.254884,0.7)
red 213.724 222.4333 15.64068 (0.6827688,5,0.7) (0.6827688,0.5132207,0.7)
red 212.2264 222.7 16.90418 (0.5348184,5,0.7) (0.5348184,0.0841043,0.7)
red 216.2306 222.9444 13.47931 (0.9432063,5,0.7) (0.9432063,0.8794477,0.7)
red 217.2308 223.3667 13.27787 (0.922332,5,0.7) (0.922332,1.170507,0.7)
red 216.7308 223.7889 14.72365 (0.440983,5,0.7) (0.440983,1.093592,0.7)
red 218.2231 224.0889 13.1098 (0.2747242,5,0.7) (0.2747242,1.291134,0.7)
red 217.7243 224.4333 14.95995 (0.4574029,5,0.7) (0.4574029,1.36121,0.7)
red 219.7315 225.1222 13.45119 (0.2883658,5,0.7) (0.2883658,1.689608,0.7)
red 215.7316 226.0333 16.68388 (-0.9682338,5,0.7) (-0.9682338,0.08444038,0.7)
red 218.7238 226.1889 16.18215 (0.915473,5,0.7) (0.915473,1.312627,0.7)
red 219.2252 226.7556 16.38991 (0.3138909,5,0.7) (0.3138909,1.336594,0.7)
red 220.7299 227.1556 14.58237 (0.8271883,5,0.7) (0.8271883,1.405707,0.7)
red 221.2299 227.6333 15.59845 (0.7100155,5,0.7) (0.7100155,1.694306,0.7)
red 221.728 228.7667 16.92293 (0.7048957,5,0.7) (0.7048957,1.706805,0.7)
red 223.2294 228.8667 13.18495 (0.8322468,5,0.7) (0.8322468,1.456695,0.7)
red 220.2295 229.0222 14.60276 (-0.2058166,5,0.7) (-0.2058166,0.07971901,0.7)
red 222.7303 229.1778 15.32282 (0.815484,5,0.7) (0.815484,1.599437,0.7)
red 224.2266 230.1667 14.7044 (0.7384512,5,0.7) (0.7384512,1.713835,0.7)
red 224.7274 230.4667 13.88182 (0.366137,5,0.7) (0.366137,1.603063,0.7)
red 223.7274 230.8889 16.39891 (-0.08998811,5,0.7) (-0.08998811,1.5184,0.7)
red 222.2271 231.4444 15.19478 (-0.2622513,5,0.7) (-0.2622513,0.08057496,0.7)
red 225.2262 231.6778 15.32839 (-0.3386365,5,0.7) (-0.3386365,1.600896,0.7)
red 225.724 231.9222 14.33783 (0.3605504,5,0.7) (0.3605504,1.467504,0.7)
red 226.2237 232.7 15.21454 (-0.04625213,5,0.7) (-0.04625213,1.558597,0.7)
red 227.2233 233.5444 15.61741 (0.421973,5,0.7) (0.421973,1.745311,0.7)
red 226.7234 233.8889 16.36862 (0.9297647,5,0.7) (0.9297647,1.510615,0.7)
red 228.2268 234.8889 14.80733 (-0.4815146,5,0.7) (-0.4815146,1.341182,0.7)
red 227.7285 234.9556 15.72309 (-0.5823684,5,0.7) (-0.5823684,1.302412,0.7)
0
