yellow 298.092 303.3889 13.00279 (0.871253,5,0.7) (0.871253,1.621587,0.7)
blue 298.092 304.1889 10.58484 (-0.9247971,5,0.7) (-0.9247971,0.07962091,0.7)
yellow 298.5901 304.9556 13.48234 (-0.7490184,5,0.7) (-0.7490184,1.100451,0.7)
yellow 299.0986 306.0778 16.06668 (-0.1355377,5,0.7) (-0.1355377,1.520162,0.7)
blue 299.5988 306.2111 15.89605 (-0.1561333,5,0.7) (-0.1561333,1.661342,0.7)
blue 300.0995 306.4445 10.97671 (0.3655026,5,0.7) (0.3655026,0.07550935,0.7)
purple 298.092 306.6667 18.72947 (-0.7636585,5,0.7) (-0.7636585,1.459676,0.7)
yellow 300.5977 306.6778 14.06346 (-0.6339519,5,0.7) (-0.6339519,1.451656,0.7)
purple 300.0995 306.8889 11.66045 (0.3097489,5,0.7) (0.3097489,0.0749794,0.7)
purple 301.0967 307.1889 10.58239 (-0.1932911,5,0.7) (-0.1932911,0.07834724,0.7)
yellow 301.0967 307.6555 15.75861 (0.01595438,5,0.7) (0.01595438,1.654744,0.7)
blue 299.0986 307.6667 19.1206 (-0.231217,5,0.7) (-0.231217,1.550684,0.7)
yellow 302.0948 307.9111 14.30679 (0.05568159,5,0.7) (0.05568159,1.676259,0.7)
purple 298.5901 308.0333 15.50604 (0.1978515,5,0.7) (0.1978515,0.08233021,0.7)
blue 301.5959 308.0333 11.11615 (0.3256645,5,0.7) (0.3256645,0.07619861,0.7)
yellow 302.5941 308.1111 13.66649 (-0.0651263,5,0.7) (-0.0651263,1.675776,0.7)
purple 300.5977 308.1889 12.87617 (0.3156464,5,0.7) (0.3156464,0.08162606,0.7)
purple 302.0948 308.2556 10.68117 (0.4000811,5,0.7) (0.4000811,0.07523097,0.7)
purple 299.0986 308.3445 15.24252 (-0.2130319,5,0.7) (-0.2130319,0.08114782,0.7)
blue 298.5901 308.4222 16.02823 (-0.5885804,5,0.7) (-0.5885804,0.07914466,0.7)
yellow 299.5988 308.7 15.04147 (0.7708852,5,0.7) (0.7708852,0.08095084,0.7)
yellow 303.0921 309.1778 14.63678 (0.439893,5,0.7) (0.439893,1.614844,0.7)
blue 303.0921 309.2111 10.60902 (0.1401626,5,0.7) (0.1401626,0.07400101,0.7)
yellow 301.5959 309.7667 13.70931 (0.6575813,5,0.7) (0.6575813,0.07711387,0.7)
yellow 303.5923 310.0889 13.6512 (-0.7627614,5,0.7) (-0.7627614,1.075382,0.7)
blue 302.0948 310.1111 16.10854 (-0.7774713,5,0.7) (-0.7774713,1.014436,0.7)
blue 300.5977 310.1778 15.70464 (-0.4001485,5,0.7) (-0.4001485,0.08253562,0.7)
yellow 300.0995 310.1889 16.39486 (0.6437984,5,0.7) (0.6437984,0.08185107,0.7)
purple 303.0921 310.7 12.89306 (0.2957284,5,0.7) (0.2957284,0.08179407,0.7)
purple 299.5988 311.5889 18.86529 (-0.9193296,5,0.7) (-0.9193296,0.08521292,0.7)
yellow 305.0988 311.7222 14.99696 (-0.6482043,5,0.7) (-0.6482043,1.414228,0.7)
yellow 306.093 311.8556 13.60011 (-0.7024124,5,0.7) (-0.7024124,1.507194,0.7)
blue 305.5908 311.8667 10.85514 (0.3708021,5,0.7) (0.3708021,0.07529594,0.7)
purple 305.5908 312.0556 14.2625 (-0.8516357,5,0.7) (-0.8516357,1.291138,0.7)
blue 305.0988 312.4222 12.4654 (-0.07326233,5,0.7) (-0.07326233,0.07502183,0.7)
yellow 306.5927 312.6444 14.29473 (-0.09791267,5,0.7) (-0.09791267,1.538283,0.7)
purple 304.0903 312.7 14.33298 (-0.906112,5,0.7) (-0.906112,0.07862419,0.7)
purple 304.5986 312.7 18.17352 (-0.2918271,5,0.7) (-0.2918271,1.524661,0.7)
purple 306.5927 312.7889 10.73617 (0.1716765,5,0.7) (0.1716765,0.07667583,0.7)
blue 303.5923 312.8778 15.28669 (-0.2581116,5,0.7) (-0.2581116,0.08042669,0.7)
purple 303.5923 312.9445 15.386 (0.8945408,5,0.7) (0.8945408,0.08323206,0.7)
yellow 307.0929 313.0556 14.15314 (0.1597973,5,0.7) (0.1597973,1.549436,0.7)
purple 302.5941 313.1333 16.98255 (0.528101,5,0.7) (0.528101,0.08073074,0.7)
blue 301.0967 313.3111 19.13257 (-0.1382293,5,0.7) (-0.1382293,0.08197752,0.7)
blue 302.5941 313.3333 17.24756 (0.5781054,5,0.7) (0.5781054,0.08150142,0.7)
blue 307.0929 313.5889 11.21048 (-0.4658915,5,0.7) (-0.4658915,0.08032483,0.7)
yellow 307.5922 313.7222 14.9653 (0.2448102,5,0.7) (0.2448102,1.67843,0.7)
purple 301.5959 313.8778 19.21794 (-0.59196,5,0.7) (-0.59196,0.0829386,0.7)
blue 304.5986 313.9333 15.37156 (0.701158,5,0.7) (0.701158,0.08356366,0.7)
yellow 305.5908 313.9445 13.97568 (0.9875517,5,0.7) (0.9875517,0.0815476,0.7)
yellow 304.5986 314.2444 15.78799 (0.7915976,5,0.7) (0.7915976,0.07961839,0.7)
yellow 304.0903 314.3556 16.62026 (0.9485884,5,0.7) (0.9485884,0.08279502,0.7)
blue 304.0903 315.6444 18.2946 (0.7549238,5,0.7) (0.7549238,0.08181122,0.7)
blue 306.093 316.5667 16.89522 (-0.5857577,5,0.7) (-0.5857577,0.08094209,0.7)
purple 305.0988 316.8667 18.5812 (-0.9442317,5,0.7) (-0.9442317,0.08355397,0.7)
purple 307.5922 317.0333 15.51027 (-0.8173571,5,0.7) (-0.8173571,0.08393323,0.7)
purple 306.093 317.5222 18.1372 (0.605732,5,0.7) (0.605732,0.08124143,0.7)
blue 306.5927 318.8556 19.18712 (0.2081016,5,0.7) (0.2081016,0.08181125,0.7)
purple 307.0929 319.4333 19.29255 (0.5423145,5,0.7) (0.5423145,0.08484332,0.7)
blue 307.5922 320.4445 19.90881 (0.6075397,5,0.7) (0.6075397,0.08170709,0.7)
0
