black 292.4051 300.9511 14.25151 (-0.7377424,5,0.7) (-0.7377424,0.07753246,0.7)
red 292.4051 301.1511 14.54857 (0.3906536,5,0.7) (0.3906536,0.0831023,0.7)
black 291.9066 301.3622 15.53246 (-0.2518269,5,0.7) (-0.2518269,0.08074188,0.7)
black 293.4024 301.5956 13.75048 (-0.6380966,5,0.7) (-0.6380966,0.08095703,0.7)
red 292.9032 301.7067 14.61362 (-0.4517261,5,0.7) (-0.4517261,0.07781404,0.7)
red 293.4024 301.7956 14.03522 (-0.4536644,5,0.7) (-0.4536644,0.07983887,0.7)
red 291.9066 301.8845 16.24335 (-0.5432954,5,0.7) (-0.5432954,0.08105293,0.7)
red 295.8989 302.04 14.54997 (-0.004209638,5,0.7) (-0.004209638,1.559509,0.7)
black 294.4016 302.14 13.08253 (-0.3332235,5,0.7) (-0.3332235,0.07879925,0.7)
black 294.8997 302.24 12.4827 (0.8912654,5,0.7) (0.8912654,0.07533897,0.7)
red 293.9035 302.7622 14.7005 (-0.1134969,5,0.7) (-0.1134969,0.08127493,0.7)
black 296.3981 302.9622 11.3037 (0.934392,5,0.7) (0.934392,0.07554667,0.7)
red 294.4016 303.1733 14.56737 (0.251636,5,0.7) (0.251636,0.07809728,0.7)
black 292.9032 303.4844 17.04361 (-0.03008497,5,0.7) (-0.03008497,0.08163427,0.7)
red 296.8962 303.7289 15.61618 (-0.1329292,5,0.7) (-0.1329292,1.479678,0.7)
red 294.8997 303.9067 14.89926 (0.2346176,5,0.7) (0.2346176,0.07988122,0.7)
red 295.3998 303.9289 14.23178 (-0.9169478,5,0.7) (-0.9169478,0.08241928,0.7)
black 297.9065 304.1511 10.82973 (0.3441996,5,0.7) (0.3441996,0.08006459,0.7)
black 293.9035 304.2845 16.78584 (0.5298944,5,0.7) (0.5298944,0.08398026,0.7)
red 298.9037 304.6511 13.4058 (-0.1196953,5,0.7) (-0.1196953,1.455139,0.7)
black 297.4062 306.2067 14.62299 (-0.457795,5,0.7) (-0.457795,0.08154666,0.7)
red 296.3981 306.5956 16.53333 (-0.3215104,5,0.7) (-0.3215104,0.0836051,0.7)
black 299.9044 306.8067 11.8435 (0.7895432,5,0.7) (0.7895432,0.08155137,0.7)
black 299.4028 306.84 12.6435 (0.5941455,5,0.7) (0.5941455,0.08070904,0.7)
red 297.9065 306.8622 14.84241 (0.7203844,5,0.7) (0.7203844,0.08199912,0.7)
black 300.9002 306.8845 10.40964 (0.1336521,5,0.7) (0.1336521,0.0796916,0.7)
black 295.8989 306.9178 17.61833 (0.1941382,5,0.7) (0.1941382,0.084613,0.7)
red 298.4056 306.9511 14.26175 (0.727448,5,0.7) (0.727448,0.08172113,0.7)
black 298.9037 307.4733 14.29657 (-0.9951365,5,0.7) (-0.9951365,0.08309191,0.7)
red 297.4062 307.5956 16.53531 (0.3123855,5,0.7) (0.3123855,0.08430475,0.7)
red 301.3992 307.7178 14.20158 (-0.08064783,5,0.7) (-0.08064783,1.356464,0.7)
black 296.8962 307.8845 17.57215 (-0.3132416,5,0.7) (-0.3132416,0.08362556,0.7)
black 295.3998 307.9178 19.50742 (-0.9343965,5,0.7) (-0.9343965,0.08354442,0.7)
black 301.3992 308.0289 11.40461 (0.4432008,5,0.7) (0.4432008,0.07472059,0.7)
black 300.4031 308.8956 14.18409 (-0.4284941,5,0.7) (-0.4284941,0.08233985,0.7)
black 298.4056 309.3178 17.48221 (-0.4550599,5,0.7) (-0.4550599,0.08244755,0.7)
black 301.9 309.4511 12.80182 (-0.4308358,5,0.7) (-0.4308358,0.07780827,0.7)
black 303.3957 309.4845 10.55613 (-0.8647499,5,0.7) (-0.8647499,0.07375078,0.7)
red 299.4028 309.4956 16.40108 (-0.04778063,5,0.7) (-0.04778063,0.08415906,0.7)
red 300.9002 309.6956 14.60324 (-0.2804433,5,0.7) (-0.2804433,0.07993078,0.7)
red 301.9 309.7511 13.2405 (-0.4471372,5,0.7) (-0.4471372,0.07670854,0.7)
red 299.9044 309.9511 16.33068 (0.1229161,5,0.7) (0.1229161,0.08023366,0.7)
red 300.4031 310.6956 16.66107 (-0.3640395,5,0.7) (-0.3640395,0.08158034,0.7)
red 302.3985 311.34 14.81007 (0.919111,5,0.7) (0.919111,0.08145201,0.7)
red 303.9056 311.7067 13.18936 (-0.8396742,5,0.7) (-0.8396742,0.08273876,0.7)
red 302.8965 311.7289 14.65038 (-0.4567193,5,0.7) (-0.4567193,0.08003014,0.7)
black 303.9056 312.1733 13.85814 (0.02522385,5,0.7) (0.02522385,0.07912231,0.7)
black 302.3985 312.3178 16.15695 (-0.3254286,5,0.7) (-0.3254286,0.08238953,0.7)
black 302.8965 312.34 15.51032 (0.8808453,5,0.7) (0.8808453,0.08394156,0.7)
red 305.9029 312.5511 15.27336 (-0.3148426,5,0.7) (-0.3148426,1.479624,0.7)
red 304.4049 313.2733 14.71188 (-0.3110002,5,0.7) (-0.3110002,0.07960224,0.7)
black 304.4049 313.3067 14.76251 (-0.1287986,5,0.7) (-0.1287986,0.08114529,0.7)
black 304.903 313.3956 14.17127 (-0.8994167,5,0.7) (-0.8994167,0.07709706,0.7)
red 305.4017 313.5844 13.73222 (-0.0708214,5,0.7) (-0.0708214,0.07997852,0.7)
red 303.3957 313.7845 16.77712 (-0.3881484,5,0.7) (-0.3881484,0.0808553,0.7)
black 305.9029 314.1733 13.86188 (-0.004834056,5,0.7) (-0.004834056,0.08066136,0.7)
black 305.4017 314.5844 15.14911 (0.9277256,5,0.7) (0.9277256,0.0807769,0.7)
red 306.4031 315.0178 16.79732 (0.503593,5,0.7) (0.503593,0.927217,0.7)
red 304.903 315.0622 16.48745 (-0.6481276,5,0.7) (-0.6481276,0.08308917,0.7)
black 306.4031 318.8178 19.38163 (-0.4772981,5,0.7) (-0.4772981,0.08267558,0.7)
0
