compute 109.769266950621(-0.040703147649765,1.0109441280365,0.425751686096191) (0,0,0) (342.7599,351.3626,340.6502) (-0.05333564,1.190358,-0.004389226) (340.8379,4.838936,357.8836)
compute 0.905414746199372(-0.0382523946464062,1.01787161827087,0.431041419506073) (-0.04070315,1.010944,0.4257517) (342.6758,351.3503,340.7678) (-0.05690268,1.188681,-0.001704796) (341.05,4.595566,358.1615)
compute 2.33759814282431(-0.0374614857137203,1.04119122028351,0.429624676704407) (-0.03825239,1.017872,0.4310414) (339.7547,351.1992,341.3753) (-0.06087302,1.187237,-0.0008290624) (340.8152,4.339942,358.1881)
compute 1.72962073362367(-0.0389874689280987,1.05839788913727,0.428752481937408) (-0.03746149,1.041191,0.4296247) (337.8316,350.0802,341.3719) (-0.06333292,1.186254,0.0006043324) (339.5213,3.914169,358.3781)
compute 1.23590926583172(-0.043624509125948,1.06984674930573,0.428341835737228) (-0.03898747,1.058398,0.4287525) (336.2919,348.8031,341.7995) (-0.0646524,1.188225,-0.0003981879) (338.3799,3.783942,357.9598)
compute 0.872791759047696(-0.0464248470962048,1.07593071460724,0.433938264846802) (-0.04362451,1.069847,0.4283418) (335.6069,348.073,342.0475) (-0.06753886,1.190332,-0.002743057) (336.404,3.573391,358.1739)
compute 1.56410233375759(-0.0488960891962051,1.09137046337128,0.433552592992783) (-0.04642485,1.075931,0.4339383) (334.6212,347.6583,341.9945) (-0.06942283,1.192876,-0.008700809) (333.7531,3.653713,358.1953)
compute 1.75419447385673(-0.0505306199193001,1.10880982875824,0.432595163583755) (-0.04889609,1.09137,0.4335526) (332.711,347.5116,342.1066) (-0.0722716,1.193285,-0.01646283) (332.3582,3.551809,357.8785)
compute 1.54482464256275(-0.0538376085460186,1.1226270198822,0.426529079675674) (-0.05053062,1.10881,0.4325952) (331.1296,347.5028,342.0619) (-0.07485598,1.19305,-0.02028058) (331.8156,3.410313,357.8012)
compute 0.81189671408892(-0.0568846762180328,1.12834084033966,0.42163160443306) (-0.05383761,1.122627,0.4265291) (330.4903,347.2928,342.0234) (-0.07359324,1.193163,-0.02182017) (331.3964,3.469244,357.972)
compute 0.528985521301429(-0.0576951615512371,1.13326132297516,0.419866800308228) (-0.05688468,1.128341,0.4216316) (330.4239,346.9124,341.9958) (-0.07244335,1.193847,-0.02523689) (329.9848,3.633155,357.5273)
compute 0.986599808092001(-0.057034257799387,1.14276671409607,0.422425836324692) (-0.05769516,1.133261,0.4198668) (329.9535,346.6929,342.3165) (-0.07245764,1.199039,-0.02914481) (327.8619,3.706931,356.6808)
compute 0.889632740624861(-0.0549091696739197,1.15134274959564,0.423465192317963) (-0.05703426,1.142767,0.4224258) (329.1559,346.8723,342.4376) (-0.07201111,1.201954,-0.03479411) (325.05,3.872225,355.9725)
compute 0.0598207647470351(-0.0546748079359531,1.1508013010025,0.423366397619247) (-0.05490917,1.151343,0.4234652) (329.3307,346.6396,342.2205) (-0.07060301,1.20235,-0.03993582) (324.0506,2.995622,356.172)
compute 0.481147824724687(-0.0548798218369484,1.14599442481995,0.423319131135941) (-0.05467481,1.150801,0.4233664) (330.4942,346.0569,342.2544) (-0.07243811,1.202236,-0.04081629) (323.3139,1.344001,357.1295)
compute 0.294171779514526(-0.0546073690056801,1.14308774471283,0.422957628965378) (-0.05487982,1.145994,0.4233191) (330.8296,345.6787,342.67) (-0.07283708,1.203288,-0.04065938) (322.1191,1.413458,356.9705)
compute 1.04359403674916(-0.0541811250150204,1.14338147640228,0.412534534931183) (-0.05460737,1.143088,0.4229576) (330.7254,345.255,342.9861) (-0.07173287,1.205841,-0.04037078) (321.5415,2.498778,356.5931)
compute 0.234801575849335(-0.0542390905320644,1.14564681053162,0.41191965341568) (-0.05418113,1.143381,0.4125345) (330.5533,345.0961,343.0042) (-0.06867502,1.208515,-0.0386055) (318.1275,3.042648,356.0771)
compute 0.212576643907412(-0.0546740666031837,1.14730978012085,0.413170337677002) (-0.05423909,1.145647,0.4119197) (330.0663,344.7429,342.6987) (-0.06751448,1.213173,-0.04387162) (314.0886,2.079288,355.8278)
compute 0.311753810103825(-0.0562189891934395,1.14722728729248,0.415876895189285) (-0.05467407,1.14731,0.4131703) (329.9236,344.5804,342.2985) (-0.06796893,1.215637,-0.04844565) (311.8684,0.1716986,355.853)
compute 0.762766258689092(-0.0567129068076611,1.14654314517975,0.423457741737366) (-0.05621899,1.147227,0.4158769) (330.3564,344.8852,341.5073) (-0.06819358,1.214798,-0.04641506) (310.8229,357.8583,356.1)
compute 0.418324272935227(-0.0585556626319885,1.1468825340271,0.427197873592377) (-0.05671291,1.146543,0.4234577) (330.7811,344.998,340.9535) (-0.06765136,1.214445,-0.04812737) (308.9312,356.0934,356.3486)
compute 0.445685847099012(-0.0612984150648117,1.15036725997925,0.427642375230789) (-0.05855566,1.146883,0.4271979) (330.5797,344.701,340.6738) (-0.06698662,1.214535,-0.0501866) (308.1692,355.1977,356.1254)
compute 0.67008400460875(-0.0643238052725792,1.1559933423996,0.425618648529053) (-0.06129842,1.150367,0.4276424) (329.556,344.1844,340.0296) (-0.0660734,1.214795,-0.04911071) (309.4353,354.5457,355.3051)
compute 0.795736602693022(-0.070800743997097,1.15685737133026,0.430159837007523) (-0.06432381,1.155993,0.4256186) (328.8748,343.7997,339.2974) (-0.06409901,1.21195,-0.043632) (311.0094,352.8761,355.3604)
compute 0.527604257016461(-0.0754590928554535,1.15933215618134,0.430268704891205) (-0.07080074,1.156857,0.4301598) (328.4394,343.2971,338.923) (-0.0658062,1.212824,-0.043648) (308.2941,348.2867,356.5844)
compute 0.117472192825083(-0.0764081403613091,1.15940606594086,0.430957049131393) (-0.07545909,1.159332,0.4302687) (328.0685,342.8843,338.6906) (-0.07028839,1.213434,-0.04393772) (308.1416,345.054,359.0619)
compute 0.677832730160167(-0.0776546597480774,1.15567290782928,0.436475694179535) (-0.07640814,1.159406,0.430957) (328.2287,342.8653,338.5642) (-0.07150681,1.213625,-0.04340629) (308.3711,344.2724,359.2036)
compute 0.258414352474395(-0.079151950776577,1.15357136726379,0.436336249113083) (-0.07765466,1.155673,0.4364757) (328.7502,343.0859,338.4662) (-0.07566938,1.213397,-0.04262625) (307.928,343.4631,359.9241)
compute 0.476099160894796(-0.0797383934259415,1.15415275096893,0.431647419929504) (-0.07915195,1.153571,0.4363362) (328.9677,343.355,338.4049) (-0.07902189,1.212652,-0.04708345) (306.5543,345.3731,0.07972877)
compute 0.933431113036753(-0.0791712030768394,1.15839540958405,0.439942449331284) (-0.07973839,1.154153,0.4316474) (328.9463,343.6393,338.8698) (-0.07671363,1.213139,-0.05873605) (302.4893,348.7474,359.1046)
compute 1.32929187713167(-0.0728110298514366,1.16942155361176,0.443773120641708) (-0.0791712,1.158395,0.4399424) (327.7621,344.5533,339.0679) (-0.07198577,1.212174,-0.06934271) (298.8941,351.9631,357.8806)
compute 1.64308622742456(-0.0636940225958824,1.17618107795715,0.455654293298721) (-0.07281103,1.169422,0.4437731) (326.5186,345.7946,338.5223) (-0.07389314,1.213051,-0.07441887) (298.245,354.7045,356.8209)
compute 1.38522996320273(-0.0609283819794655,1.18485307693481,0.445212364196777) (-0.06369402,1.176181,0.4556543) (326.2723,345.7921,338.9002) (-0.07543793,1.21284,-0.07713889) (297.9701,357.1497,356.0666)
compute 2.37993318368824(-0.0542833134531975,1.19461250305176,0.424548268318176) (-0.06092838,1.184853,0.4452124) (326.0769,345.6384,340.1278) (-0.078448,1.212696,-0.07979251) (297.833,0.4992768,354.9232)
compute 1.27471679000605(-0.0452529415488243,1.19923663139343,0.416830748319626) (-0.05428331,1.194613,0.4245483) (325.6829,346.3094,340.5874) (-0.07910135,1.212862,-0.07865679) (298.8713,3.598889,353.9056)
compute 1.12249285194328(-0.0367613844573498,1.19889676570892,0.40949746966362) (-0.04525294,1.199237,0.4168307) (325.5246,346.7802,340.9516) (-0.08104783,1.213619,-0.07479572) (300.8419,6.301056,353.4229)
compute 0.923745411003419(-0.0282221715897322,1.19664692878723,0.406786262989044) (-0.03676138,1.198897,0.4094975) (325.9896,347.6275,341.8028) (-0.08412217,1.215191,-0.07191087) (303.0314,7.638894,353.7038)
compute 1.326598949949(-0.0186109021306038,1.19621741771698,0.397652506828308) (-0.02822217,1.196647,0.4067863) (326.4882,348.5157,342.1391) (-0.08559664,1.216208,-0.0730236) (304.4501,8.721144,353.7931)
compute 0.71022437397993(-0.011706605553627,1.19540500640869,0.399105966091156) (-0.0186109,1.196217,0.3976525) (326.3857,349.423,342.4882) (-0.08434448,1.217277,-0.07238692) (305.9907,9.924322,354.6009)
compute 1.15478180974646(-0.00816034991294146,1.18959581851959,0.389777004718781) (-0.01170661,1.195405,0.399106) (326.4755,349.6261,342.6758) (-0.08417881,1.217464,-0.0728012) (307.327,11.75415,354.4085)
compute 1.91206011609073(-0.0045329132117331,1.17094194889069,0.38766223192215) (-0.00816035,1.189596,0.389777) (328.8568,349.2866,343.5027) (-0.08423913,1.215239,-0.07029992) (308.2936,13.10143,354.8936)
compute 1.3970097224048(-0.000560439191758633,1.15897572040558,0.38164621591568) (-0.004532913,1.170942,0.3876622) (331.2845,349.0797,344.0415) (-0.08380254,1.214778,-0.0705662) (308.4687,14.1314,354.7906)
compute 1.54955503349896(0.0113690802827477,1.16685223579407,0.375666320323944) (-0.0005604392,1.158976,0.3816462) (331.5635,349.9275,343.6968) (-0.07902088,1.213769,-0.07304552) (307.9716,15.40063,354.3319)
compute 3.31145548365428(0.0275811459869146,1.19335544109344,0.364206701517105) (0.01136908,1.166852,0.3756663) (327.5333,352.8063,342.4178) (-0.07629122,1.213715,-0.07581023) (307.9596,16.74485,353.7324)
compute 1.54872769783809(0.0312125571072102,1.20593464374542,0.355934321880341) (0.02758115,1.193355,0.3642067) (324.3282,353.014,343.3014) (-0.07678834,1.213505,-0.07667167) (308.4344,17.01466,353.5939)
compute 0.49283429876606(0.0283295232802629,1.20488250255585,0.352078199386597) (0.03121256,1.205935,0.3559343) (323.4436,351.7765,343.8517) (-0.07677355,1.20557,-0.07515322) (311.1299,16.33013,353.9832)
compute 1.25008395823631(0.018611179664731,1.19777929782867,0.348706364631653) (0.02832952,1.204883,0.3520782) (324.1376,349.8824,345.0551) (-0.07141002,1.199162,-0.06099737) (318.4478,14.80732,354.2847)
compute 0.945473530470613(0.0187482573091984,1.19041228294373,0.354630917310715) (0.01861118,1.197779,0.3487064) (325.3666,349.049,345.3822) (-0.06901458,1.197677,-0.04960014) (317.1751,13.25708,356.356)
compute 0.53601053541859(0.0223927684128284,1.19424283504486,0.355511337518692) (0.01874826,1.190412,0.3546309) (325.0185,347.978,345.9873) (-0.07007323,1.210684,-0.06583546) (307.063,14.15821,354.8487)
compute 2.76376758291281(0.0372664108872414,1.21705591678619,0.360220819711685) (0.02239277,1.194243,0.3555113) (322.7401,349.5301,345.7894) (-0.06859871,1.211956,-0.07182484) (304.6859,16.44665,353.0251)
compute 2.19911752283714(0.0489192828536034,1.23563420772552,0.361854672431946) (0.03726641,1.217056,0.3602208) (320.2577,351.9543,345.2477) (-0.06692572,1.211753,-0.06838681) (305.6155,18.78932,352.0298)
compute 0.416745587614141(0.0504524633288383,1.23738288879395,0.358396470546722) (0.04891928,1.235634,0.3618547) (319.19,352.3391,345.4286) (-0.06815641,1.208683,-0.05974717) (306.9509,20.57811,351.4376)
compute 0.367827876041518(0.0508469492197037,1.23718559741974,0.362048208713531) (0.05045246,1.237383,0.3583965) (319.1577,352.0935,346.1612) (-0.06731485,1.208763,-0.05089951) (308.0882,22.28704,351.7958)
compute 1.37818532512163(0.0617086216807365,1.24377620220184,0.367389321327209) (0.05084695,1.237186,0.3620482) (318.832,355.3847,344.2135) (-0.06389397,1.20731,-0.0430645) (310.8199,25.34919,350.669)
compute 1.27515645088715(0.0711813941597939,1.24806106090546,0.360006302595139) (0.06170862,1.243776,0.3673893) (318.3562,358.0461,342.5546) (-0.0621338,1.205243,-0.03472053) (314.5788,25.4907,351.6196)
compute 1.05433966142776(0.0751573443412781,1.2406177520752,0.366327077150345) (0.07118139,1.248061,0.3600063) (319.0714,358.3672,342.6137) (-0.06232173,1.199192,-0.02597768) (319.1947,24.22181,353.533)
compute 1.8489632350512(0.0713687390089035,1.22257733345032,0.367761045694351) (0.07515734,1.240618,0.3663271) (320.9889,357.19,343.8617) (-0.06102712,1.19497,-0.02270749) (322.7323,24.80237,354.3384)
compute 1.7098980998939(0.0722493380308151,1.20550131797791,0.367857933044434) (0.07136874,1.222577,0.367761) (322.6654,356.9209,344.4558) (-0.0615271,1.1954,-0.02033991) (325.7455,25.90276,354.9067)
compute 2.46737399210012(0.0781653001904488,1.18203210830688,0.363063037395477) (0.07224934,1.205501,0.3678579) (325.3299,357.4369,345.4716) (-0.06279317,1.194345,-0.01360285) (329.6552,25.73883,356.4118)
compute 2.95148514452632(0.094460092484951,1.15802538394928,0.368474453687668) (0.0781653,1.182032,0.363063) (328.6466,0.1168811,345.2915) (-0.06532565,1.192589,-0.006304367) (334.4494,26.06468,357.6553)
compute 4.72360423668768(0.128333687782288,1.13809466362,0.394677311182022) (0.09446009,1.158025,0.3684745) (331.5725,9.013772,345.2362) (-0.06765752,1.190151,0.004918368) (337.8264,26.87124,357.9832)
compute 4.82764302611492(0.160886958241463,1.1346298456192,0.430158197879791) (0.1283337,1.138095,0.3946773) (330.8097,17.15654,349.9666) (-0.06670196,1.189173,0.01745325) (342.2409,28.15799,358.3481)
compute 5.26908735808351(0.193071976304054,1.12911796569824,0.471511214971542) (0.160887,1.13463,0.4301582) (331.3708,22.97197,354.1614) (-0.05568957,1.185024,0.03354254) (346.9375,28.22955,359.2584)
compute 5.47201995855578(0.224561795592308,1.10619115829468,0.509943664073944) (0.193072,1.129118,0.4715112) (336.5509,26.1196,355.603) (-0.03648678,1.176289,0.04674063) (351.0038,26.35332,1.043846)
compute 5.61656160761704(0.254402875900269,1.06650865077972,0.536199808120728) (0.2245618,1.106191,0.5099437) (342.5533,27.86801,355.1982) (-0.01810173,1.174285,0.05352336) (353.7224,25.05628,2.402076)
compute 6.19638974018177(0.279938042163849,1.01349461078644,0.555616080760956) (0.2544029,1.066509,0.5361998) (352.1916,28.00945,351.8447) (-0.00627448,1.174473,0.05387825) (354.814,24.59834,2.248142)
compute 6.77934611044175(0.299319922924042,0.950225114822388,0.570356070995331) (0.279938,1.013495,0.5556161) (0.1298745,29.08762,350.8227) (-0.0001509376,1.171507,0.05597323) (357.5378,23.50134,2.934056)
compute 8.54004571837879(0.310788094997406,0.866872370243073,0.58498615026474) (0.2993199,0.9502251,0.5703561) (8.361727,27.84428,354.2435) (0.004754239,1.167955,0.06201893) (0.4267752,22.10895,3.11224)
compute 8.65219048287175(0.328822404146194,0.785509526729584,0.608243227005005) (0.3107881,0.8668724,0.5849862) (13.22963,27.30851,357.695) (0.007504948,1.16555,0.0704123) (3.441684,21.45376,3.856582)
compute 5.26590507925607(0.330424934625626,0.734568059444427,0.621486127376556) (0.3288224,0.7855095,0.6082432) (16.52707,26.19918,358.0259) (0.01351411,1.164855,0.0729986) (4.829042,21.73269,4.929338)
compute 2.37219380518717(0.328661471605301,0.711343944072723,0.625987350940704) (0.3304249,0.7345681,0.6214861) (13.95896,25.25773,358.864) (0.01629409,1.166389,0.08044291) (6.168506,21.2017,5.184)
compute 1.3705785037897(0.316496074199677,0.71607518196106,0.621807992458344) (0.3286615,0.7113439,0.6259874) (9.429552,23.04439,353.9875) (0.01706872,1.168825,0.08666212) (6.287339,19.23876,4.303089)
compute 2.84784027384007(0.301490366458893,0.739099383354187,0.614342451095581) (0.3164961,0.7160752,0.621808) (3.36644,17.97904,352.4588) (0.01109278,1.172113,0.08999613) (5.123744,18.0216,4.352202)
compute 4.33090811267271(0.285219967365265,0.774390995502472,0.595225632190704) (0.3014904,0.7390994,0.6143425) (359.1721,16.2092,349.0771) (0.005349404,1.184762,0.09007064) (358.6974,16.64979,2.793727)
compute 6.26590342625662(0.261143207550049,0.824370145797729,0.566095769405365) (0.28522,0.774391,0.5952256) (353.1448,13.71381,346.8552) (-0.002590779,1.206151,0.07777803) (345.9332,15.51045,359.8651)
compute 4.75077605905149(0.244176968932152,0.861696243286133,0.542097926139832) (0.2611432,0.8243701,0.5660958) (350.1612,12.13809,345.791) (-0.01320977,1.219457,0.053363) (335.7512,15.84028,359.015)
compute 2.47005199717559(0.238318011164665,0.882692575454712,0.530481457710266) (0.244177,0.8616962,0.5420979) (349.7532,12.35458,345.0181) (-0.01886436,1.223459,0.03186151) (329.2483,17.32078,358.0535)
compute 2.55759901276219(0.235393226146698,0.906484842300415,0.521564900875092) (0.238318,0.8826926,0.5304815) (350.5667,12.55639,344.1878) (-0.02710142,1.223408,0.01362062) (323.0236,19.75196,355.853)
compute 5.76722511838654(0.222893297672272,0.96273010969162,0.519052863121033) (0.2353932,0.9064848,0.5215649) (348.9747,9.972078,345.9487) (-0.03615641,1.219707,0.005514928) (323.966,18.96464,356.7712)
compute 10.5487881991107(0.189727172255516,1.06284236907959,0.516764342784882) (0.2228933,0.9627301,0.5190529) (335.7989,5.071126,352.5364) (-0.04680376,1.208202,0.00377518) (327.6338,18.39326,357.9708)
compute 7.68576665984086(0.162508919835091,1.13262403011322,0.533991873264313) (0.1897272,1.062842,0.5167643) (330.6288,5.443945,353.3187) (-0.05487082,1.19603,0.01331423) (332.732,18.08816,359.4633)
compute 4.75433449284465(0.144813701510429,1.16348147392273,0.565536558628082) (0.1625089,1.132624,0.5339919) (329.1586,8.110547,351.7304) (-0.06678914,1.188843,0.02269305) (336.4299,17.00968,1.809835)
compute 3.63744082957422(0.129093706607819,1.16849398612976,0.59795343875885) (0.1448137,1.163481,0.5655366) (330.0383,7.148078,351.8559) (-0.07356621,1.183777,0.02765588) (338.5841,16.69382,2.988801)
compute 2.68958066544344(0.117658741772175,1.15112590789795,0.61501145362854) (0.1290937,1.168494,0.5979534) (333.3225,6.058426,355.8663) (-0.07763723,1.18249,0.02835989) (338.7737,16.12682,3.608285)
compute 2.71630742799623(0.106319464743137,1.14890611171722,0.590428411960602) (0.1176587,1.151126,0.6150115) (331.4013,5.99298,351.4696) (-0.08056006,1.188689,0.0218728) (334.6603,14.1929,3.030898)
compute 5.92957378352583(0.0820778906345367,1.17065572738647,0.5408775806427) (0.1063195,1.148906,0.5904284) (326.2664,1.766092,349.1817) (-0.0803025,1.193095,0.01444989) (333.3042,12.99513,1.815592)
compute 5.98238928642705(0.0509281568229198,1.20166683197021,0.500295519828796) (0.08207789,1.170656,0.5408776) (321.1114,357.6719,350.2295) (-0.07758431,1.192763,0.01111223) (333.0903,13.69338,0.8210494)
compute 4.72265233377007(0.0111993700265884,1.21210670471191,0.476993650197983) (0.05092816,1.201667,0.5002955) (319.2117,354.0792,356.3313) (-0.07668999,1.193093,0.009792545) (333.4716,15.01871,0.2684649)
compute 4.45707524128126(-0.00585939269512892,1.17460882663727,0.494007170200348) (0.01119937,1.212107,0.4769937) (330.7586,355.6915,353.925) (-0.07763663,1.191442,0.01011636) (334.7251,16.93687,0.2524846)
compute 5.92938726709835(-0.00392176117748022,1.11633360385895,0.504777848720551) (-0.005859393,1.174609,0.4940072) (338.4695,356.2627,355.2354) (-0.08047563,1.186565,0.01478017) (337.801,19.40998,0.1427007)
compute 6.43521288313458(0.00941714085638523,1.05341744422913,0.506974935531616) (-0.003921761,1.116334,0.5047778) (344.5665,357.5541,358.8879) (-0.08287311,1.180543,0.02263916) (343.0158,21.34404,0.06300941)
compute 6.94277038286107(0.0120087647810578,0.984063744544983,0.508860111236572) (0.009417141,1.053417,0.5069749) (351.4376,358.59,0.1975523) (-0.08352198,1.163605,0.03396378) (351.7777,21.6446,1.22537)
compute 8.50356818337048(0.0103437891229987,0.899050116539001,0.50984925031662) (0.01200876,0.9840637,0.5088601) (358.6427,359.6393,358.9198) (-0.08659092,1.152195,0.04236422) (357.8611,20.50158,1.738304)
compute 6.44260831456508(0.00101451110094786,0.835679531097412,0.516766905784607) (0.01034379,0.8990501,0.5098493) (2.755573,0.07605925,0.3722952) (-0.08872961,1.149728,0.04664783) (0.1406004,19.7953,1.513242)
compute 3.74751085388855(-0.00302909966558218,0.80560302734375,0.538754105567932) (0.001014511,0.8356795,0.5167669) (2.867162,1.75267,358.9823) (-0.0868775,1.151117,0.04734452) (3.062112,18.62191,1.334207)
compute 5.68885302336605(-0.00493974424898624,0.753027617931366,0.560398519039154) (-0.0030291,0.805603,0.5387541) (9.770646,3.855378,358.0838) (-0.07851211,1.15193,0.0471618) (6.849637,17.18916,1.3579)
compute 3.81462350811955(-0.00324208103120327,0.719426810741425,0.578377366065979) (-0.004939744,0.7530276,0.5603985) (8.114702,2.375704,353.3455) (-0.06701346,1.156577,0.05314375) (5.549561,16.57769,0.03356152)
compute 5.51099207155635(0.0513318628072739,0.72307026386261,0.571631014347076) (-0.003242081,0.7194268,0.5783774) (0.8150314,10.0647,343.2072) (-0.04719573,1.159233,0.05655266) (5.353235,21.84806,0.9206679)
compute 10.7637997003656(0.151840046048164,0.721199512481689,0.533153176307678) (0.05133186,0.7230703,0.571631) (3.902712,26.63103,337.968) (-0.02816982,1.162195,0.05514916) (5.543015,28.8721,2.065729)
compute 11.8105395206641(0.263495892286301,0.723139524459839,0.494707196950912) (0.15184,0.7211995,0.5331532) (4.523292,43.11773,340.1442) (-0.00759454,1.162211,0.04493047) (6.687031,33.98956,2.546983)
compute 10.4702802548472(0.359775960445404,0.721519768238068,0.453595131635666) (0.2634959,0.7231395,0.4947072) (8.392576,57.2205,341.4441) (0.00547085,1.160202,0.03516001) (7.891535,35.73378,2.460961)
compute 4.7934039489545(0.403956115245819,0.718698978424072,0.435214996337891) (0.359776,0.7215198,0.4535951) (6.504102,57.21185,346.6939) (0.0138545,1.160241,0.02746028) (8.073936,37.05713,2.164345)
compute 3.15497626990519(0.41717991232872,0.693824172019959,0.421010673046112) (0.4039561,0.718699,0.435215) (12.43891,59.04322,347.4167) (0.01476504,1.159551,0.02590335) (8.427911,37.69789,1.620036)
compute 3.17971046490749(0.422548592090607,0.664455771446228,0.410068541765213) (0.4171799,0.6938242,0.4210107) (16.38962,61.22318,348.9819) (0.01376406,1.156706,0.02601937) (9.640285,38.74543,1.806809)
compute 1.532665159393(0.422797858715057,0.649474024772644,0.406844973564148) (0.4225486,0.6644558,0.4100685) (16.92847,61.24326,351.0104) (0.0130821,1.152615,0.02654202) (10.52265,39.32966,1.790621)
compute 3.77457193289784(0.431308746337891,0.613779425621033,0.415688037872314) (0.4227979,0.649474,0.406845) (20.46418,58.25872,352.846) (0.01241235,1.148385,0.02715232) (12.07193,40.05909,2.038065)
compute 1.32278650750136(0.429159641265869,0.600887358188629,0.413650304079056) (0.4313087,0.6137794,0.415688) (21.93236,52.31127,356.9719) (0.01915857,1.146716,0.03920384) (11.8095,39.15808,1.566517)
compute 3.65106979548484(0.458064466714859,0.580163359642029,0.421900033950806) (0.4291596,0.6008874,0.4136503) (21.94428,58.49399,359.5158) (0.03579115,1.145785,0.05352204) (14.69573,38.20664,1.401214)
compute 2.1352490168595(0.476734548807144,0.569866478443146,0.420746296644211) (0.4580645,0.5801634,0.4219) (24.40411,60.11691,2.09915) (0.05862314,1.141581,0.06939674) (16.40482,39.19243,359.6671)
compute 2.9582490605335(0.475173592567444,0.540383994579315,0.422609180212021) (0.4767345,0.5698665,0.4207463) (29.34863,55.18701,5.44228) (0.08160735,1.128425,0.09425668) (19.95174,40.07084,0.4164477)
compute 3.42651434787788(0.475629091262817,0.506128013134003,0.421960860490799) (0.4751736,0.540384,0.4226092) (31.07719,54.83005,5.858719) (0.09824967,1.1126,0.1174303) (20.93818,39.40632,359.7456)
compute 3.05890272313387(0.470226287841797,0.476160258054733,0.419057071208954) (0.4756291,0.506128,0.4219609) (32.91744,51.4688,7.841732) (0.1029882,1.104337,0.1247565) (23.69889,38.51431,-0.002510028)
compute 1.35731644051022(0.464844137430191,0.466385155916214,0.411329805850983) (0.4702263,0.4761603,0.4190571) (33.38663,51.66471,8.133353) (0.09633233,1.112295,0.1218446) (23.10086,38.55853,0.725594)
compute 1.99612530953404(0.466876059770584,0.4862419962883,0.411499559879303) (0.4648441,0.4663852,0.4113298) (26.30466,51.90004,6.198485) (0.08721853,1.130742,0.1086392) (20.24518,39.22682,1.046675)
compute 4.63025250695288(0.474025428295136,0.531535267829895,0.417928397655487) (0.4668761,0.486242,0.4114996) (18.76576,52.53654,1.32842) (0.07746784,1.145226,0.09484629) (17.88568,40.16483,1.741248)
compute 1.27222937126067(0.469961196184158,0.543119132518768,0.421267986297607) (0.4740254,0.5315353,0.4179284) (23.99636,49.66876,6.137488) (0.07304624,1.154108,0.0795739) (17.35845,40.523,2.384304)
compute 0.457947131118629(0.46782186627388,0.53958934545517,0.41928419470787) (0.4699612,0.5431191,0.421268) (28.17553,50.01383,5.862154) (0.0712624,1.157148,0.07107118) (16.64939,39.65605,1.985367)
compute 1.89483348537355(0.465482711791992,0.524918258190155,0.407522946596146) (0.4678219,0.5395893,0.4192842) (31.67949,50.78285,6.311546) (0.07351477,1.156593,0.06802976) (18.09162,37.77011,1.032192)
compute 1.27083636041809(0.458447068929672,0.51785135269165,0.399645060300827) (0.4654827,0.5249183,0.4075229) (31.9861,50.23027,6.05872) (0.08066813,1.151307,0.06794701) (18.93238,36.99857,359.2585)
compute 1.17555042638736(0.454383432865143,0.528265774250031,0.403280794620514) (0.4584471,0.5178514,0.3996451) (24.3421,46.93711,1.737228) (0.08134449,1.152153,0.06865385) (18.00612,36.76312,358.4616)
compute 2.81161858602592(0.455640017986298,0.554856836795807,0.412328243255615) (0.4543834,0.5282658,0.4032808) (17.35798,46.76226,356.9226) (0.06940684,1.154957,0.06845261) (16.80765,36.40158,0.06155981)
compute 1.41959778232133(0.462433934211731,0.565578877925873,0.418684840202332) (0.45564,0.5548568,0.4123282) (16.3501,49.03977,356.8106) (0.05357031,1.156187,0.06474537) (17.39097,36.78244,1.971511)
compute 0.779228171759383(0.459579467773438,0.558486878871918,0.42019322514534) (0.4624339,0.5655789,0.4186848) (22.42239,47.4317,2.442561) (0.04014724,1.151786,0.05796741) (18.78179,35.79958,3.04514)
compute 2.31683542645151(0.436542868614197,0.559972405433655,0.422163248062134) (0.4595795,0.5584869,0.4201932) (21.68873,44.83447,1.619705) (0.02502725,1.14917,0.05188558) (19.22706,32.56154,3.103114)
compute 4.06125155763633(0.396662622690201,0.567594826221466,0.423080414533615) (0.4365429,0.5599724,0.4221632) (19.80987,37.82736,358.2162) (0.01533055,1.150098,0.04525087) (19.17986,30.3419,4.221442)
compute 2.00881955014438(0.377298653125763,0.562315940856934,0.422240376472473) (0.3966626,0.5675948,0.4230804) (20.1519,35.24732,354.5422) (0.01061093,1.149988,0.03824599) (18.5799,28.48771,4.730367)
compute 4.45571788004567(0.333412677049637,0.554856419563293,0.424168825149536) (0.3772987,0.5623159,0.4222404) (20.27227,27.41403,355.6191) (0.001939986,1.144278,0.03472116) (22.33545,24.29259,3.737856)
compute 8.96831961517785(0.243755236268044,0.552904069423676,0.425067514181137) (0.3334127,0.5548564,0.4241688) (17.94133,11.72462,358.0412) (-0.002593078,1.138568,0.03499895) (24.00228,21.94413,3.592886)
compute 8.77845800113547(0.156783416867256,0.561353325843811,0.41666242480278) (0.2437552,0.5529041,0.4250675) (16.00843,1.0983,355.0331) (-0.004628118,1.137098,0.03553962) (25.31166,21.22182,3.755513)
compute 7.1135010497289(0.0863429829478264,0.567415595054626,0.408814877271652) (0.1567834,0.5613533,0.4166624) (15.27742,353.7454,354.0215) (-0.005778946,1.138064,0.0357433) (26.54254,21.02751,4.06212)
compute 5.1654818143829(0.0348924659192562,0.568138659000397,0.404282569885254) (0.08634298,0.5674156,0.4088149) (15.52218,350.4482,355.9059) (-0.007713697,1.139248,0.03567301) (28.4433,20.0963,3.785601)
compute 3.00280936495699(0.0102486815303564,0.551046907901764,0.405780017375946) (0.03489247,0.5681387,0.4042826) (18.80497,353.057,358.1935) (-0.009074717,1.138631,0.03732327) (29.41002,19.14399,2.890013)
compute 3.6741430384929(0.010302135720849,0.514355421066284,0.407694339752197) (0.01024868,0.5510469,0.40578) (25.17389,358.3542,1.996312) (-0.01145934,1.140529,0.03737719) (28.88589,19.40976,2.095042)
compute 1.82822467001492(0.0191364828497171,0.498360812664032,0.408300459384918) (0.01030214,0.5143554,0.4076943) (28.522,3.263364,2.474885) (-0.01677958,1.147551,0.03603959) (25.51844,21.16897,1.524129)
compute 7.59185087208585(0.0901703163981438,0.52398806810379,0.416114419698715) (0.01913648,0.4983608,0.4083005) (23.84162,18.5333,349.5236) (-0.01378157,1.168139,0.03706591) (14.31409,30.91613,1.906489)
compute 15.7483492801661(0.23126021027565,0.593745529651642,0.421461522579193) (0.09017032,0.5239881,0.4161144) (14.35187,42.68245,342.5995) (-0.002707131,1.178909,0.02580342) (8.080572,40.46398,3.986774)
compute 16.773515665265(0.368199020624161,0.689722299575806,0.408373117446899) (0.2312602,0.5937455,0.4214615) (3.810681,58.30285,345.6422) (-0.001917072,1.176574,0.02173415) (7.937271,42.75517,4.171672)
compute 11.0105982312409(0.465067654848099,0.736506700515747,0.384899407625198) (0.368199,0.6897223,0.4083731) (4.258041,69.20607,347.7503) (0.000220418,1.169487,0.02103913) (8.273988,42.44235,4.401894)
compute 6.0155330333575(0.52126556634903,0.754103124141693,0.372618347406387) (0.4650677,0.7365067,0.3848994) (3.029544,74.61407,349.1161) (0.003412521,1.166642,0.0176064) (8.068023,41.34063,3.057086)
compute 3.22015960654347(0.537424027919769,0.726367175579071,0.370056301355362) (0.5212656,0.7541031,0.3726183) (9.247774,72.99029,353.947) (0.005958073,1.166936,0.01296879) (7.748018,40.65871,2.469559)
compute 4.13501409416257(0.531654894351959,0.687066674232483,0.358566224575043) (0.537424,0.7263672,0.3700563) (15.92862,74.54852,354.3919) (0.008408577,1.160067,0.01209051) (9.003292,40.79855,2.486301)
compute 4.17179486525873(0.498407959938049,0.662385821342468,0.363653868436813) (0.5316549,0.6870667,0.3585662) (15.30932,67.91436,355.8617) (0.01155235,1.149949,0.01786802) (11.4701,39.27806,3.150944)
compute 5.44504743051696(0.457969814538956,0.627885222434998,0.375457227230072) (0.498408,0.6623858,0.3636539) (16.63397,61.36665,355.824) (0.01378179,1.145182,0.02224158) (12.83403,37.62378,2.748956)
compute 4.40231858522011(0.42805877327919,0.596705317497253,0.383894294500351) (0.4579698,0.6278852,0.3754572) (18.91196,57.62924,354.5832) (0.01317719,1.146766,0.02545362) (13.37589,37.77721,2.888225)
compute 2.82072187071866(0.407015770673752,0.578408658504486,0.388145357370377) (0.4280588,0.5967053,0.3838943) (20.45665,56.28588,354.4085) (0.01361095,1.146631,0.02855408) (13.9886,38.23796,3.122289)
compute 2.60419686462516(0.383871287107468,0.567208707332611,0.392277926206589) (0.4070158,0.5784087,0.3881454) (21.43466,54.53894,355.0949) (0.01077837,1.145141,0.0299954) (15.33232,37.89996,3.852816)
compute 2.43070422778343(0.363595247268677,0.553819954395294,0.39295306801796) (0.3838713,0.5672087,0.3922779) (22.58992,53.16712,355.9556) (0.004349136,1.144816,0.02953731) (16.30607,36.82348,4.557405)
compute 3.56982226420678(0.330271363258362,0.54122918844223,0.39526703953743) (0.3635952,0.55382,0.3929531) (23.82027,47.27741,357.3915) (-0.002484352,1.145462,0.0287183) (16.87346,35.64894,4.472501)
compute 2.51820723026787(0.307518064975739,0.530793368816376,0.398008912801743) (0.3302714,0.5412292,0.395267) (24.38005,41.04995,359.9818) (-0.005119193,1.14513,0.02840614) (16.69202,34.66209,4.534556)
compute 1.42277722754357(0.3104387819767,0.516902446746826,0.398979067802429) (0.3075181,0.5307934,0.3980089) (24.85061,42.72006,2.661631) (-0.005495043,1.144532,0.02816875) (16.14498,34.76206,4.170798)
compute 0.493616475558135(0.313945740461349,0.514127612113953,0.401068866252899) (0.3104388,0.5169024,0.3989791) (24.03282,42.81834,5.2264) (-0.006666659,1.146387,0.02738567) (15.45535,34.92187,4.286138)
compute 1.64293078933441(0.320939749479294,0.499539136886597,0.398208379745483) (0.3139457,0.5141276,0.4010689) (26.72771,45.65366,6.802373) (-0.008095159,1.145298,0.02563132) (16.37345,35.09701,4.55226)
compute 0.235891121772332(0.322614848613739,0.501132488250732,0.398677140474319) (0.3209397,0.4995391,0.3982084) (27.11921,45.2738,6.132659) (-0.008584667,1.142382,0.02553435) (16.8426,34.9439,4.95877)
compute 3.69271532865882(0.336819499731064,0.53496915102005,0.402790874242783) (0.3226148,0.5011325,0.3986771) (19.4941,47.01126,1.893047) (-0.009435982,1.141888,0.02570572) (16.8693,34.25077,4.773643)
compute 3.15875743813931(0.343681931495667,0.564621210098267,0.411242932081223) (0.3368195,0.5349692,0.4027909) (13.59436,47.70923,0.8610117) (-0.01124682,1.142204,0.0345355) (17.75297,32.1012,4.744154)
compute 0.821793403210164(0.343977034091949,0.568835556507111,0.418291807174683) (0.3436819,0.5646212,0.4112429) (13.81945,48.1009,0.4095435) (-0.009990416,1.139999,0.04423597) (19.61903,29.64335,5.551906)
compute 1.67081185884319(0.338387787342072,0.554737687110901,0.425304055213928) (0.343977,0.5688356,0.4182918) (16.84978,45.24282,3.226268) (-0.01042884,1.138013,0.05247085) (21.43479,27.66286,6.396642)
compute 2.6033345134304(0.324896723031998,0.532481074333191,0.424696207046509) (0.3383878,0.5547377,0.4253041) (19.69138,44.37978,5.263958) (-0.01230025,1.136552,0.05734804) (22.59822,26.15984,6.654448)
compute 2.33380469139457(0.312378138303757,0.515361487865448,0.414956122636795) (0.3248967,0.5324811,0.4246962) (21.0875,43.75965,5.887397) (-0.01569849,1.13692,0.0572744) (23.75269,25.58635,6.447195)
compute 1.03940083244182(0.305415391921997,0.520505964756012,0.409203737974167) (0.3123781,0.5153615,0.4149561) (20.93897,43.67242,3.47616) (-0.0164905,1.138065,0.0531257) (23.93894,25.89845,6.489209)
compute 1.84740567418248(0.303367257118225,0.538861930370331,0.40881073474884) (0.3054154,0.520506,0.4092037) (19.2112,42.67255,0.7384086) (-0.01843484,1.14037,0.05111568) (25.10371,27.42935,7.438156)
compute 1.01573066585188(0.303205788135529,0.545111358165741,0.41681632399559) (0.3033673,0.5388619,0.4088107) (18.50978,41.74523,0.7654915) (-0.01873137,1.140688,0.05400129) (25.15968,27.33045,8.352607)
compute 0.869304253248333(0.302726984024048,0.543919384479523,0.425413936376572) (0.3032058,0.5451114,0.4168163) (18.02812,40.77922,0.5700753) (-0.0176312,1.140381,0.06102546) (25.74388,26.33945,8.628205)
compute 1.43866625915938(0.298029392957687,0.530341506004334,0.424672365188599) (0.302727,0.5439194,0.4254139) (20.41197,38.8834,2.549214) (-0.01548185,1.140082,0.06570007) (25.85121,26.18287,8.886732)
compute 3.43515531846897(0.29047092795372,0.499972403049469,0.410508453845978) (0.2980294,0.5303415,0.4246724) (24.94572,37.49947,7.548565) (-0.006376233,1.137678,0.06720149) (25.22567,27.89191,9.146221)
compute 3.29500499237427(0.291698187589645,0.476743161678314,0.387171745300293) (0.2904709,0.4999724,0.4105085) (26.95207,38.4501,7.852009) (5.594268E-05,1.138824,0.0673866) (24.67421,30.80124,9.164576)
compute 3.95861258741092(0.317487806081772,0.468854695558548,0.358193665742874) (0.2916982,0.4767432,0.3871717) (27.20667,45.47487,6.050577) (0.002242029,1.139701,0.06404182) (25.0942,33.98244,8.873775)
compute 5.31521922144169(0.359647661447525,0.492738097906113,0.336346805095673) (0.3174878,0.4688547,0.3581937) (21.03209,54.03065,3.350757) (0.007186856,1.140246,0.06372514) (25.59866,36.61049,8.589398)
compute 5.57287693432503(0.396677106618881,0.532795131206512,0.324947237968445) (0.3596477,0.4927381,0.3363468) (14.9235,59.2879,0.785207) (0.01562422,1.139366,0.0641197) (24.86385,38.03702,8.582022)
compute 3.11398852553111(0.421775758266449,0.551099061965942,0.322775542736053) (0.3966771,0.5327951,0.3249472) (13.26912,60.64737,0.2295654) (0.0285659,1.138537,0.06749116) (24.04931,38.43717,8.922747)
compute 1.71575191466728(0.438823670148849,0.549186646938324,0.322472482919693) (0.4217758,0.5510991,0.3227755) (15.89387,61.03206,0.6496557) (0.03827053,1.136686,0.06867152) (22.47305,38.08048,8.273099)
compute 2.06524726409547(0.459393888711929,0.550489187240601,0.321170896291733) (0.4388237,0.5491866,0.3224725) (14.51899,65.44888,358.6862) (0.04222826,1.140298,0.06804472) (21.20089,37.34314,6.729408)
compute 2.85827846695117(0.475379317998886,0.573806643486023,0.32538253068924) (0.4593939,0.5504892,0.3211709) (8.539803,65.67406,356.3047) (0.0376634,1.141233,0.06601873) (21.33498,35.677,6.190825)
compute 0.525124021855855(0.476789742708206,0.575557172298431,0.330128252506256) (0.4753793,0.5738066,0.3253825) (11.12768,64.80501,359.8306) (0.02708451,1.144917,0.063221) (18.8925,32.36916,5.069592)
compute 2.41102540586597(0.458387494087219,0.574252843856812,0.345651149749756) (0.4767897,0.5755572,0.3301283) (12.09997,58.55286,3.190935) (0.01633407,1.147585,0.05721247) (18.08072,30.67943,5.202785)
compute 6.62576812798435(0.421582609415054,0.622092723846436,0.372979283332825) (0.4583875,0.5742528,0.3456511) (4.304222,51.86651,355.2794) (0.004965923,1.145585,0.05698531) (20.00063,29.30655,5.563486)
compute 7.36791756060503(0.382132023572922,0.674710035324097,0.406201124191284) (0.4215826,0.6220927,0.3729793) (357.9005,43.51411,349.1632) (-0.007636107,1.141654,0.05742152) (21.33371,27.92037,6.604528)
compute 5.58951970761894(0.348041981458664,0.709068179130554,0.434159308671951) (0.382132,0.67471,0.4062011) (354.8463,36.75922,352.9821) (-0.01866411,1.13889,0.06126153) (22.94874,26.43264,7.443856)
compute 3.01178188940166(0.332659959793091,0.715337812900543,0.459282368421555) (0.348042,0.7090682,0.4341593) (355.9081,35.45301,351.6747) (-0.02880121,1.137187,0.06468009) (23.47276,25.43373,7.938826)
compute 3.73964618217206(0.317101806402206,0.685673177242279,0.475909113883972) (0.33266,0.7153378,0.4592824) (3.246765,31.11854,358.8205) (-0.03745455,1.137156,0.06801738) (23.47663,24.83595,8.764644)
compute 4.06772680997616(0.309216797351837,0.645805478096008,0.477650791406631) (0.3171018,0.6856732,0.4759091) (8.386796,28.7844,3.840942) (-0.04526049,1.136998,0.07443782) (23.486,23.43448,9.991175)
compute 5.03498253111721(0.313438951969147,0.595682680606842,0.475418388843536) (0.3092168,0.6458055,0.4776508) (13.45507,30.99978,4.416453) (-0.05238517,1.132454,0.07910636) (24.72594,22.33491,11.3855)
compute 3.27961887618635(0.314078062772751,0.563725531101227,0.468075215816498) (0.313439,0.5956827,0.4754184) (15.65811,30.90131,4.498556) (-0.05406919,1.130141,0.08061446) (26.27356,20.58762,11.41477)
compute 2.12309138209697(0.301448315382004,0.551125228404999,0.456565499305725) (0.3140781,0.5637255,0.4680752) (16.6313,29.58205,4.33142) (-0.05481184,1.128941,0.08115356) (27.15073,19.36132,11.14604)
compute 1.92019823463479(0.287191390991211,0.546409606933594,0.444598078727722) (0.3014483,0.5511252,0.4565655) (17.85284,28.73813,4.005893) (-0.05443675,1.128881,0.08125742) (27.51864,19.62529,10.92978)
compute 1.69648981962551(0.274149954319,0.537899076938629,0.43786758184433) (0.2871914,0.5464096,0.4445981) (19.01455,27.6758,3.903994) (-0.05071276,1.127795,0.08134016) (28.24893,19.85827,10.69)
compute 2.92678933654627(0.251865953207016,0.520081400871277,0.431343525648117) (0.27415,0.5378991,0.4378676) (20.51238,25.73744,3.541268) (-0.04947478,1.12712,0.08169936) (28.93688,19.98946,10.3152)
compute 3.11780885427893(0.228877171874046,0.501678109169006,0.421101063489914) (0.251866,0.5200814,0.4313435) (22.69368,24.64108,2.990869) (-0.04894502,1.127191,0.08343766) (29.20978,20.13535,9.80432)
compute 3.36649118647071(0.232840523123741,0.471497267484665,0.406722784042358) (0.2288772,0.5016781,0.4211011) (27.77716,31.05589,5.772774) (-0.04584799,1.128038,0.08650661) (30.0607,20.85588,9.733261)
compute 0.916724322799496(0.229806825518608,0.465195626020432,0.400796204805374) (0.2328405,0.4714973,0.4067228) (29.02583,30.62162,4.858573) (-0.04395722,1.125912,0.09623155) (29.3121,19.82027,9.125851)
compute 4.3981826374466(0.213643342256546,0.504889190196991,0.410673648118973) (0.2298068,0.4651956,0.4007962) (16.15753,23.51783,0.6054422) (-0.04298498,1.125005,0.1009514) (27.93962,18.34449,8.502896)
compute 8.14317200648446(0.19717825949192,0.583210110664368,0.425702273845673) (0.2136433,0.5048892,0.4106736) (3.707001,21.42168,350.126) (-0.04374107,1.126122,0.1013621) (28.26073,17.62346,8.341493)
compute 6.36288530480465(0.174957290291786,0.639968633651733,0.443959593772888) (0.1971783,0.5832101,0.4257023) (359.8272,18.88164,349.9045) (-0.04695842,1.127183,0.09588303) (27.93307,17.94098,8.27126)
compute 2.67529379552923(0.163627073168755,0.624364197254181,0.462502717971802) (0.1749573,0.6399686,0.4439596) (6.524583,18.54246,354.6205) (-0.0482244,1.129818,0.08796461) (27.09622,18.35092,9.174288)
compute 3.57494275142602(0.164065212011337,0.589253008365631,0.469213455915451) (0.1636271,0.6243642,0.4625027) (10.77437,19.83737,355.7301) (-0.05194225,1.132372,0.08694699) (26.162,16.53545,9.218134)
compute 3.20978533771269(0.166761189699173,0.557278394699097,0.47000589966774) (0.1640652,0.589253,0.4692135) (14.29923,19.44129,357.257) (-0.05263057,1.133665,0.08574716) (27.01199,14.66057,8.531657)
compute 2.39819695348214(0.175405070185661,0.535134971141815,0.466829895973206) (0.1667612,0.5572784,0.4700059) (17.18472,20.839,357.9521) (-0.05133222,1.129786,0.08458961) (28.45778,14.02817,8.305226)
compute 1.58553565595775(0.182371616363525,0.521219611167908,0.463793069124222) (0.1754051,0.535135,0.4668299) (19.4935,21.75849,357.9789) (-0.04784379,1.12891,0.08451587) (28.4859,13.80966,7.774944)
compute 1.51168003524766(0.181463301181793,0.506163775920868,0.462785869836807) (0.1823716,0.5212196,0.4637931) (22.05075,20.98272,359.5594) (-0.04354088,1.127344,0.08510465) (27.95079,12.93559,6.778988)
compute 2.16248681043313(0.175705999135971,0.485590487718582,0.459435015916824) (0.1814633,0.5061638,0.4627859) (25.95275,20.80988,1.012913) (-0.03943208,1.127431,0.08571181) (27.95198,12.44637,5.920352)
compute 2.06488844610336(0.155950054526329,0.481588006019592,0.454956263303757) (0.175706,0.4855905,0.459435) (26.90119,20.10196,1.2894) (-0.0364977,1.130464,0.08535925) (25.14254,9.593309,3.513454)
compute 11.4645721605663(0.0801707580685616,0.567602574825287,0.456579297780991) (0.1559501,0.481588,0.4549563) (13.51177,3.003033,351.432) (-0.04424168,1.144377,0.08163617) (19.27971,2.423507,359.1509)
compute 14.1978352366395(0.00729986093938351,0.689286172389984,0.450192809104919) (0.08017076,0.5676026,0.4565793) (358.19,352.3457,348.0504) (-0.04779933,1.147169,0.06749392) (18.02813,0.2656381,358.515)
compute 9.85111472416116(-0.0438765659928322,0.773094356060028,0.442343711853027) (0.007299861,0.6892862,0.4501928) (348.5009,348.354,345.9917) (-0.05138215,1.147291,0.05671798) (17.71624,0.3865127,0.1249258)
compute 5.69000808531092(-0.0870637744665146,0.80930769443512,0.434528440237045) (-0.04387657,0.7730944,0.4423437) (343.6902,343.0432,346.1788) (-0.05785996,1.146033,0.04756389) (17.95569,0.06201777,1.691172)
compute 4.2515785972247(-0.129138112068176,0.803909778594971,0.437392830848694) (-0.08706377,0.8093077,0.4345284) (345.708,337.7651,352.3984) (-0.06624407,1.139375,0.0427515) (18.65855,357.792,2.828781)
compute 6.68933781768716(-0.159774467349052,0.748121082782745,0.457978248596191) (-0.1291381,0.8039098,0.4373928) (356.0514,336.0826,356.7971) (-0.0742757,1.135515,0.04008363) (19.37554,355.5467,2.69124)
compute 7.94343734498806(-0.1662338078022,0.670547842979431,0.473805099725723) (-0.1597745,0.7481211,0.4579782) (7.939444,338.3229,357.8499) (-0.08363672,1.132578,0.04223226) (20.27419,353.5092,3.496546)
compute 6.04370249951872(-0.162947490811348,0.610640108585358,0.481078177690506) (-0.1662338,0.6705478,0.4738051) (12.91469,340.1404,0.6221849) (-0.09561554,1.128696,0.04672129) (21.37145,350.8694,4.204659)
compute 4.00179984783798(-0.149695128202438,0.572915613651276,0.482714504003525) (-0.1629475,0.6106401,0.4810782) (15.702,342.2826,1.948918) (-0.103948,1.123139,0.05020081) (23.08052,348.6074,4.802031)
compute 2.25522614799049(-0.139307975769043,0.553005516529083,0.480640947818756) (-0.1496951,0.5729156,0.4827145) (16.87074,343.7003,2.205251) (-0.1065572,1.119962,0.05031039) (23.76388,347.429,4.944936)
compute 1.17929770885515(-0.133482396602631,0.548994958400726,0.471204191446304) (-0.139308,0.5530055,0.4806409) (17.6782,344.1177,2.532121) (-0.1011284,1.121638,0.04371146) (23.81672,347.8598,4.764375)
compute 0.861121656807296(-0.130058899521828,0.550702810287476,0.463489532470703) (-0.1334824,0.548995,0.4712042) (17.95654,344.4023,1.797181) (-0.09331161,1.123216,0.03701921) (23.72036,348.3005,3.948486)
compute 0.956068300519408(-0.130425900220871,0.556265830993652,0.455722630023956) (-0.1300589,0.5507028,0.4634895) (17.9859,343.9908,0.7653217) (-0.08820771,1.127569,0.03423589) (22.66389,348.0316,2.985592)
compute 0.472405374047628(-0.132656589150429,0.558535099029541,0.452231049537659) (-0.1304259,0.5562658,0.4557226) (18.22209,343.6397,0.2912692) (-0.08624195,1.130262,0.03158209) (21.8768,347.069,2.187897)
compute 3.4537010422131(-0.159091174602509,0.577590882778168,0.440790116786957) (-0.1326566,0.5585351,0.452231) (17.6456,338.92,357.058) (-0.08737466,1.132216,0.0313932) (21.55244,346.2757,1.332944)
compute 6.65303316309879(-0.201884433627129,0.62460720539093,0.42118176817894) (-0.1590912,0.5775909,0.4407901) (10.2344,331.1875,350.9299) (-0.09409657,1.132928,0.03345681) (21.87273,345.3046,1.968215)
compute 4.97632922455565(-0.241234883666039,0.650941967964172,0.405871391296387) (-0.2018844,0.6246072,0.4211818) (6.47443,328.1594,352.4038) (-0.1003466,1.131736,0.03667057) (22.4079,344.6626,2.184902)
compute 3.53240368318424(-0.270489692687988,0.631144464015961,0.405922204256058) (-0.2412349,0.650942,0.4058714) (13.80366,330.4004,355.7067) (-0.1105656,1.13094,0.04142075) (23.04751,344.4177,2.445633)
compute 4.67578265863987(-0.283614009618759,0.587426424026489,0.416060239076614) (-0.2704897,0.6311445,0.4059222) (18.55453,332.1042,358.2002) (-0.1240238,1.129602,0.04606574) (23.46248,343.9186,3.268404)
compute 3.43881917988997(-0.283952534198761,0.553204417228699,0.419419914484024) (-0.283614,0.5874264,0.4160602) (20.52213,332.6993,2.382783) (-0.1294638,1.127772,0.04769196) (24.57535,343.1736,4.571136)
compute 2.48516149063255(-0.274216860532761,0.530346095561981,0.419982582330704) (-0.2839525,0.5532044,0.4194199) (23.12029,335.2822,2.266596) (-0.1357713,1.125787,0.04951029) (25.1354,341.4379,4.962656)
compute 1.98194075705555(-0.265976458787918,0.512725651264191,0.416184604167938) (-0.2742169,0.5303461,0.4199826) (24.94665,336.0563,2.997619) (-0.1358478,1.123441,0.05577412) (25.89087,340.4731,4.350532)
compute 1.51634919406534(-0.263223975896835,0.499445915222168,0.40940198302269) (-0.2659765,0.5127257,0.4161846) (26.44909,335.7953,3.220861) (-0.1355443,1.115905,0.0679011) (27.31882,339.8741,4.075175)
compute 0.826254609518267(-0.260076195001602,0.491810113191605,0.409166038036346) (-0.263224,0.4994459,0.409402) (26.68009,335.6313,3.088327) (-0.137059,1.111967,0.07907681) (27.7913,339.4797,3.076107)
compute 4.12733300669094(-0.23962764441967,0.520197808742523,0.431063145399094) (-0.2600762,0.4918101,0.409166) (15.60153,343.2007,354.7518) (-0.1337721,1.113723,0.08209378) (26.9093,340.375,3.114727)
compute 7.21854256747368(-0.211701855063438,0.580151319503784,0.459984809160233) (-0.2396276,0.5201978,0.4310631) (8.199277,351.8819,347.1767) (-0.1226765,1.125358,0.08008435) (25.45256,342.0343,2.753901)
compute 3.38869238890345(-0.206137299537659,0.611644625663757,0.471188873052597) (-0.2117019,0.5801513,0.4599848) (9.271535,351.0606,350.4852) (-0.1122743,1.138133,0.07052344) (23.15923,343.4989,2.446419)
compute 0.629548282562048(-0.202996328473091,0.6098552942276,0.476343065500259) (-0.2061373,0.6116446,0.4711889) (14.11221,349.647,353.4662) (-0.1054048,1.142074,0.0623839) (22.64261,344.4577,2.151654)
compute 2.91990928857256(-0.197339847683907,0.581347584724426,0.479154080152512) (-0.2029963,0.6098553,0.4763431) (20.38204,350.1801,354.8843) (-0.1041039,1.142498,0.059184) (22.81027,344.5002,1.943585)
compute 4.0460105036318(-0.195999354124069,0.5410435795784,0.482441991567612) (-0.1973398,0.5813476,0.4791541) (26.34112,350.6257,355.8815) (-0.1029308,1.136444,0.05894291) (23.5073,343.8362,1.971702)
compute 2.0780231028727(-0.197616532444954,0.520338654518127,0.481728672981262) (-0.1959994,0.5410436,0.482442) (27.24271,350.058,357.7879) (-0.1058192,1.134236,0.06121484) (23.70344,341.7656,1.184199)
compute 2.27840990888652(-0.214990869164467,0.517446041107178,0.467275977134705) (-0.1976165,0.5203387,0.4817287) (26.93444,346.0301,358.3876) (-0.1095716,1.13326,0.06895916) (22.45959,337.7185,358.4016)
compute 4.68042448603797(-0.252488493919373,0.537854790687561,0.448091387748718) (-0.2149909,0.517446,0.467276) (23.55866,339.6512,354.9965) (-0.1110764,1.133925,0.0714532) (22.56329,335.0703,355.2997)
compute 8.0250100608849(-0.303552806377411,0.5945965051651,0.423334717750549) (-0.2524885,0.5378548,0.4480914) (15.37386,332.5041,350.4864) (-0.1024737,1.12724,0.0736137) (26.20978,338.6968,354.9515)
compute 8.484395111905(-0.349544554948807,0.663149476051331,0.403745293617249) (-0.3035528,0.5945965,0.4233347) (4.748323,330.5062,344.8706) (-0.0843989,1.120501,0.08404439) (28.18006,348.151,356.5995)
compute 7.67806728390888(-0.405688464641571,0.704937100410461,0.372171133756638) (-0.3495446,0.6631495,0.4037453) (0.1503655,323.6205,344.0395) (-0.0697906,1.119728,0.09040651) (28.49983,357.0888,358.5034)
compute 4.21200437936378(-0.443590372800827,0.711958587169647,0.355193436145782) (-0.4056885,0.7049371,0.3721711) (359.9678,320.4857,346.1187) (-0.06641001,1.119245,0.09053547) (28.25226,0.01028215,358.235)
compute 2.2739737389777(-0.433943212032318,0.70311975479126,0.37379190325737) (-0.4435904,0.7119586,0.3551934) (4.404561,329.6706,340.2819) (-0.06729186,1.122211,0.08190362) (27.76078,0.207949,357.7793)
compute 8.89732061002702(-0.359370112419128,0.689035594463348,0.42023241519928) (-0.4339432,0.7031198,0.3737919) (7.674813,346.7867,331.1447) (-0.07245344,1.129622,0.07174189) (25.88176,1.348698,359.0462)
compute 11.7464955251601(-0.252263247966766,0.672483086585999,0.465533077716827) (-0.3593701,0.6890356,0.4202324) (10.8894,359.3328,333.9265) (-0.07604521,1.133179,0.06150392) (24.96627,2.379178,0.5287088)
compute 11.9278205107995(-0.142844691872597,0.641307294368744,0.501351237297058) (-0.2522632,0.6724831,0.4655331) (14.8466,10.38664,337.9343) (-0.0767563,1.133995,0.05552526) (24.69454,2.972514,1.566188)
compute 10.861707504832(-0.042657446116209,0.601699590682983,0.515186548233032) (-0.1428447,0.6413073,0.5013512) (19.26907,18.92345,345.196) (-0.06995053,1.133595,0.05369403) (24.26341,3.635529,1.317217)
compute 8.98750486046277(0.04034224152565,0.567227303981781,0.514699757099152) (-0.04265745,0.6016996,0.5151865) (20.77327,26.02664,353.8592) (-0.06395924,1.136949,0.05302005) (23.30637,4.344016,0.7872885)
compute 5.24770734555835(0.0861753225326538,0.548109769821167,0.497738271951675) (0.04034224,0.5672273,0.5146998) (25.96615,29.20103,356.8885) (-0.05459467,1.138588,0.05212767) (22.47758,4.981535,0.4005653)
compute 1.5391744021972(0.0966948196291924,0.551851212978363,0.487143576145172) (0.08617532,0.5481098,0.4977383) (27.7767,29.59888,357.2406) (-0.04941628,1.144089,0.04833972) (19.7629,3.535911,359.5359)
compute 7.55290842598753(0.05108692497015,0.607474565505981,0.510178446769714) (0.09669482,0.5518512,0.4871436) (20.01567,17.30843,349.4529) (-0.05013531,1.152641,0.04512772) (14.75819,359.7298,357.7404)
compute 12.4672604391355(-0.04191043227911,0.687467157840729,0.532448053359985) (0.05108692,0.6074746,0.5101784) (5.444798,0.4337189,349.0449) (-0.05171359,1.155776,0.04033101) (14.38175,358.0348,357.6277)
compute 12.1407653925691(-0.117246493697166,0.782655298709869,0.530573427677155) (-0.04191043,0.6874672,0.5324481) (351.2747,353.4479,340.7574) (-0.05626674,1.154115,0.03838289) (14.74851,357.9339,358.1573)
compute 8.09703140164432(-0.166302517056465,0.844228088855743,0.511639595031738) (-0.1172465,0.7826553,0.5305734) (341.6113,349.7861,338.1597) (-0.05833426,1.150969,0.03757422) (14.44272,358.9394,358.6832)
compute 3.46209141130993(-0.199464410543442,0.845312535762787,0.501754224300385) (-0.1663025,0.8442281,0.5116396) (343.6663,343.8356,342.6055) (-0.05585346,1.14941,0.0361535) (13.45294,0.7946849,358.5703)
compute 4.40897429189037(-0.183337241411209,0.808042883872986,0.518923759460449) (-0.1994644,0.8453125,0.5017542) (350.3303,347.747,342.7562) (-0.04830389,1.148212,0.03369692) (12.52689,5.5677,358.1513)
compute 10.9156145322786(-0.0870597958564758,0.759385049343109,0.535601079463959) (-0.1833372,0.8080429,0.5189238) (2.319344,6.495104,334.6624) (-0.03830621,1.145475,0.03191087) (14.28141,10.61913,359.0299)
compute 13.65194209699(0.0309007652103901,0.690721809864044,0.538468062877655) (-0.0870598,0.759385,0.5356011) (14.40518,25.19137,334.9588) (-0.03241944,1.139781,0.03083255) (15.59819,13.89659,359.6813)
compute 10.6463892816877(0.130369514226913,0.654293596744537,0.527813792228699) (0.03090077,0.6907218,0.5384681) (15.17797,36.27467,342.0687) (-0.02616694,1.138608,0.03051247) (16.64274,16.17937,0.1342051)
compute 5.77835223282285(0.178252443671227,0.632049560546875,0.504332661628723) (0.1303695,0.6542936,0.5278138) (18.77906,38.57412,345.3252) (-0.02099744,1.139657,0.02990493) (17.13376,18.23001,359.9628)
compute 3.81424063849683(0.198465049266815,0.609349191188812,0.481289505958557) (0.1782524,0.6320496,0.5043327) (23.8747,41.82792,346.99) (-0.01777698,1.138115,0.02600602) (18.46355,20.03065,359.8519)
compute 3.32541699533617(0.21153661608696,0.585769891738892,0.46182182431221) (0.198465,0.6093492,0.4812895) (29.5011,46.03157,348.898) (-0.01582841,1.13931,0.02136654) (19.59592,22.03761,359.7994)
compute 0.844689609729778(0.208891525864601,0.57861989736557,0.458184361457825) (0.2115366,0.5857699,0.4618218) (31.88004,42.76157,347.8325) (-0.01295253,1.13957,0.01997785) (20.11743,23.04316,359.9807)
compute 1.46833037432445(0.209340915083885,0.592879056930542,0.461659103631973) (0.2088915,0.5786199,0.4581844) (23.41821,40.89456,351.4738) (-0.009866112,1.139414,0.02084493) (21.07853,22.91866,0.004103307)
compute 1.67805221913936(0.22486138343811,0.599251627922058,0.461961328983307) (0.2093409,0.5928791,0.4616591) (20.33306,45.35639,348.4129) (-0.007145308,1.137043,0.02355258) (21.92505,23.17218,359.5172)
compute 2.34945996411947(0.246486097574234,0.590971946716309,0.457984536886215) (0.2248614,0.5992516,0.4619613) (18.61627,48.36068,350.5805) (-0.005094507,1.13702,0.02680417) (22.18323,24.34025,359.9575)
compute 5.77798313162164(0.290611773729324,0.567109644412994,0.429313570261002) (0.2464861,0.5909719,0.4579845) (22.87853,56.22223,353.2753) (-0.0006570034,1.136855,0.02913898) (22.51365,25.98627,0.8352249)
compute 6.59423879028909(0.33583852648735,0.548997282981873,0.384873926639557) (0.2906118,0.5671096,0.4293136) (28.50964,67.26529,355.6132) (0.002884053,1.13708,0.03045601) (22.62142,26.76153,1.440369)
compute 4.51935265204004(0.368113249540329,0.539077639579773,0.354833990335464) (0.3358385,0.5489973,0.3848739) (29.01086,70.59512,0.1095686) (0.003572368,1.134469,0.03212073) (23.68628,26.83309,2.030607)
compute 2.03601057610765(0.384629100561142,0.530518591403961,0.346557319164276) (0.3681132,0.5390776,0.354834) (28.7139,66.01521,4.089389) (0.007578347,1.130938,0.03496781) (25.23169,26.14859,2.353808)
compute 3.15630453707176(0.364573538303375,0.522192358970642,0.369463086128235) (0.3846291,0.5305186,0.3465573) (28.66881,47.55078,4.971283) (0.01391146,1.129631,0.03833225) (26.32833,25.52751,1.686591)
compute 6.17585750694121(0.314957469701767,0.507725417613983,0.403272479772568) (0.3645735,0.5221924,0.3694631) (28.27837,27.34747,6.065667) (0.02601036,1.130656,0.04363597) (26.85202,24.77353,0.9990436)
compute 6.10312756701393(0.262613505125046,0.483137488365173,0.42277529835701) (0.3149575,0.5077254,0.4032725) (30.23341,13.43438,7.987263) (0.04086271,1.127439,0.05207011) (28.0909,24.11207,2.289299)
compute 2.93714820657898(0.241674363613129,0.471427649259567,0.439719796180725) (0.2626135,0.4831375,0.4227753) (30.01256,13.49691,7.230421) (0.04871393,1.124909,0.07350533) (26.21329,21.91051,1.914914)
compute 3.09133101250136(0.220553398132324,0.485532253980637,0.457343578338623) (0.2416744,0.4714276,0.4397198) (25.54354,15.06583,0.1284845) (0.03809694,1.149235,0.09183767) (17.97924,17.28988,358.2291)
compute 5.84051924154434(0.191457763314247,0.529053032398224,0.483238607645035) (0.2205534,0.4855323,0.4573436) (21.24336,13.85272,355.2001) (0.01920921,1.158164,0.09448823) (14.27921,16.26997,357.5567)
compute 7.77372261860432(0.180420100688934,0.601314127445221,0.509688198566437) (0.1914578,0.529053,0.4832386) (14.52989,17.70906,347.7453) (-0.003733333,1.16373,0.093711) (13.38436,20.13882,359.1349)
compute 7.13249784765292(0.195518061518669,0.668460428714752,0.528414607048035) (0.1804201,0.6013141,0.5096882) (8.236072,24.88223,342.5124) (-0.02352655,1.163669,0.09401205) (13.92416,24.87617,1.77675)
compute 4.94880773282606(0.240572139620781,0.688863217830658,0.530125200748444) (0.1955181,0.6684604,0.5284146) (10.82622,36.37288,342.9792) (-0.03933969,1.162108,0.09459759) (13.17457,28.16651,2.299154)
compute 7.07744867872523(0.311291843652725,0.691612958908081,0.529688537120819) (0.2405721,0.6888632,0.5301252) (13.51217,48.90332,342.1128) (-0.04368468,1.175076,0.1062479) (3.273203,31.28474,3.074669)
compute 8.59036474518085(0.385976672172546,0.733129978179932,0.538517475128174) (0.3112918,0.691613,0.5296885) (5.758307,52.41088,348.331) (-0.02951462,1.18191,0.1104143) (358.744,34.03445,3.391428)
compute 8.67009188573564(0.454205751419067,0.786625385284424,0.538806557655334) (0.3859767,0.73313,0.5385175) (359.4536,57.36619,346.8161) (-0.007291529,1.174195,0.1124665) (0.8141459,35.67943,4.56017)
compute 5.35223089896972(0.491387784481049,0.825071394443512,0.540816128253937) (0.4542058,0.7866254,0.5388066) (355.2624,57.11991,346.4135) (0.01228204,1.165189,0.1122217) (2.274637,35.86324,4.525512)
compute 2.84403225003816(0.515731513500214,0.839561104774475,0.543322741985321) (0.4913878,0.8250714,0.5408161) (353.5862,56.80946,348.7723) (0.02771319,1.163493,0.1098475) (1.019401,35.42739,3.14289)
compute 3.00011013400972(0.544181227684021,0.830377399921417,0.540804922580719) (0.5157315,0.8395611,0.5433227) (359.7731,61.81894,341.232) (0.03554956,1.165558,0.1041151) (0.7954507,36.42934,1.743042)
compute 0.716109150191589(0.55097484588623,0.829554677009583,0.538695156574249) (0.5441812,0.8303774,0.5408049) (358.7878,61.42687,343.7968) (0.03767011,1.167246,0.1029537) (0.3694193,36.10768,1.238404)
compute 1.31664880654004(0.557990610599518,0.818966269493103,0.53522801399231) (0.5509748,0.8295547,0.5386952) (2.085719,63.11033,343.5404) (0.03837939,1.161807,0.09970398) (2.199207,35.39881,1.903941)
compute 1.1085983962174(0.55936986207962,0.8080815076828,0.53364098072052) (0.5579906,0.8189663,0.535228) (5.376139,63.32166,346.2489) (0.03851929,1.159544,0.09435527) (2.205204,34.89141,1.042514)
compute 2.88437961366241(0.55703216791153,0.780906438827515,0.524259328842163) (0.5593699,0.8080815,0.533641) (10.39638,63.51974,348.9684) (0.03598671,1.1596,0.09149541) (4.032621,34.64132,1.234516)
compute 4.64127059327531(0.544425368309021,0.736402869224548,0.520433068275452) (0.5570322,0.7809064,0.5242593) (17.69787,59.94319,352.9881) (0.03495675,1.153329,0.09084548) (6.215622,35.1105,1.312892)
compute 9.04489365837079(0.525261580944061,0.649490177631378,0.504310309886932) (0.5444254,0.7364029,0.5204331) (28.02841,56.15374,357.0529) (0.03487299,1.141706,0.09417544) (10.42214,36.00215,2.020155)
compute 6.22141202703627(0.509601533412933,0.590510010719299,0.492198348045349) (0.5252616,0.6494902,0.5043103) (27.54729,53.33855,358.8865) (0.04447522,1.136349,0.1078359) (12.47695,35.69852,3.634129)
compute 1.75887981794438(0.513487160205841,0.573493897914886,0.494370818138123) (0.5096015,0.59051,0.4921983) (20.23188,50.50857,357.4632) (0.06293085,1.138358,0.1255292) (14.62984,34.86036,3.059711)
compute 1.27123294939113(0.513937532901764,0.563097715377808,0.501672863960266) (0.5134872,0.5734939,0.4943708) (20.21261,45.76913,3.00511) (0.08165462,1.134046,0.1417818) (17.68496,33.76149,3.831511)
compute 4.42783287838781(0.50676155090332,0.519426822662354,0.503061711788177) (0.5139375,0.5630977,0.5016729) (27.2899,42.60607,8.550248) (0.1031767,1.124224,0.1582542) (20.16973,32.57302,3.549538)
compute 2.74168124230588(0.497422963380814,0.493954956531525,0.499104887247086) (0.5067616,0.5194268,0.5030617) (26.11762,41.65395,7.636065) (0.1149471,1.119677,0.1674668) (22.70586,31.89267,3.160131)
compute 3.13080173641929(0.484808266162872,0.466694861650467,0.490276038646698) (0.497423,0.493955,0.4991049) (29.18454,40.51904,7.174579) (0.1187459,1.118352,0.1680209) (24.02165,31.76413,2.349191)
compute 2.73036104636619(0.469234645366669,0.44749704003334,0.478683233261108) (0.4848083,0.4666949,0.490276) (31.80406,39.33113,6.31578) (0.1177042,1.119055,0.1644895) (24.37512,30.89699,2.370775)
compute 2.39959931051321(0.457112014293671,0.432873129844666,0.464020669460297) (0.4692346,0.447497,0.4786832) (34.24902,39.38832,6.697141) (0.1122397,1.121406,0.1582627) (25.02948,30.11568,2.643074)
compute 2.60807754318926(0.445316463708878,0.418215692043304,0.4459587931633) (0.457112,0.4328731,0.4640207) (38.48856,39.85715,8.474998) (0.1046437,1.126507,0.1543664) (24.63783,29.23368,2.716115)
compute 1.76897558137715(0.435690850019455,0.409426867961884,0.433999210596085) (0.4453165,0.4182157,0.4459588) (40.98209,41.7572,8.539395) (0.103081,1.129463,0.1523009) (24.38736,28.50514,2.656115)
compute 1.40140377211389(0.424521595239639,0.417515069246292,0.431504815816879) (0.4356909,0.4094269,0.4339992) (41.39133,41.55812,8.346017) (0.09661551,1.137851,0.1502424) (21.20882,25.49532,1.876683)
compute 4.39472244503382(0.412786185741425,0.447908014059067,0.460999011993408) (0.4245216,0.4175151,0.4315048) (37.15789,36.03687,1.396175) (0.07587212,1.153383,0.1526892) (15.0173,13.81998,356.7728)
Average= 4.16094349252951
Max= 16.773515665265
Standard Deviation= 6.84598759129151
Right: 2    Miss: 38
0
