blue 337.3994 344.0178 11.40115 (0.2342235,5,0.7) (0.2342235,0.08133999,0.7)
purple 337.3994 344.2511 11.74851 (0.9353306,5,0.7) (0.9353306,0.07660151,0.7)
blue 336.9017 344.9622 13.55216 (-0.9887214,5,0.7) (-0.9887214,0.07857943,0.7)
yellow 337.8974 345.6511 13.09984 (-0.9999349,5,0.7) (-0.9999349,0.0792137,0.7)
blue 339.3969 345.6511 10.828 (-0.6714289,5,0.7) (-0.6714289,0.07918046,0.7)
yellow 338.8979 345.6622 15.15205 (0.431452,5,0.7) (0.431452,1.386153,0.7)
blue 339.9061 345.8734 10.38714 (0.9752791,5,0.7) (0.9752791,0.07710542,0.7)
yellow 338.3967 345.9622 16.45551 (0.4871139,5,0.7) (0.4871139,1.338095,0.7)
yellow 336.9017 346.2622 15.39681 (0.7260351,5,0.7) (0.7260351,0.08148265,0.7)
purple 338.3967 347.0067 14.33142 (-0.5814023,5,0.7) (-0.5814023,0.0779833,0.7)
yellow 339.9061 347.0511 15.20661 (-0.3879927,5,0.7) (-0.3879927,1.19311,0.7)
yellow 337.3994 347.0844 15.84135 (0.8426743,5,0.7) (0.8426743,0.08265075,0.7)
blue 340.9041 347.3622 11.14952 (-0.9526207,5,0.7) (-0.9526207,0.07567483,0.7)
purple 338.8979 347.4178 14.21668 (0.6774693,5,0.7) (0.6774693,0.08272856,0.7)
purple 339.9061 347.44 12.79152 (0.107005,5,0.7) (0.107005,0.08051986,0.7)
blue 338.3967 347.7845 15.42067 (0.7504563,5,0.7) (0.7504563,0.07889766,0.7)
blue 337.8974 347.94 16.32719 (0.1035243,5,0.7) (0.1035243,0.08441825,0.7)
purple 337.8974 348.1844 16.65346 (-0.4488064,5,0.7) (-0.4488064,0.08414751,0.7)
blue 341.4033 348.5178 12.15022 (0.03720725,5,0.7) (0.03720725,0.07563148,0.7)
purple 341.4033 348.6622 12.37565 (-0.7024717,5,0.7) (-0.7024717,0.07953657,0.7)
blue 340.4052 348.6622 13.84963 (-0.6325076,5,0.7) (-0.6325076,0.08225495,0.7)
yellow 339.3969 348.7733 15.41857 (-0.3939978,5,0.7) (-0.3939978,0.08395691,0.7)
purple 336.9017 348.8511 18.80979 (-0.7047398,5,0.7) (-0.7047398,0.08519259,0.7)
purple 339.3969 349.04 15.77022 (0.201245,5,0.7) (0.201245,0.07868659,0.7)
yellow 340.9041 349.14 13.81784 (-0.6949902,5,0.7) (-0.6949902,0.08233514,0.7)
yellow 342.4015 349.3622 15.24404 (-0.394708,5,0.7) (-0.394708,1.305247,0.7)
purple 342.9018 349.7511 11.74375 (-0.042256,5,0.7) (-0.042256,0.0743092,0.7)
blue 342.9018 349.8178 11.84447 (0.3021366,5,0.7) (0.3021366,0.07403183,0.7)
purple 343.3999 350.1289 11.56235 (0.5215647,5,0.7) (0.5215647,0.0767971,0.7)
yellow 341.4033 350.4956 15.02423 (0.7703617,5,0.7) (0.7703617,0.08023037,0.7)
yellow 340.4052 350.9289 16.9754 (0.9835143,5,0.7) (0.9835143,0.08340257,0.7)
blue 341.9014 351.0622 15.12571 (0.2019016,5,0.7) (0.2019016,0.08362002,0.7)
purple 341.9014 351.24 15.3599 (0.2338465,5,0.7) (0.2338465,0.07906988,0.7)
blue 338.8979 351.4733 19.57308 (-0.4996334,5,0.7) (-0.4996334,0.08264934,0.7)
yellow 341.9014 351.5733 15.82906 (0.929543,5,0.7) (0.929543,0.08375955,0.7)
purple 342.4015 352.1622 15.93712 (0.853025,5,0.7) (0.853025,0.07890528,0.7)
yellow 344.3964 352.1844 13.14813 (-0.6161537,5,0.7) (-0.6161537,0.0789429,0.7)
blue 342.4015 352.34 16.17838 (-0.7989552,5,0.7) (-0.7989552,0.07920924,0.7)
yellow 346.4051 352.3511 13.18726 (-0.4564093,5,0.7) (-0.4564093,1.259951,0.7)
blue 345.3968 352.5733 12.24074 (0.8946972,5,0.7) (0.8946972,0.0788291,0.7)
blue 343.3999 352.64 15.22168 (-0.7271523,5,0.7) (-0.7271523,0.07907428,0.7)
purple 344.8978 352.7956 13.30857 (0.5021777,5,0.7) (0.5021777,0.07811552,0.7)
purple 345.3968 352.9289 12.77397 (0.843972,5,0.7) (0.843972,0.08005036,0.7)
blue 343.897 352.94 14.95505 (-0.2260679,5,0.7) (-0.2260679,0.08353657,0.7)
purple 340.4052 352.9733 19.58227 (0.5575783,5,0.7) (0.5575783,0.08564165,0.7)
purple 340.9041 353.0844 19.09801 (-0.6564717,5,0.7) (-0.6564717,0.0842685,0.7)
purple 346.4051 353.1178 11.54096 (0.5893679,5,0.7) (0.5893679,0.07468414,0.7)
yellow 342.9018 353.1511 16.60084 (0.3113622,5,0.7) (0.3113622,0.08115447,0.7)
blue 346.4051 353.4733 12.08512 (0.9076929,5,0.7) (0.9076929,0.07650302,0.7)
blue 344.3964 353.4845 15.01346 (0.9785924,5,0.7) (0.9785924,0.08204818,0.7)
yellow 344.8978 353.5733 15.8732 (0.2024623,5,0.7) (0.2024623,0.609254,0.7)
yellow 343.3999 353.7845 16.78119 (0.2305113,5,0.7) (0.2305113,0.08223903,0.7)
blue 345.9055 353.8845 13.44306 (0.09407151,5,0.7) (0.09407151,0.08021382,0.7)
yellow 343.897 353.8956 16.26082 (0.1541234,5,0.7) (0.1541234,0.0819591,0.7)
yellow 345.9055 354.0622 15.66078 (0.3491573,5,0.7) (0.3491573,0.8018178,0.7)
yellow 345.3968 354.1289 16.91047 (0.3222789,5,0.7) (0.3222789,0.908259,0.7)
purple 345.9055 355.4956 19.17863 (0.2136556,5,0.7) (0.2136556,1.152483,0.7)
blue 344.8978 355.8067 17.46746 (0.655447,5,0.7) (0.655447,0.08235583,0.7)
purple 343.897 355.8178 18.76246 (0.3862979,5,0.7) (0.3862979,0.08344254,0.7)
purple 344.3964 357.0067 19.61997 (-0.2029573,5,0.7) (-0.2029573,0.08461867,0.7)
0
