compute 23.9360604619427(-0.182232409715652,1.12353694438934,0.220915719866753) (-0.2087914,0.9204848,0.344843) (284.2897,338.8997,61.47446) (-0.1362358,1.269618,-0.08791497) (315.955,357.5369,351.9215)
compute 0.343053574662537(-0.185632720589638,1.12392520904541,0.220679685473442) (-0.1822324,1.123537,0.2209157) (283.8976,341.8046,59.60833) (-0.143677,1.269065,-0.08849149) (316.0375,358.6024,351.6281)
compute 0.541628285692782(-0.191014915704727,1.12447035312653,0.220945984125137) (-0.1856327,1.123925,0.2206797) (283.7873,344.0287,58.63311) (-0.1504654,1.269075,-0.08832009) (315.5722,359.7041,350.8461)
compute 1.04774584230055(-0.199652373790741,1.12208068370819,0.22637377679348) (-0.1910149,1.12447,0.220946) (283.4314,343.9936,58.63061) (-0.1587499,1.270212,-0.08771119) (314.8836,359.8622,351.1747)
compute 0.690567646027402(-0.206386968493462,1.12092769145966,0.227375879883766) (-0.1996524,1.122081,0.2263738) (283.0759,343.8094,58.40432) (-0.1654883,1.273109,-0.08567682) (315.0302,359.7667,351.3316)
compute 0.675172983706729(-0.213094383478165,1.12099373340607,0.226606413722038) (-0.206387,1.120928,0.2273759) (282.6954,343.0886,57.6038) (-0.1713428,1.27345,-0.07846498) (316.3668,359.9035,351.0696)
compute 0.585778555040085(-0.218766659498215,1.12127864360809,0.22517192363739) (-0.2130944,1.120994,0.2266064) (281.9942,347.8967,51.83066) (-0.1746882,1.274874,-0.07562581) (315.2256,0.161442,350.5649)
compute 0.775231627695304(-0.226492643356323,1.12110376358032,0.225785925984383) (-0.2187667,1.121279,0.2251719) (281.2052,349.8933,48.22268) (-0.178139,1.278074,-0.08170338) (312.7397,0.5785177,350.1393)
compute 0.881142622224287(-0.234781980514526,1.12033200263977,0.228672534227371) (-0.2264926,1.121104,0.2257859) (281.7666,349.8865,46.98386) (-0.1799074,1.278708,-0.0926864) (309.6007,1.771722,348.9625)
compute 0.630745302862883(-0.240819424390793,1.12126612663269,0.227103888988495) (-0.234782,1.120332,0.2286725) (282.041,348.2153,48.21905) (-0.1801437,1.277258,-0.1034568) (307.6508,2.056771,348.7549)
compute 0.374780981547783(-0.24436628818512,1.12119436264038,0.225895300507545) (-0.2408194,1.121266,0.2271039) (279.5115,346.3915,48.10831) (-0.1805673,1.270331,-0.1134376) (305.7629,2.779702,348.3694)
compute 0.185732202079086(-0.245287075638771,1.11973190307617,0.226575747132301) (-0.2443663,1.121194,0.2258953) (276.9264,346.6593,46.98048) (-0.1799136,1.267097,-0.1214615) (304.2609,2.117709,349.0599)
compute 0.150623353706513(-0.244662240147591,1.11979949474335,0.225206896662712) (-0.2452871,1.119732,0.2265757) (274.5854,346.725,46.46367) (-0.1800153,1.262403,-0.1312284) (303.2203,3.219054,348.5063)
compute 0.782530950276837(-0.240672126412392,1.12293887138367,0.219252169132233) (-0.2446622,1.119799,0.2252069) (271.6736,357.9442,33.72759) (-0.1786502,1.259816,-0.1413789) (301.347,3.906613,348.1565)
compute 0.454640376087777(-0.241056829690933,1.12711524963379,0.217497274279594) (-0.2406721,1.122939,0.2192522) (270.6299,334.134,57.1614) (-0.1773092,1.259616,-0.1477422) (300.0736,3.844638,348.4323)
compute 0.189783983640757(-0.241003453731537,1.12869691848755,0.216449767351151) (-0.2410568,1.127115,0.2174973) (271.4751,246.382,144.0747) (-0.1767834,1.259603,-0.1495826) (300.0141,4.072627,348.1302)
compute 0.0564430964507023(-0.241397172212601,1.12904036045074,0.216236189007759) (-0.2410035,1.128697,0.2164498) (271.9597,263.4954,126.8238) (-0.1775252,1.260686,-0.1494915) (300.6648,3.390521,349.2151)
compute 0.17160771520634(-0.242179527878761,1.12970042228699,0.217613562941551) (-0.2413972,1.12904,0.2162362) (273.9658,326.4527,65.33132) (-0.1784425,1.262596,-0.1467447) (301.0225,4.511008,348.8225)
compute 0.584103765915874(-0.236437529325485,1.13015103340149,0.218585222959518) (-0.2421795,1.1297,0.2176136) (275.2649,340.9044,50.86536) (-0.1805229,1.264881,-0.1444366) (301.5379,6.970461,347.3708)
compute 1.68060311659626(-0.219676628708839,1.13054919242859,0.219749853014946) (-0.2364375,1.130151,0.2185852) (276.9904,350.3299,42.22727) (-0.1800102,1.266061,-0.1439267) (302.1733,10.42982,345.2596)
compute 1.81474476232472(-0.201565876603127,1.13081681728363,0.220871865749359) (-0.2196766,1.130549,0.2197499) (278.1578,354.5668,38.06734) (-0.1791579,1.266388,-0.1428091) (303.1605,13.0785,343.738)
compute 1.5659288830437(-0.185919374227524,1.13118493556976,0.221386432647705) (-0.2015659,1.130817,0.2208719) (278.92,355.7781,37.15617) (-0.1767366,1.266397,-0.1436463) (303.728,15.02894,342.5029)
compute 0.752345213026307(-0.178407564759254,1.13159883022308,0.221325263381004) (-0.1859194,1.131185,0.2213864) (279.3656,358.7415,34.4996) (-0.1776837,1.266068,-0.1433309) (304.2654,16.32069,341.8167)
compute 0.760136474696706(-0.170819684863091,1.13186514377594,0.220959335565567) (-0.1784076,1.131599,0.2213253) (279.4156,0.9135027,32.28287) (-0.1757556,1.265717,-0.1401153) (305.0525,17.40605,341.4186)
compute 0.768228804684001(-0.163140639662743,1.13208699226379,0.220934867858887) (-0.1708197,1.131865,0.2209593) (279.6499,0.8995496,32.16897) (-0.1717394,1.26553,-0.1400955) (304.9989,18.04457,341.3299)
compute 0.74336872959377(-0.155712053179741,1.13231933116913,0.221082612872124) (-0.1631406,1.132087,0.2209349) (280.083,1.356941,30.77697) (-0.1656462,1.265759,-0.1380193) (305.2092,17.8261,341.9539)
compute 0.585626781769623(-0.149891823530197,1.1323869228363,0.220437452197075) (-0.1557121,1.132319,0.2210826) (278.6479,4.932818,24.27088) (-0.1590171,1.265907,-0.1367969) (304.8849,16.85828,343.0535)
compute 0.302190314302359(-0.148367136716843,1.13241410255432,0.223046377301216) (-0.1498918,1.132387,0.2204375) (278.5143,1.667393,26.81038) (-0.1487815,1.265857,-0.1333982) (304.4102,14.92718,344.2867)
compute 0.405900498859751(-0.146832495927811,1.1324667930603,0.226803719997406) (-0.1483671,1.132414,0.2230464) (279.0674,357.5659,29.9992) (-0.1367051,1.265862,-0.1301062) (304.6135,13.28466,345.4014)
compute 0.520250861189508(-0.142184913158417,1.13246846199036,0.229141682386398) (-0.1468325,1.132467,0.2268037) (279.6177,352.9357,34.07562) (-0.1230551,1.26469,-0.1290604) (303.7841,11.31436,346.797)
compute 5.34332501857222(-0.163024812936783,1.11677420139313,0.275773227214813) (-0.1421849,1.132468,0.2291417) (280.7544,346.834,39.90862) (-0.1069992,1.261653,-0.1290737) (303.4258,11.03948,346.6687)
compute 1.19308818976141(-0.151453331112862,1.11694383621216,0.278674602508545) (-0.1630248,1.116774,0.2757732) (283.2566,342.7287,43.57319) (-0.08867832,1.258298,-0.1312203) (304.0086,11.41252,346.3149)
compute 1.36520077576695(-0.138038337230682,1.11719107627869,0.281195342540741) (-0.1514533,1.116944,0.2786746) (284.0758,340.9087,45.68251) (-0.07050385,1.25635,-0.1362976) (302.913,15.13405,343.1782)
compute 2.11964981409457(-0.122430481016636,1.11541342735291,0.295426517724991) (-0.1380383,1.117191,0.2811953) (284.6975,343.3918,44.0657) (-0.05332091,1.256105,-0.1410656) (302.155,20.04121,339.5306)
compute 2.0715776325589(-0.103075504302979,1.11543321609497,0.302810817956924) (-0.1224305,1.115413,0.2954265) (284.4944,343.0583,45.64986) (-0.03644961,1.257335,-0.1443104) (302.125,22.22535,339.0447)
compute 2.75642133177903(-0.0760837122797966,1.12052631378174,0.305110692977905) (-0.1030755,1.115433,0.3028108) (284.4411,344.3346,44.56052) (-0.01571368,1.257291,-0.1469826) (301.9206,25.84155,336.4224)
compute 3.13547449258311(-0.0449917055666447,1.12454795837402,0.304627418518066) (-0.07608371,1.120526,0.3051107) (283.9718,347.3706,43.19702) (0.003507362,1.255252,-0.147468) (303.7082,30.06161,333.6597)
compute 3.34707541605702(-0.0115214781835675,1.12438666820526,0.304531663656235) (-0.04499171,1.124548,0.3046274) (284.0346,353.1056,38.75845) (0.0224711,1.255199,-0.1428905) (304.4004,33.16378,332.6065)
compute 3.24052454400035(0.0208708588033915,1.12405216693878,0.30368047952652) (-0.01152148,1.124387,0.3045317) (283.642,355.8638,35.87435) (0.03876776,1.254901,-0.13577) (308.2682,33.46637,334.4153)
compute 2.86013755639639(0.0483610667288303,1.11970460414886,0.310270309448242) (0.02087086,1.124052,0.3036805) (284.5408,355.9619,37.41101) (0.05358579,1.253701,-0.1306394) (309.6198,35.41888,334.5971)
compute 3.39612412515391(0.0662940293550491,1.10473108291626,0.334919214248657) (0.04836107,1.119705,0.3102703) (286.6899,353.1844,41.98878) (0.07272598,1.253479,-0.1254012) (310.6808,40.09369,331.506)
compute 3.81698076597775(0.0738155990839005,1.08797967433929,0.368381887674332) (0.06629403,1.104731,0.3349192) (293.5843,351.2024,45.51084) (0.09011293,1.250958,-0.1054956) (315.5574,39.50878,332.3535)
compute 3.90128096949067(0.0733609646558762,1.07686841487885,0.405776172876358) (0.0738156,1.08798,0.3683819) (299.1921,348.8864,47.652) (0.1073137,1.249495,-0.08176649) (319.6837,40.96973,332.0871)
compute 2.11976830490737(0.0750266313552856,1.08231794834137,0.426193565130234) (0.07336096,1.076868,0.4057762) (299.3852,347.6137,48.39716) (0.1240426,1.250559,-0.05614044) (319.5284,43.01849,332.1727)
compute 2.29740613662314(0.0814085975289345,1.09709095954895,0.442589789628983) (0.07502663,1.082318,0.4261936) (299.0471,342.559,54.61783) (0.1367795,1.249868,-0.02406602) (320.4076,44.5015,332.5913)
compute 2.66635153779878(0.0933936908841133,1.10471141338348,0.465155899524689) (0.0814086,1.097091,0.4425898) (296.6777,335.9543,64.73138) (0.1415359,1.246052,0.006428749) (319.2879,46.18677,334.006)
compute 3.26698365969775(0.123110875487328,1.11561167240143,0.473242402076721) (0.09339369,1.104711,0.4651559) (292.1748,329.4394,71.10246) (0.1514278,1.255179,0.03537934) (318.9931,48.13179,334.7478)
compute 4.47229816635355(0.165510073304176,1.1153484582901,0.48746857047081) (0.1231109,1.115612,0.4732424) (290.5425,335.5054,70.25478) (0.1581385,1.253024,0.05586749) (319.3582,47.56243,338.5844)
compute 4.99015774482768(0.214631125330925,1.10727477073669,0.483989298343658) (0.1655101,1.115348,0.4874686) (289.6174,342.4872,67.33302) (0.1809209,1.257489,0.06503454) (320.1432,46.80497,340.2085)
compute 5.96771484939608(0.270570904016495,1.09873485565186,0.465037435293198) (0.2146311,1.107275,0.4839893) (287.0571,358.6799,54.15922) (0.2126877,1.252899,0.06551363) (320.6613,46.56998,339.4333)
compute 5.05372307105301(0.312760978937149,1.09926211833954,0.43722140789032) (0.2705709,1.098735,0.4650374) (284.1907,6.824214,47.82526) (0.2511171,1.250892,0.06362705) (320.51,44.98461,340.7684)
compute 3.55548836461674(0.344641119241714,1.10698246955872,0.423502713441849) (0.312761,1.099262,0.4372214) (283.739,4.325322,52.59518) (0.2978936,1.244871,0.05747424) (318.9604,43.49165,341.4395)
compute 2.81998569810997(0.370708644390106,1.10999822616577,0.433828473091125) (0.3446411,1.106982,0.4235027) (284.8073,350.5573,65.40589) (0.3511504,1.243317,0.05211303) (318.7944,41.37264,341.6685)
compute 3.76383815346018(0.393026649951935,1.13865971565247,0.443681061267853) (0.3707086,1.109998,0.4338285) (280.7928,351.3036,57.37704) (0.381802,1.244874,0.05787183) (318.8142,40.91508,337.7556)
compute 6.39858420244148(0.405139684677124,1.200519323349,0.454674303531647) (0.3930266,1.13866,0.4436811) (272.3513,58.8839,342.9133) (0.402313,1.254223,0.07744439) (318.8882,41.22101,336.6954)
compute 5.16764830850946(0.419388830661774,1.24734270572662,0.47125717997551) (0.4051397,1.200519,0.4546743) (287.9273,131.6756,251.7679) (0.3984947,1.249885,0.1045498) (321.8162,40.28012,336.3048)
compute 3.31635356919331(0.436030477285385,1.271843791008,0.486176043748856) (0.4193888,1.247343,0.4712572) (300.2264,128.032,241.5678) (0.3854498,1.25084,0.1279171) (322.7181,41.18274,337.3218)
compute 3.48891080572687(0.468691915273666,1.26781511306763,0.497762680053711) (0.4360305,1.271844,0.486176) (318.2528,124.5415,224.2464) (0.3763582,1.248511,0.1478183) (324.3937,40.90962,337.6914)
compute 6.13204440214504(0.51515007019043,1.24451160430908,0.530301630496979) (0.4686919,1.267815,0.4977627) (333.0729,114.1096,220.7354) (0.3802416,1.249923,0.1525189) (325.4432,39.64793,338.9495)
compute 4.82437684259686(0.557682156562805,1.22616493701935,0.543788015842438) (0.5151501,1.244512,0.5303016) (340.5786,110.1312,222.1073) (0.4072552,1.249115,0.1508128) (326.4446,39.26508,338.9695)
compute 5.04773880670179(0.608092248439789,1.22364735603333,0.543116331100464) (0.5576822,1.226165,0.543788) (347.753,108.6414,219.1663) (0.4416796,1.243216,0.1461075) (325.7585,40.73839,337.7003)
compute 5.94888633477051(0.664637267589569,1.24211633205414,0.542421579360962) (0.6080922,1.223647,0.5431163) (349.234,110.6346,217.6136) (0.4800128,1.240746,0.1432965) (328.7089,39.77073,339.1884)
compute 6.99685601756192(0.723600506782532,1.27973079681396,0.544443428516388) (0.6646373,1.242116,0.5424216) (350.2594,109.8949,214.2735) (0.5102335,1.243578,0.1443414) (326.5435,37.43953,339.5505)
compute 7.00764790449669(0.76988559961319,1.33192360401154,0.537786543369293) (0.7236005,1.279731,0.5444434) (347.5424,110.0818,210.5292) (0.5340508,1.249803,0.1456403) (324.299,31.25908,342.0776)
compute 8.52262955159661(0.787335336208344,1.41184508800507,0.513878703117371) (0.7698856,1.331924,0.5377865) (339.3138,114.2209,198.6676) (0.5485761,1.261805,0.1444897) (318.8948,25.44331,344.4822)
compute 4.59880201409919(0.817836761474609,1.43683099746704,0.490208774805069) (0.7873353,1.411845,0.5138787) (341.6434,121.7612,188.5778) (0.5437722,1.271461,0.1455488) (313.6268,19.03441,347.542)
compute 9.98563494707766(0.861842751502991,1.45289254188538,0.578394889831543) (0.8178368,1.436831,0.4902088) (328.3052,101.3008,210.3371) (0.5366094,1.272057,0.146503) (314.0964,16.6857,349.6447)
compute 11.0609136310866(0.868212223052979,1.34499275684357,0.601877808570862) (0.8618428,1.452893,0.5783949) (1.430716,92.70708,198.97) (0.5231873,1.266245,0.1440617) (315.8368,11.94668,351.2025)
compute 6.58252725610298(0.803209900856018,1.35309636592865,0.608358263969421) (0.8682122,1.344993,0.6018778) (357.7229,84.90109,208.0132) (0.5234283,1.261667,0.1432307) (316.9033,10.43984,351.1704)
compute 12.9602788145366(0.733598411083221,1.44039499759674,0.542554974555969) (0.8032099,1.353096,0.6083583) (348.7689,100.5368,194.5064) (0.5230792,1.26299,0.1446889) (317.0417,9.670571,351.5786)
compute 14.5480362404632(0.621963679790497,1.52357053756714,0.500316917896271) (0.7335984,1.440395,0.542555) (334.2261,101.8472,186.8949) (0.5283878,1.26759,0.1516158) (316.5947,9.497291,351.4196)
compute 10.8850047949468(0.521547317504883,1.56280660629272,0.515330851078033) (0.6219637,1.523571,0.5003169) (322.3721,99.18526,178.4813) (0.5288346,1.265889,0.1548066) (318.4025,9.483994,351.2475)
compute 10.6390639962564(0.4693903028965,1.55511319637299,0.607739865779877) (0.5215473,1.562807,0.5153309) (313.4927,79.61722,196.1345) (0.526337,1.265486,0.1521411) (320.3372,7.822851,352.2526)
compute 14.3154173818563(0.401122570037842,1.48292279243469,0.710798978805542) (0.4693903,1.555113,0.6077399) (313.6655,44.15619,229.3825) (0.5280444,1.256037,0.1447541) (321.9184,8.440658,351.5729)
compute 14.7900700246148(0.512692213058472,1.44412767887115,0.621794641017914) (0.4011226,1.482923,0.710799) (326.6575,87.62518,193.8468) (0.5297509,1.265213,0.1500269) (320.8098,9.488979,349.9313)
compute 10.3705442034451(0.604359745979309,1.43234598636627,0.574751317501068) (0.5126922,1.444128,0.6217946) (336.4756,93.8886,187.3258) (0.520735,1.270139,0.1566879) (319.4744,6.926385,352.0489)
compute 5.77787493537071(0.650467574596405,1.42509341239929,0.608807921409607) (0.6043597,1.432346,0.5747513) (341.8538,92.78428,193.1116) (0.5065175,1.27581,0.1591117) (316.1255,354.3099,356.906)
compute 11.6236970564699(0.638062119483948,1.38455653190613,0.717038691043854) (0.6504676,1.425093,0.6088079) (346.9242,62.30244,205.5029) (0.4829196,1.279299,0.1502957) (311.7487,338.4534,5.185132)
compute 9.52289605547904(0.677950859069824,1.30962586402893,0.673878073692322) (0.6380621,1.384557,0.7170387) (355.6294,81.85673,203.2484) (0.4458785,1.279022,0.1479246) (312.42,330.7077,9.588892)
compute 13.544481421899(0.651761889457703,1.19795775413513,0.601838707923889) (0.6779509,1.309626,0.6738781) (10.43561,88.33247,206.0212) (0.4139179,1.277192,0.1469193) (313.3975,327.5219,10.98599)
compute 12.4826450500253(0.572552382946014,1.1342750787735,0.529367923736572) (0.6517619,1.197958,0.6018387) (5.113997,101.7239,208.9478) (0.3702778,1.271354,0.1441045) (313.3014,328.9658,9.20205)
compute 14.6505835274533(0.464098393917084,1.08175277709961,0.446042656898499) (0.5725524,1.134275,0.5293679) (2.977899,109.0838,217.4459) (0.3427578,1.267923,0.1422001) (313.9944,330.3102,6.697497)
compute 14.6619725676675(0.3484728038311,1.04981529712677,0.361733317375183) (0.4640984,1.081753,0.4460427) (7.035894,110.2089,210.5432) (0.2810758,1.268395,0.1374248) (315.8722,329.9178,6.589614)
compute 6.89546440164347(0.287002056837082,1.05337572097778,0.330694407224655) (0.3484728,1.049815,0.3617333) (359.213,105.8303,211.1985) (0.2639135,1.272875,0.1475426) (317.1766,330.1349,6.157638)
compute 3.18279443925481(0.258074820041656,1.06661593914032,0.329730212688446) (0.2870021,1.053376,0.3306944) (343.9253,102.5985,208.5079) (0.2112978,1.283833,0.1739488) (320.0757,330.2508,5.588436)
compute 3.58716520035143(0.226513266563416,1.07748830318451,0.34286168217659) (0.2580748,1.066616,0.3297302) (333.8012,106.1932,188.532) (0.1892993,1.275831,0.1913096) (322.5661,324.2619,10.20348)
compute 3.32831472338435(0.198542222380638,1.08696055412292,0.358213067054749) (0.2265133,1.077488,0.3428617) (317.6641,115.0417,177.3377) (0.1817425,1.261163,0.2188534) (327.8197,322.1169,11.21102)
compute 37.6000534229695(-0.0863346830010414,1.33171164989471,0.3403679728508) (0.1985422,1.086961,0.3582131) (309.9547,131.3486,163.3764) (0.1714531,1.262816,0.2305077) (325.1941,323.3372,8.771726)
compute 9.95566830992935(-0.173441395163536,1.36129403114319,0.378431558609009) (-0.08633468,1.331712,0.340368) (305.0982,132.4264,158.2039) (0.1257638,1.269248,0.2390618) (325.8894,326.5047,5.676551)
compute 7.17089537104642(-0.242756366729736,1.35606729984283,0.396046608686447) (-0.1734414,1.361294,0.3784316) (305.9673,137.6059,151.8174) (0.06619558,1.261108,0.2424175) (324.3185,328.6951,6.066479)
compute 5.27599869532016(-0.2845498919487,1.32413876056671,0.400228232145309) (-0.2427564,1.356067,0.3960466) (303.894,145.7269,148.6206) (0.02277836,1.259429,0.2462609) (326.3303,333.6823,3.660089)
compute 3.44548013285233(-0.308904320001602,1.3019711971283,0.410357117652893) (-0.2845499,1.324139,0.4002282) (302.1917,142.8487,153.4986) (0.001922026,1.278086,0.2430945) (324.7891,335.1953,2.345795)
compute 1.32749725413115(-0.313556581735611,1.30052196979523,0.422705441713333) (-0.3089043,1.301971,0.4103571) (300.3906,141.3595,157.9097) (-0.0006999001,1.27938,0.2348157) (324.2645,336.1284,2.579005)
compute 2.01072859947627(-0.296336084604263,1.29682087898254,0.432403862476349) (-0.3135566,1.300522,0.4227054) (301.4174,131.5705,167.9804) (0.01301543,1.277032,0.2273174) (325.0773,336.7039,2.37328)
compute 2.14024354358232(-0.274952620267868,1.29745924472809,0.433039635419846) (-0.2963361,1.296821,0.4324039) (298.7273,137.589,169.0154) (0.03841121,1.276322,0.2182833) (322.4202,338.0955,2.061687)
compute 3.53965899947151(-0.241117238998413,1.29817640781403,0.443411290645599) (-0.2749526,1.297459,0.4330396) (302.4101,120.228,181.3868) (0.0610919,1.270565,0.2090196) (323.8542,339.1323,1.533377)
compute 2.77754765396624(-0.213357597589493,1.29885375499725,0.442762732505798) (-0.2411172,1.298176,0.4434113) (304.8206,121.8693,178.6013) (0.06564236,1.266067,0.2087757) (325.5942,338.1931,0.8744966)
compute 1.42852719750798(-0.202686160802841,1.29138827323914,0.436892807483673) (-0.2133576,1.298854,0.4427627) (307.9341,119.9704,175.1949) (0.06831875,1.253178,0.2300925) (336.6017,336.3097,359.9363)
compute 5.53491443104385(-0.211210668087006,1.23880624771118,0.451925814151764) (-0.2026862,1.291388,0.4368928) (306.0547,118.82,169.3908) (0.06529011,1.239531,0.2490174) (344.9998,339.131,355.393)
compute 19.5059676526046(-0.310437947511673,1.16987144947052,0.605060458183289) (-0.2112107,1.238806,0.4519258) (277.7626,35.17519,255.4937) (0.06781673,1.216948,0.2500628) (357.9458,344.1206,353.5533)
compute 15.943459766979(-0.315748989582062,1.06580483913422,0.725730776786804) (-0.3104379,1.169871,0.6050605) (305.9451,8.791421,283.1444) (0.07048009,1.218645,0.2569971) (0.5966923,346.8464,351.9144)
compute 9.39131981141044(-0.284494251012802,1.07703018188477,0.637885332107544) (-0.315749,1.065805,0.7257308) (283.6352,346.3796,319.1678) (0.07518156,1.217203,0.266132) (0.3223974,349.7941,351.2465)
compute 12.1527109906805(-0.190898984670639,1.03796076774597,0.570935010910034) (-0.2844943,1.07703,0.6378853) (279.002,48.39458,256.9348) (0.07554066,1.200574,0.2676599) (8.246052,349.93,350.3701)
compute 13.0671478189343(-0.0884585604071617,0.956838309764862,0.571313083171844) (-0.190899,1.037961,0.570935) (300.4226,76.19092,227.3086) (0.08393577,1.188651,0.2644274) (13.59178,351.5463,350.0307)
compute 21.6807233064296(-0.0388021916151047,0.77321058511734,0.675334632396698) (-0.08845856,0.9568383,0.5713131) (336.9078,62.16198,245.0845) (0.08763638,1.178504,0.2526733) (18.72355,355.3187,350.3977)
compute 5.87270780595355(-0.0873918384313583,0.75582093000412,0.703361690044403) (-0.03880219,0.7732106,0.6753346) (328.57,24.32284,279.3526) (0.1011896,1.179289,0.2606695) (19.90575,359.7161,350.2063)
compute 12.9489221522515(-0.0133392717689276,0.719618618488312,0.603496432304382) (-0.08739184,0.7558209,0.7033617) (338.9736,61.04517,261.1565) (0.1202736,1.178486,0.2745544) (21.60372,4.181026,349.6049)
compute 9.13137380057494(0.041561733931303,0.730916738510132,0.531410157680511) (-0.01333927,0.7196186,0.6034964) (330.8874,70.75684,263.1875) (0.1295857,1.175659,0.2888426) (24.80484,4.311236,348.444)
compute 9.27595415482999(0.121420636773109,0.708746075630188,0.489752620458603) (0.04156173,0.7309167,0.5314102) (336.3249,87.26486,262.339) (0.1267548,1.164632,0.2993538) (29.17715,6.420198,350.0175)
compute 14.0745976406913(0.18224310874939,0.590130090713501,0.534922361373901) (0.1214206,0.7087461,0.4897526) (350.2974,84.63368,269.5713) (0.1144931,1.145775,0.3130718) (30.41069,6.749352,351.8009)
compute 12.8837333914626(0.174481943249702,0.473815351724625,0.589783132076263) (0.1822431,0.5901301,0.5349224) (21.45076,72.45644,273.0389) (0.09340991,1.133592,0.3215321) (27.2437,2.35727,351.6164)
compute 2.46381154826256(0.183469459414482,0.492285221815109,0.576177060604095) (0.1744819,0.4738154,0.5897831) (11.40801,82.62449,276.009) (0.07523223,1.138802,0.3226846) (24.90452,353.6071,349.6417)
compute 10.1648833505253(0.148976996541023,0.585399866104126,0.554441869258881) (0.1834695,0.4922852,0.5761771) (346.9573,71.10992,284.589) (0.04233491,1.185077,0.3043716) (16.24991,340.4644,349.2007)
compute 16.1400391226761(0.055871307849884,0.713881611824036,0.524880766868591) (0.148977,0.5853999,0.5544419) (322.0601,55.09429,290.7179) (0.0281323,1.20353,0.2847877) (14.19492,332.9456,350.524)
compute 19.1773885854285(-0.109932340681553,0.807832896709442,0.503444015979767) (0.05587131,0.7138816,0.5248808) (303.9247,352.761,334.2252) (0.02226344,1.205484,0.2801417) (14.63052,333.2135,351.2289)
compute 12.2496416345385(-0.222041636705399,0.763923227787018,0.526001036167145) (-0.1099323,0.8078329,0.503444) (335.2963,308.9398,16.69181) (0.01375975,1.187055,0.2743481) (19.52624,333.3368,352.1659)
compute 15.8439645442025(-0.276406168937683,0.643397271633148,0.613300025463104) (-0.2220416,0.7639232,0.526001) (6.691658,306.4289,24.95801) (0.00523524,1.171973,0.2674782) (21.75803,336.2405,353.0269)
compute 8.80808824144709(-0.306152313947678,0.564884960651398,0.639931321144104) (-0.2764062,0.6433973,0.6133) (18.83108,298.7655,6.253425) (-0.005421005,1.157985,0.2688949) (22.46041,339.4383,355.7566)
compute 2.99619529559033(-0.318701535463333,0.545696496963501,0.659219622612) (-0.3061523,0.564885,0.6399313) (17.99961,304.8788,29.69094) (-0.02412692,1.161031,0.2797401) (19.62619,334.4261,356.7547)
compute 4.23061842504577(-0.331221699714661,0.563373863697052,0.622879981994629) (-0.3187015,0.5456965,0.6592196) (10.92722,303.3002,26.42204) (-0.04235054,1.172875,0.2836441) (18.22537,327.1095,356.9289)
compute 11.9667064815846(-0.372546404600143,0.656027436256409,0.559415102005005) (-0.3312217,0.5633739,0.62288) (354.1274,292.5056,26.39877) (-0.05984764,1.187313,0.2829496) (16.31456,322.9242,358.0135)
compute 12.0061751260708(-0.457138001918793,0.735086679458618,0.527654707431793) (-0.3725464,0.6560274,0.5594151) (349.6692,283.8301,39.97542) (-0.08028808,1.181284,0.2845927) (18.01179,322.4773,356.9138)
compute 12.2848633051481(-0.562580466270447,0.768397331237793,0.581171751022339) (-0.457138,0.7350867,0.5276547) (352.9118,286.765,43.41212) (-0.1177226,1.173261,0.2862654) (16.82162,327.6224,355.9861)
compute 10.9464607047323(-0.666589796543121,0.740468323230743,0.600781202316284) (-0.5625805,0.7683973,0.5811718) (2.69487,278.4679,28.03191) (-0.1433119,1.167086,0.2984481) (13.14542,342.1986,356.1418)
compute 7.81748481771989(-0.701897025108337,0.687119424343109,0.645710051059723) (-0.6665898,0.7404683,0.6007812) (10.73898,298.9326,28.49191) (-0.1376738,1.170644,0.3025715) (15.46905,357.5301,356.974)
compute 6.18182255695082(-0.663022398948669,0.723800241947174,0.61464923620224) (-0.701897,0.6871194,0.6457101) (354.0988,284.4531,39.56197) (-0.122608,1.185419,0.3006401) (15.53166,4.111694,358.2833)
compute 30.2654620507411(-0.374932467937469,0.815384149551392,0.599938631057739) (-0.6630224,0.7238002,0.6146492) (318.738,322.1363,10.33852) (-0.1087859,1.181942,0.2903115) (17.74098,5.809104,356.9112)
compute 21.7712749876055(-0.157241597771645,0.818450927734375,0.600288033485413) (-0.3749325,0.8153841,0.5999386) (346.7529,332.9193,43.86301) (-0.0823494,1.183795,0.2710228) (17.989,6.086139,356.0657)
compute 9.44187122734248(-0.0843419060111046,0.817436456680298,0.660283863544464) (-0.1572416,0.8184509,0.600288) (356.4191,328.5656,48.22346) (-0.05779459,1.193341,0.2575099) (13.11881,8.737332,354.9789)
compute 5.9103129601694(-0.0535126999020576,0.785759568214417,0.699517965316772) (-0.08434191,0.8174365,0.6602839) (3.281165,333.6532,37.06258) (-0.01674923,1.21113,0.2380167) (5.845181,17.73828,353.2899)
compute 4.13988685456371(-0.0759382247924805,0.803657054901123,0.669674336910248) (-0.0535127,0.7857596,0.699518) (354.0266,328.2907,40.75095) (0.0088716,1.204808,0.2294744) (8.745043,25.00345,351.7309)
compute 5.83658047549017(-0.0827150642871857,0.816439211368561,0.613130033016205) (-0.07593822,0.8036571,0.6696743) (346.4482,333.0735,41.85726) (0.02569796,1.196535,0.2281168) (9.017226,27.80084,349.262)
compute 6.5461697953085(-0.0813681706786156,0.862426698207855,0.566562116146088) (-0.08271506,0.8164392,0.61313) (321.2043,342.1081,24.98408) (0.02867003,1.214212,0.2359142) (2.106054,23.57142,346.9858)
compute 8.78079860500697(-0.08614432066679,0.935261189937592,0.517750561237335) (-0.08136817,0.8624267,0.5665621) (300.8691,339.879,31.08995) (0.02925032,1.233928,0.2243721) (353.0301,26.14268,346.7618)
compute 7.15466173385796(-0.090808130800724,1.0029239654541,0.494970828294754) (-0.08614432,0.9352612,0.5177506) (286.0691,338.888,31.54527) (0.02687185,1.238192,0.2050236) (349.6848,33.83208,344.057)
compute 5.18523505719382(-0.0881276950240135,1.05328440666199,0.482916474342346) (-0.09080813,1.002924,0.4949708) (274.3802,343.6141,30.90528) (0.03227627,1.225867,0.1985033) (352.8616,39.78755,340.4075)
compute 11.6635938129435(0.0168586894869804,1.09379637241364,0.452247560024261) (-0.0881277,1.053284,0.4829165) (291.7885,133.3083,238.3284) (0.04643431,1.205779,0.2053126) (358.2819,43.97566,339.5774)
compute 16.1981058353561(0.178034573793411,1.08557224273682,0.438370794057846) (0.01685869,1.093796,0.4522476) (320.4703,135.9192,221.7649) (0.09101227,1.193819,0.2051136) (2.294211,45.20826,339.3916)
compute 16.4679929758391(0.330282628536224,1.07279253005981,0.499825567007065) (0.1780346,1.085572,0.4383708) (340.7118,120.7468,219.9993) (0.1486554,1.172171,0.2038193) (5.499453,46.22905,338.7505)
compute 16.2156526644093(0.43807265162468,0.986699938774109,0.585055351257324) (0.3302826,1.072793,0.4998256) (8.195065,111.5136,212.8502) (0.2339496,1.149496,0.2029113) (9.336279,48.0613,340.6231)
compute 11.9837514969892(0.45969220995903,0.98721569776535,0.702925443649292) (0.4380727,0.9866999,0.5850554) (355.6454,87.13331,226.6424) (0.315697,1.167292,0.203856) (12.76726,48.20945,340.6664)
compute 14.098917431671(0.441795289516449,0.866040825843811,0.633109271526337) (0.4596922,0.9872157,0.7029254) (28.06633,95.94815,226.6227) (0.3549262,1.186875,0.2106338) (15.33764,47.93907,342.8847)
compute 8.14467295500853(0.483320325613022,0.836276412010193,0.569679617881775) (0.4417953,0.8660408,0.6331093) (24.19608,103.0389,234.5729) (0.3922694,1.180519,0.210031) (19.0833,49.09066,343.2692)
compute 9.82968950233264(0.553420841693878,0.848155200481415,0.501804053783417) (0.4833203,0.8362764,0.5696796) (6.939825,118.1815,240.2496) (0.4127643,1.162699,0.2084159) (23.62388,48.73927,342.6638)
compute 12.6451010990766(0.631834924221039,0.749680161476135,0.5137939453125) (0.5534208,0.8481552,0.5018041) (21.66278,114.3061,240.0073) (0.4419615,1.150313,0.2057969) (23.30939,49.4103,342.2085)
compute 11.275108019159(0.695663750171661,0.657269597053528,0.52374255657196) (0.6318349,0.7496802,0.5137939) (27.15424,119.5988,240.3056) (0.4726743,1.11613,0.213791) (21.51202,53.59638,344.0728)
compute 12.8787272878961(0.751552939414978,0.555429875850677,0.579341411590576) (0.6956638,0.6572696,0.5237426) (33.74382,102.462,238.5623) (0.4996932,1.054951,0.2478716) (19.39361,54.91835,349.6884)
compute 6.37762249464161(0.776880443096161,0.497512131929398,0.587794780731201) (0.7515529,0.5554299,0.5793414) (28.54387,103.1173,249.9229) (0.4976376,1.01766,0.2655705) (20.64239,50.11225,350.3288)
compute 8.68777470235431(0.726083755493164,0.436447352170944,0.552601993083954) (0.7768804,0.4975121,0.5877948) (42.00217,103.0778,258.6904) (0.4714463,1.047682,0.2669858) (19.68304,35.90599,344.3559)
compute 14.5780976822435(0.638141691684723,0.501841425895691,0.456467181444168) (0.7260838,0.4364474,0.552602) (24.12952,115.3888,260.7326) (0.4306366,1.151045,0.2615956) (8.837668,19.63864,337.7392)
compute 20.0473319557603(0.532822787761688,0.647580146789551,0.367823481559753) (0.6381417,0.5018414,0.4564672) (13.47166,125.3549,258.828) (0.3973241,1.215418,0.2353644) (4.787607,14.19727,339.9676)
compute 15.0738769168042(0.458496689796448,0.776567995548248,0.344160348176956) (0.5328228,0.6475801,0.3678235) (10.01495,126.1452,246.2868) (0.3644812,1.234196,0.2097852) (7.732097,10.71705,339.8764)
compute 7.27173779511823(0.427130430936813,0.833953440189362,0.375954777002335) (0.4584967,0.776568,0.3441603) (11.94364,124.4693,234.3576) (0.3486332,1.225102,0.1992579) (14.75265,16.44648,341.6775)
compute 20.4226986128057(0.426345139741898,0.679826319217682,0.509943127632141) (0.4271304,0.8339534,0.3759548) (37.68437,109.7063,233.6798) (0.3397354,1.153854,0.191896) (23.40559,19.89171,340.9664)
compute 24.1224416244119(0.333732724189758,0.521420836448669,0.666531324386597) (0.4263451,0.6798263,0.5099431) (65.08234,62.07796,211.5583) (0.3810558,1.140626,0.205063) (13.92337,31.22791,341.7174)
compute 2.94249828726942(0.360865384340286,0.510087609291077,0.665432989597321) (0.3337327,0.5214208,0.6665313) (60.09838,76.14131,228.7525) (0.3995063,1.161595,0.2197921) (9.227748,34.02812,342.6772)
compute 12.9147583533534(0.456088721752167,0.578801274299622,0.611673831939697) (0.3608654,0.5100876,0.665433) (50.41025,94.31143,239.718) (0.3953736,1.175967,0.227944) (10.59231,33.94458,341.6772)
compute 18.1009454620819(0.550852179527283,0.730694115161896,0.584974110126495) (0.4560887,0.5788013,0.6116738) (30.14306,106.8751,231.9842) (0.4086788,1.17753,0.2366006) (13.05774,34.16338,343.3246)
compute 18.8857417309189(0.611328065395355,0.909158289432526,0.597636342048645) (0.5508522,0.7306941,0.5849741) (10.30794,106.1638,218.6528) (0.4323419,1.172634,0.2379736) (14.20193,36.30469,343.0655)
compute 12.0127152356102(0.615261077880859,0.897399008274078,0.717121839523315) (0.6113281,0.9091583,0.5976363) (23.61933,85.529,211.4467) (0.4534819,1.165836,0.2263306) (17.86952,36.65304,341.1145)
compute 8.68715319272872(0.5616614818573,0.831423699855804,0.735038459300995) (0.6152611,0.897399,0.7171218) (35.27124,75.20752,213.1033) (0.4754648,1.159016,0.2179707) (21.08706,39.71923,338.8428)
compute 12.3493185610822(0.577534973621368,0.770946443080902,0.628543853759766) (0.5616615,0.8314237,0.7350385) (36.30394,96.13891,224.6989) (0.4910104,1.148289,0.2204986) (24.74055,43.77999,341.4629)
compute 17.7133527052424(0.626457452774048,0.655713796615601,0.50322699546814) (0.577535,0.7709464,0.6285439) (34.79375,124.3758,240.9644) (0.5139836,1.114554,0.2323226) (25.30554,45.48909,341.3924)
compute 18.1425446414202(0.694620251655579,0.487593412399292,0.501090824604034) (0.6264575,0.6557138,0.503227) (41.95178,129.6279,246.9819) (0.5349455,1.034205,0.2515405) (25.02192,50.14066,345.2873)
compute 17.8625406786427(0.748552680015564,0.329189598560333,0.563593327999115) (0.6946203,0.4875934,0.5010908) (53.41504,118.9992,240.9981) (0.5558167,0.9287993,0.2768906) (24.70517,57.71034,355.4166)
compute 9.19214009194541(0.766530513763428,0.27096101641655,0.632410287857056) (0.7485527,0.3291896,0.5635933) (54.89935,85.14025,225.1754) (0.565401,0.8592594,0.2775757) (28.72743,62.81906,359.638)
compute 6.83269958828981(0.707186877727509,0.239326953887939,0.620319068431854) (0.7665305,0.270961,0.6324103) (68.34876,80.22532,235.2219) (0.5644684,0.8590262,0.2707723) (34.45929,57.98111,355.0998)
compute 10.54082168914(0.645735502243042,0.26790589094162,0.539585769176483) (0.7071869,0.239327,0.6203191) (61.0594,100.3655,262.3765) (0.5433403,0.9446088,0.2566271) (31.29975,54.70734,351.7711)
compute 13.9816874095384(0.647433817386627,0.399475663900375,0.492307126522064) (0.6457355,0.2679059,0.5395858) (25.49072,102.3626,278.7119) (0.5043341,1.072045,0.257747) (21.84017,40.80216,344.4558)
compute 20.7278649548584(0.600959002971649,0.594838678836823,0.440947383642197) (0.6474338,0.3994757,0.4923071) (10.62334,111.6815,273.4193) (0.4502399,1.161291,0.2662935) (10.18727,22.19446,339.1287)
compute 23.1740831845514(0.544117748737335,0.818020641803741,0.415204435586929) (0.600959,0.5948387,0.4409474) (347.9524,110.2083,267.5872) (0.3991054,1.24607,0.2423737) (354.3192,6.033179,341.1602)
compute 13.9076198820164(0.488337963819504,0.942438185214996,0.387798577547073) (0.5441177,0.8180206,0.4152044) (342.5575,120.9486,247.9867) (0.3607981,1.291458,0.2232372) (343.7085,354.5519,345.841)
compute 8.95950396415905(0.442072778940201,1.01916241645813,0.387355029582977) (0.488338,0.9424382,0.3877986) (339.2853,121.5636,237.6948) (0.3284183,1.292098,0.2018102) (342.8539,349.847,349.6395)
compute 2.3481289266672(0.428333759307861,1.02100598812103,0.406307905912399) (0.4420728,1.019162,0.387355) (341.355,120.9662,228.6716) (0.3227444,1.255941,0.1972982) (351.3881,4.388565,346.7247)
compute 13.8340747378638(0.504077076911926,0.917640805244446,0.458430379629135) (0.4283338,1.021006,0.4063079) (354.7034,110.8701,226.592) (0.3793516,1.183335,0.2157176) (6.732062,23.30893,342.1511)
compute 15.5815370052556(0.577665686607361,0.780912697315216,0.471413850784302) (0.5040771,0.9176408,0.4584304) (10.89657,121.5641,228.3222) (0.4225644,1.162987,0.2187765) (13.95154,30.63926,341.5884)
compute 11.4025954963058(0.616243898868561,0.691965997219086,0.531431555747986) (0.5776657,0.7809127,0.4714139) (37.36408,121.176,227.5142) (0.444569,1.149277,0.2122288) (15.04975,31.43665,342.7605)
compute 9.33160310215956(0.629048764705658,0.688050985336304,0.62378191947937) (0.6162439,0.691966,0.5314316) (45.33628,101.2287,218.671) (0.454215,1.140259,0.2088606) (19.80505,30.20331,342.8293)
compute 6.33080878255098(0.62688535451889,0.704645395278931,0.684838116168976) (0.6290488,0.688051,0.6237819) (37.82385,87.39407,219.0774) (0.4630699,1.135517,0.1998763) (20.34238,32.60864,343.1047)
compute 5.9512226416384(0.589269757270813,0.667664587497711,0.657284677028656) (0.6268854,0.7046454,0.6848381) (45.92454,85.98809,223.781) (0.4793841,1.119728,0.1972397) (25.68381,30.33591,339.781)
compute 11.9104374178218(0.543547511100769,0.592744410037994,0.576771974563599) (0.5892698,0.6676646,0.6572847) (48.67908,107.0449,239.3716) (0.5088649,1.091182,0.2034846) (27.42966,35.11321,341.2108)
compute 14.551463950359(0.553604006767273,0.448968589305878,0.556724727153778) (0.5435475,0.5927444,0.576772) (51.45649,109.686,250.0753) (0.5292193,1.012232,0.2346745) (28.54687,37.04628,342.2384)
compute 16.079028504072(0.579736530780792,0.290374904870987,0.552405953407288) (0.553604,0.4489686,0.5567247) (53.71257,113.0266,254.1095) (0.5307193,0.9070731,0.2700355) (31.38879,38.6037,345.2275)
compute 10.3784453452111(0.610642313957214,0.201236695051193,0.595654368400574) (0.5797365,0.2903749,0.552406) (59.81126,91.04593,244.647) (0.5290288,0.847809,0.284205) (29.60139,47.10376,355.1104)
compute 1.10269697138687(0.606044888496399,0.191399216651917,0.597573161125183) (0.6106423,0.2012367,0.5956544) (63.95517,77.96107,239.6317) (0.5188943,0.8451732,0.2853956) (32.82278,42.76181,349.8265)
compute 11.1756086114228(0.600445568561554,0.258622288703918,0.508471369743347) (0.6060449,0.1913992,0.5975732) (46.83604,101.9463,267.9652) (0.4957303,0.9386324,0.2745638) (32.45072,33.66141,345.6709)
compute 14.1371906969526(0.557775139808655,0.373459309339523,0.437918484210968) (0.6004456,0.2586223,0.5084714) (33.0933,110.3874,277.6764) (0.4606599,1.052973,0.2728386) (24.01489,18.69958,338.8023)
compute 20.4138133469776(0.524805903434753,0.566498816013336,0.380289018154144) (0.5577751,0.3734593,0.4379185) (5.490965,105.8358,282.0526) (0.4148089,1.144835,0.2635796) (13.83839,0.03520789,333.2918)
compute 19.5815560915117(0.465888738632202,0.739348471164703,0.309610158205032) (0.5248059,0.5664988,0.380289) (346.4758,107.693,281.5417) (0.3758173,1.203651,0.2415666) (6.558262,351.4542,337.2706)
compute 13.5272170856112(0.396361291408539,0.852297425270081,0.28302013874054) (0.4658887,0.7393485,0.3096102) (329.8616,104.2452,275.2151) (0.3332774,1.236159,0.2227677) (2.891242,342.3713,341.1518)
compute 8.97346837089243(0.315213114023209,0.889282464981079,0.292989790439606) (0.3963613,0.8522974,0.2830201) (317.9712,89.28691,276.0862) (0.2887026,1.234643,0.2058288) (4.01317,334.998,342.949)
compute 8.6927556255891(0.229845091700554,0.88106894493103,0.307175666093826) (0.3152131,0.8892825,0.2929898) (307.876,80.54237,274.1607) (0.2565808,1.232284,0.2032554) (6.847762,333.6915,346.0604)
compute 11.5961771684253(0.130797833204269,0.88379830121994,0.367419540882111) (0.2298451,0.8810689,0.3071757) (301.0772,50.46954,286.0136) (0.2340436,1.228234,0.2080036) (5.405213,332.0781,348.3313)
compute 15.4560832808164(0.00632957089692354,0.924516260623932,0.44950944185257) (0.1307978,0.8837983,0.3674195) (296.3962,339.103,347.0684) (0.2078372,1.228089,0.2182696) (8.357141,331.8192,347.9195)
compute 9.64162140916619(-0.0448635704815388,0.97550642490387,0.513347923755646) (0.006329571,0.9245163,0.4495094) (283.8189,332.8106,338.0425) (0.1805473,1.229978,0.2227524) (7.112515,334.054,350.7655)
compute 11.1560205695702(-0.0707307904958725,0.956589043140411,0.620206236839294) (-0.04486357,0.9755064,0.5133479) (296.2174,355.5984,305.8741) (0.148917,1.223054,0.2248922) (10.56806,332.3728,352.1359)
compute 9.28840315514518(-0.104574166238308,0.886778056621552,0.671279668807983) (-0.07073079,0.956589,0.6202062) (307.1573,359.2628,297.9364) (0.1240131,1.208645,0.2230604) (12.17073,333.1661,354.3158)
compute 6.76992309241491(-0.11852703243494,0.829692959785461,0.637667238712311) (-0.1045742,0.8867781,0.6712797) (312.1281,352.3234,312.8288) (0.1033856,1.18921,0.222049) (15.86355,332.6469,354.2147)
compute 9.37334568549805(-0.149469435214996,0.805094122886658,0.552676498889923) (-0.118527,0.829693,0.6376672) (304.5492,336.968,332.181) (0.0796575,1.182421,0.2283059) (17.23928,332.6284,354.9737)
compute 9.94812697156877(-0.239205315709114,0.763114511966705,0.543637275695801) (-0.1494694,0.8050941,0.5526765) (319.3513,311.3239,0.5909099) (0.05691274,1.177827,0.2203393) (17.7238,334.8921,356.4484)
compute 6.34810510005416(-0.277538985013962,0.762280106544495,0.594230532646179) (-0.2392053,0.7631145,0.5436373) (333.1572,309.6875,6.757979) (0.0370566,1.183749,0.2091388) (17.65051,337.1327,357.5878)
compute 6.80399848350203(-0.306419253349304,0.746618092060089,0.653813004493713) (-0.277539,0.7622801,0.5942305) (349.1055,304.2922,16.7445) (0.02514932,1.198262,0.1979261) (14.55529,339.7084,359.2115)
compute 3.91101674593778(-0.286112099885941,0.768255233764648,0.679289638996124) (-0.3064193,0.7466181,0.653813) (348.0002,317.7558,5.839034) (0.03283104,1.219453,0.1884457) (6.474094,345.9788,358.844)
compute 6.07101648259124(-0.26944300532341,0.79328179359436,0.626549363136292) (-0.2861121,0.7682552,0.6792896) (342.0154,306.0314,38.00305) (0.0412527,1.227404,0.1847377) (0.8948607,349.305,357.4361)
compute 8.36705720266185(-0.23729632794857,0.829536020755768,0.558336555957794) (-0.269443,0.7932818,0.6265494) (334.6348,302.5499,33.01661) (0.05231785,1.226714,0.1758555) (359.6398,353.1969,356.6922)
compute 9.94113312992312(-0.146428689360619,0.858027517795563,0.529807269573212) (-0.2372963,0.829536,0.5583366) (334.7855,307.6566,31.84739) (0.06670608,1.211902,0.1717455) (4.365324,355.9285,355.8524)
compute 17.2293930177542(-0.0118665974587202,0.952856659889221,0.478957712650299) (-0.1464287,0.8580275,0.5298073) (301.011,314.024,31.73012) (0.09377104,1.206576,0.1713383) (5.223246,358.7397,355.3976)
compute 12.093779123676(0.099490612745285,0.996858656406403,0.495967864990234) (-0.0118666,0.9528567,0.4789577) (282.7036,17.43534,323.3939) (0.1172396,1.203319,0.1699916) (6.644891,358.9481,354.2907)
compute 14.7646267437489(0.211103022098541,0.972714424133301,0.589558184146881) (0.09949061,0.9968587,0.4959679) (312.2082,66.77041,256.5208) (0.1422,1.202197,0.162633) (8.930843,359.3994,353.2697)
compute 10.1667032500498(0.247937083244324,0.908947110176086,0.659652173519135) (0.211103,0.9727144,0.5895582) (329.6182,65.86469,253.4847) (0.1595348,1.202951,0.1610465) (8.099363,358.0392,352.508)
compute 8.85312982071984(0.22704254090786,0.830621421337128,0.695237219333649) (0.2479371,0.9089471,0.6596522) (350.722,52.95853,256.7672) (0.1632786,1.213319,0.1587593) (3.633725,351.6707,353.3783)
compute 5.93426382290499(0.25254163146019,0.823144376277924,0.642176508903503) (0.2270425,0.8306214,0.6952372) (345.9734,69.12,260.36) (0.1489467,1.236573,0.1618316) (354.4136,339.5889,355.7247)
compute 9.91222244611295(0.247168719768524,0.892350792884827,0.571417629718781) (0.2525416,0.8231444,0.6421765) (319.6589,60.65953,282.7802) (0.1416559,1.247573,0.1545121) (349.1974,331.1353,358.8728)
compute 11.3924594465691(0.216291144490242,0.962553858757019,0.487174421548843) (0.2471687,0.8923508,0.5714176) (299.9242,67.28086,290.8416) (0.1423598,1.246454,0.1531915) (350.4487,327.5433,0.3032726)
compute 13.4936912903742(0.103433698415756,1.01227140426636,0.43240824341774) (0.2162911,0.9625539,0.4871744) (278.8045,58.7462,286.856) (0.1472672,1.232727,0.1597319) (354.919,325.2076,0.1391227)
compute 20.0609232154848(-0.0940148010849953,0.999552190303802,0.465519845485687) (0.1034337,1.012271,0.4324082) (302.0271,298.377,37.35614) (0.130796,1.226587,0.163838) (357.3708,325.2062,358.0355)
compute 19.1800574537949(-0.265281647443771,0.979773283004761,0.549566984176636) (-0.0940148,0.9995522,0.4655198) (322.0071,293.7171,37.05416) (0.1094099,1.227454,0.1612041) (354.8334,330.9062,358.3833)
compute 12.4732265376905(-0.364666640758514,0.978113532066345,0.624919533729553) (-0.2652816,0.9797733,0.549567) (324.6002,294.3017,36.28221) (0.0851665,1.2414,0.165318) (350.2701,343.2165,356.5614)
compute 8.52191294126769(-0.363571316003799,0.932904064655304,0.697149753570557) (-0.3646666,0.9781135,0.6249195) (338.4386,326.0656,2.623816) (0.08123126,1.246473,0.1675202) (347.4893,358.3484,351.6163)
compute 4.22928444980651(-0.362536519765854,0.90062552690506,0.669842064380646) (-0.3635713,0.9329041,0.6971498) (332.7875,308.4972,20.06835) (0.1058165,1.248412,0.1652545) (344.8519,16.11048,344.9526)
compute 9.79542842791154(-0.350340873003006,0.836812257766724,0.596533298492432) (-0.3625365,0.9006255,0.6698421) (344.4144,294.5732,32.18743) (0.1308676,1.244331,0.1547824) (346.5483,27.28419,343.9998)
compute 18.607821152039(-0.178653687238693,0.882711112499237,0.541379809379578) (-0.3503409,0.8368123,0.5965333) (319.0574,302.413,28.79696) (0.1421298,1.230269,0.1509254) (353.1612,30.84389,341.4665)
compute 21.5025535578251(0.00451595522463322,0.974299907684326,0.475833237171173) (-0.1786537,0.8827111,0.5413798) (292.1036,310.6458,42.98672) (0.1690713,1.227027,0.1490854) (353.1485,36.30764,340.7584)
compute 18.2352320033109(0.166065394878387,1.02295649051666,0.406647354364395) (0.004515955,0.9742999,0.4758332) (283.6042,116.9524,249.6337) (0.20026,1.222177,0.1392935) (355.0396,40.48756,339.9455)
compute 12.7373320858592(0.277077674865723,1.05017983913422,0.350441247224808) (0.1660654,1.022956,0.4066474) (309.6357,146.7935,226.2083) (0.2380467,1.220241,0.1359091) (357.3988,44.91261,337.8461)
compute 11.1645161799533(0.388158529996872,1.04118943214417,0.343743562698364) (0.2770777,1.05018,0.3504412) (333.3972,147.4762,218.3199) (0.2705992,1.214817,0.1442233) (2.326118,45.06437,337.2384)
compute 16.6280935889624(0.538927137851715,1.02573263645172,0.412148714065552) (0.3881585,1.041189,0.3437436) (351.335,134.3149,215.5711) (0.3112012,1.213833,0.1575886) (3.290074,43.31402,339.3726)
compute 18.5740377254912(0.640274405479431,0.959104061126709,0.552821576595306) (0.5389271,1.025733,0.4121487) (8.341096,107.5442,220.1987) (0.3380872,1.206949,0.1679999) (4.966752,40.6281,339.8999)
compute 14.2782232909978(0.649333357810974,0.886276602745056,0.67529958486557) (0.6402744,0.9591041,0.5528216) (22.48679,90.19286,215.8014) (0.347905,1.217854,0.1733436) (359.9882,38.22327,341.9065)
compute 7.4817695936248(0.627850234508514,0.814821720123291,0.680809855461121) (0.6493334,0.8862766,0.6752996) (38.82407,87.31304,216.7767) (0.3237311,1.238611,0.1808604) (351.5309,28.45475,344.1066)
compute 10.9880991095947(0.615556240081787,0.828568637371063,0.572487592697144) (0.6278502,0.8148217,0.6808099) (26.02501,106.3001,225.7037) (0.2895086,1.268745,0.1739021) (339.1244,19.44496,346.3604)
compute 18.5778099582491(0.547133445739746,0.903526246547699,0.416881740093231) (0.6155562,0.8285686,0.5724876) (2.98908,131.5119,238.369) (0.2660131,1.274221,0.1616179) (333.4982,14.83072,350.2473)
compute 15.9084177881324(0.457575708627701,0.981070756912231,0.310702472925186) (0.5471334,0.9035262,0.4168817) (347.4056,147.6707,235.3318) (0.2491061,1.27477,0.152114) (328.3121,12.08357,349.6225)
compute 9.53466760084199(0.398656100034714,1.02206993103027,0.247944712638855) (0.4575757,0.9810708,0.3107025) (340.9292,149.8201,236.0806) (0.2268326,1.275654,0.1472837) (323.9259,6.205571,352.2988)
compute 4.82526283847471(0.361945122480392,1.03672552108765,0.22027100622654) (0.3986561,1.02207,0.2479447) (336.0229,153.1818,234.3346) (0.2101756,1.274153,0.1455349) (322.0835,0.7743626,354.0422)
compute 1.62551002652532(0.352391421794891,1.03734660148621,0.233407571911812) (0.3619451,1.036726,0.220271) (338.0479,148.9469,233.7844) (0.1920101,1.279538,0.1414483) (320.0256,353.2461,358.8292)
compute 2.8454911441535(0.329062044620514,1.03782474994659,0.249692335724831) (0.3523914,1.037347,0.2334076) (338.3654,145.8221,235.7226) (0.1767038,1.28212,0.1388572) (318.9809,344.9961,2.345856)
compute 3.18611768639859(0.300054669380188,1.03803408145905,0.262870460748672) (0.329062,1.037825,0.2496923) (338.7953,141.8413,235.2801) (0.1620304,1.282719,0.1378122) (320.3034,336.1233,7.167389)
compute 3.06185924705201(0.271469265222549,1.04075038433075,0.273500353097916) (0.3000547,1.038034,0.2628705) (334.7703,137.8835,237.105) (0.1541787,1.280854,0.1363635) (322.4146,329.6906,10.34231)
compute 1.65118550670924(0.256006121635437,1.04405343532562,0.27825665473938) (0.2714693,1.04075,0.2735004) (327.9463,135.1914,236.9542) (0.1510241,1.281117,0.1381264) (324.0998,326.2585,10.55679)
compute 1.33946920551919(0.244827955961227,1.04971826076508,0.282986998558044) (0.2560061,1.044053,0.2782567) (315.5754,129.4133,237.6606) (0.1477082,1.282925,0.1411789) (326.2162,324.3529,10.234)
compute 1.40464890228731(0.235085859894753,1.05795037746429,0.28887152671814) (0.244828,1.049718,0.282987) (297.7781,121.1717,243.4122) (0.1375439,1.278675,0.1494572) (329.7167,322.6105,9.7005)
compute 0.820791166764738(0.228979930281639,1.0615599155426,0.293001741170883) (0.2350859,1.05795,0.2888715) (287.808,116.9776,235.2106) (0.1260136,1.270841,0.15976) (334.7561,322.4158,7.693271)
compute 0.751201783790459(0.223488688468933,1.06415498256683,0.297422409057617) (0.2289799,1.06156,0.2930017) (279.3724,90.22666,249.3005) (0.1102668,1.252479,0.1686902) (344.1891,324.2404,3.232712)
compute 1.04144363760668(0.21521070599556,1.06648862361908,0.291549623012543) (0.2234887,1.064155,0.2974224) (279.7953,8.495139,324.6911) (0.09485377,1.23241,0.1712044) (352.6165,324.5548,0.07430965)
compute 29.9586370559695(-0.0733755230903625,0.987003803253174,0.303884416818619) (0.2152107,1.066489,0.2915496) (286.801,13.27844,312.8024) (0.08003955,1.211566,0.1690208) (0.6489037,326.2763,355.1626)
compute 4.30321354947146(-0.108228534460068,0.961878657341003,0.30628427863121) (-0.07337552,0.9870038,0.3038844) (288.7334,20.53877,303.517) (0.07422917,1.207784,0.1726505) (0.9899002,330.6479,353.1552)
compute 0.494706684090193(-0.112952314317226,0.9615877866745,0.304843872785568) (-0.1082285,0.9618787,0.3062843) (287.7052,20.75556,305.4433) (0.07307872,1.209212,0.1749366) (3.136114,336.1057,350.9046)
compute 1.92934977982159(-0.0986263006925583,0.973022818565369,0.310864210128784) (-0.1129523,0.9615878,0.3048439) (286.5453,31.06851,300.9291) (0.08961648,1.210085,0.1819527) (4.747962,351.6576,349.25)
compute 2.84977725401228(-0.0735451355576515,0.984999895095825,0.317157685756683) (-0.0986263,0.9730228,0.3108642) (285.8929,57.53749,279.2456) (0.1196967,1.210009,0.1781612) (8.319274,11.62887,346.8413)
compute 2.39486289731585(-0.0508026778697968,0.992126226425171,0.319509893655777) (-0.07354514,0.9849999,0.3171577) (286.8288,81.03581,260.3978) (0.130971,1.208074,0.167049) (11.12935,26.2028,347.4453)
compute 1.78181619646406(-0.0338421650230885,0.993516981601715,0.324791342020035) (-0.05080268,0.9921262,0.3195099) (289.2144,89.52156,259.0613) (0.1377954,1.203669,0.1550989) (12.47546,36.16557,346.571)
compute 1.70603486557868(-0.0182850528508425,0.989901900291443,0.330788254737854) (-0.03384217,0.993517,0.3247913) (294.2334,93.13925,261.2398) (0.1320965,1.203591,0.14959) (12.68248,40.57827,345.3561)
compute 0.639223291926415(-0.0157618541270494,0.98439633846283,0.328743040561676) (-0.01828505,0.9899019,0.3307883) (295.4945,102.6647,257.0153) (0.1256551,1.197209,0.1431887) (14.23234,45.15549,346.7324)
compute 0.607432588652839(-0.0168463531881571,0.978526473045349,0.327617883682251) (-0.01576185,0.9843963,0.328743) (294.102,107.9978,257.9534) (0.1189232,1.200159,0.1382226) (12.72603,49.13198,347.3726)
compute 0.468948661776588(-0.0125891361385584,0.977744221687317,0.325813591480255) (-0.01684635,0.9785265,0.3276179) (297.3456,116.9111,253.1551) (0.1048296,1.213387,0.1394706) (8.801088,50.03822,347.0146)
compute 0.66753868660009(-0.0116623882204294,0.983966112136841,0.323579758405685) (-0.01258914,0.9777442,0.3258136) (300.8801,126.1273,245.2686) (0.09422147,1.240205,0.1429966) (354.39,48.00966,346.6251)
compute 0.192069820972099(-0.0121994856745005,0.982194602489471,0.323067545890808) (-0.01166239,0.9839661,0.3235798) (299.0461,123.4821,245.8075) (0.07954574,1.265219,0.1346343) (340.0865,40.59022,347.8855)
compute 1.62982508561062(-0.0183787606656551,0.969092488288879,0.315598666667938) (-0.01219949,0.9821946,0.3230675) (292.9918,116.5065,248.3355) (0.07882224,1.266459,0.1188292) (331.2623,34.09803,346.8457)
compute 1.3710802411077(-0.0289019718766212,0.96132618188858,0.319713592529297) (-0.01837876,0.9690925,0.3155987) (284.9436,97.50845,263.7745) (0.09005215,1.262276,0.1046519) (324.9105,28.0739,348.8586)
compute 0.886318442737131(-0.0332285575568676,0.953840255737305,0.321662336587906) (-0.02890197,0.9613262,0.3197136) (282.8102,73.66806,283.031) (0.1146417,1.264572,0.09149755) (320.5789,26.18176,348.103)
compute 2.89262429931499(-0.0107261519879103,0.948176205158234,0.304391324520111) (-0.03322856,0.9538403,0.3216623) (284.3092,77.31801,279.7367) (0.1297653,1.263328,0.08021284) (317.907,23.02184,346.8864)
compute 4.9105833660235(0.0203008987009525,0.950290024280548,0.266388207674026) (-0.01072615,0.9481762,0.3043913) (286.272,96.77467,262.0746) (0.1371625,1.262274,0.0682026) (314.7281,17.04124,348.3908)
compute 5.55965252378516(0.0515127442777157,0.952682435512543,0.220441818237305) (0.0203009,0.95029,0.2663882) (287.1764,101.3371,258.5197) (0.1438964,1.262731,0.06487622) (313.0552,6.332305,352.0294)
compute 1.84308310554004(0.0430429764091969,0.953105270862579,0.204077839851379) (0.05151274,0.9526824,0.2204418) (287.5731,103.5857,257.6042) (0.1466402,1.263595,0.06518086) (314.0621,0.680966,354.8092)
compute 1.64750867907382(0.0359694808721542,0.954593062400818,0.189273089170456) (0.04304298,0.9531053,0.2040778) (288.3347,100.4096,260.6909) (0.1459382,1.267311,0.06414171) (314.6599,356.2558,356.2983)
compute 1.19713792720406(0.0318564251065254,0.958536982536316,0.178744927048683) (0.03596948,0.9545931,0.1892731) (288.2721,94.52721,265.7315) (0.1446794,1.272529,0.06524091) (315.7515,350.9146,357.4145)
compute 1.67282567222793(0.0209541395306587,0.963144302368164,0.166923448443413) (0.03185643,0.958537,0.1787449) (287.2603,83.31122,272.9785) (0.1409577,1.280467,0.06767827) (316.6322,345.6803,358.3286)
compute 1.50745206717415(0.0137063814327121,0.971601724624634,0.156765535473824) (0.02095414,0.9631443,0.1669234) (283.7096,48.60098,303.8608) (0.1417931,1.284327,0.07670938) (319.4284,342.83,356.9178)
compute 0.802925575238705(0.00850958097726107,0.976876795291901,0.153661370277405) (0.01370638,0.9716017,0.1567655) (282.2271,14.3732,334.2554) (0.1384481,1.279626,0.08895116) (324.6922,341.933,353.6842)
compute 0.674621921377238(0.00235579931177199,0.978654086589813,0.151543900370598) (0.008509581,0.9768768,0.1536614) (283.9539,359.8291,345.7316) (0.1099609,1.276406,0.09080036) (328.5428,340.5578,353.9406)
compute 2.57000496740614(-0.0222991574555635,0.979393661022186,0.144327342510223) (0.002355799,0.9786541,0.1515439) (286.9281,348.327,356.9152) (0.07838745,1.271048,0.08738614) (330.5051,340.3946,353.7541)
compute 2.89289342905516(-0.0498993247747421,0.979504287242889,0.135661214590073) (-0.02229916,0.9793937,0.1443273) (288.944,349.61,353.1695) (0.04031331,1.268563,0.07655209) (332.1463,341.6672,352.7399)
compute 3.70023631446233(-0.084334634244442,0.979283928871155,0.122121058404446) (-0.04989932,0.9795043,0.1356612) (286.6866,344.254,358.8365) (-0.00258068,1.255121,0.06681015) (335.954,341.6468,352.8078)
compute 4.59001868764952(-0.125026434659958,0.972127377986908,0.102126352488995) (-0.08433463,0.9792839,0.1221211) (284.4104,346.403,357.5176) (-0.04929417,1.238822,0.05620272) (341.9373,341.2784,350.6885)
Average= 8.1086217781003
Max= 37.6000534229695
Standard Deviation= 6.5819734386015
Right: 21    Wrong: 2
0
