compute 120.123626483096(-0.0294432565569878,1.17254900932312,0.259288460016251) (0,0,0) (273.011,119.9542,258.3444) (0.02913924,1.258403,0.02697401) (330.7051,351.5211,354.1808)
compute 0.54373408940395(-0.0314145796000957,1.17701709270477,0.261679023504257) (-0.02944326,1.172549,0.2592885) (271.8277,105.7528,272.9893) (0.03258258,1.26202,0.02472394) (328.7038,350.8849,353.5887)
compute 0.282819876581285(-0.0317714810371399,1.17982244491577,0.261715471744537) (-0.03141458,1.177017,0.261679) (271.8105,101.904,276.8763) (0.03583327,1.261455,0.02393271) (328.4297,350.2295,352.9428)
compute 0.115319971967085(-0.0325686223804951,1.18065512180328,0.261682540178299) (-0.03177148,1.179822,0.2617155) (271.9064,92.23235,287.0691) (0.03978205,1.25985,0.02290326) (328.6293,349.9955,352.7495)
compute 0.122364482328844(-0.0330401994287968,1.18047153949738,0.262796640396118) (-0.03256862,1.180655,0.2616825) (272.0062,87.27434,292.3554) (0.04289079,1.259853,0.02369421) (328.4505,348.7344,352.9872)
compute 0.0797100441833154(-0.0329491309821606,1.18047881126404,0.263588488101959) (-0.0330402,1.180472,0.2627966) (272.0901,79.402,300.1957) (0.03664666,1.26075,0.02272923) (326.7554,340.2569,355.1238)
compute 0.519781436593366(-0.0278266556560993,1.18112123012543,0.262984484434128) (-0.03294913,1.180479,0.2635885) (272.1287,78.56693,300.9802) (0.02483336,1.266711,0.01441029) (324.2,327.476,0.3951892)
compute 0.246172091897849(-0.0264022070914507,1.18155479431152,0.261024117469788) (-0.02782666,1.181121,0.2629845) (272.4052,90.26818,287.7473) (0.02285418,1.266377,0.01073913) (324.7564,322.2805,2.677193)
compute 0.209561893671287(-0.0275124218314886,1.18156790733337,0.259246796369553) (-0.02640221,1.181555,0.2610241) (272.0169,99.34311,277.299) (0.02425501,1.266127,0.009760066) (323.8006,318.9323,3.72383)
compute 0.143724175393049(-0.0288758836686611,1.18123972415924,0.259561330080032) (-0.02751242,1.181568,0.2592468) (272.0766,91.83617,283.4376) (0.02931022,1.264515,0.01040515) (324.3133,318.1365,3.298584)
compute 0.0208720033536444(-0.0289846621453762,1.18113565444946,0.25941675901413) (-0.02887588,1.18124,0.2595613) (272.5353,88.50907,285.438) (0.03485275,1.264972,0.01154259) (323.2753,318.0257,2.440958)
compute 0.0513836144148084(-0.0294524691998959,1.18120300769806,0.259215146303177) (-0.02898466,1.181136,0.2594168) (272.6076,90.19783,283.43) (0.03730078,1.265561,0.01312387) (324.3339,318.8558,1.5942)
compute 0.139219537337769(-0.0298825819045305,1.18120110034943,0.257891058921814) (-0.02945247,1.181203,0.2592151) (272.7442,91.57565,281.7094) (0.03912626,1.265262,0.01511954) (325.023,319.3878,0.7259648)
compute 0.162921913149331(-0.0298544187098742,1.18226873874664,0.256660729646683) (-0.02988258,1.181201,0.2578911) (272.8724,90.8587,282.2197) (0.04425782,1.266574,0.01470699) (323.0137,320.5331,359.6357)
compute 0.0821996611880271(-0.0297532547265291,1.18305957317352,0.256860792636871) (-0.02985442,1.182269,0.2566607) (272.9789,90.85194,282.2315) (0.04645921,1.267259,0.01244614) (322.9629,322.1161,359.5094)
compute 0.131776265302863(-0.0287809148430824,1.18366146087646,0.256205976009369) (-0.02975325,1.18306,0.2568608) (273.0051,89.30446,284.2018) (0.04606113,1.266975,0.01213495) (322.8551,322.5487,359.1498)
compute 0.269508534969153(-0.0261790864169598,1.18370950222015,0.255504786968231) (-0.02878091,1.183661,0.256206) (273.1801,90.03343,284.1205) (0.04529897,1.266352,0.01168789) (322.343,323.5976,359.0359)
compute 0.188123400108832(-0.0242985188961029,1.18367516994476,0.255468338727951) (-0.02617909,1.18371,0.2555048) (273.264,88.73833,286.2216) (0.04513068,1.266784,0.01132558) (321.6221,324.3862,358.5574)
compute 0.215707561535246(-0.0236649997532368,1.18166971206665,0.255947679281235) (-0.02429852,1.183675,0.2554683) (273.2242,86.59587,288.922) (0.04474386,1.265994,0.01356771) (321.397,324.961,358.3689)
compute 1.21051781176818(-0.0290080681443214,1.18190741539001,0.26680725812912) (-0.023665,1.18167,0.2559477) (273.5907,84.1264,291.8983) (0.04532631,1.271287,0.003263014) (315.5978,323.4994,358.9068)
compute 1.66337184944883(-0.0327284187078476,1.18401277065277,0.282882302999496) (-0.02900807,1.181907,0.2668073) (277.4725,84.24365,288.9901) (0.04777162,1.270648,-0.002608423) (314.3688,323.231,359.3123)
compute 2.10260310510254(-0.043204914778471,1.18301272392273,0.301084965467453) (-0.03272842,1.184013,0.2828823) (281.3366,79.4454,290.9282) (0.05060811,1.269152,-0.007532327) (312.2701,322.97,358.9609)
compute 3.40583823453871(-0.06561079621315,1.18559074401855,0.326605618000031) (-0.04320491,1.183013,0.301085) (279.2562,50.34483,319.1059) (0.05144224,1.264465,-0.006404574) (313.4646,322.1676,359.2759)
compute 2.5315266514163(-0.0830398797988892,1.19052517414093,0.344290107488632) (-0.0656108,1.185591,0.3266056) (277.795,16.63037,350.0597) (0.05473252,1.265844,-0.0143486) (310.9149,323.7484,357.5756)
compute 0.653263026606161(-0.086806982755661,1.19414031505585,0.34821629524231) (-0.08303988,1.190525,0.3442901) (277.6706,14.47177,348.7791) (0.05633717,1.265137,-0.0184262) (309.8431,324.1697,357.39)
compute 1.94442776660354(-0.0980714485049248,1.19663667678833,0.363867491483688) (-0.08680698,1.19414,0.3482163) (279.6619,358.7096,0.1477796) (0.05923849,1.265079,-0.02717965) (307.4742,323.7041,358.1358)
compute 1.01165270123737(-0.106120720505714,1.19664466381073,0.369995564222336) (-0.09807145,1.196637,0.3638675) (283.7967,346.9244,14.60981) (0.06001614,1.264729,-0.02920502) (306.5217,324.1554,358.5046)
compute 0.713724903523177(-0.107125908136368,1.19436383247375,0.363307684659958) (-0.1061207,1.196645,0.3699956) (284.9618,344.4488,16.80065) (0.0598831,1.266021,-0.02935892) (306.3368,325.5345,356.8633)
compute 1.41010389390022(-0.108792304992676,1.19278800487518,0.349394410848618) (-0.1071259,1.194364,0.3633077) (285.9408,341.2183,20.82947) (0.05815309,1.265977,-0.03006742) (306.8776,325.6151,357.3513)
compute 0.486184337788209(-0.108988143503666,1.19218826293945,0.344573676586151) (-0.1087923,1.192788,0.3493944) (286.2957,341.2911,21.13978) (0.05663271,1.265349,-0.04012533) (305.6026,325.6005,358.4637)
compute 0.2841294253984(-0.107598803937435,1.19181144237518,0.342124044895172) (-0.1089881,1.192188,0.3445737) (283.4245,348.6358,13.10293) (0.05417059,1.265447,-0.04297324) (306.6178,328.6529,356.9564)
compute 1.74747369463089(-0.0901388898491859,1.1912077665329,0.341732352972031) (-0.1075988,1.191811,0.342124) (282.4415,1.814359,358.7215) (0.05048513,1.264485,-0.04442266) (306.2967,331.143,356.3552)
compute 0.28632912753475(-0.0873856544494629,1.19049572944641,0.342065721750259) (-0.09013889,1.191208,0.3417324) (281.4809,16.92771,345.5011) (0.04119962,1.264407,-0.05091084) (306.3737,330.3337,357.547)
compute 2.55346154611784(-0.106010429561138,1.20063018798828,0.35629341006279) (-0.08738565,1.190496,0.3420657) (281.6602,31.06519,332.8045) (0.03520052,1.260731,-0.05257029) (306.1812,331.0687,357.5768)
compute 3.73228774039824(-0.0923911556601524,1.22343289852142,0.33007225394249) (-0.1060104,1.20063,0.3562934) (279.3011,52.31233,311.3197) (0.02691716,1.261402,-0.05488528) (306.3758,331.1862,359.1473)
compute 2.60836788712405(-0.0915964618325233,1.23017549514771,0.304887652397156) (-0.09239116,1.223433,0.3300723) (276.0335,85.99926,278.9471) (0.01993246,1.262079,-0.05527448) (306.9146,329.2134,0.8479588)
compute 1.79362186822872(-0.0937652215361595,1.22809851169586,0.287204593420029) (-0.09159646,1.230175,0.3048877) (273.667,96.20855,271.8195) (0.01170436,1.26195,-0.05432767) (307.438,329.3631,1.137452)
compute 2.36849139998853(-0.10768861323595,1.2144730091095,0.273733884096146) (-0.09376522,1.228099,0.2872046) (272.0296,288.495,83.78558) (0.009324551,1.260591,-0.05309398) (307.8853,330.3315,1.814372)
compute 1.87267227593177(-0.118875950574875,1.19947862625122,0.272895961999893) (-0.1076886,1.214473,0.2737339) (275.5129,298.2415,75.19183) (0.004627351,1.258869,-0.05095651) (308.0548,331.6585,0.4561936)
compute 1.75835404757971(-0.136059746146202,1.19716548919678,0.275819569826126) (-0.118876,1.199479,0.272896) (275.2939,290.9079,78.33047) (-0.004947774,1.257495,-0.04794654) (308.3384,331.7028,0.732248)
compute 2.80245052599641(-0.163968324661255,1.19698488712311,0.273279577493668) (-0.1360597,1.197165,0.2758196) (275.9221,248.7372,112.817) (-0.01592285,1.253716,-0.0479776) (308.0877,331.7826,0.7413599)
compute 3.29827112368907(-0.194368973374367,1.20074868202209,0.261052817106247) (-0.1639683,1.196985,0.2732796) (280.8354,193.038,151.6933) (-0.03191086,1.250452,-0.04538568) (306.7664,332.1986,0.376181)
compute 3.76227153485754(-0.229222804307938,1.21016359329224,0.250467985868454) (-0.194369,1.200749,0.2610528) (285.3073,206.231,137.2845) (-0.05339263,1.250099,-0.03789619) (307.5812,332.6571,0.4981973)
compute 3.09132687004831(-0.256885677576065,1.21782386302948,0.238991230726242) (-0.2292228,1.210164,0.250468) (290.8728,205.5483,129.9005) (-0.07322785,1.254122,-0.02625982) (309.0518,332.756,0.2984618)
compute 2.19768463917327(-0.278601557016373,1.22119176387787,0.238747075200081) (-0.2568857,1.217824,0.2389912) (297.0417,200.566,120.6234) (-0.09412624,1.264726,-0.01218178) (309.2626,330.7889,1.79707)
compute 1.72444778641775(-0.275405496358871,1.22988259792328,0.253294467926025) (-0.2786016,1.221192,0.2387471) (298.8859,180.8425,126.0112) (-0.1146081,1.273759,0.01191025) (311.457,328.3884,4.464802)
compute 3.381894977495(-0.273188501596451,1.2452130317688,0.283357471227646) (-0.2754055,1.229883,0.2532945) (297.2352,172.1837,137.0729) (-0.1328084,1.278386,0.04081918) (314.8749,328.2311,4.023954)
compute 4.17011769676096(-0.283307671546936,1.27109479904175,0.314449667930603) (-0.2731885,1.245213,0.2833575) (298.5974,158.4888,148.8072) (-0.1476788,1.275565,0.07482364) (317.3676,323.7237,8.104834)
compute 4.06501208306597(-0.307465553283691,1.29201579093933,0.339572191238403) (-0.2833077,1.271095,0.3144497) (310.0945,145.0205,151.3814) (-0.1473152,1.270097,0.1146234) (320.0381,322.2065,7.20165)
compute 6.46147750272079(-0.355946183204651,1.32108974456787,0.370867609977722) (-0.3074656,1.292016,0.3395722) (313.7888,128.545,155.7924) (-0.1513888,1.272485,0.1429974) (320.6996,323.2751,0.2010736)
compute 11.4229119530937(-0.445731520652771,1.38983106613159,0.387039065361023) (-0.3559462,1.32109,0.3708676) (307.2598,124.724,153.0826) (-0.1872243,1.278112,0.1583376) (320.9846,319.4312,1.525531)
compute 11.377287350515(-0.535018503665924,1.45984137058258,0.395444959402084) (-0.4457315,1.389831,0.3870391) (301.2936,125.0741,145.2696) (-0.2321831,1.27064,0.1672876) (323.2129,319.8383,3.230315)
compute 9.29831479815055(-0.613928616046906,1.50631749629974,0.411539375782013) (-0.5350185,1.459841,0.395445) (295.9525,120.513,143.4178) (-0.2917351,1.253142,0.1751206) (323.4917,321.1642,4.185509)
compute 7.27359815617758(-0.673013508319855,1.5371253490448,0.440700560808182) (-0.6139286,1.506317,0.4115394) (295.7135,111.58,147.8153) (-0.3697795,1.237248,0.1909786) (321.2139,323.3547,5.136834)
compute 2.97032960363504(-0.692224144935608,1.54352402687073,0.462432891130447) (-0.6730135,1.537125,0.4407006) (297.1072,110.8515,151.9702) (-0.4489561,1.242562,0.2199178) (323.8224,325.0308,6.996215)
compute 4.04959530943676(-0.708824098110199,1.56539750099182,0.492197215557098) (-0.6922241,1.543524,0.4624329) (299.0216,112.8186,150.9804) (-0.4733182,1.264763,0.2450384) (325.3252,327.6788,4.667902)
compute 1.74120490802211(-0.709531664848328,1.57831680774689,0.503849267959595) (-0.7088241,1.565398,0.4921972) (302.7851,119.716,145.7037) (-0.4928058,1.27309,0.2655053) (328.8958,331.7503,6.509109)
compute 4.05222182589438(-0.709997773170471,1.60819125175476,0.53122353553772) (-0.7095317,1.578317,0.5038493) (300.1426,115.0748,149.8379) (-0.4943557,1.29262,0.271466) (324.7663,335.7914,2.322531)
compute 6.79878517149698(-0.723467707633972,1.66806507110596,0.560481607913971) (-0.7099978,1.608191,0.5312235) (297.9731,112.3844,148.0876) (-0.4998714,1.309022,0.2901808) (324.3987,339.8241,0.1462197)
compute 4.81320517410683(-0.748657286167145,1.68872678279877,0.59591144323349) (-0.7234677,1.668065,0.5604816) (291.6492,90.7333,165.1854) (-0.5054512,1.312806,0.2953759) (323.5019,341.622,0.251958)
compute 6.35747617316313(-0.777637660503387,1.67291915416718,0.650243818759918) (-0.7486573,1.688727,0.5959114) (294.524,35.08886,223.3234) (-0.503204,1.318145,0.2921033) (322.6731,343.8403,359.9256)
compute 5.91934519982077(-0.803348481655121,1.6362099647522,0.688912332057953) (-0.7776377,1.672919,0.6502438) (293.6538,22.00947,237.8477) (-0.4960439,1.309576,0.2823698) (322.9696,346.3394,359.5325)
compute 9.03783717429624(-0.829681873321533,1.56004929542542,0.729831218719482) (-0.8033485,1.63621,0.6889123) (305.1787,10.96451,238.9169) (-0.4959615,1.294105,0.2722837) (322.9102,354.7319,358.9531)
compute 6.50114303230209(-0.829014778137207,1.56742489337921,0.665242969989777) (-0.8296819,1.560049,0.7298312) (272.5915,137.0321,145.0841) (-0.477589,1.292518,0.2711092) (322.1252,4.571738,353.772)
compute 9.72410468633041(-0.752187609672546,1.57264542579651,0.60586154460907) (-0.8290148,1.567425,0.665243) (291.3204,133.1984,147.8405) (-0.4650868,1.286665,0.2711429) (320.5845,8.024815,352.2444)
compute 18.0550944399344(-0.578045547008514,1.56716632843018,0.558499455451965) (-0.7521876,1.572645,0.6058615) (307.6083,133.242,157.4955) (-0.4513218,1.285245,0.2656584) (318.019,12.15742,351.2394)
compute 16.3918878327972(-0.414488136768341,1.57687520980835,0.553589284420013) (-0.5780455,1.567166,0.5584995) (319.8728,130.0254,160.9945) (-0.4205638,1.285857,0.2621799) (317.8903,14.77741,350.2561)
compute 13.9754179871203(-0.328643530607224,1.58795511722565,0.663312435150146) (-0.4144881,1.576875,0.5535893) (317.0732,96.34371,180.7961) (-0.3754105,1.278836,0.2649994) (315.7237,17.54418,348.8306)
compute 7.34674538949793(-0.269774466753006,1.54956603050232,0.684717535972595) (-0.3286435,1.587955,0.6633124) (325.5847,97.5726,198.3119) (-0.3209224,1.275621,0.2655573) (315.6509,17.41353,346.236)
compute 3.4770479376527(-0.270449668169022,1.52399218082428,0.708265542984009) (-0.2697745,1.549566,0.6847175) (329.5166,90.84819,188.7808) (-0.2692462,1.273271,0.2616297) (314.1754,25.05462,343.7271)
compute 5.59771637186311(-0.315779149532318,1.54222977161407,0.680951237678528) (-0.2704497,1.523992,0.7082655) (312.8864,99.36411,196.193) (-0.2208648,1.28485,0.261572) (314.8713,28.33721,343.4071)
compute 8.70107464341713(-0.365495026111603,1.53712499141693,0.6097252368927) (-0.3157791,1.54223,0.6809512) (318.0087,124.0117,158.4592) (-0.2036671,1.287811,0.2611975) (316.5786,30.54015,342.0834)
compute 3.88620367982959(-0.390031456947327,1.54303991794586,0.580174684524536) (-0.365495,1.537125,0.6097252) (308.026,130.5122,167.2289) (-0.2037492,1.287256,0.2665067) (318.3183,30.36364,340.3821)
compute 8.35883722425765(-0.350378900766373,1.52760636806488,0.508226811885834) (-0.3900315,1.54304,0.5801747) (322.4202,148.1301,148.0475) (-0.2145134,1.260278,0.2777205) (324.4255,31.17952,340.8689)
compute 11.722086018454(-0.235703960061073,1.50733590126038,0.494829177856445) (-0.3503789,1.527606,0.5082268) (324.5531,133.1467,163.0064) (-0.2130607,1.267948,0.2671781) (322.0478,32.38412,345.1992)
compute 11.8338462316091(-0.118431106209755,1.49151813983917,0.495760858058929) (-0.235704,1.507336,0.4948292) (334.8108,129.7583,163.9412) (-0.1956372,1.26204,0.255487) (319.928,32.72943,341.5502)
compute 11.6648657330325(-0.00984477065503597,1.51747190952301,0.529559075832367) (-0.1184311,1.491518,0.4957609) (333.045,121.1674,169.207) (-0.1579613,1.256474,0.2384851) (317.6907,26.84511,343.2447)
compute 11.0611464400415(0.0870355516672134,1.51118838787079,0.582564890384674) (-0.009844771,1.517472,0.5295591) (344.6244,108.4143,168.7991) (-0.1128451,1.252009,0.2236646) (313.9612,21.35017,345.0477)
compute 9.94855760449148(0.109667412936687,1.50330185890198,0.679120481014252) (0.08703555,1.511188,0.5825649) (331.5732,74.87536,202.5615) (-0.06096215,1.255345,0.2054628) (310.1705,18.40788,345.8484)
compute 5.07198170090186(0.122421771287918,1.45599341392517,0.666015625) (0.1096674,1.503302,0.6791205) (344.2392,87.06364,185.828) (-0.04056964,1.256627,0.2026023) (310.1209,7.78773,348.1525)
compute 6.90361806527697(0.0578202717006207,1.46138513088226,0.642275989055634) (0.1224218,1.455993,0.6660156) (338.5483,91.006,191.1333) (-0.03784838,1.264387,0.2116766) (310.1592,359.0004,354.8273)
compute 12.9508754277777(-0.0465828590095043,1.4945296049118,0.573182225227356) (0.05782027,1.461385,0.642276) (333.1468,103.8357,171.4386) (-0.05111221,1.265964,0.2251708) (311.3143,354.7705,357.5888)
compute 10.4538036921805(-0.130576655268669,1.55562162399292,0.561307489871979) (-0.04658286,1.49453,0.5731822) (319.5771,108.9103,169.6991) (-0.06983473,1.268987,0.2400168) (311.1137,354.6399,357.2431)
compute 6.52279259858265(-0.179885610938072,1.59806442260742,0.556625783443451) (-0.1305767,1.555622,0.5613075) (315.9083,113.6435,158.608) (-0.09209654,1.270221,0.2614609) (311.3655,355.7079,357.3407)
compute 5.10406646193429(-0.200866803526878,1.63406193256378,0.586106598377228) (-0.1798856,1.598064,0.5566258) (310.4085,107.3291,163.02) (-0.09049889,1.271875,0.2739045) (311.3979,358.8419,354.1925)
compute 12.1772985852582(-0.21065279841423,1.6398366689682,0.70734828710556) (-0.2008668,1.634062,0.5861066) (309.9244,70.78779,190.8154) (-0.1045595,1.275553,0.2806251) (310.8633,4.356397,350.44)
compute 6.78084266175361(-0.217080637812614,1.60707604885101,0.766368687152863) (-0.2106528,1.639837,0.7073483) (308.3075,66.00563,207.5383) (-0.09768441,1.274192,0.2823658) (312.1306,6.437984,350.3613)
compute 1.29093434214683(-0.215609043836594,1.59604346752167,0.759828984737396) (-0.2170806,1.607076,0.7663687) (310.0646,76.30508,194.4848) (-0.09245403,1.267579,0.2827416) (312.3668,5.198196,351.887)
compute 9.97938368647052(-0.190127208828926,1.61106979846954,0.664520561695099) (-0.215609,1.596043,0.759829) (309.2202,109.1432,176.4577) (-0.09080996,1.268153,0.2865923) (312.3027,4.973016,350.6223)
compute 9.48020384272739(-0.132842227816582,1.62110912799835,0.589653551578522) (-0.1901272,1.61107,0.6645206) (320.0375,116.9933,159.493) (-0.0907014,1.26805,0.2885152) (312.5155,9.209461,349.0651)
compute 4.94587131265294(-0.0977290868759155,1.65573978424072,0.593388438224792) (-0.1328422,1.621109,0.5896536) (318.0429,106.0892,163.7935) (-0.07830052,1.269364,0.2884353) (312.1942,15.83644,344.6019)
compute 7.31629918050507(-0.0988438054919243,1.66418755054474,0.666053533554077) (-0.09772909,1.65574,0.5933884) (310.6942,84.39922,183.93) (-0.0588228,1.268392,0.2843719) (316.0623,31.1272,335.3773)
compute 3.80042505749299(-0.0927810519933701,1.6266770362854,0.666779756546021) (-0.09884381,1.664188,0.6660535) (314.3129,83.07542,184.9109) (-0.0455882,1.260251,0.2806166) (321.0707,38.43397,330.8912)
compute 5.17228558586682(-0.0568332932889462,1.58967971801758,0.663010001182556) (-0.09278105,1.626677,0.6667798) (319.9342,88.84174,188.7652) (-0.04307821,1.253695,0.2814862) (324.2013,43.58496,332.5073)
compute 11.5555915027112(0.0432368963956833,1.55604660511017,0.616021275520325) (-0.05683329,1.58968,0.66301) (330.9071,107.5039,175.7357) (-0.01895276,1.251125,0.2791058) (324.5301,45.84861,329.4661)
compute 13.6337099781364(0.174234002828598,1.53361034393311,0.585620999336243) (0.0432369,1.556047,0.6160213) (341.7613,110.2507,173.9875) (0.02526202,1.239441,0.2721431) (324.9398,46.28208,330.3889)
compute 14.7962158252392(0.307815819978714,1.48446774482727,0.545201897621155) (0.174234,1.53361,0.585621) (351.0305,114.529,171.8393) (0.07649054,1.229262,0.2605375) (323.3218,44.35382,330.9716)
compute 9.89170778918426(0.405301302671433,1.46776807308197,0.543688476085663) (0.3078158,1.484468,0.5452019) (349.5832,103.7217,173.5683) (0.1276136,1.237019,0.2458362) (313.9803,40.32798,334.8702)
compute 8.13408235579068(0.460047632455826,1.4558207988739,0.602649748325348) (0.4053013,1.467768,0.5436885) (347.4526,93.85047,184.5476) (0.1712885,1.262323,0.2483289) (313.8275,29.04134,339.743)
compute 3.07218671152518(0.468455791473389,1.44284725189209,0.629198253154755) (0.4600476,1.455821,0.6026497) (351.3112,92.81355,179.0234) (0.190902,1.268585,0.2567522) (313.2106,13.68112,344.8048)
compute 2.45600338326321(0.451575577259064,1.42581081390381,0.62390547990799) (0.4684558,1.442847,0.6291983) (352.6122,96.64331,185.578) (0.1892456,1.272177,0.2580784) (314.3204,2.31109,352.2534)
compute 6.96354083522284(0.387046933174133,1.42883610725403,0.59790563583374) (0.4515756,1.425811,0.6239055) (357.106,101.445,176.5961) (0.1714304,1.269485,0.255418) (314.2202,358.5544,354.358)
compute 10.374228680583(0.303084820508957,1.48962271213531,0.593684911727905) (0.3870469,1.428836,0.5979056) (343.997,100.6962,179.8365) (0.1506422,1.260647,0.253915) (314.9368,1.482193,352.0912)
compute 10.0967847319684(0.22026039659977,1.54649066925049,0.583652138710022) (0.3030848,1.489623,0.5936849) (336.5046,102.6258,168.8629) (0.1409629,1.259203,0.2534606) (314.8338,3.320018,350.5689)
compute 7.86406120160924(0.160854443907738,1.59675681591034,0.59499204158783) (0.2202604,1.546491,0.5836521) (326.632,102.0622,168.9464) (0.1220412,1.266476,0.2553207) (314.3324,0.4544333,352.9952)
compute 11.7016017385609(0.0913429334759712,1.63104104995728,0.682658970355988) (0.1608544,1.596757,0.594992) (312.3067,71.55015,191.4031) (0.1007067,1.269585,0.2575645) (317.7169,353.1878,358.2776)
compute 9.14960544972684(0.100138984620571,1.56313836574554,0.62196809053421) (0.09134293,1.631041,0.682659) (318.798,87.25922,182.6127) (0.1004716,1.26315,0.2583399) (322.9192,342.6792,2.685159)
compute 14.2616160261396(0.0448010340332985,1.4485000371933,0.557663083076477) (0.100139,1.563138,0.6219681) (322.9697,90.61082,178.4118) (0.09853209,1.252186,0.2599769) (329.8436,336.7495,3.833375)
compute 11.9601018894761(-0.0546708032488823,1.383340716362,0.544856011867523) (0.04480103,1.4485,0.5576631) (309.002,98.40954,168.7495) (0.09401184,1.243881,0.2562628) (333.7822,336.7664,2.328748)
compute 18.7853586246763(-0.187804833054543,1.32728624343872,0.664948463439941) (-0.0546708,1.383341,0.544856) (289.899,56.25663,211.9474) (0.09181863,1.242528,0.2489368) (335.6295,339.3302,1.0012)
compute 11.8274111584143(-0.187597036361694,1.23169696331024,0.73460054397583) (-0.1878048,1.327286,0.6649485) (300.8103,44.61138,232.9643) (0.1062802,1.2386,0.2430729) (334.0601,349.2483,356.1905)
compute 14.4692090886921(-0.199752986431122,1.1025904417038,0.798784196376801) (-0.187597,1.231697,0.7346005) (314.5335,9.265088,269.4512) (0.1619491,1.237789,0.2360294) (335.2388,14.52406,346.9303)
compute 12.0324593626302(-0.108776181936264,1.13070452213287,0.725225865840912) (-0.199753,1.10259,0.7987842) (287.4961,35.78483,260.2732) (0.1903459,1.238431,0.2264201) (336.8295,38.75857,333.8286)
compute 14.8214660122468(0.0199454296380281,1.19835579395294,0.696561634540558) (-0.1087762,1.130705,0.7252259) (290.9631,87.3719,215.6328) (0.1962348,1.227015,0.2173325) (340.4375,45.04879,330.3533)
compute 19.6578573269994(0.204291999340057,1.22682583332062,0.634521842002869) (0.01994543,1.198356,0.6965616) (311.9925,118.7217,199.4861) (0.2075923,1.223667,0.2316141) (344.3388,46.64666,331.5419)
compute 20.4136363321745(0.395746469497681,1.17383944988251,0.587518811225891) (0.204292,1.226826,0.6345218) (338.0105,123.8735,200.4728) (0.2243225,1.217913,0.2445237) (348.5634,49.31328,331.6266)
compute 20.816664074884(0.536754071712494,1.0368105173111,0.655880212783813) (0.3957465,1.173839,0.5875188) (9.109666,102.6121,209.5388) (0.2450716,1.215465,0.2451939) (352.6092,52.70771,331.8788)
compute 7.1208747521302(0.560608446598053,0.99360853433609,0.707214832305908) (0.5367541,1.036811,0.6558802) (12.47541,94.70794,216.8357) (0.2798483,1.218746,0.2345086) (352.7942,59.13037,333.8991)
compute 4.62312898333835(0.585907399654388,0.992651283740997,0.668531775474548) (0.5606084,0.9936085,0.7072148) (20.6842,108.8925,210.8301) (0.3093972,1.217201,0.2347259) (354.7784,58.40532,333.2943)
compute 9.25116596479602(0.637196063995361,1.0475070476532,0.614506542682648) (0.5859074,0.9926513,0.6685318) (12.5362,116.4089,210.8376) (0.3330986,1.213153,0.2440899) (354.2873,56.9043,333.9422)
compute 7.07281387187869(0.703381240367889,1.06214869022369,0.594317078590393) (0.6371961,1.047507,0.6145065) (9.170459,120.1263,207.0181) (0.3568825,1.205098,0.2441875) (354.8582,56.81435,334.8587)
compute 7.24721408414628(0.766241073608398,1.02653014659882,0.588645040988922) (0.7033812,1.062149,0.5943171) (15.177,121.836,204.1123) (0.3797654,1.199877,0.2463812) (352.2656,58.37189,333.2672)
compute 10.1523858156893(0.820556938648224,0.946879386901855,0.620467007160187) (0.7662411,1.02653,0.588645) (20.26449,109.4802,213.1226) (0.3886532,1.198732,0.2551992) (347.5719,56.0698,335.6701)
compute 8.51553947945722(0.840156316757202,0.884543716907501,0.675070762634277) (0.8205569,0.9468794,0.620467) (15.62253,98.87661,227.2209) (0.3957626,1.194933,0.2630106) (347.7495,57.57336,336.5487)
compute 5.59614348699852(0.820104658603668,0.916822195053101,0.633988976478577) (0.8401563,0.8845437,0.6750708) (12.34967,114.2164,215.6957) (0.4008098,1.196853,0.2764848) (351.4596,51.94168,337.1003)
compute 13.4888694441055(0.748937368392944,1.03048825263977,0.619490563869476) (0.8201047,0.9168222,0.633989) (9.632341,113.689,210.4863) (0.3885055,1.214485,0.279965) (352.4247,48.60147,338.9924)
compute 13.5195059713773(0.702839910984039,1.15735983848572,0.611985206604004) (0.7489374,1.030488,0.6194906) (1.047264,119.7758,192.1689) (0.3720728,1.23427,0.281756) (347.0635,49.47211,338.0139)
compute 11.3904486516398(0.720702946186066,1.17522788047791,0.723052203655243) (0.7028399,1.15736,0.6119852) (7.421956,89.57401,191.4857) (0.3283252,1.253906,0.2912098) (338.6118,38.10378,338.0943)
compute 5.89177443640869(0.710261046886444,1.12900972366333,0.7580686211586) (0.7207029,1.175228,0.7230522) (17.02886,89.09375,195.8809) (0.2973908,1.271253,0.2849975) (332.1398,28.37605,338.6944)
compute 9.05368634175153(0.677334487438202,1.05805456638336,0.712482094764709) (0.710261,1.12901,0.7580686) (22.80119,94.57162,203.85) (0.2686603,1.281137,0.2857638) (326.1838,19.11295,343.6798)
compute 10.2705528205563(0.622066676616669,1.03348231315613,0.629475474357605) (0.6773345,1.058055,0.7124821) (21.59836,112.9071,209.5057) (0.2348944,1.28552,0.2861277) (322.9279,4.693146,351.5542)
compute 9.09481417237313(0.557745218276978,1.04527747631073,0.566267967224121) (0.6220667,1.033482,0.6294755) (20.26396,123.4296,203.7232) (0.1987842,1.284859,0.289035) (323.754,350.469,0.2549863)
compute 11.6908713616677(0.470398217439651,1.10275852680206,0.513979554176331) (0.5577452,1.045277,0.566268) (4.592434,130.1176,200.9699) (0.1606335,1.26668,0.2903372) (328.7529,333.0247,8.063023)
compute 11.3812461356116(0.368811845779419,1.13990521430969,0.478573203086853) (0.4703982,1.102759,0.5139796) (351.093,132.7673,196.9449) (0.1451013,1.257521,0.2868734) (331.0626,324.1112,10.92551)
compute 5.46042511561931(0.317428469657898,1.14669799804688,0.461390912532806) (0.3688118,1.139905,0.4785732) (345.8803,129.7677,190.9238) (0.1300225,1.253778,0.2750113) (332.1828,318.8325,13.07824)
compute 2.38354284655046(0.302438586950302,1.14803075790405,0.442907005548477) (0.3174285,1.146698,0.4613909) (343.0982,131.1615,188.4269) (0.1241292,1.263197,0.2614512) (326.9769,316.69,15.30147)
compute 0.815546533122944(0.298072129487991,1.15319514274597,0.447464942932129) (0.3024386,1.148031,0.442907) (345.0883,127.1506,185.1419) (0.138275,1.273722,0.2514129) (321.7664,319.6544,14.11756)
compute 0.929835750705547(0.295691132545471,1.16183185577393,0.44995442032814) (0.2980721,1.153195,0.4474649) (344.4379,127.0777,183.4312) (0.1553838,1.275363,0.2388038) (320.7575,322.1728,12.08504)
compute 1.20620629228107(0.305692374706268,1.16606616973877,0.4552021920681) (0.2956911,1.161832,0.4499544) (343.0312,121.8382,179.3565) (0.173513,1.277405,0.2294814) (318.6051,325.1995,11.26951)
compute 2.90308282397752(0.29265770316124,1.18490087985992,0.473038673400879) (0.3056924,1.166066,0.4552022) (339.216,119.0384,177.2904) (0.1733721,1.279549,0.227129) (316.8818,331.8565,2.21008)
compute 5.13422737482461(0.278766095638275,1.19064843654633,0.522130608558655) (0.2926577,1.184901,0.4730387) (335.238,115.3464,176.3504) (0.1693012,1.271496,0.2270562) (317.8481,358.9551,350.9077)
compute 24.1654544383975(0.0385258235037327,1.19490647315979,0.496374040842056) (0.2787661,1.190648,0.5221306) (330.9273,118.7565,174.5067) (0.1654131,1.254637,0.2107118) (321.7397,28.93585,336.9959)
compute 3.55157643935688(0.00350382993929088,1.19899022579193,0.492113471031189) (0.03852582,1.194906,0.496374) (326.4398,127.7051,175.7155) (0.1508582,1.245874,0.1924833) (327.8478,41.72421,331.817)
compute 0.824716804227945(0.00757106579840183,1.20563471317291,0.489407151937485) (0.00350383,1.19899,0.4921135) (329.3906,132.3081,173.2087) (0.1373403,1.243045,0.1839512) (329.3646,48.61843,329.4452)
compute 7.53851069406672(0.0820596143603325,1.2166063785553,0.485666453838348) (0.007571066,1.205635,0.4894072) (330.0648,135.2561,183.8395) (0.1316959,1.236462,0.1882171) (332.7079,53.03848,330.632)
compute 11.3674392485926(0.194835916161537,1.21217215061188,0.472112447023392) (0.08205961,1.216606,0.4856665) (338.3059,138.5546,184.0613) (0.1598628,1.225565,0.2026141) (339.8971,55.2257,332.1068)
compute 18.2056491710714(0.366320222616196,1.1510523557663,0.473551064729691) (0.1948359,1.212172,0.4721124) (353.617,128.6265,189.4165) (0.218555,1.207076,0.2168925) (344.9523,58.95039,332.7759)
compute 16.2648594393521(0.520029664039612,1.10066759586334,0.490561336278915) (0.3663202,1.151052,0.4735511) (359.048,132.6064,191.6611) (0.3127912,1.189626,0.2405266) (348.0728,59.85678,335.5846)
compute 17.4667477764652(0.687010109424591,1.07664632797241,0.535829842090607) (0.5200297,1.100668,0.4905613) (359.4478,132.1166,193.9923) (0.4080947,1.181691,0.2618158) (347.8198,60.89093,334.6296)
compute 13.9040622508416(0.811057388782501,1.05280709266663,0.593935430049896) (0.6870101,1.076646,0.5358298) (2.066864,126.3611,196.2075) (0.4548808,1.200521,0.2877922) (347.0455,54.44945,336.8976)
compute 4.87392204963368(0.847154676914215,1.02086269855499,0.601150214672089) (0.8110574,1.052807,0.5939354) (6.646563,125.4096,201.461) (0.461705,1.219744,0.2952607) (349.6855,51.07916,338.1435)
compute 6.4903910756024(0.829341590404511,0.973927199840546,0.64228743314743) (0.8471547,1.020863,0.6011502) (16.18858,98.38451,215.304) (0.4576755,1.241196,0.2959635) (349.2979,48.71657,339.8703)
compute 11.546042695187(0.757504522800446,1.03243172168732,0.573383390903473) (0.8293416,0.9739272,0.6422874) (8.318004,119.504,205.7349) (0.4554253,1.242279,0.2913764) (350.5518,49.04767,338.4676)
compute 5.69726068966945(0.736021101474762,1.08491289615631,0.567900061607361) (0.7575045,1.032432,0.5733834) (9.976728,119.4803,194.6551) (0.421118,1.248173,0.2857509) (353.6192,47.99627,340.6948)
compute 5.22092142049591(0.761758685112,1.11663472652435,0.600413203239441) (0.7360211,1.084913,0.5679001) (5.144758,116.2028,190.6802) (0.4107134,1.239681,0.2706241) (352.4383,49.14968,341.1425)
compute 8.30496501912433(0.787842690944672,1.05357360839844,0.647743582725525) (0.7617587,1.116635,0.6004132) (13.44082,101.1193,196.2017) (0.3974377,1.237842,0.2561009) (350.8793,46.76603,341.1655)
compute 8.07488473378915(0.764112532138824,0.981376707553864,0.675035774707794) (0.7878427,1.053574,0.6477436) (26.0869,88.67434,198.2047) (0.3803392,1.257573,0.2398149) (340.3523,39.58476,341.2368)
compute 8.19235093320143(0.725566148757935,0.934693336486816,0.61984246969223) (0.7641125,0.9813767,0.6750358) (38.54774,108.6628,207.606) (0.3549853,1.280014,0.2253808) (324.6171,27.40149,342.8392)
compute 1.73876359313877(0.726732909679413,0.948575675487518,0.630246758460999) (0.7255661,0.9346933,0.6198425) (31.98592,101.0691,203.5257) (0.3413498,1.279947,0.2111994) (321.3919,22.8779,346.3247)
compute 14.0728486468634(0.673852920532227,1.04807996749878,0.545943081378937) (0.7267329,0.9485757,0.6302468) (22.58764,120.9925,198.2903) (0.3443812,1.277653,0.20597) (317.1319,21.10324,345.829)
compute 12.481177023931(0.599491477012634,1.13356816768646,0.493596911430359) (0.6738529,1.04808,0.5459431) (12.27684,129.2464,195.5752) (0.3474314,1.260622,0.2092483) (318.2746,19.47284,346.9276)
compute 11.5958848258064(0.525937497615814,1.21694111824036,0.52653956413269) (0.5994915,1.133568,0.4935969) (355.7503,121.8887,176.6366) (0.3589519,1.245375,0.2328319) (325.8529,17.07885,347.5617)
compute 18.8911378324871(0.454035460948944,1.26959919929504,0.693107068538666) (0.5259375,1.216941,0.5265396) (337.1156,87.95773,183.1817) (0.3542373,1.234644,0.2504191) (330.5021,8.034235,350.8224)
compute 6.62970968298704(0.393850743770599,1.27316069602966,0.720682799816132) (0.4540355,1.269599,0.6931071) (329.6188,87.67513,186.1817) (0.3432982,1.244304,0.2622952) (328.1993,353.7439,357.7679)
compute 7.09901830761127(0.370987683534622,1.21273279190063,0.750099718570709) (0.3938507,1.273161,0.7206828) (340.0547,75.88931,192.4578) (0.3292226,1.251685,0.2690045) (328.873,341.8215,3.351336)
compute 9.74208125014723(0.31938973069191,1.22947776317596,0.669179558753967) (0.3709877,1.212733,0.7500997) (332.4636,92.29493,179.4867) (0.329115,1.256016,0.2732993) (329.2157,338.0525,4.345623)
compute 11.8244929868572(0.250762850046158,1.28993356227875,0.594230830669403) (0.3193897,1.229478,0.6691796) (322.2065,97.40249,166.4011) (0.3257662,1.258863,0.2761465) (331.6181,333.2335,7.501285)
compute 9.80013694858673(0.158514320850372,1.32282793521881,0.597757518291473) (0.2507629,1.289934,0.5942308) (307.6487,89.64866,168.4472) (0.3247289,1.259028,0.2688547) (331.6527,327.0283,7.066079)
compute 15.0387507803538(0.0565756633877754,1.30384433269501,0.706681966781616) (0.1585143,1.322828,0.5977575) (296.1668,49.92577,211.743) (0.3120631,1.269108,0.2616731) (328.8979,325.1686,6.837385)
compute 10.8826512088146(0.0121538192033768,1.21487259864807,0.750885367393494) (0.05657566,1.303844,0.706682) (308.8127,33.43444,228.3825) (0.2952571,1.259889,0.2562144) (329.3018,326.8821,3.207433)
compute 6.48910417888181(0.00268420670181513,1.22921049594879,0.688310623168945) (0.01215382,1.214873,0.7508854) (305.4989,41.80726,224.0357) (0.2495646,1.247936,0.2498601) (330.8149,327.2778,3.359895)
compute 15.2823168380724(0.0357313863933086,1.3294358253479,0.577776968479156) (0.002684207,1.22921,0.6883106) (306.2708,88.41079,176.9088) (0.2028374,1.247492,0.2449653) (330.0596,329.2611,1.793713)
compute 10.0457260438675(0.0400788486003876,1.42912900447845,0.566199779510498) (0.03573139,1.329436,0.577777) (313.4211,96.78008,166.3972) (0.1636141,1.250066,0.2356773) (327.0401,333.9634,0.6890438)
compute 9.49946214580748(0.0402526967227459,1.50712943077087,0.620420455932617) (0.04007885,1.429129,0.5661998) (312.1086,84.70956,176.3344) (0.1421429,1.255964,0.2247588) (328.1755,336.2682,359.6914)
compute 9.18892422582214(0.0288910828530788,1.49656355381012,0.710990369319916) (0.0402527,1.507129,0.6204205) (321.6089,54.58189,194.6595) (0.115738,1.261089,0.2090414) (327.6466,330.1378,4.347847)
compute 10.4347189237882(0.0695109069347382,1.40445530414581,0.68352335691452) (0.02889108,1.496564,0.7109904) (325.4913,77.65554,195.183) (0.1036361,1.260193,0.1973543) (328.0653,320.2797,9.249134)
compute 10.8251496225044(0.0694819018244743,1.30111527442932,0.651286363601685) (0.06951091,1.404455,0.6835234) (330.0795,70.49384,202.5072) (0.09904899,1.255689,0.1839365) (332.0508,310.7941,14.58656)
compute 9.43822044095309(0.0496703274548054,1.25940275192261,0.568972527980804) (0.0694819,1.301115,0.6512864) (314.0478,95.91803,189.4962) (0.110231,1.255456,0.1783309) (332.0746,309.1644,14.02631)
compute 5.44727776684963(0.0375363379716873,1.21290802955627,0.543315351009369) (0.04967033,1.259403,0.5689725) (312.103,93.42694,192.3887) (0.139317,1.264683,0.1730061) (326.5919,310.6285,14.95774)
compute 3.4720558405673(0.0299698058515787,1.20279896259308,0.510972321033478) (0.03753634,1.212908,0.5433154) (303.4868,105.9398,190.6076) (0.1749579,1.274426,0.1760695) (320.6756,318.8881,10.43775)
compute 2.58310834953665(0.0360040031373501,1.21457803249359,0.488789290189743) (0.02996981,1.202799,0.5109723) (299.5959,117.4393,182.911) (0.1958051,1.275249,0.1833203) (319.5055,323.8413,6.108052)
compute 2.43980100969348(0.0476355776190758,1.23599636554718,0.489895820617676) (0.036004,1.214578,0.4887893) (304.7755,114.8196,181.9112) (0.2088588,1.273093,0.1885837) (318.8708,325.304,4.80115)
compute 4.7193894643072(0.0459799878299236,1.27757775783539,0.512155890464783) (0.04763558,1.235996,0.4898958) (311.9934,109.5905,177.6253) (0.2124022,1.265593,0.1963179) (319.5419,327.1605,2.94131)
compute 7.7742137992137(0.0197144392877817,1.34800243377686,0.532013535499573) (0.04597999,1.277578,0.5121559) (311.2943,109.4463,172.9286) (0.2130258,1.262723,0.2090247) (320.8605,329.3604,359.3387)
compute 6.90262274262758(-0.00503199361264706,1.40937721729279,0.551644384860992) (0.01971444,1.348002,0.5320135) (313.0422,105.947,169.2958) (0.1947187,1.260074,0.2196212) (320.7012,333.5013,355.1171)
compute 6.66617943212808(-0.031329806894064,1.46849679946899,0.567678570747375) (-0.005031994,1.409377,0.5516444) (312.5556,102.7852,169.1893) (0.1644621,1.254681,0.2287442) (320.5801,337.645,352.333)
compute 4.94139096655809(-0.0404404997825623,1.51630640029907,0.57622092962265) (-0.03132981,1.468497,0.5676786) (318.4177,97.87664,165.0975) (0.1233106,1.252912,0.2343593) (318.7156,342.0493,349.6812)
compute 5.22371147379756(-0.0509091652929783,1.56644856929779,0.586462318897247) (-0.0404405,1.516306,0.5762209) (320.5708,99.00007,162.3529) (0.08539739,1.25898,0.2352312) (317.0756,345.8836,347.1699)
compute 4.16921086846881(-0.049772996455431,1.58267104625702,0.624852061271667) (-0.05090917,1.566449,0.5864623) (321.9073,86.8546,171.6909) (0.0454613,1.267464,0.2344282) (315.0107,347.4413,346.9516)
compute 6.86787220149094(-0.0504877977073193,1.5435643196106,0.68130487203598) (-0.049773,1.582671,0.6248521) (327.0089,61.99659,186.8347) (0.01380246,1.273373,0.2278559) (316.2882,343.631,352.2943)
compute 7.45483678412697(-0.0214619357138872,1.47533524036407,0.673574984073639) (-0.0504878,1.543564,0.6813049) (337.574,72.47296,186.9484) (-0.007395647,1.285273,0.2273955) (315.2157,340.6276,356.965)
compute 4.91984242384628(-0.0234564375132322,1.44661200046539,0.63368159532547) (-0.02146194,1.475335,0.673575) (342.7473,81.2496,182.7045) (-0.01814441,1.287373,0.240127) (317.5608,336.166,1.351096)
compute 5.91347741776921(-0.0618136897683144,1.47985506057739,0.603341162204742) (-0.02345644,1.446612,0.6336816) (333.0084,86.80286,180.063) (-0.01382925,1.28432,0.2531925) (320.6857,334.8293,2.26685)
compute 8.35848402263761(-0.11291915178299,1.53273105621338,0.563607215881348) (-0.06181369,1.479855,0.6033412) (320.478,92.43333,177.1244) (-0.0008218586,1.283855,0.2554462) (320.7691,335.0554,0.1195599)
compute 7.64799813918531(-0.176050424575806,1.57586765289307,0.56191486120224) (-0.1129192,1.532731,0.5636072) (310.4712,77.95537,175.8445) (0.006625548,1.285678,0.2632011) (319.5744,332.6199,2.952485)
compute 5.45355709130308(-0.225575670599937,1.59868621826172,0.562746524810791) (-0.1760504,1.575868,0.5619149) (302.3502,83.15182,174.4848) (0.007712506,1.289938,0.2731528) (321.9815,333.0032,359.3903)
compute 13.3654253029029(-0.334674805402756,1.58286011219025,0.63831353187561) (-0.2255757,1.598686,0.5627465) (296.2112,17.07834,230.97) (-0.009108305,1.28367,0.2776113) (325.4088,327.9129,0.3431509)
compute 7.8534117832902(-0.322793185710907,1.52742993831635,0.692663609981537) (-0.3346748,1.58286,0.6383135) (305.9638,49.39672,213.2407) (-0.03968725,1.279481,0.2652175) (325.2277,323.0084,1.274598)
compute 8.92667890298603(-0.356554329395294,1.45303797721863,0.728643894195557) (-0.3227932,1.52743,0.6926636) (319.0623,31.03012,231.915) (-0.07987503,1.27224,0.2539556) (327.2901,317.2055,3.64135)
compute 8.89856457944485(-0.374328345060349,1.45401132106781,0.641456842422485) (-0.3565543,1.453038,0.7286439) (308.412,62.44004,202.9818) (-0.1248763,1.262774,0.2534814) (328.0281,317.9004,3.348616)
compute 8.97439876630586(-0.426688402891159,1.46278691291809,0.569100797176361) (-0.3743283,1.454011,0.6414568) (305.9127,63.66979,201.0142) (-0.1813825,1.256574,0.2504123) (326.4305,318.2978,2.316454)
compute 11.0069909704246(-0.532236278057098,1.49379479885101,0.565420746803284) (-0.4266884,1.462787,0.5691008) (303.1588,64.15166,191.1249) (-0.2408844,1.257468,0.2564976) (328.7544,321.1093,1.843059)
compute 10.5623099814167(-0.631189167499542,1.51421558856964,0.596203148365021) (-0.5322363,1.493795,0.5654207) (302.7403,55.63829,189.2689) (-0.2840579,1.27934,0.2676979) (325.801,326.4797,359.206)
compute 14.5140771649775(-0.762403964996338,1.49859237670898,0.656240105628967) (-0.6311892,1.514216,0.5962031) (298.441,15.60674,225.3404) (-0.3108717,1.28916,0.2732793) (322.1875,328.8658,0.233684)
compute 6.79731826059559(-0.783871412277222,1.45324432849884,0.702099204063416) (-0.762404,1.498592,0.6562401) (296.5373,25.56557,227.4456) (-0.3292519,1.29783,0.266704) (320.485,332.1373,0.7928125)
compute 10.7361822817338(-0.79996657371521,1.36786222457886,0.765165865421295) (-0.7838714,1.453244,0.7020992) (312.1433,358.9599,255.886) (-0.3438454,1.301585,0.2689676) (320.7712,330.5961,5.31532)
compute 11.736515232542(-0.728069007396698,1.37316417694092,0.672552645206451) (-0.7999666,1.367862,0.7651659) (282.5859,97.47697,177.1237) (-0.3434149,1.292423,0.2779196) (319.9728,330.883,4.636228)
compute 7.55845240846671(-0.674804508686066,1.37387907505035,0.618929862976074) (-0.728069,1.373164,0.6725526) (289.3735,102.8388,169.8734) (-0.3279363,1.287554,0.2863223) (320.0342,328.7361,6.224655)
compute 9.67720712613445(-0.629582524299622,1.38033485412598,0.533617913722992) (-0.6748045,1.373879,0.6189299) (303.1273,126.1224,146.6785) (-0.3007135,1.300457,0.2889855) (318.054,336.7824,1.424443)
compute 6.46930575609046(-0.599467992782593,1.37345433235168,0.476776331663132) (-0.6295825,1.380335,0.5336179) (316.1791,133.2948,139.1316) (-0.2580245,1.290976,0.2856431) (320.2674,10.27821,345.2633)
compute 3.10988875131977(-0.577719867229462,1.35680878162384,0.462042510509491) (-0.599468,1.373454,0.4767763) (321.3934,129.3501,144.4948) (-0.2392168,1.2669,0.2525315) (326.1857,39.24131,334.9055)
compute 2.4502741801493(-0.574293553829193,1.33819019794464,0.477598637342453) (-0.5777199,1.356809,0.4620425) (326.7132,115.1702,151.0874) (-0.2446914,1.249897,0.2258839) (334.4347,54.42385,329.1843)
compute 2.56287348143924(-0.590541005134583,1.33096528053284,0.496055424213409) (-0.5742936,1.33819,0.4775986) (330.5458,107.9506,154.0595) (-0.2561231,1.23964,0.2008161) (338.3534,62.35414,327.6921)
compute 2.63984643057399(-0.61189079284668,1.33380401134491,0.511319994926453) (-0.590541,1.330965,0.4960554) (330.9804,102.376,157.1897) (-0.2871155,1.24017,0.1951232) (336.8836,59.7775,330.452)
compute 4.32968718004521(-0.650750517845154,1.35283052921295,0.512911379337311) (-0.6118908,1.333804,0.51132) (322.98,109.9799,159.5431) (-0.3208999,1.246291,0.1975331) (336.8995,54.61953,331.9209)
compute 2.70041528958566(-0.672788321971893,1.36803257465363,0.509381890296936) (-0.6507505,1.352831,0.5129114) (315.0619,120.6158,155.4557) (-0.3362823,1.254554,0.2111664) (335.7907,49.61852,337.4132)
compute 8.11554689485053(-0.601623892784119,1.36493587493896,0.470494300127029) (-0.6727883,1.368033,0.5093819) (310.7765,141.2333,149.965) (-0.3217702,1.253022,0.2196788) (339.778,47.83483,341.0235)
compute 19.0689435108643(-0.415710777044296,1.32916522026062,0.447707533836365) (-0.6016239,1.364936,0.4704943) (319.6799,137.1266,165.795) (-0.2850319,1.240977,0.2156509) (343.5429,50.32924,341.512)
compute 23.8304876076182(-0.190816760063171,1.25213015079498,0.431049346923828) (-0.4157108,1.329165,0.4477075) (332.4462,128.1382,191.2123) (-0.2272788,1.224652,0.1994181) (345.8151,54.35408,341.104)
compute 21.9723634605162(0.00197514332830906,1.14966320991516,0.406345427036285) (-0.1908168,1.25213,0.4310493) (352.4271,127.4877,199.2733) (-0.1624947,1.205868,0.1950807) (346.8746,57.71617,340.662)
compute 18.635987027527(0.176019579172134,1.08442068099976,0.419834315776825) (0.001975143,1.149663,0.4063454) (5.666612,126.632,197.7207) (-0.04323146,1.177143,0.1950921) (347.1903,59.49572,339.9275)
compute 17.6330320821029(0.342896670103073,1.0750983953476,0.476026087999344) (0.1760196,1.084421,0.4198343) (10.40868,121.6863,191.5703) (0.08662957,1.161226,0.2099973) (345.5,57.78661,342.2781)
compute 15.7238400673594(0.491197913885117,1.09501111507416,0.524339020252228) (0.3428967,1.075098,0.4760261) (7.676009,120.2081,189.7364) (0.1784746,1.193376,0.222471) (342.7664,54.43989,340.0761)
compute 13.1429141579064(0.581477582454681,1.10395467281342,0.619434833526611) (0.4911979,1.095011,0.524339) (9.804948,102.8363,189.5661) (0.2240249,1.229887,0.2385417) (341.1564,45.59755,340.6566)
compute 3.0029436958474(0.601142883300781,1.09453892707825,0.640083968639374) (0.5814776,1.103955,0.6194348) (16.91361,109.33,186.5496) (0.2331469,1.255366,0.2436046) (334.988,41.08186,340.1907)
compute 10.9571177160507(0.59552013874054,1.00412285327911,0.70172131061554) (0.6011429,1.094539,0.640084) (29.3783,95.43507,188.5209) (0.2288281,1.259802,0.2451285) (334.3867,37.46141,341.8248)
compute 7.48090348145524(0.544477999210358,0.950991451740265,0.714688420295715) (0.5955201,1.004123,0.7017213) (39.63126,84.42175,194.9494) (0.2256923,1.265332,0.2498907) (336.0765,36.81843,342.2834)
compute 19.5262956963547(0.526000618934631,1.1099339723587,0.602780044078827) (0.544478,0.9509915,0.7146884) (16.78801,113.9438,195.2207) (0.2089336,1.258228,0.2579916) (337.1377,36.66963,342.9215)
compute 13.1547964599617(0.524721503257751,1.23957216739655,0.580482721328735) (0.5260006,1.109934,0.60278) (5.400032,114.2751,184.062) (0.1928746,1.255466,0.2557826) (336.3708,40.65985,342.5459)
compute 9.26065687231016(0.547305226325989,1.31701099872589,0.625970959663391) (0.5247215,1.239572,0.5804827) (355.1828,103.9406,179.6306) (0.1930736,1.249221,0.2474129) (335.7885,41.49164,343.7318)
compute 15.9703292158638(0.550108313560486,1.25196266174316,0.771799623966217) (0.5473052,1.317011,0.625971) (7.143417,64.16154,187.1) (0.2118035,1.247988,0.2239692) (334.0185,42.22886,342.6291)
compute 4.2654733102266(0.544615030288696,1.22245919704437,0.741487979888916) (0.5501083,1.251963,0.7717996) (4.186752,78.37138,195.8681) (0.2633858,1.237924,0.2151862) (332.8776,41.55968,342.6116)
compute 15.5126920074915(0.551006257534027,1.27565479278564,0.595907270908356) (0.544615,1.222459,0.741488) (1.593858,104.0972,181.3744) (0.3120472,1.256372,0.2179583) (332.0257,39.41291,341.7609)
compute 6.50366025511574(0.588931083679199,1.32742142677307,0.606475293636322) (0.5510063,1.275655,0.5959073) (1.178786,98.24544,174.8456) (0.3260351,1.262855,0.2252616) (331.2681,36.45874,342.8607)
compute 10.8530851298469(0.597364842891693,1.34148168563843,0.713760554790497) (0.5889311,1.327421,0.6064753) (355.5,76.92792,188.1337) (0.3274099,1.26361,0.2204973) (330.8876,35.71287,342.3808)
compute 14.5523164318003(0.564154922962189,1.20267856121063,0.74218213558197) (0.5973648,1.341482,0.7137606) (31.95436,79.69391,182.5177) (0.3192585,1.262546,0.2138036) (330.4813,33.94732,344.0425)
compute 4.07467135472684(0.55840128660202,1.24300301074982,0.741119503974915) (0.5641549,1.202679,0.7421821) (17.058,72.43987,183.6184) (0.3101779,1.26504,0.2195999) (329.5837,33.89761,344.7432)
compute 16.7527487196373(0.5832439661026,1.34172809123993,0.60807192325592) (0.5584013,1.243003,0.7411195) (5.026632,102.4235,175.3473) (0.307875,1.266908,0.2224193) (328.9772,34.94827,344.1094)
compute 9.08791788927969(0.614446341991425,1.42688274383545,0.613913357257843) (0.583244,1.341728,0.6080719) (357.0259,95.90174,167.5161) (0.3154039,1.268257,0.20138) (326.1609,40.00634,343.2575)
compute 8.44530886205681(0.626286089420319,1.41522789001465,0.69671618938446) (0.6144463,1.426883,0.6139134) (356.1064,80.94341,180.3453) (0.3276158,1.267747,0.1857616) (325.9292,45.08771,339.6137)
compute 6.96148356905872(0.607670605182648,1.38643741607666,0.757303297519684) (0.6262861,1.415228,0.6967162) (347.0912,68.54102,201.7394) (0.3374191,1.264324,0.1841065) (326.3624,46.87002,340.7592)
compute 11.586438754981(0.627810716629028,1.30041980743408,0.682337284088135) (0.6076706,1.386437,0.7573033) (9.354753,90.29421,190.0153) (0.3344119,1.256701,0.2141331) (327.8763,47.29588,339.1685)
compute 9.26623217334519(0.629431903362274,1.28926718235016,0.590362846851349) (0.6278107,1.30042,0.6823373) (7.712269,107.3126,187.3213) (0.3260347,1.254517,0.2434982) (329.9543,45.19957,340.1081)
compute 4.106573972643(0.639805018901825,1.3066862821579,0.554650545120239) (0.6294319,1.289267,0.5903628) (5.536611,110.7463,185.8853) (0.3174942,1.256055,0.2631016) (328.4123,39.92225,343.4624)
compute 6.8219046639721(0.636446595191956,1.32340669631958,0.488597631454468) (0.639805,1.306686,0.5546505) (3.369821,126.4608,179.2083) (0.3335718,1.257275,0.2479813) (327.4129,42.12034,339.8855)
compute 3.18168689456157(0.654134750366211,1.34825992584229,0.479555547237396) (0.6364466,1.323407,0.4885976) (0.6878774,119.9687,182.73) (0.372874,1.2521,0.2284794) (328.236,43.31292,339.0056)
compute 5.40576443814562(0.697167634963989,1.38024938106537,0.472694456577301) (0.6541348,1.34826,0.4795555) (357.5786,121.1507,178.5477) (0.4148384,1.247479,0.2037914) (327.8459,40.62165,339.842)
compute 9.98869780674147(0.786376476287842,1.41524422168732,0.500882267951965) (0.6971676,1.380249,0.4726945) (356.4024,109.7825,176.2199) (0.4515447,1.25864,0.1887456) (326.6162,39.51488,339.8495)
compute 9.2494403058398(0.855436027050018,1.43142795562744,0.560246229171753) (0.7863765,1.415244,0.5008823) (356.175,99.22105,182.0641) (0.4717668,1.267524,0.1888538) (323.8265,33.07668,341.7136)
compute 11.7475571052203(0.846714973449707,1.41848850250244,0.676680862903595) (0.855436,1.431428,0.5602462) (349.4988,70.31531,205.4086) (0.4795202,1.270456,0.1893138) (324.8432,24.95582,346.4182)
compute 4.34436355754572(0.816881477832794,1.38690841197968,0.676780462265015) (0.846715,1.418489,0.6766809) (350.7944,84.13249,194.5556) (0.4750574,1.267285,0.197557) (328.7443,13.62799,349.5237)
compute 12.631366593259(0.717086672782898,1.3724467754364,0.60070812702179) (0.8168815,1.386908,0.6767805) (351.8431,92.1703,185.9993) (0.4572459,1.268036,0.2004427) (328.977,4.211841,352.7677)
compute 17.3064195489343(0.568475604057312,1.37642955780029,0.512107312679291) (0.7170867,1.372447,0.6007081) (341.4691,111.5657,172.6884) (0.4339047,1.269718,0.1982681) (329.6143,359.4284,354.3129)
compute 11.172807778143(0.470051437616348,1.39860284328461,0.560109317302704) (0.5684756,1.37643,0.5121073) (327.5905,99.93506,179.3799) (0.3962021,1.278685,0.1946326) (329.1665,355.6121,356.6242)
compute 14.6332259080239(0.412863582372665,1.35865676403046,0.688744425773621) (0.4700514,1.398603,0.5601093) (329.1965,79.15884,191.7451) (0.3509098,1.275106,0.1900119) (326.0045,347.4008,1.169036)
compute 9.77182510701681(0.406046718358994,1.27673590183258,0.741577744483948) (0.4128636,1.358657,0.6887444) (340.6396,63.66114,198.8958) (0.3036437,1.275658,0.1852657) (326.6623,331.9718,7.706958)
compute 12.504797811795(0.437779068946838,1.17293059825897,0.679493010044098) (0.4060467,1.276736,0.7415777) (351.1763,88.32446,199.3295) (0.2519746,1.271594,0.188638) (325.0216,329.4787,7.635316)
compute 13.3450851329822(0.425253599882126,1.04085683822632,0.66504430770874) (0.4377791,1.172931,0.679493) (16.49562,88.35784,201.5634) (0.1984061,1.269226,0.1838804) (323.1332,320.5734,12.56041)
compute 10.292442053601(0.373430907726288,1.02020061016083,0.578550577163696) (0.4252536,1.040857,0.6650443) (3.684701,97.61931,209.2628) (0.1228689,1.262457,0.18623) (327.4764,313.5195,15.22833)
compute 16.1188437277775(0.233995273709297,1.02715969085693,0.497983902692795) (0.3734309,1.020201,0.5785506) (342.6179,110.2401,199.5656) (0.074929,1.243636,0.2027375) (340.3156,311.6806,12.12552)
compute 27.449977389538(-0.0397229604423046,1.04495513439178,0.508556246757507) (0.2339953,1.02716,0.4979839) (285.0854,85.18753,216.5717) (0.02237219,1.240175,0.2306593) (349.8642,315.7813,6.673952)
compute 27.2590328964241(-0.290190607309341,0.954962015151978,0.567485690116882) (-0.03972296,1.044955,0.5085562) (305.6036,285.5421,12.49133) (-0.03732042,1.227741,0.256641) (357.926,314.2073,8.987242)
compute 10.4964781398313(-0.384494483470917,0.970299184322357,0.610950112342834) (-0.2901906,0.954962,0.5674857) (317.448,264.8521,38.30959) (-0.0630497,1.233831,0.2860027) (357.2466,312.9523,9.217031)
compute 15.3325139254398(-0.389535069465637,0.920000851154327,0.755702555179596) (-0.3844945,0.9702992,0.6109501) (335.4988,314.2181,344.532) (-0.08140939,1.219812,0.2944314) (358.1984,311.7449,6.162817)
compute 2.32601580686181(-0.390310227870941,0.928333580493927,0.734000027179718) (-0.3895351,0.9200009,0.7557026) (322.5977,294.8148,21.81817) (-0.1099225,1.233793,0.3184909) (356.8405,309.5865,5.137738)
compute 7.49540783211152(-0.419080555438995,0.882766246795654,0.681903958320618) (-0.3903102,0.9283336,0.734) (332.7793,292.5586,22.25043) (-0.1493499,1.235684,0.3266214) (356.8505,303.9104,5.669177)
compute 13.1257871865332(-0.507694184780121,0.905582964420319,0.587799489498138) (-0.4190806,0.8827662,0.681904) (320.0775,272.2234,33.28795) (-0.1949556,1.235137,0.3328053) (0.1085619,303.7085,4.606605)
compute 16.7951780108899(-0.669462442398071,0.933197021484375,0.552074193954468) (-0.5076942,0.905583,0.5877995) (331.3672,268.1841,33.72265) (-0.2594754,1.232912,0.3366419) (358.9701,304.9079,4.920507)
compute 9.39308137355789(-0.730829477310181,1.00423443317413,0.5487921833992) (-0.6694624,0.933197,0.5520742) (322.517,263.9454,33.37003) (-0.3374875,1.217515,0.3518778) (358.3149,310.8944,5.010324)
compute 14.1243097333953(-0.639406025409698,1.03743398189545,0.651208758354187) (-0.7308295,1.004234,0.5487922) (276.5469,325.8582,318.1015) (-0.4187503,1.202716,0.3511184) (7.250334,316.4115,2.634541)
compute 10.1129694805924(-0.56671267747879,0.990374088287354,0.703441500663757) (-0.639406,1.037434,0.6512088) (296.5535,40.24532,249.7894) (-0.4569736,1.214402,0.3549067) (10.74959,318.6853,2.496791)
compute 9.42165602518506(-0.623188555240631,0.933984935283661,0.653366565704346) (-0.5667127,0.9903741,0.7034415) (290.411,321.558,337.7254) (-0.4864113,1.218902,0.3637768) (16.00294,318.1276,0.8318703)
compute 19.2022758380506(-0.746144711971283,0.797889113426209,0.596511900424957) (-0.6231886,0.9339849,0.6533666) (335.0208,281.544,21.2737) (-0.5037852,1.208882,0.3774381) (17.37506,318.8256,2.571509)
compute 10.8841932267533(-0.801195442676544,0.705445051193237,0.580077826976776) (-0.7461447,0.7978891,0.5965119) (352.9417,284.1063,13.3837) (-0.5176429,1.199484,0.3915713) (21.22796,318.0976,2.300427)
compute 5.68657761220028(-0.855604588985443,0.68901789188385,0.581951260566711) (-0.8011954,0.7054451,0.5800778) (359.5302,275.5366,33.40088) (-0.5312615,1.189408,0.4041266) (22.71561,318.3295,2.815954)
compute 6.58421883415541(-0.899564862251282,0.698330640792847,0.630075693130493) (-0.8556046,0.6890179,0.5819513) (3.299269,281.5398,32.82098) (-0.527895,1.180023,0.40286) (24.53527,319.3344,4.120651)
compute 8.75454841627522(-0.916990518569946,0.624173521995544,0.673218250274658) (-0.8995649,0.6983306,0.6300757) (27.7433,290.8472,16.87092) (-0.5210203,1.175217,0.4036791) (22.38684,318.5724,5.357056)
compute 3.4553056478047(-0.933557212352753,0.654370605945587,0.670462429523468) (-0.9169905,0.6241735,0.6732183) (12.83618,278.8967,37.77703) (-0.51569,1.172417,0.4272091) (23.18618,322.5757,9.557822)
compute 3.46725532902749(-0.899480402469635,0.654065251350403,0.664069950580597) (-0.9335572,0.6543706,0.6704624) (11.37408,290.2979,34.69112) (-0.4599487,1.2009,0.4314884) (18.85732,328.0099,5.521544)
compute 10.8040910044119(-0.846746921539307,0.710611045360565,0.588607430458069) (-0.8994804,0.6540653,0.66407) (356.2604,278.8835,33.06672) (-0.3987149,1.24961,0.4348455) (5.423832,343.7336,5.818602)
compute 12.7602681533553(-0.783021867275238,0.794738233089447,0.516884505748749) (-0.8467469,0.710611,0.5886074) (342.6743,273.2176,24.03251) (-0.3640058,1.271263,0.4075836) (353.7081,349.0811,1.515038)
compute 14.5287549675487(-0.712011933326721,0.921021938323975,0.505999267101288) (-0.7830219,0.7947382,0.5168845) (312.7942,274.7527,24.54839) (-0.3705917,1.263021,0.3857687) (356.5661,341.2391,357.3692)
compute 8.515036101048(-0.671831786632538,0.996053397655487,0.50853306055069) (-0.7120119,0.9210219,0.5059993) (302.2517,267.9485,39.4141) (-0.37679,1.262461,0.3727856) (351.1753,349.491,356.01)
compute 4.80587272649502(-0.631203055381775,1.02125990390778,0.513388931751251) (-0.6718318,0.9960534,0.5085331) (284.66,254.6343,59.1228) (-0.3620212,1.264811,0.360459) (345.0085,11.82958,349.9431)
compute 2.03129176992406(-0.615900814533234,1.01355302333832,0.524300396442413) (-0.6312031,1.02126,0.5133889) (278.6992,223.477,97.71035) (-0.3432082,1.257221,0.3279813) (346.127,32.36582,343.06)
compute 3.50067078917033(-0.592889666557312,1.01068758964539,0.550525307655334) (-0.6159008,1.013553,0.5243004) (277.2822,268.2404,62.84306) (-0.340491,1.251176,0.2952032) (345.9604,44.10834,341.1044)
compute 4.74420431185433(-0.545977175235748,1.01758718490601,0.548988699913025) (-0.5928897,1.010688,0.5505253) (273.8906,231.3999,109.4457) (-0.3427965,1.24543,0.2669196) (343.0104,51.90229,339.3069)
compute 5.57973412234556(-0.491862863302231,1.02028036117554,0.535657107830048) (-0.5459772,1.017587,0.5489887) (277.8413,154.7415,196.6926) (-0.3430755,1.250421,0.2429744) (340.3021,57.17987,338.0728)
compute 3.59312224825196(-0.458680808544159,1.02300310134888,0.522144496440887) (-0.4918629,1.02028,0.5356571) (283.2298,151.9659,207.2756) (-0.3388413,1.253141,0.2306607) (337.5137,56.44876,339.1897)
compute 6.35468634393174(-0.40696394443512,1.01212906837463,0.486855328083038) (-0.4586808,1.023003,0.5221445) (287.2797,143.6611,222.1434) (-0.3252696,1.255927,0.2221425) (330.8923,48.0359,338.5446)
compute 5.69357716703746(-0.378386795520782,1.00807392597198,0.437777996063232) (-0.4069639,1.012129,0.4868553) (289.9091,147.9411,219.0987) (-0.3190268,1.260101,0.2235533) (321.1073,27.77621,344.2782)
compute 8.1236946272463(-0.322139173746109,0.987928092479706,0.382734447717667) (-0.3783868,1.008074,0.437778) (288.0645,144.6991,223.6297) (-0.3138105,1.262186,0.2150633) (314.5605,358.5427,356.6971)
compute 8.03063837462662(-0.250283122062683,0.981560349464417,0.347445994615555) (-0.3221392,0.9879281,0.3827344) (286.3868,138.9234,225.8379) (-0.3035548,1.25783,0.1970811) (316.4781,331.7806,11.06268)
compute 7.08876165376246(-0.185714572668076,0.95234203338623,0.348944902420044) (-0.2502831,0.9815603,0.347446) (280.3715,118.729,244.6182) (-0.2733616,1.256443,0.1797654) (315.347,323.1417,13.09085)
compute 2.54319062507117(-0.160857081413269,0.948652446269989,0.352853089570999) (-0.1857146,0.952342,0.3489449) (277.9788,118.404,242.0826) (-0.2459923,1.258408,0.1723201) (313.7648,323.2738,9.967292)
compute 1.21913025945768(-0.166396841406822,0.93876588344574,0.357346951961517) (-0.1608571,0.9486524,0.3528531) (273.4721,95.27119,264.5356) (-0.2207084,1.263766,0.1668653) (312.2769,329.0433,4.893309)
compute 0.941051550461619(-0.165438517928123,0.940187096595764,0.348093867301941) (-0.1663968,0.9387659,0.357347) (273.468,107.5067,251.7398) (-0.1953387,1.268067,0.1633326) (313.4425,338.6575,356.7161)
compute 2.78395431436409(-0.192016705870628,0.944222092628479,0.340857923030853) (-0.1654385,0.9401871,0.3480939) (270.5609,101.4933,257.2247) (-0.1650692,1.269513,0.1701692) (320.0405,357.3463,344.599)
compute 1.5847712265256(-0.207014173269272,0.939134836196899,0.340269893407822) (-0.1920167,0.9442221,0.3408579) (273.3837,321.8875,39.76758) (-0.1342945,1.254324,0.176665) (335.7584,14.78922,336.7077)
compute 0.940703558226743(-0.212666809558868,0.931619167327881,0.340035915374756) (-0.2070142,0.9391348,0.3402699) (275.498,12.01091,353.276) (-0.1070869,1.235477,0.1712551) (351.273,29.66933,335.2416)
Average= 8.27663106445129
Max= 27.449977389538
Standard Deviation= 8.46129254622559
Right: 28    Miss: 12
0
