purple 328.9636 335.4511 11.19449 (-0.666301,5,0.7) (-0.666301,0.08092505,0.7)
yellow 328.9636 335.5844 15.62757 (0.3691144,5,0.7) (0.3691144,1.592253,0.7)
blue 329.4733 335.74 10.85182 (-0.1187187,5,0.7) (-0.1187187,0.07364023,0.7)
yellow 330.4653 336.1733 13.31811 (-0.08006036,5,0.7) (-0.08006036,1.455893,0.7)
purple 329.9722 336.6844 11.54768 (0.5998147,5,0.7) (0.5998147,0.07794379,0.7)
purple 329.4733 336.7733 12.4432 (-0.09672415,5,0.7) (-0.09672415,0.07997353,0.7)
yellow 330.9645 337.0511 14.294 (0.3372125,5,0.7) (0.3372125,1.51887,0.7)
yellow 329.4733 337.0733 16.96308 (0.4334502,5,0.7) (0.4334502,1.450405,0.7)
blue 332.4703 337.5289 11.35899 (0.5795469,5,0.7) (0.5795469,1.234601,0.7)
blue 328.9636 337.7511 14.58663 (0.7967868,5,0.7) (0.7967868,0.07952201,0.7)
yellow 329.9722 337.9178 16.85459 (0.7632854,5,0.7) (0.7632854,1.259527,0.7)
purple 330.9645 338.1511 12.25442 (-0.3908693,5,0.7) (-0.3908693,0.07739627,0.7)
purple 332.4703 338.2733 10.11942 (0.3103928,5,0.7) (0.3103928,0.07543811,0.7)
yellow 331.4691 338.4067 15.35537 (0.4218867,5,0.7) (0.4218867,1.349028,0.7)
blue 330.9645 339.0511 13.58459 (0.4176714,5,0.7) (0.4176714,0.07872675,0.7)
yellow 332.9671 339.54 14.82668 (-0.3549708,5,0.7) (-0.3549708,1.395951,0.7)
blue 332.9671 339.8178 11.7477 (-0.1818177,5,0.7) (-0.1818177,0.0762069,0.7)
yellow 333.9632 339.9845 13.36077 (0.02065027,5,0.7) (0.02065027,1.274535,0.7)
yellow 332.4703 340.8289 15.918 (-0.845449,5,0.7) (-0.845449,0.7819521,0.7)
yellow 331.9675 340.8734 14.75393 (-0.7565069,5,0.7) (-0.7565069,0.07774869,0.7)
blue 329.9722 340.9733 19.18567 (-0.9846478,5,0.7) (-0.9846478,0.5865353,0.7)
purple 331.9675 340.9845 16.20943 (-0.9719119,5,0.7) (-0.9719119,0.5482334,0.7)
purple 330.4653 341.2067 17.25519 (-0.1037792,5,0.7) (-0.1037792,0.08419824,0.7)
purple 331.4691 341.3289 16.08352 (-0.60305,5,0.7) (-0.60305,0.08291306,0.7)
blue 330.4653 341.3956 17.48954 (-0.4955961,5,0.7) (-0.4955961,0.08001709,0.7)
purple 334.4643 341.4622 11.97447 (-0.07192719,5,0.7) (-0.07192719,0.07970689,0.7)
yellow 333.4652 341.9733 16.41788 (-0.05689323,5,0.7) (-0.05689323,0.8664809,0.7)
blue 335.4727 342.1511 13.68264 (0.1135215,5,0.7) (0.1135215,0.9710578,0.7)
yellow 335.4727 342.1844 13.92862 (-0.153705,5,0.7) (-0.153705,1.034363,0.7)
blue 333.9632 342.2956 16.88841 (0.03058994,5,0.7) (0.03058994,1.090437,0.7)
purple 335.4727 342.3956 11.87702 (-0.2162412,5,0.7) (-0.2162412,0.08145218,0.7)
yellow 334.4643 342.44 16.53226 (-0.1637007,5,0.7) (-0.1637007,1.159598,0.7)
purple 335.9716 342.9622 11.97182 (0.1165677,5,0.7) (0.1165677,0.07849343,0.7)
yellow 334.9635 343.1178 15.96313 (-0.4026834,5,0.7) (-0.4026834,0.9030714,0.7)
blue 336.9668 343.1289 12.75929 (-0.4116083,5,0.7) (-0.4116083,0.9753017,0.7)
blue 333.4652 343.1622 15.85159 (-0.2539717,5,0.7) (-0.2539717,0.08082303,0.7)
purple 332.9671 343.2845 16.6923 (-0.4081126,5,0.7) (-0.4081126,0.08216158,0.7)
blue 331.9675 343.3067 18.0328 (0.9749646,5,0.7) (0.9749646,0.08437675,0.7)
purple 337.4642 343.4289 10.37626 (-0.3767444,5,0.7) (-0.3767444,0.08064716,0.7)
blue 331.4691 343.4622 18.85279 (0.3906338,5,0.7) (0.3906338,0.08111207,0.7)
purple 333.9632 343.7956 18.93468 (-0.3339852,5,0.7) (-0.3339852,0.994265,0.7)
blue 337.4642 343.8067 12.84979 (-0.4151849,5,0.7) (-0.4151849,0.891634,0.7)
yellow 336.4648 343.8289 14.76373 (-0.5612612,5,0.7) (-0.5612612,0.9395061,0.7)
blue 334.4643 344.1956 15.90062 (0.8072793,5,0.7) (0.8072793,0.08216119,0.7)
purple 334.9635 344.4178 15.52588 (-0.6253064,5,0.7) (-0.6253064,0.0840981,0.7)
yellow 337.4642 344.5289 15.23583 (-0.6850917,5,0.7) (-0.6850917,1.249352,0.7)
yellow 338.4687 344.8067 13.57151 (-0.461147,5,0.7) (-0.461147,1.143959,0.7)
blue 335.9716 344.8067 14.66904 (0.7016306,5,0.7) (0.7016306,0.08126295,0.7)
purple 336.4648 345.2733 14.62088 (0.4965565,5,0.7) (0.4965565,0.08071214,0.7)
blue 334.9635 345.3845 18.37965 (-0.882556,5,0.7) (-0.882556,0.591684,0.7)
yellow 337.9645 345.4067 13.49091 (-0.8924222,5,0.7) (-0.8924222,0.4371416,0.7)
purple 337.9645 345.4178 12.65857 (0.2419719,5,0.7) (0.2419719,0.08006904,0.7)
purple 333.4652 345.9956 19.52439 (0.900259,5,0.7) (0.900259,0.08456556,0.7)
blue 336.4648 346.1289 15.81122 (-0.1419958,5,0.7) (-0.1419958,0.08268175,0.7)
yellow 335.9716 346.4178 16.86282 (0.6989081,5,0.7) (0.6989081,0.07986491,0.7)
yellow 336.9668 346.6733 15.8687 (0.5702093,5,0.7) (0.5702093,0.08158582,0.7)
purple 336.9668 347.4845 16.9629 (0.3376078,5,0.7) (0.3376078,0.08414316,0.7)
blue 337.9645 348.1622 16.52464 (-0.4594513,5,0.7) (-0.4594513,0.08043379,0.7)
blue 338.4687 348.54 16.35765 (-0.7113469,5,0.7) (-0.7113469,0.07918304,0.7)
purple 338.4687 349.6622 17.8399 (0.1699485,5,0.7) (0.1699485,0.08180666,0.7)
0
