red 205.3141 210.6933 13.12373 (0.6256609,5,0.7) (0.6256609,1.600767,0.7)
red 205.8125 211.0489 13.5342 (0.9659226,5,0.7) (0.9659226,1.808947,0.7)
red 206.8115 212.1267 14.06597 (0.2851383,5,0.7) (0.2851383,1.903548,0.7)
black 206.8115 212.5489 10.02167 (0.3325474,5,0.7) (0.3325474,0.0801731,0.7)
black 206.3124 212.6822 11.01027 (0.1300493,5,0.7) (0.1300493,0.07501182,0.7)
red 206.3124 212.7267 14.01359 (-0.4853476,5,0.7) (-0.4853476,1.239878,0.7)
black 205.8125 213.4267 12.90788 (-0.3895413,5,0.7) (-0.3895413,0.08112675,0.7)
red 207.3098 213.9378 15.18047 (-0.7902811,5,0.7) (-0.7902811,1.465799,0.7)
red 208.308 214.6933 15.33056 (-0.9816236,5,0.7) (-0.9816236,1.636845,0.7)
red 208.8068 214.7156 14.54438 (-0.9090872,5,0.7) (-0.9090872,1.689902,0.7)
red 209.3054 215.9378 15.52602 (-0.1344837,5,0.7) (-0.1344837,1.559704,0.7)
red 209.8066 216.6156 16.83068 (-0.1727484,5,0.7) (-0.1727484,1.795308,0.7)
black 209.8066 216.6378 16.97367 (-0.2352773,5,0.7) (-0.2352773,1.81791,0.7)
red 207.8097 216.8489 14.94325 (0.3239491,5,0.7) (0.3239491,0.0788569,0.7)
black 209.3054 217.0489 13.0784 (0.754904,5,0.7) (0.754904,0.07698809,0.7)
red 211.3127 217.3044 14.51006 (0.4276416,5,0.7) (0.4276416,1.630282,0.7)
red 212.3128 217.5711 13.65307 (0.229592,5,0.7) (0.229592,1.827703,0.7)
black 207.8097 217.6044 15.99402 (-0.003344893,5,0.7) (-0.003344893,0.0832499,0.7)
black 205.3141 217.9044 19.605 (-0.06216729,5,0.7) (-0.06216729,0.08414143,0.7)
red 210.3053 218.3378 16.80954 (-0.8746917,5,0.7) (-0.8746917,1.210336,0.7)
red 211.8129 218.36 14.48338 (-0.8652155,5,0.7) (-0.8652155,1.307218,0.7)
red 210.8135 218.4267 16.96693 (-0.9021258,5,0.7) (-0.9021258,1.446162,0.7)
black 210.8135 218.4933 13.00803 (0.9345279,5,0.7) (0.9345279,0.08195851,0.7)
black 207.3098 218.8378 18.27534 (0.1664256,5,0.7) (0.1664256,0.08487397,0.7)
black 210.3053 219.06 14.54096 (-0.8905206,5,0.7) (-0.8905206,0.08005619,0.7)
black 208.308 219.1044 17.31665 (0.003065705,5,0.7) (0.003065705,0.08026978,0.7)
red 212.8059 219.2711 15.04243 (0.07650077,5,0.7) (0.07650077,1.517679,0.7)
red 213.8089 219.4822 14.07836 (-0.3860246,5,0.7) (-0.3860246,1.697756,0.7)
black 212.3128 219.6822 12.54748 (0.6175776,5,0.7) (0.6175776,0.08216977,0.7)
red 213.3149 219.6933 14.76127 (-0.7192471,5,0.7) (-0.7192471,1.481915,0.7)
black 211.8129 220.3044 14.17946 (-0.2872909,5,0.7) (-0.2872909,0.08042623,0.7)
black 208.8068 220.7156 18.75313 (-0.3710674,5,0.7) (-0.3710674,0.08491248,0.7)
red 214.3102 220.8044 15.71956 (0.2911892,5,0.7) (0.2911892,1.679098,0.7)
red 215.3095 221.2156 15.00981 (-0.04755962,5,0.7) (-0.04755962,1.811221,0.7)
black 213.3149 221.4156 13.61665 (0.286757,5,0.7) (0.286757,0.07865095,0.7)
red 215.8097 221.6711 13.92508 (0.5699685,5,0.7) (0.5699685,1.5426,0.7)
red 214.8096 221.9822 15.36033 (0.9596725,5,0.7) (0.9596725,1.226808,0.7)
black 215.8097 222.0378 10.78296 (-0.874064,5,0.7) (-0.874064,0.07388556,0.7)
black 211.3127 222.3378 17.62209 (-0.8293271,5,0.7) (-0.8293271,0.08089739,0.7)
black 216.3096 222.4933 10.72084 (-0.5557392,5,0.7) (-0.5557392,0.07774909,0.7)
red 216.8093 222.5933 13.84277 (0.5363922,5,0.7) (0.5363922,1.565214,0.7)
red 216.3096 222.9489 13.14573 (0.1834217,5,0.7) (0.1834217,0.8072224,0.7)
black 215.3095 223.1489 13.22642 (-0.7172635,5,0.7) (-0.7172635,0.07762735,0.7)
red 217.8071 223.36 13.48372 (0.3805687,5,0.7) (0.3805687,1.60267,0.7)
red 217.308 223.3711 14.05128 (0.5953259,5,0.7) (0.5953259,1.461162,0.7)
black 212.8059 223.3822 17.03021 (-0.8965611,5,0.7) (-0.8965611,0.0820535,0.7)
black 216.8093 225.06 13.82197 (0.7318025,5,0.7) (0.7318025,0.07739294,0.7)
red 218.3065 225.16 15.60774 (-0.9813292,5,0.7) (-0.9813292,1.465825,0.7)
red 219.8057 225.4933 13.60003 (-0.7436872,5,0.7) (-0.7436872,1.554807,0.7)
black 214.3102 225.7378 18.13706 (-0.8116643,5,0.7) (-0.8116643,0.08115435,0.7)
black 213.8089 226.1267 19.25522 (-0.1396614,5,0.7) (-0.1396614,0.08164768,0.7)
red 218.8091 226.5933 14.87485 (0.9552217,5,0.7) (0.9552217,0.743086,0.7)
black 214.8096 226.8156 18.87317 (-0.1727706,5,0.7) (-0.1727706,0.08320761,0.7)
black 219.3087 228.0378 14.50821 (-0.492606,5,0.7) (-0.492606,0.07951504,0.7)
red 219.3087 228.0378 16.59858 (-0.3102764,5,0.7) (-0.3102764,0.8141203,0.7)
black 218.8091 228.0933 17.98022 (-0.2627205,5,0.7) (-0.2627205,0.9638782,0.7)
black 218.3065 228.1267 18.25424 (-0.4237937,5,0.7) (-0.4237937,0.8107741,0.7)
black 217.8071 229.1044 17.97296 (-0.9404509,5,0.7) (-0.9404509,0.0833789,0.7)
black 217.308 229.8489 19.5312 (-0.05598724,5,0.7) (-0.05598724,0.08234471,0.7)
black 219.8057 232.3489 19.5315 (-0.3042907,5,0.7) (-0.3042907,0.08239067,0.7)
0
