compute 31.6327374832015(0.0334514975547791,0.732204973697662,0.211879208683968) (-0.1696255,0.8469577,0.4255485) (287.6735,321.1905,26.09273) (0.01511767,1.339024,-0.0001699319) (327.4343,355.3224,1.898806)
compute 0.385162533867759(0.0304340980947018,0.732253313064575,0.214272528886795) (0.0334515,0.732205,0.2118792) (287.7662,320.3221,26.47506) (0.01556515,1.338931,-0.0006954363) (326.3541,354.8575,1.987334)
compute 0.317549613955414(0.0289092231541872,0.732204258441925,0.217057511210442) (0.0304341,0.7322533,0.2142725) (287.7368,320.5034,25.90577) (0.01769397,1.339045,-8.071866E-05) (326.2052,354.6728,1.613573)
compute 0.136905501593585(0.0284123457968235,0.731974482536316,0.218312352895737) (0.02890922,0.7322043,0.2170575) (287.6167,321.0965,24.82457) (0.02037318,1.338463,0.00201954) (325.9188,354.7002,1.285912)
compute 0.195228031152116(0.0286412294954062,0.731722474098206,0.220234721899033) (0.02841235,0.7319745,0.2183124) (287.3425,321.0265,24.09451) (0.02178531,1.338677,0.00282918) (325.8752,354.2903,1.420817)
compute 0.0418127949090346(0.0287224166095257,0.731580317020416,0.220619469881058) (0.02864123,0.7317225,0.2202347) (287.1141,320.0749,24.54014) (0.02251255,1.338023,0.001631298) (325.9461,353.6707,1.888175)
compute 0.0202540851140563(0.0286047980189323,0.731469929218292,0.220496982336044) (0.02872242,0.7315803,0.2206195) (287.0462,319.8477,24.84201) (0.02334993,1.335387,0.0002942765) (327.1101,353.0311,1.957023)
compute 0.271591648530146(0.0282362084835768,0.730840384960175,0.217880874872208) (0.0286048,0.7314699,0.220497) (286.9715,320.676,24.53795) (0.02374543,1.333451,1.379941E-05) (328.3769,352.6793,2.133892)
compute 0.268574333685351(0.0277884881943464,0.730698525905609,0.215236514806747) (0.02823621,0.7308404,0.2178809) (286.7442,320.4956,25.01127) (0.02357263,1.333716,0.0006740475) (328.9065,352.4349,2.070374)
compute 0.161413517103703(0.0272914431989193,0.730735063552856,0.213701248168945) (0.02778849,0.7306985,0.2152365) (286.4439,319.7703,26.00909) (0.02358311,1.334013,0.00107813) (329.4653,352.3276,2.070953)
compute 0.0905252161071842(0.0269108768552542,0.730802536010742,0.212882652878761) (0.02729144,0.7307351,0.2137012) (286.3734,319.9808,26.06774) (0.02324701,1.333497,0.002109059) (329.7037,352.351,1.835023)
compute 0.0426629722588392(0.0265224706381559,0.730878055095673,0.21272312104702) (0.02691088,0.7308025,0.2128827) (286.2652,320.7098,25.87269) (0.02275264,1.3331,0.00330139) (328.6564,352.6387,1.782027)
compute 0.179008038900101(0.0258774422109127,0.730731189250946,0.214386478066444) (0.02652247,0.7308781,0.2127231) (286.1899,321.0039,25.83729) (0.02203615,1.335484,0.003912316) (327.3453,353.0787,1.51274)
compute 0.296298609698939(0.0256986115127802,0.730602443218231,0.217341259121895) (0.02587744,0.7307312,0.2143865) (286.2042,321.9466,25.20128) (0.02249637,1.336292,0.003782914) (326.6769,352.5644,1.885836)
compute 0.117766975458333(0.0255190394818783,0.730490684509277,0.218499779701233) (0.02569861,0.7306024,0.2173413) (286.3005,322.847,24.6708) (0.02166829,1.336335,0.001749274) (326.3404,351.2192,2.071797)
compute 0.455711406748027(0.0209935493767262,0.730190455913544,0.218943729996681) (0.02551904,0.7304907,0.2184998) (286.8137,322.8633,24.65878) (0.01952631,1.336733,-0.000546935) (326.3338,350.5834,2.590648)
compute 0.29424195302671(0.0180744864046574,0.729994177818298,0.219257384538651) (0.02099355,0.7301905,0.2189437) (287.4154,323.092,24.19125) (0.01896932,1.336645,-0.002198606) (325.9859,350.2064,2.758545)
compute 0.260488493743714(0.0154979126527905,0.729907870292664,0.219630539417267) (0.01807449,0.7299942,0.2192574) (288.2429,323.6647,22.51967) (0.01826767,1.336946,-0.00380757) (325.523,349.6234,2.777986)
compute 0.42225859381747(0.0112768821418285,0.729860424995422,0.219526216387749) (0.01549791,0.7299079,0.2196305) (288.3648,323.6518,21.76409) (0.01612857,1.337,-0.006001025) (325.4493,349.3651,2.639328)
compute 0.137043088478208(0.0101025654003024,0.729866147041321,0.218819797039032) (0.01127688,0.7298604,0.2195262) (288.5257,324.237,18.93773) (0.0149128,1.336908,-0.007511838) (325.1802,349.3739,2.777519)
compute 0.0603088069471275(0.00950087793171406,0.729849696159363,0.218857437372208) (0.01010257,0.7298661,0.2188198) (289.0232,325.4299,17.33507) (0.0124965,1.336564,-0.009497191) (324.5399,348.3626,2.960248)
compute 1.0518508942202(-0.00101754767820239,0.72984915971756,0.218899190425873) (0.009500878,0.7298497,0.2188574) (289.6393,327.254,15.38604) (0.006756674,1.340561,-0.01392065) (321.0873,342.4574,3.852149)
compute 2.69718699599718(-0.0277048349380493,0.729786515235901,0.214991942048073) (-0.001017548,0.7298492,0.2188992) (289.8455,325.8463,15.91454) (0.003215082,1.348496,-0.02889274) (314.1336,336.9543,4.745426)
compute 2.29447780665815(-0.0499167032539845,0.729698777198792,0.209239721298218) (-0.02770483,0.7297865,0.2149919) (290.445,322.6837,16.65555) (0.003036976,1.351078,-0.04551824) (308.4152,333.2014,7.122902)
compute 1.12576445738701(-0.0603287667036057,0.7296222448349,0.204959809780121) (-0.0499167,0.7296988,0.2092397) (289.8767,317.8246,18.44941) (0.009091184,1.351209,-0.0528295) (305.994,334.2104,7.318001)
compute 0.165721148620782(-0.0606665164232254,0.729481518268585,0.203343495726585) (-0.06032877,0.7296222,0.2049598) (288.6902,311.3754,22.15434) (0.01606321,1.351653,-0.05654794) (303.8892,335.1208,5.331004)
compute 0.16886342633683(-0.0591476410627365,0.729132235050201,0.202693492174149) (-0.06066652,0.7294815,0.2033435) (288.2335,308.8926,22.78704) (0.02154946,1.350898,-0.06111226) (302.0064,335.2632,5.51852)
compute 0.313641382357681(-0.0560302399098873,0.728817164897919,0.202553376555443) (-0.05914764,0.7291322,0.2026935) (287.9753,307.572,23.08463) (0.02710767,1.350153,-0.06556762) (300.6897,336.5551,4.485182)
compute 0.769026163735118(-0.0483927465975285,0.72861510515213,0.203429728746414) (-0.05603024,0.7288172,0.2025534) (287.5359,306.0903,23.57374) (0.03350131,1.349602,-0.06941652) (300.0665,339.1821,2.504578)
compute 2.54494424448266(-0.0235582124441862,0.728490889072418,0.208988919854164) (-0.04839275,0.7286151,0.2034297) (287.1631,305.8322,23.19785) (0.04264528,1.348464,-0.07356436) (299.9804,346.6675,357.3512)
compute 0.939526390379847(-0.01435293443501,0.728425741195679,0.210867643356323) (-0.02355821,0.7284909,0.2089889) (286.606,306.3759,22.57501) (0.05389451,1.346974,-0.07564772) (300.015,356.3006,351.0758)
compute 6.01604159431667(0.0457408428192139,0.728256165981293,0.21369343996048) (-0.01435293,0.7284257,0.2108676) (285.4102,304.4097,25.37688) (0.05596823,1.346384,-0.07802609) (300.5158,1.497055,347.4995)
compute 2.54469618685567(0.0711877942085266,0.728243172168732,0.213673651218414) (0.04574084,0.7282562,0.2136934) (285.0998,310.6071,20.70915) (0.05676729,1.346427,-0.08002278) (302.1884,6.523024,344.3406)
compute 1.79771369016998(0.0889618769288063,0.728437304496765,0.210986316204071) (0.07118779,0.7282432,0.2136737) (285.5933,321.6357,11.87303) (0.05318265,1.34046,-0.07441377) (303.8567,10.72256,340.6868)
compute 1.0883340161959(0.0986520424485207,0.725920140743256,0.206718802452087) (0.08896188,0.7284373,0.2109863) (283.972,328.5625,9.765747) (0.04472048,1.334741,-0.06998835) (305.6235,12.76696,340.0382)
compute 0.828347291367579(0.101563930511475,0.720637738704681,0.201041385531425) (0.09865204,0.7259201,0.2067188) (277.8353,314.3406,30.2386) (0.04437169,1.333748,-0.06763861) (305.8734,15.83631,338.0927)
compute 1.78466498393712(0.118533283472061,0.717971444129944,0.196200430393219) (0.1015639,0.7206377,0.2010414) (273.4532,234.9004,113.9549) (0.06451008,1.332654,-0.05521398) (306.1658,17.35194,337.2945)
compute 2.46678391225903(0.140814825892448,0.712903797626495,0.205493122339249) (0.1185333,0.7179714,0.1962004) (279.3077,193.2987,158.2066) (0.09594103,1.323133,-0.0289338) (306.3753,15.32974,339.1658)
compute 3.56059464475303(0.164419531822205,0.699425458908081,0.228491723537445) (0.1408148,0.7129038,0.2054931) (288.2267,192.1203,164.6054) (0.1328209,1.311508,-0.0006759157) (306.5151,11.8535,343.5122)
compute 71.2779571912072(0.259682893753052,1.40093791484833,0.311316341161728) (0.1644195,0.6994255,0.2284917) (294.0098,191.8634,167.3862) (0.1714383,1.313235,0.02393481) (306.7818,9.292925,346.4688)
compute 6.04704761950761(0.290786743164063,1.45181584358215,0.321349561214447) (0.2596829,1.400938,0.3113163) (298.4135,192.052,168.5762) (0.202864,1.317903,0.04391066) (304.909,10.36863,344.8015)
compute 4.55058375095275(0.312976598739624,1.48632943630219,0.341027051210403) (0.2907867,1.451816,0.3213496) (301.4141,192.4588,171.3562) (0.2237774,1.316902,0.0684613) (305.5528,11.22063,343.7293)
compute 2.96137634691583(0.330371975898743,1.49973428249359,0.360893756151199) (0.3129766,1.486329,0.3410271) (300.3245,191.2401,175.7561) (0.2293218,1.31009,0.08580352) (306.5976,14.32809,341.8731)
compute 1.89494422464503(0.335847973823547,1.50261116027832,0.378805160522461) (0.330372,1.499734,0.3608938) (299.9411,195.2785,173.7392) (0.2339409,1.309881,0.09927119) (307.1955,14.81477,341.4891)
compute 2.62893953589911(0.342380583286285,1.50865352153778,0.403542727231979) (0.335848,1.502611,0.3788052) (296.3786,200.4391,166.7419) (0.246298,1.311381,0.1106459) (306.8857,16.56985,340.4242)
compute 3.75875045000055(0.362423002719879,1.51778793334961,0.434000641107559) (0.3423806,1.508654,0.4035427) (291.8258,202.8325,163.5129) (0.2611935,1.310852,0.1262828) (306.3278,18.18202,340.596)
compute 3.24657367016068(0.383616477251053,1.52033996582031,0.458461791276932) (0.362423,1.517788,0.4340006) (292.0322,212.1939,156.695) (0.2771406,1.308234,0.1462844) (305.4749,16.94102,341.7509)
compute 3.28035907424272(0.404777377843857,1.52461469173431,0.483160346746445) (0.3836165,1.52034,0.4584618) (293.8817,216.1135,154.0727) (0.2969345,1.306228,0.1657705) (305.8072,15.65103,343.6129)
compute 4.78630628846637(0.430766850709915,1.53357756137848,0.522340536117554) (0.4047774,1.524615,0.4831603) (293.0713,224.4789,148.5368) (0.316034,1.306256,0.1799175) (307.0829,16.23649,344.8845)
compute 3.56999053277622(0.459301918745041,1.53333294391632,0.543792188167572) (0.4307669,1.533578,0.5223405) (290.942,224.9666,149.1015) (0.3292389,1.305504,0.1923798) (309.0785,17.51202,343.3423)
compute 3.08357490048165(0.476649343967438,1.51136612892151,0.556729316711426) (0.4593019,1.533333,0.5437922) (287.4838,220.9514,151.8752) (0.335161,1.321282,0.1969415) (312.3687,22.06665,338.8618)
compute 3.57762536450438(0.482970803976059,1.47678995132446,0.563397705554962) (0.4766493,1.511366,0.5567293) (286.5632,228.256,146.1414) (0.3417457,1.314133,0.207284) (312.719,25.2406,340.0252)
compute 2.48604575117679(0.490608185529709,1.45429468154907,0.570724070072174) (0.4829708,1.47679,0.5633977) (287.9177,236.787,135.6122) (0.3786703,1.297624,0.2278177) (313.0229,24.04579,341.4063)
compute 2.97366117470701(0.517086565494537,1.45350170135498,0.584234535694122) (0.4906082,1.454295,0.5707241) (289.5279,239.6639,131.4012) (0.415379,1.29254,0.2462494) (312.6181,23.77336,341.6699)
compute 5.095504097174(0.555580317974091,1.48246681690216,0.600837826728821) (0.5170866,1.453502,0.5842345) (291.5689,239.8404,135.0011) (0.438018,1.3156,0.2572897) (309.2626,22.99497,342.2205)
compute 10.3623759526321(0.627797305583954,1.55340945720673,0.622967720031738) (0.5555803,1.482467,0.6008378) (287.1494,239.3237,143.1733) (0.4508769,1.333969,0.2672485) (308.4739,17.3701,345.805)
compute 12.5528549886854(0.721296072006226,1.63375663757324,0.64662629365921) (0.6277973,1.553409,0.6229677) (275.588,219.867,164.0909) (0.4502727,1.354419,0.2686987) (306.04,3.836517,353.5948)
compute 9.45852233643039(0.797434628009796,1.68981790542603,0.644092679023743) (0.7212961,1.633757,0.6466263) (280.5309,170.0612,221.6646) (0.4304695,1.384584,0.2594635) (303.4563,343.3635,6.151644)
compute 8.39627497266626(0.879475295543671,1.7059326171875,0.651799082756042) (0.7974346,1.689818,0.6440927) (282.7414,139.9387,261.0596) (0.4125604,1.38996,0.2512188) (305.4016,327.7783,16.07258)
compute 3.98641253613676(0.910721838474274,1.68783760070801,0.634906113147736) (0.8794753,1.705933,0.6517991) (283.7143,143.6948,268.4536) (0.4037572,1.363959,0.2420683) (305.8064,324.4371,17.72646)
compute 8.21124667307952(0.841643571853638,1.65123522281647,0.609788060188293) (0.9107218,1.687838,0.6349061) (287.6508,181.3176,225.4127) (0.3943164,1.34392,0.2290665) (304.2043,326.9827,15.3898)
compute 16.4665649381912(0.70327752828598,1.57015526294708,0.572429597377777) (0.8416436,1.651235,0.6097881) (300.6253,203.5233,191.2885) (0.3862849,1.317922,0.217073) (303.1602,326.8037,16.87872)
compute 16.179209177814(0.558278620243073,1.50489258766174,0.542550146579742) (0.7032775,1.570155,0.5724296) (304.0284,209.673,165.9525) (0.3780293,1.298779,0.2047572) (304.8749,328.3573,15.84923)
compute 12.7181945443387(0.434399634599686,1.49307870864868,0.516288459300995) (0.5582786,1.504893,0.5425501) (308.4616,215.6241,144.0739) (0.3645132,1.291229,0.1950152) (305.4218,326.5056,16.95444)
compute 8.54825977317312(0.359212279319763,1.53277814388275,0.52512538433075) (0.4343996,1.493079,0.5162885) (304.4669,219.021,133.9513) (0.349358,1.29179,0.1882136) (305.4523,325.8552,18.10514)
compute 7.05786861350604(0.313146203756332,1.58570504188538,0.532741904258728) (0.3592123,1.532778,0.5251254) (300.9247,214.8334,134.5566) (0.3354088,1.301559,0.186754) (308.088,326.765,17.02276)
compute 6.38746898036169(0.286552578210831,1.6436949968338,0.535891532897949) (0.3131462,1.585705,0.5327419) (299.1651,207.2235,142.8578) (0.3225784,1.309144,0.1988834) (311.9438,327.3389,16.10275)
compute 6.01424692539354(0.277233213186264,1.70265173912048,0.543265044689178) (0.2865526,1.643695,0.5358915) (296.6857,200.7547,151.4993) (0.314797,1.323334,0.2119051) (315.1529,327.9458,15.03147)
compute 6.91975626286653(0.267417311668396,1.76823616027832,0.563029527664185) (0.2772332,1.702652,0.543265) (292.638,197.5255,154.8775) (0.3012486,1.3499,0.2211211) (318.8666,320.4793,16.78205)
compute 2.7237626203465(0.268093317747116,1.77987968921661,0.58764374256134) (0.2674173,1.768236,0.5630295) (285.6816,192.3826,162.5165) (0.2538809,1.331522,0.2103974) (328.8031,303.0945,22.95205)
compute 11.0167821366091(0.267381638288498,1.67468404769897,0.554928004741669) (0.2680933,1.77988,0.5876437) (297.7371,149.7442,205.1958) (0.1946071,1.286075,0.1857869) (336.9973,299.0305,21.88212)
compute 18.4479814653434(0.176722571253777,1.5234659910202,0.500643253326416) (0.2673816,1.674684,0.554928) (305.0593,162.5435,175.8801) (0.1510734,1.252388,0.1611473) (340.8782,300.2118,21.91417)
compute 23.0849763938586(-0.0127943130210042,1.39380526542664,0.476914316415787) (0.1767226,1.523466,0.5006433) (303.9013,212.7909,112.4671) (0.101146,1.23185,0.129701) (337.3443,306.5159,19.62409)
compute 24.8572142613962(-0.231174752116203,1.27819275856018,0.503966927528381) (-0.01279431,1.393805,0.4769143) (318.0857,254.7601,69.72258) (0.03770806,1.229688,0.100643) (332.2074,306.6407,16.63856)
compute 18.7240328581414(-0.406521528959274,1.21900486946106,0.532414138317108) (-0.2311748,1.278193,0.5039669) (327.787,260.4651,72.76775) (-0.02911547,1.251292,0.07919616) (323.1983,306.3509,16.4876)
compute 8.23369646616635(-0.488696217536926,1.22306621074677,0.535608232021332) (-0.4065215,1.219005,0.5324141) (315.1652,261.2925,71.52132) (-0.07048877,1.272544,0.0791774) (321.2822,304.4378,17.01952)
compute 2.5424552529686(-0.510893285274506,1.23326516151428,0.528559863567352) (-0.4886962,1.223066,0.5356082) (297.3015,255.2547,70.97801) (-0.09511727,1.278671,0.09441565) (326.0602,305.3604,15.15254)
compute 2.50012694069696(-0.526268780231476,1.22157347202301,0.512686550617218) (-0.5108933,1.233265,0.5285599) (298.8221,244.7376,79.06041) (-0.1030558,1.27394,0.1062877) (329.288,307.5203,15.48289)
compute 1.92519329048981(-0.526843190193176,1.20893478393555,0.498175501823425) (-0.5262688,1.221573,0.5126866) (297.8037,246.5316,73.71192) (-0.1026815,1.275651,0.107351) (327.4649,304.9263,14.98026)
compute 2.82691075330195(-0.524071097373962,1.19851422309875,0.472043722867966) (-0.5268432,1.208935,0.4981755) (296.8085,243.4386,72.4715) (-0.09953204,1.282015,0.1095518) (324.575,298.9179,17.48462)
compute 1.63259503514287(-0.51045161485672,1.19823408126831,0.463045507669449) (-0.5240711,1.198514,0.4720437) (294.6276,236.6643,75.20567) (-0.09384948,1.278487,0.1184735) (326.2901,298.1607,16.33957)
compute 2.60897882053431(-0.513108432292938,1.22161066532135,0.474321752786636) (-0.5104516,1.198234,0.4630455) (295.6507,240.5978,74.09498) (-0.1096275,1.252836,0.1133274) (325.4674,300.1117,12.812)
compute 6.41599901063056(-0.561143219470978,1.25397670269012,0.501918911933899) (-0.5131084,1.221611,0.4743218) (296.8339,241.2055,75.76084) (-0.1722141,1.24471,0.1018624) (326.1432,301.9268,11.30175)
compute 6.87307884241566(-0.621000051498413,1.28620195388794,0.512048780918121) (-0.5611432,1.253977,0.5019189) (297.0405,245.0983,73.02127) (-0.2436208,1.236052,0.095828) (324.4657,303.7917,9.509892)
compute 5.30888284387495(-0.667685568332672,1.31032884120941,0.519584000110626) (-0.6210001,1.286202,0.5120488) (291.3819,237.7434,82.19282) (-0.2997766,1.249806,0.1008109) (323.5791,305.5599,7.916841)
compute 3.97149780745125(-0.68648624420166,1.33804666996002,0.540927290916443) (-0.6676856,1.310329,0.519584) (286.1844,229.5767,95.74301) (-0.3282007,1.26077,0.1058426) (325.0298,305.3492,9.062003)
compute 3.88049045590579(-0.694899618625641,1.36400127410889,0.568520665168762) (-0.6864862,1.338047,0.5409273) (284.3273,241.4114,85.66664) (-0.3476582,1.265858,0.1239115) (324.9298,305.2892,9.355849)
compute 3.00986958656226(-0.705126941204071,1.38309741020203,0.589417338371277) (-0.6948996,1.364001,0.5685207) (284.3486,243.3954,83.48727) (-0.3608862,1.275007,0.1511665) (325.8369,304.6251,10.02735)
compute 3.34520331582576(-0.729202926158905,1.40159213542938,0.603464782238007) (-0.7051269,1.383097,0.5894173) (285.6497,236.2143,89.81846) (-0.3726743,1.279325,0.1789975) (328.1805,303.2184,9.281373)
compute 4.04730162385689(-0.767158150672913,1.41453087329865,0.5979825258255) (-0.7292029,1.401592,0.6034648) (288.4444,246.1469,77.0605) (-0.3847817,1.288892,0.1881893) (327.8895,302.5986,6.919998)
compute 5.63787923721805(-0.812199950218201,1.43449640274048,0.570574820041656) (-0.7671582,1.414531,0.5979825) (289.3745,235.3169,84.61721) (-0.4072239,1.305265,0.1758558) (327.468,301.7879,7.01035)
compute 5.58802847313595(-0.854644179344177,1.45874464511871,0.543498694896698) (-0.8122,1.434496,0.5705748) (290.7487,236.2856,80.66623) (-0.4347178,1.298038,0.1637729) (326.0644,299.1694,9.240169)
compute 3.89351162707231(-0.884668707847595,1.4797750711441,0.530376493930817) (-0.8546442,1.458745,0.5434987) (289.1038,232.8438,82.29636) (-0.4577589,1.30343,0.1634495) (324.2755,300.1255,9.7449)
compute 3.80905598326215(-0.895751953125,1.51617038249969,0.532229542732239) (-0.8846687,1.479775,0.5303765) (286.1783,227.6334,87.96765) (-0.4686258,1.303473,0.1807535) (321.6428,300.1547,9.840009)
compute 7.05071235324549(-0.883298814296722,1.58008074760437,0.55927836894989) (-0.895752,1.51617,0.5322295) (280.1828,215.2686,105.1758) (-0.4786617,1.305188,0.2005893) (321.9317,304.4863,5.561895)
compute 7.25936105066602(-0.849731087684631,1.63482475280762,0.593132972717285) (-0.8832988,1.580081,0.5592784) (277.4815,174.7125,146.082) (-0.4711085,1.315367,0.2017554) (320.5117,316.8792,1.203646)
compute 3.71063203676252(-0.826738774776459,1.61651217937469,0.570486068725586) (-0.8497311,1.634825,0.593133) (286.0728,172.074,149.685) (-0.4418778,1.316155,0.1942652) (319.1313,337.1357,359.6488)
compute 18.8896637216687(-0.743459761142731,1.48022735118866,0.469624817371368) (-0.8267388,1.616512,0.5704861) (296.0259,157.3499,161.0055) (-0.3786284,1.30602,0.1758612) (319.064,3.05716,352.2422)
compute 23.0924935345812(-0.638906121253967,1.29460656642914,0.380519330501556) (-0.7434598,1.480227,0.4696248) (303.7322,169.2161,139.1226) (-0.3477362,1.314955,0.1418308) (321.0012,19.32493,348.7821)
compute 17.9722479251726(-0.526977241039276,1.16429769992828,0.327682822942734) (-0.6389061,1.294607,0.3805193) (303.0722,178.8088,124.6545) (-0.316847,1.306912,0.1266537) (326.1093,23.79163,348.1801)
compute 14.5847063707461(-0.405443996191025,1.09582269191742,0.285112768411636) (-0.5269772,1.164298,0.3276828) (301.4958,177.8716,129.0546) (-0.2867858,1.304758,0.1200056) (330.5957,21.87149,348.354)
compute 9.38039203317318(-0.312847048044205,1.08229470252991,0.291591554880142) (-0.405444,1.095823,0.2851128) (299.1699,182.0154,139.2858) (-0.2463515,1.286136,0.1353233) (340.8676,18.87423,351.0302)
compute 8.26717405217874(-0.247975543141365,1.08904671669006,0.342392295598984) (-0.312847,1.082295,0.2915916) (297.8422,191.8931,138.3283) (-0.2096734,1.263821,0.1566664) (340.8175,11.60604,356.7525)
compute 4.73220924172491(-0.218298763036728,1.10538983345032,0.37543123960495) (-0.2479755,1.089047,0.3423923) (306.679,186.8745,145.0529) (-0.1887283,1.28148,0.1410839) (330.0826,3.82729,359.5676)
compute 13.349388943166(-0.213579580187798,1.20573616027832,0.463345766067505) (-0.2182988,1.10539,0.3754312) (298.3458,192.2208,144.8935) (-0.1788562,1.292789,0.1417568) (333.6755,2.851461,359.1621)
compute 19.3090943225172(-0.225463300943375,1.35103404521942,0.589960992336273) (-0.2135796,1.205736,0.4633458) (286.6858,213.8244,138.3778) (-0.1710903,1.29725,0.1562862) (336.4742,1.80405,357.7904)
compute 8.91708162164613(-0.232059746980667,1.4078174829483,0.658397555351257) (-0.2254633,1.351034,0.589961) (283.4962,225.5436,137.7618) (-0.1739964,1.335448,0.1553632) (322.622,357.0523,0.4451101)
compute 17.2035102221101(-0.190751001238823,1.55686330795288,0.583064913749695) (-0.2320597,1.407817,0.6583976) (287.24,189.3616,167.088) (-0.1947069,1.344112,0.1429543) (315.3369,351.9746,1.716324)
compute 12.2765038613399(-0.215227916836739,1.45233261585236,0.523521065711975) (-0.190751,1.556863,0.5830649) (299.1725,196.4503,155.1746) (-0.2099859,1.323652,0.1387136) (319.8982,350.9458,2.965615)
compute 7.08494994780554(-0.217515289783478,1.38174700737,0.517856121063232) (-0.2152279,1.452333,0.5235211) (292.9481,201.2955,146.7834) (-0.2128261,1.309594,0.1423763) (321.6917,351.7484,3.408149)
compute 1.55133750539282(-0.223049804568291,1.36740064620972,0.51580286026001) (-0.2175153,1.381747,0.5178561) (293.2024,206.9979,140.0866) (-0.211258,1.307335,0.1341781) (317.7435,351.0921,3.810622)
compute 7.15450650441084(-0.224277064204216,1.43847680091858,0.507717669010162) (-0.2230498,1.367401,0.5158029) (295.9695,200.492,147.457) (-0.2086961,1.314013,0.136848) (316.1139,349.25,5.02422)
compute 12.3397156426854(-0.212809711694717,1.56086564064026,0.518503308296204) (-0.2242771,1.438477,0.5077177) (296.6718,192.3247,163.1949) (-0.206692,1.31836,0.1520028) (317.5374,348.7174,4.886456)
compute 11.7481045068889(-0.200170814990997,1.66962695121765,0.561083018779755) (-0.2128097,1.560866,0.5185033) (292.3165,200.4888,160.11) (-0.200965,1.334114,0.1559167) (317.0664,352.5505,2.538822)
compute 7.09293962502744(-0.157942652702332,1.72374200820923,0.578952610492706) (-0.2001708,1.669627,0.561083) (288.9155,185.9952,173.303) (-0.1870378,1.346932,0.1630898) (316.9624,2.96356,356.5395)
compute 10.8390578526546(-0.120481349527836,1.63965499401093,0.521728992462158) (-0.1579427,1.723742,0.5789526) (298.4966,186.4143,170.3959) (-0.1615598,1.347457,0.1630434) (317.8055,23.03176,346.5306)
compute 14.9446519073139(-0.0530952736735344,1.51542222499847,0.473153293132782) (-0.1204813,1.639655,0.521729) (301.9785,196.5695,161.4163) (-0.1381365,1.320495,0.1609573) (318.9809,27.49074,345.1247)
compute 10.1159205953115(0.0435460656881332,1.48598515987396,0.467947900295258) (-0.05309527,1.515422,0.4731533) (299.5887,204.8593,164.6521) (-0.09965478,1.291373,0.159136) (320.2159,27.80298,345.1324)
compute 11.9247066699662(0.158331692218781,1.51795756816864,0.47262641787529) (0.04354607,1.485985,0.4679479) (291.6927,191.3624,186.9994) (-0.06440324,1.28501,0.1580942) (319.8587,27.70753,345.5191)
compute 12.8967312120029(0.274296760559082,1.55605006217957,0.514263331890106) (0.1583317,1.517958,0.4726264) (280.9275,151.5845,232.5427) (-0.03302684,1.299055,0.1602562) (316.4819,23.38986,346.5789)
compute 7.46745482837921(0.321742653846741,1.58883357048035,0.561701893806458) (0.2742968,1.55605,0.5142633) (274.2155,185.2603,206.8237) (-0.01584809,1.321959,0.1666898) (312.9561,14.65948,353.01)
compute 8.52300900555876(0.243561118841171,1.6199711561203,0.575202524662018) (0.3217427,1.588834,0.5617019) (286.1414,225.9113,159.6552) (-0.008529791,1.332639,0.1741482) (314.5107,6.472703,357.033)
compute 9.31954459050402(0.164696484804153,1.66938889026642,0.580065488815308) (0.2435611,1.619971,0.5752025) (294.8622,237.8148,145.3695) (-0.01361405,1.346508,0.178533) (315.8779,2.355214,359.9552)
compute 8.42302005597564(0.151922538876534,1.7525417804718,0.575924217700958) (0.1646965,1.669389,0.5800655) (289.1165,217.1712,158.2497) (-0.06419232,1.355294,0.1864717) (320.4043,337.7556,12.36588)
compute 6.10621650498739(0.10690838098526,1.75844299793243,0.535089313983917) (0.1519225,1.752542,0.5759242) (295.6203,198.3406,170.4239) (-0.1237503,1.3312,0.1669312) (331.4608,311.8132,21.11818)
compute 20.0403139853021(0.0137152457609773,1.63873159885406,0.404147952795029) (0.1069084,1.758443,0.5350893) (323.3665,181.2541,176.2758) (-0.1661543,1.281092,0.1393948) (338.402,301.3149,25.22847)
compute 20.9451035395615(-0.113163195550442,1.50365221500397,0.306551039218903) (0.01371525,1.638732,0.404148) (329.9513,167.8035,164.3953) (-0.2075295,1.251372,0.1118479) (341.5566,302.3222,23.39585)
compute 24.6451598420661(-0.319711625576019,1.36920845508575,0.307559102773666) (-0.1131632,1.503652,0.306551) (307.4814,164.8434,139.374) (-0.2559323,1.23155,0.08810338) (340.1525,305.2101,21.00099)
compute 28.9033239608531(-0.544954180717468,1.22432565689087,0.416255861520767) (-0.3197116,1.369208,0.3075591) (287.8052,262.3146,36.0253) (-0.3231968,1.224851,0.0781876) (339.6166,309.6636,16.60327)
compute 20.5615336031798(-0.688635885715485,1.1073442697525,0.505410730838776) (-0.5449542,1.224326,0.4162559) (304.2769,281.3369,24.55573) (-0.3896003,1.226632,0.08421464) (336.2428,313.2947,13.89738)
compute 9.43268953025584(-0.761517286300659,1.16035616397858,0.533260405063629) (-0.6886359,1.107344,0.5054107) (302.3564,267.7014,43.86855) (-0.4205887,1.263189,0.0927614) (338.0128,312.6772,15.14624)
compute 16.1383835495931(-0.838184654712677,1.29664039611816,0.573178648948669) (-0.7615173,1.160356,0.5332604) (303.8286,266.07,51.65058) (-0.4389338,1.288648,0.09902781) (337.549,310.7879,12.58947)
compute 10.4503936866948(-0.826563835144043,1.40024542808533,0.580391645431519) (-0.8381847,1.29664,0.5731786) (287.2784,265.7357,61.89294) (-0.4568986,1.287986,0.1027484) (339.8535,309.0284,10.79675)
compute 9.17050619309464(-0.810562312602997,1.3380913734436,0.514888644218445) (-0.8265638,1.400245,0.5803916) (294.3179,219.8742,98.83138) (-0.4444921,1.299802,0.08619223) (336.5853,316.0289,13.50527)
compute 21.8274755057433(-0.688304960727692,1.19085454940796,0.409920424222946) (-0.8105623,1.338091,0.5148886) (294.303,217.0028,84.68787) (-0.3648735,1.342623,0.07522761) (318.0458,340.3633,7.541802)
compute 20.9097498733868(-0.514431357383728,1.11643409729004,0.320750176906586) (-0.688305,1.190855,0.4099204) (300.619,227.6806,61.07264) (-0.3003571,1.344069,0.05938059) (313.7803,0.04115847,358.6976)
compute 14.7395464606562(-0.376666694879532,1.16398072242737,0.298712939023972) (-0.5144314,1.116434,0.3207502) (296.2098,227.9007,66.16306) (-0.2834787,1.331642,0.05556147) (315.7977,357.5734,1.232502)
compute 12.0946477472028(-0.298671066761017,1.25626862049103,0.293452084064484) (-0.3766667,1.163981,0.2987129) (297.2734,204.9508,103.3947) (-0.2728563,1.320355,0.06823891) (319.6325,356.6946,1.513762)
compute 12.0268430074157(-0.238207101821899,1.33272087574005,0.363905310630798) (-0.2986711,1.256269,0.2934521) (301.418,197.3582,133.0943) (-0.262347,1.312691,0.08815343) (325.1729,6.70856,356.4742)
compute 20.0436411367347(-0.108631022274494,1.40156662464142,0.500452220439911) (-0.2382071,1.332721,0.3639053) (289.4246,168.7881,188.4517) (-0.2516661,1.305808,0.09822807) (325.5817,5.959469,357.4685)
compute 15.9714809114144(-0.0145220626145601,1.4446417093277,0.622094571590424) (-0.108631,1.401567,0.5004522) (285.7498,91.0304,279.5589) (-0.2804326,1.299399,0.1060111) (324.1653,350.5746,5.589041)
compute 12.7020683959511(-0.121096797287464,1.51363682746887,0.626063585281372) (-0.01452206,1.444642,0.6220946) (275.936,120.6659,246.8275) (-0.3236324,1.304195,0.1023813) (324.2217,339.4282,12.33697)
compute 22.2247598691821(-0.32518196105957,1.59730219841003,0.598799228668213) (-0.1210968,1.513637,0.6260636) (286.5144,230.8556,129.2813) (-0.3533019,1.318803,0.1034664) (327.9994,335.6487,15.65425)
compute 13.2668548424916(-0.449532032012939,1.57515025138855,0.639386117458344) (-0.325182,1.597302,0.5987992) (292.4191,263.7966,90.39984) (-0.3827606,1.314882,0.1147494) (333.8842,332.5963,15.02584)
compute 17.0687684673791(-0.566267490386963,1.45188820362091,0.621677756309509) (-0.449532,1.57515,0.6393861) (309.9675,250.6958,95.02477) (-0.3981807,1.281672,0.1223993) (339.5188,332.5559,14.6339)
compute 8.37781407467311(-0.639634609222412,1.41632783412933,0.602403342723846) (-0.5662675,1.451888,0.6216778) (305.6999,250.4023,85.47259) (-0.424664,1.276659,0.1261191) (337.5483,328.4431,15.76275)
compute 8.71718220092771(-0.717823565006256,1.38820552825928,0.576049029827118) (-0.6396346,1.416328,0.6024033) (314.0311,251.4497,79.36505) (-0.4261988,1.284067,0.1283442) (334.5718,330.8068,15.72482)
compute 6.68469653697095(-0.698899745941162,1.39989066123962,0.513010442256927) (-0.7178236,1.388206,0.576049) (304.7726,242.7741,82.67262) (-0.3661618,1.312368,0.1255969) (323.4182,350.6371,8.45419)
compute 16.4124446306069(-0.552560746669769,1.39247238636017,0.439073294401169) (-0.6988997,1.399891,0.5130104) (301.4403,222.0448,99.42599) (-0.3007416,1.329276,0.08636785) (315.2246,18.39861,354.7968)
compute 17.7720171469071(-0.384734600782394,1.36239230632782,0.388933151960373) (-0.5525607,1.392472,0.4390733) (297.7877,213.4507,105.9642) (-0.2693145,1.32846,0.06482839) (314.2709,20.32264,352.4473)
compute 12.590172301443(-0.260191231966019,1.34817838668823,0.377179056406021) (-0.3847346,1.362392,0.3889332) (297.1319,208.7344,118.6467) (-0.2418617,1.318173,0.06379056) (314.5172,20.203,351.0952)
compute 13.1119616813869(-0.150049850344658,1.38586795330048,0.437517493963242) (-0.2601912,1.348178,0.3771791) (289.6514,209.5829,135.8085) (-0.2023813,1.312044,0.07985412) (315.7339,24.79819,347.9398)
compute 13.9522974225228(-0.0425975732505322,1.45742285251617,0.490437865257263) (-0.1500499,1.385868,0.4375175) (287.6346,200.649,162.7994) (-0.1741139,1.311556,0.08938151) (314.2754,25.91518,347.0099)
compute 16.7166577309455(0.0952526330947876,1.54262554645538,0.531455993652344) (-0.04259757,1.457423,0.4904379) (284.6316,166.5013,210.9928) (-0.1436075,1.318301,0.1001446) (313.2049,19.64926,352.3666)
compute 9.18859837102072(0.157637029886246,1.60558712482452,0.555685341358185) (0.09525263,1.542626,0.531456) (280.3489,163.0741,220.1216) (-0.1262133,1.330993,0.1044595) (310.0415,13.1492,355.6941)
compute 5.33629450371435(0.170645877718925,1.65575087070465,0.568412184715271) (0.157637,1.605587,0.5556853) (276.7775,174.9797,212.9159) (-0.1166992,1.341336,0.1078341) (310.8326,6.895596,358.9792)
compute 7.59339640689011(0.0972035005688667,1.67448258399963,0.573028147220612) (0.1706459,1.655751,0.5684122) (280.9854,230.2718,154.4875) (-0.1163568,1.342655,0.1152779) (312.0234,5.329811,359.5584)
compute 10.4718714342648(-0.00742893572896719,1.67379927635193,0.568833470344543) (0.0972035,1.674483,0.5730281) (291.5282,239.2452,136.2705) (-0.1287483,1.332628,0.1220361) (314.3107,9.38367,356.5155)
compute 5.50929701602421(-0.0544409342110157,1.70248746871948,0.567386031150818) (-0.007428936,1.673799,0.5688335) (293.0683,233.2192,135.8471) (-0.1255381,1.329641,0.130884) (314.9886,17.00119,351.3342)
compute 3.01084565751603(-0.0571896433830261,1.719078540802,0.542412042617798) (-0.05444093,1.702487,0.567386) (294.8796,233.0092,136.7486) (-0.09338152,1.337286,0.1423132) (317.986,24.59462,345.716)
compute 9.31682054041847(0.0312031731009483,1.74470472335815,0.527909517288208) (-0.05718964,1.719079,0.542412) (286.5946,211.1302,159.6654) (-0.0451524,1.337268,0.1535595) (320.5089,30.31285,341.9331)
compute 11.2472150567572(0.139921337366104,1.71983802318573,0.513349533081055) (0.03120317,1.744705,0.5279095) (284.3712,193.6357,181.9902) (0.01284877,1.320426,0.17149) (324.8389,34.24438,339.578)
compute 17.0630482193033(0.279455959796906,1.62182307243347,0.507191598415375) (0.1399213,1.719838,0.5133495) (285.5254,170.2293,209.6568) (0.1043376,1.291976,0.1942587) (335.6452,42.41991,337.8434)
compute 16.2297378693098(0.405959874391556,1.52397668361664,0.534819185733795) (0.279456,1.621823,0.5071916) (286.6711,155.3722,227.0169) (0.1617587,1.269039,0.2012911) (342.5149,46.49321,336.6008)
compute 19.3064577635319(0.551871716976166,1.40549325942993,0.578925251960754) (0.4059599,1.523977,0.5348192) (283.7637,139.0581,253.8508) (0.2108997,1.235654,0.202308) (345.9037,46.53756,336.3204)
compute 13.7426910819261(0.67522120475769,1.34494626522064,0.576662123203278) (0.5518717,1.405493,0.5789253) (288.0642,122.5231,276.1294) (0.2503752,1.223714,0.2085248) (339.8526,44.10201,332.6267)
compute 10.1110054301622(0.771017253398895,1.31276035308838,0.573432981967926) (0.6752212,1.344946,0.5766621) (287.2579,99.17519,306.2192) (0.2713079,1.224262,0.2167044) (330.3748,36.57481,333.3695)
compute 9.38330655771037(0.847025454044342,1.25778329372406,0.57121467590332) (0.7710173,1.31276,0.573433) (295.0365,82.02409,331.4762) (0.2788793,1.237142,0.2107905) (323.2811,29.27364,335.0547)
compute 6.63858190057298(0.874005317687988,1.20130097866058,0.593326032161713) (0.8470255,1.257783,0.5712147) (302.5689,66.91795,345.3162) (0.2766929,1.242918,0.2039035) (320.5168,27.12003,335.5353)
compute 5.33434098117723(0.842833459377289,1.18294131755829,0.632527530193329) (0.8740053,1.201301,0.593326) (296.3643,49.943,0.8622704) (0.2768952,1.242654,0.2028181) (320.3723,27.17348,335.1724)
compute 5.77968056026921(0.800428926944733,1.21880185604095,0.648538410663605) (0.8428335,1.182941,0.6325275) (290.0841,45.65807,1.344653) (0.2690878,1.249755,0.2156936) (322.1333,24.88653,336.5411)
compute 10.8927046233054(0.718267500400543,1.29031753540039,0.648869514465332) (0.8004289,1.218802,0.6485384) (280.4594,44.38698,356.2222) (0.2473435,1.266135,0.2198801) (328.6568,20.02008,342.6191)
compute 18.0097637862409(0.542418539524078,1.31926798820496,0.674834370613098) (0.7182675,1.290318,0.6488695) (286.2886,318.9102,69.73323) (0.218921,1.263375,0.2172197) (335.2986,18.99373,346.5765)
compute 13.1554987492816(0.464773863554001,1.42537903785706,0.670537292957306) (0.5424185,1.319268,0.6748344) (279.4384,296.0631,86.80697) (0.2135846,1.264091,0.2286637) (344.8012,19.48821,347.1)
compute 10.4736571095894(0.461814552545547,1.52463448047638,0.637230396270752) (0.4647739,1.425379,0.6705373) (276.9626,190.9161,191.0963) (0.2053647,1.251525,0.2537708) (356.2316,15.47068,350.1421)
compute 15.8990763057612(0.407613635063171,1.37518763542175,0.634787976741791) (0.4618146,1.524634,0.6372304) (285.6749,249.094,134.4212) (0.1649321,1.202626,0.2648966) (11.80439,12.23484,351.9163)
compute 32.0676580260566(0.325290083885193,1.06525814533234,0.634657442569733) (0.4076136,1.375188,0.634788) (293.993,275.1992,100.2462) (0.1224745,1.168524,0.2634497) (12.1516,8.177402,354.2523)
compute 26.1566042493442(0.194673493504524,0.838647603988647,0.632717072963715) (0.3252901,1.065258,0.6346574) (305.6943,309.0838,49.88818) (0.112315,1.154755,0.2529173) (4.784544,9.679098,354.6439)
compute 7.06055899738734(0.144561991095543,0.866819322109222,0.59172511100769) (0.1946735,0.8386476,0.6327171) (301.2062,320.9649,23.06389) (0.1074396,1.201613,0.2380064) (351.3477,16.40614,354.7381)
compute 24.5156277576831(0.215590119361877,1.10145795345306,0.590576946735382) (0.144562,0.8668193,0.5917251) (276.2191,280.8483,71.70293) (0.130591,1.305285,0.1857733) (330.0599,28.34955,352.2852)
compute 29.4580409109897(0.338123321533203,1.36443984508514,0.641604006290436) (0.2155901,1.101458,0.5905769) (275.8193,208.6152,161.8593) (0.1374426,1.344011,0.1751194) (335.4612,27.01055,351.6575)
compute 18.0138982104898(0.496238559484482,1.44463980197906,0.673503756523132) (0.3381233,1.36444,0.641604) (290.3408,87.78954,295.5786) (0.1344588,1.355004,0.1785056) (338.363,25.54551,349.4774)
compute 5.60599242352232(0.444284051656723,1.46369230747223,0.664534568786621) (0.4962386,1.44464,0.6735038) (280.5161,212.5238,182.5623) (0.1028117,1.338301,0.1908345) (332.172,16.7204,356.5918)
compute 19.2123128460626(0.256337821483612,1.43002235889435,0.643230855464935) (0.4442841,1.463692,0.6645346) (298.2207,238.4322,137.8805) (0.08240535,1.308255,0.1812233) (323.1957,7.235481,4.292219)
compute 3.28089526301698(0.250165194272995,1.43432247638702,0.611295998096466) (0.2563378,1.430022,0.6432309) (296.3884,210.2636,162.8885) (0.05172644,1.293938,0.1540566) (315.1447,0.1011787,6.522695)
compute 6.08345062429097(0.303826093673706,1.43175113201141,0.582752466201782) (0.2501652,1.434322,0.611296) (301.0125,198.2648,184.5652) (0.01368913,1.289554,0.1316774) (312.9018,351.3096,10.54889)
compute 2.6292160639133(0.310283660888672,1.4073543548584,0.590126395225525) (0.3038261,1.431751,0.5827525) (295.6559,196.4767,188.3094) (-0.01361036,1.281473,0.1237551) (318.417,345.5258,14.56375)
compute 5.76381434598606(0.256102174520493,1.38776111602783,0.588505506515503) (0.3102837,1.407354,0.5901264) (297.2317,196.939,185.4724) (-0.04588291,1.26473,0.1420463) (338.4912,337.6159,14.94882)
compute 8.92944635525362(0.180957615375519,1.34792912006378,0.561298727989197) (0.2561022,1.387761,0.5885055) (299.5914,191.488,180.3182) (-0.07863425,1.259488,0.1402844) (343.8138,322.5698,16.21734)
compute 4.83658236726608(0.140111953020096,1.32459783554077,0.550049901008606) (0.1809576,1.347929,0.5612987) (299.3357,189.296,171.2117) (-0.08950847,1.274433,0.102072) (335.1463,309.756,22.13398)
compute 6.90580079682636(0.0713741555809975,1.3232307434082,0.543549537658691) (0.140112,1.324598,0.5500499) (298.6352,197.1618,154.6546) (-0.101228,1.271242,0.08782981) (333.0693,308.4637,23.75394)
compute 10.4125290778088(-0.0219382476061583,1.33804631233215,0.499784588813782) (0.07137416,1.323231,0.5435495) (305.5624,192.7784,151.4496) (-0.1210674,1.265789,0.08710394) (335.8407,306.8106,24.08683)
compute 12.1721702710506(-0.125417783856392,1.35001730918884,0.436817497014999) (-0.02193825,1.338046,0.4997846) (318.2263,187.2315,146.8142) (-0.127094,1.259705,0.09737042) (338.9923,301.1588,26.89191)
compute 12.6918896258897(-0.242275103926659,1.34936010837555,0.387296378612518) (-0.1254178,1.350017,0.4368175) (324.6944,186.5941,134.9613) (-0.1425495,1.256637,0.1179085) (338.9406,296.2754,25.15075)
compute 15.6740358564208(-0.395950675010681,1.31895244121552,0.382126003503799) (-0.2422751,1.34936,0.3872964) (317.8438,206.2013,107.038) (-0.1972756,1.233597,0.1302867) (337.2479,297.381,23.25006)
compute 14.6426982170915(-0.53534996509552,1.27720272541046,0.398425102233887) (-0.3959507,1.318952,0.382126) (311.1887,223.3414,85.39032) (-0.2808706,1.20927,0.1329782) (337.0354,300.2144,20.64841)
compute 11.734272118036(-0.650246441364288,1.26108121871948,0.41598105430603) (-0.53535,1.277203,0.3984251) (310.8632,227.4068,82.25768) (-0.3851464,1.208596,0.1299721) (334.3229,303.5653,17.96986)
compute 11.6076417886578(-0.759254574775696,1.28102052211761,0.450526475906372) (-0.6502464,1.261081,0.4159811) (306.9356,229.7317,82.21194) (-0.4684981,1.244294,0.1420539) (333.699,309.792,15.02016)
compute 15.4432168739135(-0.88379830121994,1.35553705692291,0.50330376625061) (-0.7592546,1.281021,0.4505265) (306.6296,235.8463,83.77879) (-0.5159652,1.288108,0.1622568) (328.8922,315.7294,12.63058)
compute 10.3862212172417(-0.900345146656036,1.42455720901489,0.579131066799164) (-0.8837983,1.355537,0.5033038) (292.801,258.2231,65.39668) (-0.5196228,1.307636,0.1732779) (328.5464,322.3938,9.517111)
compute 19.0679217557963(-0.770637512207031,1.28816747665405,0.548596918582916) (-0.9003451,1.424557,0.5791311) (291.6435,228.9969,90.91479) (-0.5220283,1.318465,0.1632718) (329.8004,326.9739,9.180284)
compute 8.44652512876858(-0.707540214061737,1.23204934597015,0.546630918979645) (-0.7706375,1.288167,0.5485969) (301.0655,234.3038,83.74757) (-0.5219073,1.30494,0.1654895) (335.1164,325.4701,8.494344)
compute 19.9279866308692(-0.720327496528625,1.42394185066223,0.598844110965729) (-0.7075402,1.232049,0.5466309) (284.6261,218.9191,112.2505) (-0.5270674,1.296705,0.173685) (335.3818,321.828,9.683973)
compute 4.82003209425987(-0.707571804523468,1.45150470733643,0.561416149139404) (-0.7203275,1.423942,0.5988441) (284.2555,180.6567,151.3442) (-0.5107203,1.284598,0.1875912) (337.7767,328.4492,7.564177)
compute 29.5458017691158(-0.6043781042099,1.20547842979431,0.434461146593094) (-0.7075718,1.451505,0.5614161) (295.8889,197.8503,112.7837) (-0.4231618,1.305321,0.1905175) (330.008,357.1761,3.689106)
compute 23.6909384425707(-0.445916920900345,1.03781533241272,0.380561262369156) (-0.6043781,1.205478,0.4344611) (290.205,244.0738,60.49505) (-0.3072456,1.308138,0.1814247) (330.9641,35.49233,353.0052)
compute 16.397738843135(-0.283173620700836,1.02968728542328,0.362199932336807) (-0.4459169,1.037815,0.3805613) (277.2965,288.5773,29.87526) (-0.2190519,1.284137,0.1685881) (334.7918,46.21771,348.6546)
compute 17.8647042871567(-0.107507519423962,1.05417621135712,0.340834498405457) (-0.2831736,1.029687,0.3621999) (272.6623,222.6613,108.8552) (-0.1448616,1.254383,0.1615161) (337.2225,50.21729,348.2766)
compute 13.02074571887(0.0211075488477945,1.0698584318161,0.327942073345184) (-0.1075075,1.054176,0.3408345) (275.8697,206.9485,131.5323) (-0.07613361,1.24867,0.1611018) (337.3444,53.21867,346.5537)
compute 13.2818654687338(0.149041637778282,1.08278226852417,0.29467585682869) (0.02110755,1.069858,0.3279421) (282.7157,201.1053,145.5999) (0.01206455,1.258859,0.1703216) (351.279,50.89339,348.1127)
compute 19.6452435228103(0.344836831092834,1.07857251167297,0.310170352458954) (0.1490416,1.082782,0.2946759) (291.788,74.23061,288.4626) (0.08269274,1.234187,0.1889872) (4.067222,49.52502,347.6816)
compute 26.3226588357005(0.420628756284714,0.936069548130035,0.518104791641235) (0.3448368,1.078573,0.3101704) (312.8159,70.85713,315.1966) (0.154872,1.177866,0.2207963) (7.772888,48.41146,348.0627)
compute 25.0765414769941(0.635846197605133,0.839231133460999,0.602881371974945) (0.4206288,0.9360695,0.5181048) (316.7241,64.06733,337.258) (0.2479106,1.106895,0.2923533) (2.657749,45.765,346.4528)
compute 19.5845084690027(0.796386778354645,0.78599613904953,0.70161360502243) (0.6358462,0.8392311,0.6028814) (313.6385,44.88872,8.98779) (0.346456,1.009567,0.3674659) (359.3973,40.7737,342.1713)
compute 10.2247302939287(0.884786307811737,0.735561072826386,0.691798388957977) (0.7963868,0.7859961,0.7016136) (315.156,71.31551,356.9726) (0.3831763,0.9464538,0.3991754) (1.427408,42.41048,336.763)
compute 12.0561443180969(0.787790298461914,0.664947330951691,0.6799436211586) (0.8847863,0.7355611,0.6917984) (295.8391,68.78951,359.9042) (0.3728285,0.9488278,0.4183743) (7.784262,46.36789,346.4244)
compute 27.5223237388207(0.530744075775146,0.584178447723389,0.62380576133728) (0.7877903,0.6649473,0.6799436) (291.0432,37.92139,9.669769) (0.2979417,1.029348,0.4460057) (359.8127,28.39462,345.9401)
compute 29.3705721000363(0.260488897562027,0.612170875072479,0.512263774871826) (0.5307441,0.5841784,0.6238058) (294.7931,18.26205,359.8086) (0.2005418,1.131455,0.4442751) (346.4775,2.892192,340.6415)
compute 20.9570416387743(0.120195582509041,0.739332318305969,0.422444432973862) (0.2604889,0.6121709,0.5122638) (294.1075,25.53552,336.9854) (0.117142,1.222845,0.3739319) (330.4049,343.867,342.3404)
compute 12.280209928856(0.0589739419519901,0.843637228012085,0.443722426891327) (0.1201956,0.7393323,0.4224444) (281.5894,46.40125,307.4467) (0.06712881,1.275067,0.3048245) (326.0591,332.4403,348.3559)
compute 9.25490261468507(0.00725488364696503,0.886833608150482,0.380283206701279) (0.05897394,0.8436372,0.4437224) (278.278,140.5855,202.1576) (0.03228752,1.290056,0.26257) (325.6715,324.465,356.9571)
compute 8.08030859223844(-0.0284785982221365,0.909783005714417,0.311540335416794) (0.007254884,0.8868336,0.3802832) (288.5261,161.6947,168.2481) (0.009095281,1.295609,0.2469136) (332.0908,318.6523,1.07967)
compute 6.00561601609731(-0.0460641905665398,0.914183139801025,0.254285395145416) (-0.0284786,0.909783,0.3115403) (296.6198,160.9735,157.2384) (-0.001251712,1.280883,0.2361212) (341.8075,318.9493,1.691985)
compute 6.42926962623102(-0.0456829704344273,0.904536426067352,0.190721675753593) (-0.04606419,0.9141831,0.2542854) (303.1386,163.0743,148.2543) (-0.03144922,1.238002,0.2293383) (1.643532,314.153,1.140255)
compute 4.25413076113009(-0.0549561530351639,0.887984693050385,0.152645289897919) (-0.04568297,0.9045364,0.1907217) (301.963,168.5808,134.2102) (-0.06300959,1.19805,0.2252675) (14.48938,310.6258,0.1493255)
compute 7.33566269281254(-0.0702885016798973,0.819758713245392,0.174811244010925) (-0.05495615,0.8879847,0.1526453) (285.658,270.012,33.49046) (-0.1012092,1.153488,0.2312829) (17.99825,313.6832,0.3510054)
compute 32.4111433305379(-0.193232148885727,0.847663879394531,0.473398566246033) (-0.0702885,0.8197587,0.1748112) (283.3827,305.1737,9.129656) (-0.1338426,1.109298,0.2570898) (21.79803,320.5132,1.987291)
compute 4.73787973312098(-0.207786381244659,0.839562654495239,0.517752766609192) (-0.1932321,0.8476639,0.4733986) (280.7267,323.9535,356.5302) (-0.1547964,1.069836,0.2759187) (28.24421,325.0593,2.955033)
compute 9.25204226285965(-0.252570807933807,0.817255795001984,0.595578134059906) (-0.2077864,0.8395627,0.5177528) (287.7303,319.6393,6.849903) (-0.1634904,1.037819,0.2895809) (31.77898,325.2125,1.512696)
compute 4.33533864660132(-0.243349760770798,0.775443732738495,0.588778138160706) (-0.2525708,0.8172558,0.5955781) (296.7012,325.4243,0.8696893) (-0.1692776,1.045416,0.2930167) (31.68407,325.801,0.3639139)
compute 16.8474663880623(-0.162008553743362,0.757487177848816,0.442337423563004) (-0.2433498,0.7754437,0.5887781) (291.0772,317.4626,359.9584) (-0.1690006,1.131022,0.290728) (24.57277,331.1317,2.956777)
compute 12.388260989304(-0.0934029072523117,0.796012699604034,0.346650689840317) (-0.1620086,0.7574872,0.4423374) (292.763,314.2283,7.768614) (-0.1119382,1.29515,0.2574741) (349.7589,341.0493,3.379161)
compute 12.1761647131195(-0.0541234724223614,0.910542488098145,0.359532952308655) (-0.09340291,0.7960127,0.3466507) (286.3755,312.3272,21.08286) (-0.05797895,1.371326,0.1843055) (320.4874,352.6751,359.9393)
compute 10.2649500560109(-0.0145063539966941,1.00468766689301,0.369735389947891) (-0.05412347,0.9105425,0.359533) (276.1561,233.5401,108.0357) (-0.03238355,1.340821,0.1333498) (307.4451,3.951663,357.0587)
compute 7.98659671559291(0.0298231411725283,1.07109546661377,0.371598929166794) (-0.01450635,1.004688,0.3697354) (281.1439,172.6333,174.2547) (-0.02793506,1.318673,0.1300111) (309.7134,2.014576,357.8287)
compute 4.83688756204056(0.0608790665864944,1.1023873090744,0.351701736450195) (0.02982314,1.071095,0.3715989) (281.0885,159.4399,187.2828) (-0.02765445,1.304539,0.1337669) (311.5413,2.519287,358.5551)
compute 3.43874080864713(0.0706249848008156,1.11002492904663,0.319620937108994) (0.06087907,1.102387,0.3517017) (283.3846,178.1553,168.4445) (-0.03022012,1.284785,0.1553002) (321.6021,358.0248,1.285345)
compute 3.29760908337686(0.0718888938426971,1.12166237831116,0.288792461156845) (0.07062498,1.110025,0.3196209) (284.711,172.4221,171.5454) (-0.04508501,1.269343,0.1717891) (332.4753,350.0695,4.288281)
compute 3.49225076912177(0.0665464475750923,1.13922345638275,0.259083062410355) (0.07188889,1.121662,0.2887925) (288.1316,161.6145,180.9491) (-0.05934728,1.24946,0.1842168) (339.9276,345.746,4.017434)
compute 1.55729700213042(0.0590706653892994,1.15114688873291,0.252415090799332) (0.06654645,1.139223,0.2590831) (288.4084,154.5219,187.0589) (-0.06740515,1.244119,0.188704) (347.4044,344.1259,3.573685)
compute 2.04577136124746(0.056025680154562,1.16051304340363,0.234484076499939) (0.05907067,1.151147,0.2524151) (289.5865,156.2562,185.7704) (-0.06998857,1.229971,0.1910862) (0.1696794,345.9096,1.32416)
compute 1.34231010110368(0.0556740760803223,1.16780436038971,0.223219409584999) (0.05602568,1.160513,0.2344841) (290.7654,153.1575,190.3495) (-0.0618718,1.207725,0.2084933) (12.29364,350.3672,359.7692)
compute 16.7172510558354(0.082583099603653,1.01702690124512,0.290217250585556) (0.05567408,1.167804,0.2232194) (291.9929,152.8487,193.3914) (-0.05382133,1.202645,0.2216867) (16.49142,355.8136,359.9538)
compute 5.25950752022379(0.0792877748608589,1.06760764122009,0.304251909255981) (0.0825831,1.017027,0.2902173) (292.7585,157.217,192.1567) (-0.04434415,1.203996,0.2254658) (18.48284,359.5841,1.082483)
compute 1.83034801014593(0.097543902695179,1.06865966320038,0.303461700677872) (0.07928777,1.067608,0.3042519) (293.1367,162.5453,190.2249) (-0.04020798,1.205939,0.2283996) (18.8977,1.75233,1.262618)
compute 1.07574136632069(0.106214798986912,1.07502472400665,0.303615033626556) (0.0975439,1.06866,0.3034617) (293.2167,165.5941,190.2433) (-0.02912559,1.213511,0.2324702) (17.0869,6.101247,2.293716)
compute 0.764335012116688(0.113178320229054,1.07283854484558,0.305884569883347) (0.1062148,1.075025,0.303615) (293.1357,166.6651,191.3034) (-0.02803925,1.265359,0.2287219) (357.7972,4.825084,1.113419)
compute 1.18331833631136(0.113272033631802,1.06875777244568,0.316991448402405) (0.1131783,1.072839,0.3058846) (292.6846,165.838,192.768) (-0.03713133,1.31559,0.2021233) (332.0018,4.737474,0.3058368)
compute 1.50614458564199(0.109593749046326,1.06438970565796,0.330928355455399) (0.113272,1.068758,0.3169914) (291.7446,164.2474,193.9233) (-0.05082832,1.32271,0.1685067) (320.6339,0.1769807,1.998743)
compute 1.22043843349796(0.0989604145288467,1.0651478767395,0.336870104074478) (0.1095937,1.06439,0.3309284) (291.9742,164.9838,192.1309) (-0.0645775,1.313274,0.1723086) (324.1425,356.2507,4.026725)
compute 1.2023015462208(0.0871492326259613,1.06724607944489,0.336066097021103) (0.09896041,1.065148,0.3368701) (292.939,167.9421,188.6724) (-0.07193221,1.301283,0.1867156) (330.635,356.8353,4.260201)
compute 0.297090041535787(0.0842924565076828,1.06665635108948,0.335502803325653) (0.08714923,1.067246,0.3360661) (292.6191,168.7146,187.3888) (-0.07479034,1.294913,0.2008545) (337.1803,358.4081,3.206631)
compute 0.942629819610419(0.0783317163586617,1.06091630458832,0.330988764762878) (0.08429246,1.066656,0.3355028) (291.2062,170.8225,183.9038) (-0.07684381,1.292586,0.2100359) (339.5314,358.5136,3.157191)
compute 0.412778794347417(0.0745017901062965,1.05959808826447,0.331784129142761) (0.07833172,1.060916,0.3309888) (290.0837,170.9196,183.1549) (-0.08084108,1.294292,0.2115385) (340.0286,357.0377,3.273854)
compute 0.476857940744281(0.0727078691124916,1.05637335777283,0.334804445505142) (0.07450179,1.059598,0.3317841) (288.9027,169.8417,183.647) (-0.08252685,1.301162,0.2090527) (338.8089,354.4102,3.837004)
compute 1.3234582202774(0.070028081536293,1.05368745326996,0.347483515739441) (0.07270787,1.056373,0.3348044) (287.983,168.5296,184.5073) (-0.08573408,1.30404,0.2082886) (338.5014,350.4834,5.206489)
compute 2.05814648073747(0.0675209164619446,1.05188035964966,0.367831617593765) (0.07002808,1.053687,0.3474835) (286.6282,164.7628,187.0584) (-0.09505203,1.305135,0.2096871) (339.8121,344.1267,6.297706)
compute 3.26912918404603(0.0557849481701851,1.05048453807831,0.398311764001846) (0.06752092,1.05188,0.3678316) (286.1416,161.2585,188.5417) (-0.1104096,1.314053,0.1982556) (333.6121,333.5923,9.169051)
compute 5.03873510623772(0.0273365993052721,1.04703891277313,0.439756959676743) (0.05578495,1.050485,0.3983118) (284.9459,156.042,190.0277) (-0.122459,1.325043,0.169127) (326.7795,320.6823,14.40744)
compute 6.47212136477917(-0.0341033563017845,1.04577052593231,0.460063576698303) (0.0273366,1.047039,0.439757) (282.9146,154.6991,185.862) (-0.1309467,1.322049,0.1505744) (329.2795,312.3682,18.23985)
compute 4.62061674118046(-0.0802743881940842,1.04409074783325,0.460714846849442) (-0.03410336,1.045771,0.4600636) (282.5837,151.8934,181.7805) (-0.1421891,1.31429,0.145011) (333.8528,307.3851,19.92858)
compute 3.0944047829467(-0.100194543600082,1.04467535018921,0.437042504549026) (-0.08027439,1.044091,0.4607148) (283.4043,145.3006,183.2898) (-0.1616867,1.281193,0.1533856) (352.0602,307.9823,16.84175)
compute 2.77066980942316(-0.097581185400486,1.06288576126099,0.416325062513351) (-0.1001945,1.044675,0.4370425) (286.2284,132.7269,194.8846) (-0.1894524,1.233593,0.1674163) (14.35253,307.8713,12.71211)
compute 1.90813724443834(-0.097327321767807,1.08194816112518,0.415513128042221) (-0.09758119,1.062886,0.4163251) (288.1661,113.9025,213.6357) (-0.2177838,1.193535,0.1732415) (31.14457,306.7583,5.061782)
compute 2.43123136007207(-0.120517961680889,1.08254635334015,0.422788083553314) (-0.09732732,1.081948,0.4155131) (285.4621,117.5904,213.6258) (-0.2456233,1.189646,0.1789719) (33.96575,308.91,1.459901)
compute 1.74899594675981(-0.135181069374084,1.08333945274353,0.432288765907288) (-0.120518,1.082546,0.4227881) (285.708,110.9136,225.8803) (-0.264228,1.207053,0.1877092) (31.12315,314.3124,1.544849)
compute 2.23952851788717(-0.118670731782913,1.09806394577026,0.435773998498917) (-0.1351811,1.083339,0.4322888) (286.2175,105.398,235.97) (-0.2635691,1.241779,0.2035421) (24.09741,324.5787,3.353987)
compute 13.4177532983486(-0.0840708538889885,1.07857489585876,0.307607561349869) (-0.1186707,1.098064,0.435774) (285.7716,116.7612,230.6839) (-0.2205691,1.256764,0.2053047) (19.24868,336.9786,4.437477)
compute 6.32238777904664(-0.0239037834107876,1.07152199745178,0.289512276649475) (-0.08407085,1.078575,0.3076076) (285.4893,120.0506,232.9688) (-0.181468,1.283305,0.2035706) (8.868774,344.0109,4.506896)
compute 4.47761092117205(0.0193672105669975,1.07140409946442,0.278001099824905) (-0.02390378,1.071522,0.2895123) (285.215,122.3745,235.0713) (-0.1373328,1.257173,0.1996163) (18.53763,348.1887,3.005762)
compute 3.76499521961386(0.0529897771775723,1.07431125640869,0.261310070753098) (0.01936721,1.071404,0.2780011) (286.7929,135.6695,227.0719) (-0.1062715,1.20784,0.2071914) (33.94875,353.4583,0.1917575)
compute 3.72466066552961(0.0793255940079689,1.0771621465683,0.235125973820686) (0.05298978,1.074311,0.2613101) (291.1187,152.0249,217.4482) (-0.08664846,1.186432,0.2181264) (38.34431,357.8937,359.2325)
compute 1.34470268013495(0.0880794823169708,1.07323813438416,0.225702911615372) (0.07932559,1.077162,0.235126) (290.7458,155.5441,221.6495) (-0.08228652,1.185705,0.2228829) (38.10574,357.8018,356.8303)
compute 1.10983008480433(0.0858704000711441,1.06263101100922,0.228107318282127) (0.08807948,1.073238,0.2257029) (289.3435,144.1333,237.0247) (-0.08241148,1.189976,0.2241665) (35.78215,358.5567,357.0151)
compute 1.50845823462891(0.0753422155976295,1.05331802368164,0.233581826090813) (0.0858704,1.062631,0.2281073) (288.6383,133.9853,247.495) (-0.08288556,1.250937,0.2306983) (20.70522,0.8573174,357.6974)
Average= 9.05361041949332
Max= 71.2779571912072
Standard Deviation= 8.41775791982187
Right: 29    Wrong: 3
0
