compute 101.41072445828(0.0435258448123932,0.950478494167328,0.350869864225388) (0,0,0) (299.0307,354.3636,357.5097) (-0.01375956,1.314608,0.1404267) (345.8491,357.5267,359.0937)
compute 0.594333252959166(0.0455378256738186,0.956070482730865,0.350939154624939) (0.04352584,0.9504785,0.3508699) (299.2947,354.3959,358.0577) (-0.0149164,1.314645,0.1419697) (345.1561,358.583,358.815)
compute 0.584533143422179(0.0463255159556866,0.961861908435822,0.351021826267242) (0.04553783,0.9560705,0.3509392) (299.5058,354.4193,358.4328) (-0.01306549,1.327939,0.1449484) (337.178,359.4652,357.7846)
compute 0.0522992571178269(0.0465452447533607,0.962324798107147,0.351126581430435) (0.04632552,0.9618619,0.3510218) (299.8513,354.3946,358.7292) (-0.0109901,1.333859,0.1353568) (331.7864,359.9456,357.8249)
compute 0.13719577702855(0.0453177057206631,0.962168157100677,0.351718932390213) (0.04654524,0.9623248,0.3511266) (300.6816,354.0778,359.2769) (-0.01097875,1.336057,0.1312038) (330.0948,358.9599,358.2079)
compute 0.641315698102426(0.0392077080905437,0.963379740715027,0.35324490070343) (0.04531771,0.9621682,0.3517189) (300.9372,354.0577,359.3501) (-0.01259423,1.335052,0.1310679) (330.3575,358.289,358.7735)
compute 0.256949007205847(0.037301629781723,0.96436995267868,0.354655086994171) (0.03920771,0.9633797,0.3532449) (300.8151,353.7762,359.5062) (-0.01516886,1.332627,0.1316244) (330.1184,356.9904,359.5213)
compute 0.598166022197099(0.0349019654095173,0.964899659156799,0.360108643770218) (0.03730163,0.96437,0.3546551) (300.5968,352.8318,359.8826) (-0.01920588,1.331587,0.1294653) (329.0786,354.5944,0.182927)
compute 0.713576968256051(0.0293245855718851,0.964656949043274,0.364553093910217) (0.03490197,0.9648997,0.3601086) (300.7667,351.2488,0.382168) (-0.02425288,1.332063,0.1288217) (329.1753,352.2805,0.8802675)
compute 0.835909926068982(0.0221597999334335,0.964532315731049,0.368857145309448) (0.02932459,0.9646569,0.3645531) (300.7998,349.8049,0.5769915) (-0.02642985,1.327598,0.1281734) (333.7117,350.5253,0.8793646)
compute 0.372294696907891(0.0184410307556391,0.964508235454559,0.368682473897934) (0.0221598,0.9645323,0.3688571) (300.665,348.5867,0.7294661) (-0.02666417,1.314878,0.1361154) (340.8661,349.2507,0.6066963)
compute 0.40377621675322(0.0154134863987565,0.966023325920105,0.366482019424438) (0.01844103,0.9645082,0.3686825) (300.1573,348.008,0.8201681) (-0.02984532,1.314161,0.1395322) (341.8554,349.0462,0.1698783)
compute 0.0719881032798992(0.0148223601281643,0.965902864933014,0.366089224815369) (0.01541349,0.9660233,0.366482) (300.1446,348.0279,0.7656177) (-0.02901559,1.31571,0.1389214) (341.2565,349.9398,0.07412248)
compute 0.146416448132182(0.01453413721174,0.964645206928253,0.365397125482559) (0.01482236,0.9659029,0.3660892) (300.5884,348.1969,0.5202891) (-0.02622211,1.319753,0.1376604) (340.9501,350.0168,0.537137)
compute 0.0239947857215084(0.0146519197151065,0.964555442333221,0.365208327770233) (0.01453414,0.9646452,0.3653971) (300.7305,348.3954,0.2670327) (-0.02560793,1.319825,0.1356531) (340.8209,349.6034,0.1717681)
compute 0.045502809762149(0.015097944997251,0.964597523212433,0.365287959575653) (0.01465192,0.9645554,0.3652083) (300.7286,348.6061,0.09015157) (-0.02318105,1.320192,0.1346008) (340.9731,349.8709,0.2476762)
compute 0.0790395515434711(0.0158770363777876,0.964678406715393,0.365393787622452) (0.01509794,0.9645975,0.365288) (300.7303,348.9181,359.8603) (-0.02218349,1.32035,0.1335132) (341.0492,350.0105,0.160273)
compute 0.03971336788732(0.0162720736116171,0.964656174182892,0.365427941083908) (0.01587704,0.9646784,0.3653938) (300.777,349.1384,359.6748) (-0.0220384,1.320873,0.1329084) (341.5793,350.3894,359.7653)
compute 0.0886103188284882(0.0164781473577023,0.964632987976074,0.364566445350647) (0.01627207,0.9646562,0.3654279) (300.8165,349.239,359.5769) (-0.0191428,1.320511,0.1324662) (341.3299,351.0522,359.8151)
compute 0.313592328545188(0.0192338172346354,0.964664340019226,0.363070011138916) (0.01647815,0.964633,0.3645664) (300.823,349.3794,359.4895) (-0.01651577,1.320229,0.1322333) (340.6584,351.6916,359.6366)
compute 0.237606588765874(0.0215949434787035,0.96455305814743,0.362828373908997) (0.01923382,0.9646643,0.36307) (300.8463,350.0295,359.2906) (-0.0140847,1.333187,0.1302906) (332.15,353.2567,359.1187)
compute 0.242240791273981(0.0238920524716377,0.964053153991699,0.362244039773941) (0.02159494,0.9645531,0.3628284) (300.9192,350.6485,359.1318) (-0.009586919,1.342293,0.1148099) (325.7084,354.421,359.1494)
compute 0.54826160837809(0.0293517541140318,0.96373450756073,0.362630307674408) (0.02389205,0.9640532,0.362244) (301.3464,351.1749,359.1473) (-0.007838503,1.345423,0.1054848) (321.6238,354.9777,358.916)
compute 0.220552456107603(0.0315520465373993,0.963583588600159,0.362613707780838) (0.02935175,0.9637345,0.3626303) (301.0296,351.7073,359.0038) (-0.00787577,1.345587,0.1026138) (320.9821,354.5067,359.4007)
compute 0.0481899487387217(0.0319273434579372,0.963523387908936,0.362317472696304) (0.03155205,0.9635836,0.3626137) (300.3409,352.0239,359.0794) (-0.01308736,1.344067,0.1015218) (320.3704,353.9442,359.7632)
compute 0.13378942013917(0.0305920001119375,0.963442742824554,0.362299710512161) (0.03192734,0.9635234,0.3623175) (300.1821,352.1401,359.0746) (-0.01797483,1.343729,0.09887697) (319.636,352.2771,0.9364148)
compute 1.21689229604212(0.0184330064803362,0.963358938694,0.362783998250961) (0.030592,0.9634427,0.3622997) (300.1675,351.9764,359.1773) (-0.02505212,1.343736,0.09736072) (318.7557,348.0967,3.027036)
compute 2.43158698708315(-0.00585238821804523,0.963267385959625,0.363997578620911) (0.01843301,0.9633589,0.362784) (300.2809,350.4069,359.9429) (-0.03496198,1.343022,0.09420767) (318.9367,341.0178,6.21773)
compute 4.22837833418058(-0.0481351017951965,0.963170826435089,0.364282310009003) (-0.005852388,0.9632674,0.3639976) (300.3608,348.1379,0.7187298) (-0.05042114,1.338512,0.09054901) (321.6346,330.1456,10.50713)
compute 4.94061227297169(-0.0964882597327232,0.963119208812714,0.354136645793915) (-0.0481351,0.9631708,0.3642823) (300.2034,345.6228,0.949478) (-0.0634744,1.335312,0.09046978) (324.3093,322.4428,12.89241)
compute 2.97878554810502(-0.124400176107883,0.963082313537598,0.343732804059982) (-0.09648826,0.9631192,0.3541366) (300.0888,342.9052,1.157557) (-0.06863698,1.336004,0.08883125) (322.9308,320.3637,13.07885)
compute 0.976921053311466(-0.133393511176109,0.963023662567139,0.339917838573456) (-0.1244002,0.9630823,0.3437328) (300.2646,340.8167,1.444352) (-0.06885676,1.34078,0.08428654) (319.9703,320.3564,12.99466)
compute 0.774515509720298(-0.141130924224854,0.963147938251495,0.339594691991806) (-0.1333935,0.9630237,0.3399178) (300.5357,339.7457,1.433536) (-0.06863946,1.343196,0.081952) (318.1454,319.363,13.00457)
compute 0.618926951538209(-0.147316694259644,0.963328063488007,0.339490473270416) (-0.1411309,0.9631479,0.3395947) (300.7104,338.4048,1.357281) (-0.06689018,1.343569,0.08068186) (317.3648,318.4618,12.49616)
compute 0.450462925830896(-0.151768133044243,0.963437378406525,0.338808983564377) (-0.1473167,0.9633281,0.3394905) (301.568,336.59,0.1114567) (-0.06078441,1.345431,0.07787932) (315.5492,317.7468,11.58259)
compute 0.591405261526748(-0.157056257128716,0.963519990444183,0.33616229891777) (-0.1517681,0.9634374,0.338809) (302.1015,333.3043,359.7686) (-0.05855882,1.346751,0.07292167) (314.3723,315.8955,11.46359)
compute 1.39423665691843(-0.167837053537369,0.963782846927643,0.327325165271759) (-0.1570563,0.96352,0.3361623) (301.8443,329.2235,358.5942) (-0.05721282,1.347767,0.06721953) (314.0955,312.2339,11.73252)
compute 1.62592222375086(-0.180188119411469,0.964107155799866,0.316755950450897) (-0.1678371,0.9637828,0.3273252) (301.4115,323.408,358.0263) (-0.05786225,1.347462,0.06535735) (314.762,309.2101,11.37693)
compute 1.5502509402323(-0.191134974360466,0.964536964893341,0.30578738451004) (-0.1801881,0.9641072,0.316756) (301.3405,318.4839,356.0787) (-0.05784655,1.34684,0.06365015) (315.173,306.4941,10.47085)
compute 1.31992641248069(-0.201398938894272,0.96484637260437,0.297494262456894) (-0.191135,0.964537,0.3057874) (299.68,311.3382,356.9831) (-0.05797489,1.346767,0.06611193) (315.2372,303.7288,9.765781)
compute 1.17381902703822(-0.210285976529121,0.965180039405823,0.289833039045334) (-0.2013989,0.9648464,0.2974943) (297.2527,303.6305,358.246) (-0.05760263,1.346615,0.06896161) (314.9194,301.7712,8.521277)
compute 0.869546192316634(-0.217390567064285,0.965391993522644,0.284823954105377) (-0.210286,0.96518,0.289833) (295.528,299.2816,355.0514) (-0.05794644,1.347508,0.07126386) (313.9993,300.4137,7.355852)
compute 0.690704155319612(-0.224142387509346,0.965495944023132,0.283371597528458) (-0.2173906,0.965392,0.284824) (293.2045,295.8065,353.7207) (-0.05894373,1.348721,0.07229364) (312.5146,300.6107,5.901446)
compute 0.532275659148286(-0.229305878281593,0.965603411197662,0.282083749771118) (-0.2241424,0.9654959,0.2833716) (290.2682,292.7238,355.3314) (-0.06680316,1.350255,0.07211965) (312.2919,301.3372,4.736634)
compute 0.51728649743358(-0.234465643763542,0.965851783752441,0.281812340021133) (-0.2293059,0.9656034,0.2820837) (288.3873,292.3617,354.2848) (-0.0746435,1.351291,0.07178464) (313.0052,301.6205,4.480576)
compute 0.418152132757796(-0.238428220152855,0.966078460216522,0.280496388673782) (-0.2344656,0.9658518,0.2818123) (284.8455,284.7067,0.4315529) (-0.08384878,1.351137,0.07141648) (313.77,301.6393,4.254399)
compute 0.684481990367272(-0.244991540908813,0.966242134571075,0.278560519218445) (-0.2384282,0.9660785,0.2804964) (281.4457,272.6816,11.2164) (-0.0939178,1.350284,0.06868758) (312.8276,302.1434,4.439837)
compute 0.823961925493611(-0.253130257129669,0.966512084007263,0.277303636074066) (-0.2449915,0.9662421,0.2785605) (278.683,257.4567,26.438) (-0.1037404,1.354331,0.0651041) (310.669,303.449,4.35762)
compute 0.739113778028951(-0.257559955120087,0.968738615512848,0.282785356044769) (-0.2531303,0.9665121,0.2773036) (278.1266,245.879,38.12822) (-0.1081424,1.355927,0.06437881) (309.3377,307.6511,1.705633)
compute 1.25122231270372(-0.255837172269821,0.970566868782043,0.295042812824249) (-0.25756,0.9687386,0.2827854) (278.6349,250.4757,32.99928) (-0.1140696,1.357508,0.06837289) (309.0786,312.3575,359.2606)
compute 0.706231384655152(-0.253378570079803,0.971166968345642,0.301636099815369) (-0.2558372,0.9705669,0.2950428) (280.3337,258.2412,25.29058) (-0.1243575,1.354007,0.0697557) (311.7971,311.0268,359.7679)
compute 0.5988690706018(-0.258636653423309,0.97133207321167,0.29877433180809) (-0.2533786,0.971167,0.3016361) (281.1414,261.2382,22.68032) (-0.1382537,1.349689,0.070263) (315.0632,307.6111,1.781671)
compute 1.567278549968(-0.272126168012619,0.971396923065186,0.290795296430588) (-0.2586367,0.9713321,0.2987743) (281.9478,262.166,21.37291) (-0.1489692,1.348537,0.07067209) (316.2638,306.2355,2.620393)
compute 1.50743517377227(-0.286682456731796,0.97146087884903,0.28687784075737) (-0.2721262,0.9713969,0.2907953) (283.0878,263.5508,18.87451) (-0.1580176,1.348895,0.06887571) (316.3671,305.0272,3.707979)
compute 29.5201915787546(-0.402446389198303,1.24180173873901,0.312543034553528) (-0.2866825,0.9714609,0.2868778) (283.3108,262.7598,18.79881) (-0.1680309,1.349161,0.06627941) (316.1446,304.4129,4.235442)
compute 3.13664066607759(-0.421543776988983,1.2658029794693,0.305979371070862) (-0.4024464,1.241802,0.312543) (282.5724,255.0713,25.69525) (-0.1762819,1.350037,0.06494275) (315.8276,304.6308,4.215832)
compute 3.25935640989991(-0.446249544620514,1.28703355789185,0.307087540626526) (-0.4215438,1.265803,0.3059794) (282.5199,247.3224,33.76101) (-0.1833845,1.349949,0.0641638) (315.335,305.7102,3.750506)
compute 2.86998591757572(-0.466861665248871,1.30468535423279,0.31642758846283) (-0.4462495,1.287034,0.3070875) (282.6588,242.3067,40.00697) (-0.1929945,1.349739,0.06307574) (316.4337,306.1487,3.50318)
compute 2.98053988721245(-0.488613039255142,1.32088124752045,0.328794181346893) (-0.4668617,1.304685,0.3164276) (282.2199,243.3015,41.49502) (-0.2074316,1.346502,0.06193706) (318.7096,305.6229,3.919446)
compute 3.17594123000263(-0.512706398963928,1.33707547187805,0.341675072908401) (-0.488613,1.320881,0.3287942) (281.9008,249.5212,37.40579) (-0.2200947,1.33902,0.06015806) (322.0305,305.5192,3.505653)
compute 2.86711322595796(-0.533781409263611,1.35259747505188,0.353377431631088) (-0.5127064,1.337075,0.3416751) (281.0809,254.1774,35.5427) (-0.2341745,1.335461,0.06106594) (323.2583,305.1886,3.539773)
compute 2.13928777251573(-0.534051954746246,1.37393772602081,0.351902395486832) (-0.5337814,1.352597,0.3533774) (278.9465,240.5112,51.97711) (-0.2451674,1.335438,0.06826203) (323.3172,304.86,4.580121)
compute 2.70330105022027(-0.533368825912476,1.3999445438385,0.344556480646133) (-0.534052,1.373938,0.3519024) (279.9218,215.6868,76.63218) (-0.2590442,1.334368,0.08281854) (323.9825,303.9572,4.91871)
compute 3.4847925262889(-0.551527619361877,1.42962276935577,0.342597126960754) (-0.5333688,1.399945,0.3445565) (282.0175,203.2277,87.5741) (-0.2740899,1.331458,0.1031183) (324.4625,302.6067,5.513275)
compute 4.99085943138214(-0.588327825069427,1.45825779438019,0.360391736030579) (-0.5515276,1.429623,0.3425971) (283.22,197.6307,93.80202) (-0.2873988,1.329965,0.1271571) (325.1529,301.3739,5.499741)
compute 4.65001544376968(-0.620386123657227,1.48234355449677,0.383937567472458) (-0.5883278,1.458258,0.3603917) (281.9064,198.7766,94.18078) (-0.3096213,1.33143,0.1549084) (324.1669,300.8273,4.727753)
compute 4.90856572083828(-0.653224468231201,1.51015269756317,0.407553166151047) (-0.6203861,1.482344,0.3839376) (282.5965,193.1216,101.1547) (-0.3353029,1.342907,0.1866948) (324.1752,300.8961,4.661218)
compute 5.80419035816166(-0.689892470836639,1.54523003101349,0.435729414224625) (-0.6532245,1.510153,0.4075532) (281.701,193.858,102.5225) (-0.3558084,1.346021,0.2145237) (324.5876,299.9135,4.756762)
compute 5.70268383176024(-0.722241103649139,1.5794597864151,0.467884510755539) (-0.6898925,1.54523,0.4357294) (276.7062,197.4476,99.66956) (-0.3728692,1.350119,0.235642) (324.9399,298.1379,4.433117)
compute 5.12258585800819(-0.755664110183716,1.60455453395844,0.497502833604813) (-0.7222411,1.57946,0.4678845) (274.1189,216.4118,82.41123) (-0.3916428,1.353545,0.2484186) (326.8127,295.3698,5.231511)
compute 3.40336467508049(-0.778862357139587,1.6107542514801,0.52162116765976) (-0.7556641,1.604555,0.4975028) (272.9054,262.0475,38.00764) (-0.4016994,1.347231,0.257346) (328.071,293.9068,4.563822)
compute 4.67490718043155(-0.811405420303345,1.61584734916687,0.554794728755951) (-0.7788624,1.610754,0.5216212) (272.731,270.6286,34.46695) (-0.4026677,1.345488,0.266484) (328.9862,294.4239,4.307248)
compute 6.01479449842788(-0.84796130657196,1.61623573303223,0.602557599544525) (-0.8114054,1.615847,0.5547947) (279.1444,311.2838,350.6142) (-0.4003797,1.345963,0.2818051) (328.3507,294.2529,2.100691)
compute 5.87674834759273(-0.879557311534882,1.58144497871399,0.637840926647186) (-0.8479613,1.616236,0.6025576) (286.8631,310.1908,348.4954) (-0.3978247,1.339094,0.2963599) (328.9432,292.3723,357.9388)
compute 5.11284764853088(-0.876181900501251,1.53138399124146,0.647670745849609) (-0.8795573,1.581445,0.6378409) (286.7513,321.9231,332.7141) (-0.3802953,1.338609,0.3026515) (329.176,304.8163,355.9441)
compute 11.5458148238525(-0.780991852283478,1.47561740875244,0.613618910312653) (-0.8761819,1.531384,0.6476707) (281.6317,4.749486,293.9237) (-0.3397573,1.33807,0.3073453) (330.3695,326.5932,351.7849)
compute 19.1517755634674(-0.623464703559875,1.39163458347321,0.544256567955017) (-0.7809919,1.475617,0.6136189) (278.415,134.1848,172.1875) (-0.3076317,1.329716,0.2826702) (331.1109,337.4675,348.3604)
compute 12.5376928393155(-0.502032101154327,1.37686944007874,0.571742713451386) (-0.6234647,1.391635,0.5442566) (277.5339,95.80192,219.3933) (-0.3021814,1.317149,0.2590455) (334.6917,337.8615,347.9227)
compute 14.8307213877241(-0.428460597991943,1.33928370475769,0.694907546043396) (-0.5020321,1.376869,0.5717427) (293.8517,30.14232,297.2382) (-0.3025078,1.32594,0.2338954) (335.2185,337.2747,352.4228)
compute 6.92397534881565(-0.423997223377228,1.27450501918793,0.718948006629944) (-0.4284606,1.339284,0.6949075) (290.9575,6.992105,332.3356) (-0.2991082,1.341636,0.2011643) (322.713,342.2663,352.2029)
compute 9.47797749321233(-0.422421276569366,1.26452112197876,0.624708712100983) (-0.4239972,1.274505,0.718948) (279.446,350.2667,341.7904) (-0.2733717,1.350052,0.1401636) (309.8654,345.6815,353.1515)
compute 6.02019594133689(-0.408506959676743,1.27292418479919,0.566742718219757) (-0.4224213,1.264521,0.6247087) (273.5818,291.4834,38.39394) (-0.2551155,1.33607,0.09219196) (305.3643,349.0624,352.2651)
compute 5.85628916247147(-0.378936171531677,1.310427069664,0.532850027084351) (-0.408507,1.272924,0.5667427) (273.8909,279.6849,51.1034) (-0.2487479,1.339661,0.05986695) (307.2802,349.3753,353.2495)
compute 6.13029508778475(-0.348743379116058,1.35564696788788,0.504537343978882) (-0.3789362,1.310427,0.53285) (275.5074,248.8767,84.69149) (-0.2488731,1.340796,0.05193307) (308.9763,356.3618,350.4716)
compute 8.65301846463301(-0.276423245668411,1.40030360221863,0.48831832408905) (-0.3487434,1.355647,0.5045373) (275.1616,191.7952,148.4345) (-0.2348246,1.340469,0.06077462) (318.1218,5.018806,347.5666)
compute 12.6836273575037(-0.152208179235458,1.42414844036102,0.497777789831162) (-0.2764232,1.400304,0.4883183) (278.9449,140.6882,213.8761) (-0.2131955,1.333005,0.07514694) (325.0784,11.34138,345.3296)
compute 13.1532126316073(-0.0236629489809275,1.43859398365021,0.521613717079163) (-0.1522082,1.424148,0.4977778) (282.294,120.3295,248.046) (-0.1884623,1.327752,0.07966486) (327.3255,13.76169,344.9511)
compute 5.52034511431222(0.0251609552651644,1.46428334712982,0.51968914270401) (-0.02366295,1.438594,0.5216137) (281.8161,136.7803,238.255) (-0.1658153,1.327969,0.08244856) (326.499,13.67233,345.016)
compute 7.33600166338054(0.0510983131825924,1.51933252811432,0.560659050941467) (0.02516096,1.464283,0.5196891) (273.9715,123.8733,253.1758) (-0.1429963,1.322932,0.07960888) (328.6534,14.13549,345.4827)
compute 3.57756646692869(0.0198762957006693,1.52088630199432,0.543261647224426) (0.05109831,1.519333,0.5606591) (274.4718,149.836,219.5158) (-0.1293,1.324948,0.07302311) (328.2995,14.76927,345.7983)
compute 5.63570698023634(-0.0361122004687786,1.52479088306427,0.548376500606537) (0.0198763,1.520886,0.5432616) (282.9693,250.8008,118.955) (-0.09764376,1.31049,0.07046863) (332.6541,18.4488,344.746)
compute 7.75627335964512(0.0140266520902514,1.5002863407135,0.602243006229401) (-0.0361122,1.524791,0.5483765) (286.6895,8.957584,348.1276) (-0.0713112,1.303099,0.06769761) (342.2893,28.76105,339.3783)
compute 16.394954477069(0.0998866632580757,1.36723458766937,0.559760749340057) (0.01402665,1.500286,0.602243) (273.642,286.3712,92.42085) (-0.05147187,1.308144,0.07472524) (345.8,32.24185,339.9642)
compute 20.3003045943457(0.275434017181396,1.26533842086792,0.556515216827393) (0.09988666,1.367235,0.5597607) (280.6845,67.47485,323.8564) (-0.01361325,1.277903,0.08958586) (351.121,29.62299,343.0497)
compute 10.8912523147552(0.383515864610672,1.25191414356232,0.556716859340668) (0.275434,1.265338,0.5565152) (280.3081,54.66282,341.9167) (0.02737295,1.267042,0.097729) (352.9155,26.21769,343.4339)
compute 14.4093951676737(0.499809175729752,1.16698324680328,0.551649689674377) (0.3835159,1.251914,0.5567169) (295.2574,66.88444,336.7235) (0.038898,1.265121,0.1014807) (353.2869,25.80162,343.8509)
compute 8.85683040314883(0.482102602720261,1.08471965789795,0.579281628131866) (0.4998092,1.166983,0.5516497) (304.4116,38.9986,359.6561) (0.006528565,1.276761,0.1085663) (346.9582,9.556828,349.1853)
compute 20.9534008304915(0.27665588259697,1.08859014511108,0.620283663272858) (0.4821026,1.08472,0.5792816) (296.968,351.8692,28.95279) (-0.05107429,1.295126,0.09044035) (339.7414,346.725,355.8848)
compute 26.385732729067(0.022502014413476,1.14827287197113,0.5820152759552) (0.2766559,1.08859,0.6202837) (286.6946,307.6237,51.15059) (-0.06802705,1.298577,0.074788) (341.166,346.6971,357.7344)
compute 20.4792310951569(-0.15218985080719,1.23341345787048,0.517410933971405) (0.02250201,1.148273,0.5820153) (281.7147,274.0105,68.45998) (-0.07932258,1.301455,0.07160577) (342.6131,349.209,356.2913)
compute 16.2334008319049(-0.258882850408554,1.27806007862091,0.631321489810944) (-0.1521899,1.233413,0.5174109) (303.0821,310.7588,27.97445) (-0.06659655,1.302528,0.08998665) (340.9435,1.554854,354.2829)
compute 8.59024765641508(-0.18294820189476,1.25499224662781,0.598442316055298) (-0.2588829,1.27806,0.6313215) (287.8012,6.341733,335.8153) (0.007247549,1.309461,0.110261) (344.3571,32.47316,344.9184)
compute 18.2913613399668(-0.0482039637863636,1.16944062709808,0.509098589420319) (-0.1829482,1.254992,0.5984423) (271.1143,15.87356,332.9719) (0.05154116,1.283723,0.1095942) (351.1254,47.58011,343.2721)
compute 23.2699129218429(0.179244518280029,1.13865697383881,0.470778316259384) (-0.04820396,1.169441,0.5090986) (282.4726,67.11707,298.1549) (0.072859,1.268142,0.114007) (353.9531,47.05014,343.2643)
compute 21.7368888768991(0.395898073911667,1.13057994842529,0.455118387937546) (0.1792445,1.138657,0.4707783) (289.0441,79.03031,309.663) (0.1156243,1.263349,0.1251165) (351.3476,46.31392,343.0824)
compute 20.7885371731631(0.600036919116974,1.12083876132965,0.493181109428406) (0.3958981,1.13058,0.4551184) (300.4469,72.81718,327.9112) (0.1588589,1.264442,0.1448584) (336.101,42.65762,343.7083)
compute 19.9486614872147(0.770234823226929,1.06241619586945,0.579287946224213) (0.6000369,1.120839,0.4931811) (314.6322,58.32548,344.0078) (0.1874396,1.249623,0.1631127) (326.7946,33.84689,347.4268)
compute 4.75479236168721(0.779923558235168,1.02655172348022,0.608964085578918) (0.7702348,1.062416,0.5792879) (310.2895,35.81853,17.26121) (0.2106577,1.25022,0.1703597) (329.9933,36.37418,342.0823)
compute 0.742405130640125(0.775417625904083,1.03164863586426,0.605991780757904) (0.7799236,1.026552,0.6089641) (303.1535,46.82482,1.20057) (0.2177039,1.262322,0.1628637) (327.2836,40.92722,339.7353)
compute 7.70019958816618(0.713572204113007,1.07686841487885,0.598270177841187) (0.7754176,1.031649,0.6059918) (294.1655,44.06043,0.1849811) (0.2095986,1.283193,0.1610531) (327.7065,39.2619,341.0014)
compute 14.3834792330362(0.6000936627388,1.15028512477875,0.549065947532654) (0.7135722,1.076868,0.5982702) (283.6578,40.50512,356.2417) (0.203895,1.265021,0.1590275) (331.8863,41.54681,339.0444)
compute 10.3294972567126(0.561700642108917,1.24366164207459,0.52723354101181) (0.6000937,1.150285,0.5490659) (281.2792,60.40441,330.2727) (0.217743,1.245646,0.164999) (333.0981,39.71288,341.4112)
compute 12.5509347505251(0.530728578567505,1.36528480052948,0.528299450874329) (0.5617006,1.243662,0.5272335) (273.7986,234.7294,156.2207) (0.2745586,1.248647,0.1847335) (336.1697,38.01731,341.378)
compute 11.1247822610828(0.565074026584625,1.46559274196625,0.561986029148102) (0.5307286,1.365285,0.5282995) (278.6122,229.6733,160.9062) (0.3295734,1.264905,0.2152262) (334.9135,38.0358,341.0399)
compute 16.5817105922063(0.721769690513611,1.4966756105423,0.606434166431427) (0.565074,1.465593,0.561986) (278.5447,98.60061,294.9366) (0.3510122,1.29487,0.2487419) (333.2858,38.08263,340.3931)
compute 12.0860188079251(0.838456809520721,1.46784710884094,0.619091928005219) (0.7217697,1.496676,0.6064342) (291.5513,82.55331,319.6057) (0.3455685,1.318713,0.2627833) (329.8662,27.63791,344.7826)
compute 3.37601366776936(0.824825167655945,1.43807983398438,0.627328097820282) (0.8384568,1.467847,0.6190919) (299.7427,94.60912,306.149) (0.2992663,1.322566,0.2557684) (322.6625,11.93691,352.6741)
compute 24.9014532670027(0.575940489768982,1.44024097919464,0.635073125362396) (0.8248252,1.43808,0.6273281) (271.6067,265.5539,117.6216) (0.2751309,1.310543,0.2390581) (322.6469,4.561191,358.2712)
compute 19.4683910668825(0.385216802358627,1.478630900383,0.642319798469543) (0.5759405,1.440241,0.6350731) (288.6911,252.654,119.2668) (0.2520588,1.308615,0.2223255) (324.4517,3.302572,357.9005)
compute 7.19659839360068(0.350301682949066,1.53638923168182,0.617339551448822) (0.3852168,1.478631,0.6423198) (280.331,146.4027,218.0428) (0.1725407,1.315828,0.2016906) (322.0559,340.5317,5.098742)
compute 18.9497428440232(0.182058602571487,1.4578195810318,0.57951956987381) (0.3503017,1.536389,0.6173396) (287.4138,217.1486,136.8175) (0.09957954,1.285919,0.1804868) (326.4659,324.8333,12.76177)
compute 13.6544632403559(0.0629446133971214,1.39234066009521,0.59251207113266) (0.1820586,1.45782,0.5795196) (287.4529,236.9006,110.9896) (0.04255718,1.268853,0.1584983) (330.4376,325.0355,13.29671)
compute 12.799710934334(-0.0432411208748817,1.32493448257446,0.568757951259613) (0.06294461,1.392341,0.5925121) (288.5128,239.0364,100.4755) (0.000938952,1.29546,0.1415388) (327.1976,318.7601,14.25577)
compute 11.4649710166333(-0.151676565408707,1.30157399177551,0.539764881134033) (-0.04324112,1.324934,0.568758) (298.3715,243.3067,90.2185) (-0.04175121,1.314822,0.1323542) (326.7715,313.9841,16.39527)
compute 11.3505842054629(-0.255993843078613,1.334388256073,0.509355902671814) (-0.1516766,1.301574,0.5397649) (300.1191,237.5899,87.50732) (-0.08192897,1.312195,0.1307316) (331.1576,309.4097,17.6398)
compute 12.1962161884027(-0.370706588029861,1.36778104305267,0.533864617347717) (-0.2559938,1.334388,0.5093559) (300.872,250.9893,73.9744) (-0.1167903,1.304993,0.1243269) (332.4153,305.1712,15.74979)
compute 11.039974042886(-0.473134070634842,1.36143398284912,0.57456386089325) (-0.3707066,1.367781,0.5338646) (298.973,266.5692,60.02076) (-0.1671609,1.299636,0.1139026) (333.6227,303.8314,13.32879)
compute 9.01063302672939(-0.562437057495117,1.36233007907867,0.586535692214966) (-0.4731341,1.361434,0.5745639) (297.237,270.0771,55.98412) (-0.2053697,1.300208,0.1124562) (333.1033,303.8896,11.50379)
compute 8.6788503407555(-0.648723185062408,1.37162756919861,0.58582478761673) (-0.5624371,1.36233,0.5865357) (298.3337,269.2496,56.46357) (-0.2343435,1.314243,0.1216885) (330.1528,302.1512,11.76444)
compute 6.51190727007921(-0.708876252174377,1.39556539058685,0.57881885766983) (-0.6487232,1.371628,0.5858248) (296.5795,268.4384,57.16314) (-0.2518902,1.330575,0.1360077) (323.0312,301.4235,11.2629)
compute 5.74387247025291(-0.744705975055695,1.42605865001678,0.545870423316956) (-0.7088763,1.395565,0.5788189) (292.747,254.8314,66.19511) (-0.2612384,1.332226,0.158103) (321.778,301.7787,10.1935)
compute 6.52609996636169(-0.749696016311646,1.46835613250732,0.496423274278641) (-0.744706,1.426059,0.5458704) (291.795,226.2565,90.77541) (-0.2716908,1.320506,0.1896555) (322.4069,300.8075,10.97066)
compute 9.3758447180602(-0.71106493473053,1.55272495746613,0.482999891042709) (-0.749696,1.468356,0.4964233) (290.662,202.1599,114.1945) (-0.2882886,1.328522,0.2048697) (319.0477,300.7952,8.609411)
compute 10.6199609324449(-0.65323281288147,1.64012897014618,0.500156283378601) (-0.7110649,1.552725,0.4829999) (289.791,179.9623,139.8826) (-0.3107872,1.340383,0.209824) (317.548,300.3509,9.339754)
compute 9.62434603799761(-0.635055422782898,1.72190487384796,0.547538638114929) (-0.6532328,1.640129,0.5001563) (290.1998,175.3316,151.5223) (-0.3344162,1.345191,0.2133522) (317.3304,299.34,11.53716)
compute 8.95753081378473(-0.584003567695618,1.77344250679016,0.600086867809296) (-0.6350554,1.721905,0.5475386) (283.1162,149.6941,180.7012) (-0.3517537,1.34807,0.2157738) (316.1155,301.3891,11.5057)
compute 2.63115194177627(-0.569158434867859,1.78502070903778,0.618467926979065) (-0.5840036,1.773443,0.6000869) (280.2385,142.7716,193.8365) (-0.3628995,1.351098,0.2165697) (316.9045,301.6914,11.66922)
compute 4.5475555659269(-0.591502487659454,1.75468862056732,0.592997670173645) (-0.5691584,1.785021,0.6184679) (277.0863,169.2358,163.0805) (-0.3703654,1.33497,0.2145208) (318.6628,300.5,12.74508)
compute 9.84425489037702(-0.629517257213593,1.68404197692871,0.535946249961853) (-0.5915025,1.754689,0.5929977) (285.5218,199.5538,125.3942) (-0.3722352,1.315084,0.2183231) (320.5273,302.8055,10.38799)
compute 9.1423684950269(-0.677840173244476,1.62037324905396,0.491567432880402) (-0.6295173,1.684042,0.5359462) (292.5377,206.9633,111.3672) (-0.3790079,1.309042,0.2200522) (321.6591,303.7255,10.43202)
compute 6.10381040302201(-0.727801859378815,1.60000419616699,0.46302655339241) (-0.6778402,1.620373,0.4915674) (296.309,206.8911,106.0429) (-0.3824565,1.324107,0.2405778) (316.0251,314.274,5.567077)
compute 3.38957362755216(-0.748653888702393,1.58289980888367,0.442494779825211) (-0.7278019,1.600004,0.4630266) (296.4897,205.9943,107.367) (-0.3560727,1.335437,0.2614374) (312.2443,340.1359,357.2358)
compute 5.95916306260172(-0.735080480575562,1.53388583660126,0.411437481641769) (-0.7486539,1.5829,0.4424948) (297.7151,205.6917,107.519) (-0.3265223,1.334346,0.2554164) (315.7193,355.4608,353.9222)
compute 11.0740220287767(-0.638152301311493,1.48034989833832,0.412930220365524) (-0.7350805,1.533886,0.4114375) (304.9953,201.151,116.3879) (-0.288851,1.323241,0.226128) (316.4246,9.338927,350.717)
compute 15.5476818481767(-0.496236860752106,1.4357795715332,0.458168864250183) (-0.6381523,1.48035,0.4129302) (304.4041,201.4491,126.2041) (-0.2499524,1.323009,0.1847256) (325.4373,24.46497,346.9368)
compute 15.0597557759514(-0.361973971128464,1.38828492164612,0.507131695747375) (-0.4962369,1.43578,0.4581689) (297.0677,216.0146,121.3692) (-0.2241471,1.329991,0.1540549) (329.6727,31.65155,348.091)
compute 13.1127074590888(-0.236134588718414,1.36801815032959,0.537921607494354) (-0.361974,1.388285,0.5071317) (295.6282,242.1236,110.5234) (-0.1936164,1.330092,0.1327791) (326.4885,38.59215,346.4413)
compute 11.1035932294406(-0.12607941031456,1.37427306175232,0.551252484321594) (-0.2361346,1.368018,0.5379216) (290.3591,263.0419,97.83498) (-0.1588497,1.324753,0.1233338) (327.8622,38.75714,346.4445)
compute 10.5664775914371(-0.0221288967877626,1.39275252819061,0.555476844310761) (-0.1260794,1.374273,0.5512525) (290.4865,265.4928,105.1131) (-0.1053203,1.317902,0.1241668) (327.8537,39.19545,344.9152)
compute 14.5701309558013(0.120370216667652,1.42295074462891,0.558784604072571) (-0.0221289,1.392753,0.5554768) (284.0139,262.9188,116.8039) (-0.04340719,1.304982,0.1431089) (329.0409,39.53699,344.437)
compute 16.9856522249979(0.289388597011566,1.43975949287415,0.560004889965057) (0.1203702,1.422951,0.5587846) (277.3149,243.7777,145.0915) (0.02715146,1.289995,0.1700698) (327.0267,38.34622,345.5676)
compute 15.9744073023361(0.448805332183838,1.44977521896362,0.562044262886047) (0.2893886,1.439759,0.5600049) (274.5715,158.1396,235.1678) (0.09399716,1.283365,0.1966111) (323.1561,35.8097,347.414)
compute 12.3791235134085(0.572370946407318,1.45354080200195,0.555592119693756) (0.4488053,1.449775,0.5620443) (281.5733,123.4971,273.0625) (0.1432708,1.30209,0.2180015) (320.2896,31.72192,349.5224)
compute 7.39604371407127(0.642738938331604,1.47559010982513,0.561277210712433) (0.5723709,1.453541,0.5555921) (283.9443,111.3751,289.8946) (0.1669537,1.315618,0.2257914) (319.2099,26.8178,350.9063)
compute 5.53001685605768(0.648680508136749,1.52932167053223,0.572927355766296) (0.6427389,1.47559,0.5612772) (283.3262,118.4593,281.3226) (0.1815616,1.32444,0.2245452) (320.9782,22.13657,353.3238)
compute 8.78781932562331(0.602095723152161,1.6037255525589,0.576989054679871) (0.6486805,1.529322,0.5729274) (278.0942,154.2365,243.6831) (0.1886238,1.334712,0.2175573) (320.472,14.84178,355.0756)
compute 6.77699862724905(0.570662498474121,1.6627391576767,0.588039755821228) (0.6020957,1.603726,0.5769891) (277.9037,174.2145,223.4594) (0.1856844,1.339641,0.2145768) (321.016,10.21903,355.7065)
compute 12.4106655238193(0.450412690639496,1.68430876731873,0.60988461971283) (0.5706625,1.662739,0.5880398) (279.7525,223.1888,166.264) (0.1678199,1.329956,0.212339) (322.4733,5.940982,357.4845)
compute 12.9428669956672(0.321756035089493,1.68323695659637,0.623959302902222) (0.4504127,1.684309,0.6098846) (282.5364,229.4722,147.9065) (0.1151303,1.316622,0.2055072) (323.2284,353.8766,1.427402)
compute 14.7405106366765(0.176292106509209,1.65939438343048,0.623750925064087) (0.321756,1.683237,0.6239593) (287.3796,219.4903,145.7891) (0.04680237,1.308576,0.1901949) (325.2657,333.0607,8.354539)
compute 19.2081289724792(-0.00905040558427572,1.60970485210419,0.615129470825195) (0.1762921,1.659394,0.6237509) (291.0922,214.2261,135.6586) (-0.04545381,1.29166,0.1474576) (329.9136,309.2878,15.85106)
compute 19.449299257433(-0.19463238120079,1.56147968769073,0.582553625106812) (-0.009050406,1.609705,0.6151295) (292.4972,209.1635,124.4231) (-0.1231265,1.278816,0.11526) (333.9346,299.4954,17.42676)
compute 18.4019829327567(-0.372258931398392,1.53543472290039,0.542133748531342) (-0.1946324,1.56148,0.5825536) (293.8337,210.2593,113.6992) (-0.1790124,1.276735,0.09396799) (336.4451,297.8312,15.24467)
compute 6.64763421408825(-0.436172425746918,1.55358159542084,0.539929091930389) (-0.3722589,1.535435,0.5421337) (283.3699,202.2601,124.7206) (-0.2105317,1.305174,0.08882773) (330.3664,304.0597,12.78525)
compute 10.5954243323386(-0.397006869316101,1.64003932476044,0.587018609046936) (-0.4361724,1.553582,0.5399291) (276.9163,135.3076,200.0423) (-0.2238391,1.335353,0.1083709) (330.7783,315.8126,7.366002)
compute 8.38450966663603(-0.356235325336456,1.70683765411377,0.617112874984741) (-0.3970069,1.640039,0.5870186) (277.4995,179.3945,163.9709) (-0.2385821,1.339752,0.1360698) (340.4565,314.7413,6.816519)
compute 7.97819545266556(-0.404736042022705,1.64413046836853,0.608132362365723) (-0.3562353,1.706838,0.6171129) (298.3008,227.2963,112.2499) (-0.2645228,1.281497,0.163873) (4.360892,311.9437,6.581404)
compute 29.1457278360591(-0.434863150119781,1.35659646987915,0.571201264858246) (-0.404736,1.64413,0.6081324) (303.1687,222.9734,92.69979) (-0.2871013,1.204433,0.1816255) (22.75177,309.9722,5.891557)
compute 30.3226877968973(-0.42710217833519,1.05499660968781,0.540806591510773) (-0.4348632,1.356596,0.5712013) (294.8615,232.8498,73.09925) (-0.3037142,1.192057,0.195008) (21.89646,307.9345,6.043079)
compute 25.0265081498493(-0.508695304393768,0.819354712963104,0.51963883638382) (-0.4271022,1.054997,0.5408066) (308.1655,259.9217,40.5689) (-0.3182628,1.176051,0.2208624) (22.00901,307.2708,2.223581)
compute 21.1562050141451(-0.642482101917267,0.667569220066071,0.581451117992401) (-0.5086953,0.8193547,0.5196388) (326.4568,289.217,15.08498) (-0.3719006,1.135137,0.2696211) (18.56228,303.312,1.663789)
compute 18.6693979571133(-0.767974674701691,0.546900510787964,0.64887011051178) (-0.6424821,0.6675692,0.5814511) (343.8246,286.9507,23.79728) (-0.428948,1.0297,0.3197093) (16.83682,296.8768,354.133)
compute 16.0242694629664(-0.911691606044769,0.498218327760696,0.597360789775848) (-0.7679747,0.5469005,0.6488701) (344.5722,273.1461,33.46475) (-0.4664063,0.9213995,0.3389118) (16.42574,288.213,347.0211)
compute 14.6989907898509(-0.956825137138367,0.470247834920883,0.460296392440796) (-0.9116916,0.4982183,0.5973608) (336.7999,265.3505,21.62586) (-0.477311,0.8859715,0.3410917) (19.88366,286.8876,347.5239)
compute 9.43945725920057(-0.874361872673035,0.493652254343033,0.420769453048706) (-0.9568251,0.4702478,0.4602964) (318.8541,266.3129,16.10596) (-0.4712347,0.9433928,0.3206658) (19.23188,289.4523,352.5313)
compute 19.352812772817(-0.702790319919586,0.582994937896729,0.414919406175613) (-0.8743619,0.4936523,0.4207695) (305.2159,253.052,29.05996) (-0.4398676,1.090523,0.3100445) (357.0511,297.3899,0.7117245)
compute 21.3137917307006(-0.571072161197662,0.748536348342896,0.388955146074295) (-0.7027903,0.5829949,0.4149194) (299.9521,241.0116,35.3806) (-0.368299,1.225801,0.2779346) (335.8085,306.6971,5.151427)
compute 22.0004390231001(-0.500530064105988,0.956817507743835,0.395641356706619) (-0.5710722,0.7485363,0.3889551) (292.6756,249.5417,28.51854) (-0.2910773,1.321815,0.2061532) (318.2292,310.7679,7.198627)
compute 2.64630139797065(-0.494633197784424,0.982597231864929,0.39660257101059) (-0.5005301,0.9568175,0.3956414) (292.0021,248.4865,29.88459) (-0.2540637,1.367965,0.1754585) (312.3667,312.3428,7.117865)
compute 0.0185308125037738(-0.494588702917099,0.982777118682861,0.396602779626846) (-0.4946332,0.9825972,0.3966026) (291.9978,248.4837,29.88877) (-0.2540637,1.367965,0.1754585) (312.3667,312.3428,7.117865)
compute 43.8013892409051(-0.548707962036133,1.41741394996643,0.392347872257233) (-0.4945887,0.9827771,0.3966028) (294.3363,247.8474,48.1921) (-0.3040959,1.307898,0.1698007) (332.3425,306.4436,7.587366)
compute 21.7176033844919(-0.660371482372284,1.28455460071564,0.522904694080353) (-0.548708,1.417414,0.3923479) (309.2918,282.9406,26.91172) (-0.3648707,1.270414,0.1930107) (341.1061,299.1596,9.379504)
compute 36.5420467130629(-0.972627103328705,1.18483138084412,0.684409558773041) (-0.6603715,1.284555,0.5229047) (321.9839,295.1208,17.39546) (-0.4104506,1.245306,0.23581) (341.6734,292.5741,9.195965)
compute 16.7710335858349(-0.957794606685638,1.34713435173035,0.644855797290802) (-0.9726271,1.184831,0.6844096) (292.3777,277.299,38.23661) (-0.442876,1.244165,0.281051) (338.6755,287.1973,8.396916)
compute 16.7613232934744(-0.878136217594147,1.48242390155792,0.586157619953156) (-0.9577946,1.347134,0.6448558) (281.2951,172.4773,142.1123) (-0.4504194,1.241583,0.2930896) (340.8334,288.2131,7.283667)
compute 4.23451157405557(-0.848203003406525,1.45396912097931,0.595508396625519) (-0.8781362,1.482424,0.5861576) (283.2561,172.9915,146.2245) (-0.430683,1.251869,0.2821803) (341.9836,297.7159,7.804538)
compute 19.9613019096618(-0.839664161205292,1.25454211235046,0.596655368804932) (-0.848203,1.453969,0.5955084) (291.2045,241.5465,70.21218) (-0.3418906,1.283656,0.2674059) (326.4424,324.7126,4.308526)
compute 26.7037154093425(-0.69464236497879,1.05787205696106,0.488959431648254) (-0.8396642,1.254542,0.5966554) (308.977,228.898,68.5741) (-0.2719012,1.296067,0.2382631) (318.8667,354.4785,354.0956)
compute 16.5958650345415(-0.545773327350616,1.02827787399292,0.421844094991684) (-0.6946424,1.057872,0.4889594) (307.1858,226.6045,62.83849) (-0.2485006,1.314574,0.1924196) (317.2431,3.815597,354.8859)
compute 10.6864177846098(-0.460411787033081,1.08551251888275,0.392560034990311) (-0.5457733,1.028278,0.4218441) (302.9628,230.0113,59.90549) (-0.2031615,1.323255,0.1721656) (320.224,17.50348,351.2833)
compute 9.33243542256337(-0.408603936433792,1.16310918331146,0.394594550132751) (-0.4604118,1.085513,0.39256) (305.5293,225.0537,71.20235) (-0.1586609,1.328792,0.1701718) (322.0778,26.02523,347.4077)
compute 8.76944432178878(-0.362586319446564,1.21539533138275,0.447875440120697) (-0.4086039,1.163109,0.3945946) (307.3403,227.025,82.24786) (-0.1274802,1.322478,0.1787825) (322.223,27.38136,346.3142)
compute 11.0896825244829(-0.271761208772659,1.23412013053894,0.508688986301422) (-0.3625863,1.215395,0.4478754) (315.1089,229.1013,97.75771) (-0.09331642,1.308718,0.2016311) (316.6655,24.91305,348.9438)
compute 14.3143464984787(-0.201180502772331,1.35037219524384,0.553341805934906) (-0.2717612,1.23412,0.508689) (312.1375,232.2983,116.1887) (-0.07595395,1.314492,0.2147779) (311.3774,16.3612,356.162)
compute 31.3481275658729(-0.153298661112785,1.65981805324554,0.538472175598145) (-0.2011805,1.350372,0.5533418) (304.3846,227.8173,134.5579) (-0.04972667,1.32823,0.2273116) (310.6525,12.12111,359.6481)
compute 17.4599791228786(-0.0397918000817299,1.79223191738129,0.530235171318054) (-0.1532987,1.659818,0.5384722) (291.823,213.7853,149.9358) (-0.01991993,1.350287,0.2311489) (311.6389,10.1485,359.5263)
compute 12.3018339101785(0.0758465677499771,1.80661499500275,0.569661140441895) (-0.0397918,1.792232,0.5302352) (285.2212,177.8799,191.9309) (0.00299957,1.358862,0.2242755) (317.214,14.92788,354.3279)
compute 22.7989574172874(0.150806769728661,1.59621810913086,0.615414440631866) (0.07584657,1.806615,0.5696611) (276.5181,132.3585,234.4098) (0.0112705,1.327236,0.2141828) (326.3747,22.47503,352.6406)
compute 35.2795013991832(0.249406650662422,1.25965309143066,0.653707802295685) (0.1508068,1.596218,0.6154144) (274.6002,338.9427,41.84259) (0.007416905,1.290298,0.2016971) (330.0964,26.42561,351.1489)
compute 22.1681423490161(0.343341499567032,1.05908346176147,0.644183039665222) (0.2494067,1.259653,0.6537078) (292.833,36.54269,353.8775) (0.01451116,1.281471,0.1805821) (325.3855,26.34778,353.3896)
compute 3.43246904232296(0.342595934867859,1.08937132358551,0.628050029277802) (0.3433415,1.059083,0.644183) (283.9998,0.6695637,26.95947) (0.05255727,1.291718,0.1664922) (318.3613,28.00544,352.8216)
compute 16.9549152532381(0.380457192659378,1.25363385677338,0.609849452972412) (0.3425959,1.089371,0.62805) (276.6879,246.3692,139.0698) (0.1041614,1.285936,0.1668265) (318.195,30.75964,350.44)
compute 18.4219296308428(0.440609812736511,1.42700052261353,0.593650341033936) (0.3804572,1.253634,0.6098495) (278.5398,205.9751,177.7226) (0.1569104,1.286831,0.1773012) (315.0756,33.06921,347.7093)
compute 13.6934911280445(0.496573239564896,1.55053997039795,0.574748754501343) (0.4406098,1.427001,0.5936503) (276.0387,188.2076,193.4962) (0.1937361,1.303713,0.1987585) (313.5521,33.00379,347.5785)
compute 8.70894460445183(0.538454592227936,1.62386190891266,0.553431689739227) (0.4965732,1.55054,0.5747488) (279.4724,180.217,205.8409) (0.2112675,1.313788,0.2222344) (314.2877,29.23997,348.819)
compute 8.39067215141996(0.601154327392578,1.67935693264008,0.55885237455368) (0.5384546,1.623862,0.5534317) (281.5638,163.6671,227.0506) (0.2090351,1.337156,0.2400331) (312.7445,14.18857,358.1968)
compute 8.03252007636981(0.676677703857422,1.70522320270538,0.549947679042816) (0.6011543,1.679357,0.5588524) (286.3495,152.1211,244.8478) (0.1693208,1.366895,0.2529393) (311.1385,350.8678,12.83736)
compute 6.62381299171197(0.740946769714355,1.70039451122284,0.534661710262299) (0.6766777,1.705223,0.5499477) (291.6334,133.4804,269.6602) (0.1607783,1.387041,0.2536607) (312.1136,336.077,20.79258)
compute 1.8882383581796(0.724446833133698,1.69520711898804,0.542237162590027) (0.7409468,1.700395,0.5346617) (296.1526,128.0136,273.1878) (0.1561175,1.379137,0.2558839) (315.8601,326.3424,23.42304)
compute 16.2308373039256(0.566482424736023,1.69518864154816,0.57953667640686) (0.7244468,1.695207,0.5422372) (286.3583,147.7678,243.808) (0.1369483,1.338464,0.2471807) (315.2173,321.4728,24.11292)
compute 21.9852848750228(0.354840755462646,1.63655829429626,0.589810967445374) (0.5664824,1.695189,0.5795367) (289.2415,198.8663,181.8031) (0.1128988,1.313103,0.2346272) (312.2565,327.7959,19.44634)
compute 20.8639615011353(0.150529891252518,1.60197103023529,0.565494656562805) (0.3548408,1.636558,0.589811) (300.812,211.6402,157.3105) (0.08107654,1.297962,0.2186773) (310.2394,336.2293,12.14639)
compute 13.4824737833231(0.0181880835443735,1.61250960826874,0.541993677616119) (0.1505299,1.601971,0.5654947) (292.9084,200.2509,152.2673) (0.03977339,1.301064,0.2007641) (308.5912,339.3117,9.094211)
compute 5.48288137710635(-0.0252259951084852,1.63988828659058,0.522710919380188) (0.01818808,1.61251,0.5419937) (295.942,193.5765,157.9552) (0.004292339,1.314441,0.1919493) (306.2926,341.9424,4.391709)
compute 9.58599232035206(0.0219825655221939,1.72185552120209,0.53826242685318) (-0.025226,1.639888,0.5227109) (290.4876,169.3549,187.3975) (-0.0144759,1.338386,0.1921891) (308.5085,339.2347,8.345447)
compute 10.6728957326019(0.0751044750213623,1.80962812900543,0.508849799633026) (0.02198257,1.721856,0.5382624) (291.1209,169.0877,188.0433) (-0.02214353,1.370938,0.1939089) (314.3164,326.073,18.28485)
compute 7.08646607090345(0.125224232673645,1.85953545570374,0.513216614723206) (0.07510448,1.809628,0.5088498) (291.8304,159.0207,206.5752) (-0.0598591,1.359904,0.1931461) (324.8652,304.769,29.92406)
compute 9.74558380570038(0.0427189245820045,1.81342029571533,0.5369633436203) (0.1252242,1.859535,0.5132166) (292.3829,188.084,177.5405) (-0.09714637,1.28052,0.1888263) (334.2047,300.9924,27.406)
compute 25.4003766362011(-0.145618379116058,1.64298939704895,0.536427974700928) (0.04271892,1.81342,0.5369633) (302.9962,212.6261,142.9252) (-0.1405568,1.244824,0.1685431) (335.2465,300.3795,26.54342)
compute 28.0674858720315(-0.381296157836914,1.49222874641418,0.513942658901215) (-0.1456184,1.642989,0.536428) (312.2923,223.2753,118.5023) (-0.1865851,1.239547,0.14696) (332.9162,301.8081,25.35928)
compute 22.7905319078792(-0.592566967010498,1.40733575820923,0.50400984287262) (-0.3812962,1.492229,0.5139427) (316.262,230.0073,103.1628) (-0.2491843,1.246136,0.1307695) (331.5958,304.1907,21.93792)
compute 19.1599123045047(-0.753824532032013,1.31362807750702,0.547885715961456) (-0.592567,1.407336,0.5040098) (315.7741,249.2566,81.27397) (-0.3008991,1.248271,0.1252535) (331.0489,304.1371,19.33689)
compute 16.2845689167709(-0.852466106414795,1.18426203727722,0.555164873600006) (-0.7538245,1.313628,0.5478857) (327.3745,252.3147,76.77818) (-0.3292004,1.25114,0.1297711) (327.1846,307.6297,15.62227)
compute 12.2064706762181(-0.868443727493286,1.06724727153778,0.524309515953064) (-0.8524661,1.184262,0.5551649) (341.7802,252.3813,72.59584) (-0.3316142,1.270632,0.1334103) (318.7234,315.5414,17.14979)
compute 4.02749032584235(-0.82847261428833,1.07048046588898,0.528041064739227) (-0.8684437,1.067247,0.5243095) (345.3193,251.0421,74.11781) (-0.2912369,1.295336,0.130751) (311.133,326.0671,16.5195)
compute 15.9425730165728(-0.753776848316193,1.20132887363434,0.580154418945313) (-0.8284726,1.07048,0.5280411) (336.3585,254.1102,77.08386) (-0.2369083,1.315798,0.1302438) (306.8142,333.4832,14.3469)
compute 24.3078603835424(-0.624655544757843,1.400106549263,0.634027719497681) (-0.7537768,1.201329,0.5801544) (322.0467,256.9641,84.10197) (-0.1941471,1.338699,0.1423317) (304.2794,336.0177,14.09858)
compute 21.3911492918217(-0.503409743309021,1.57595276832581,0.645676374435425) (-0.6246555,1.400107,0.6340277) (312.972,252.9933,97.39413) (-0.1637461,1.351945,0.1636502) (303.9377,333.5477,15.01999)
compute 16.8525248249592(-0.387469857931137,1.69825077056885,0.647055387496948) (-0.5034097,1.575953,0.6456764) (306.182,254.7387,103.0421) (-0.1401531,1.350067,0.1894299) (302.9149,330.5077,17.30934)
compute 12.1677118393019(-0.290179133415222,1.76989758014679,0.632682800292969) (-0.3874699,1.698251,0.6470554) (303.0325,247.0416,116.083) (-0.1185665,1.339782,0.2170868) (300.8311,333.916,14.07928)
compute 8.11443165901469(-0.226072728633881,1.81845414638519,0.621864795684814) (-0.2901791,1.769898,0.6326828) (301.7876,234.2911,129.4685) (-0.08464549,1.347023,0.2353725) (299.7902,348.5093,5.473855)
compute 9.9071902419244(-0.134987086057663,1.85665011405945,0.614137172698975) (-0.2260727,1.818454,0.6218648) (296.6758,214.5682,148.9272) (-0.03924008,1.361529,0.2529411) (300.4359,4.830053,352.3594)
compute 12.5666597393286(-0.00994410924613476,1.86417627334595,0.604151904582977) (-0.1349871,1.85665,0.6141372) (294.2536,194.3367,172.8997) (-0.006333419,1.362352,0.2642165) (303.6921,17.33772,342.9057)
compute 16.2233285650292(0.141077160835266,1.80494868755341,0.60622775554657) (-0.009944109,1.864176,0.6041519) (290.8817,148.8065,218.7456) (0.00518781,1.357059,0.2598362) (305.2953,27.19872,336.373)
compute 15.6953987677977(0.256249189376831,1.6985342502594,0.613004684448242) (0.1410772,1.804949,0.6062278) (293.9425,129.8683,245.3143) (0.004239731,1.338916,0.2440431) (306.7656,37.63034,329.6358)
compute 12.251969407707(0.339646995067596,1.60945761203766,0.624015331268311) (0.2562492,1.698534,0.6130047) (291.899,137.3517,253.0071) (-0.005644589,1.333545,0.2253577) (309.7737,44.96913,327.4869)
compute 9.28338342338451(0.398962676525116,1.53895080089569,0.635353803634644) (0.339647,1.609458,0.6240153) (281.2544,151.6928,248.7634) (-0.006246409,1.328977,0.2229417) (309.0569,46.397,329.8324)
compute 6.38085221974655(0.37139704823494,1.48205304145813,0.626733541488647) (0.3989627,1.538951,0.6353538) (276.2411,241.6073,155.2398) (0.01893198,1.323193,0.2348777) (307.4407,39.3355,335.9525)
compute 4.55954006921373(0.363220989704132,1.43943822383881,0.640736043453217) (0.371397,1.482053,0.6267335) (282.1825,264.9007,123.2074) (0.06138945,1.293751,0.2490156) (307.6298,35.65016,339.4329)
compute 3.50962177376684(0.383710950613022,1.41892182826996,0.660509347915649) (0.363221,1.439438,0.640736) (287.0479,262.2825,126.5352) (0.09731545,1.260907,0.269198) (306.5534,31.58718,344.7302)
compute 4.43749427101157(0.422558218240738,1.43877613544464,0.668623030185699) (0.383711,1.418922,0.6605093) (287.2176,265.2905,124.0943) (0.1279373,1.262769,0.2794184) (301.8949,22.71518,350.3939)
compute 6.48896352680376(0.456848710775375,1.49185729026794,0.653884708881378) (0.4225582,1.438776,0.668623) (283.3135,265.6859,127.6776) (0.1512547,1.289255,0.2912223) (300.7903,14.33675,355.8)
compute 7.13522143875306(0.498694509267807,1.54960191249847,0.651512682437897) (0.4568487,1.491857,0.6538847) (280.9403,261.4547,132.438) (0.1640703,1.317993,0.2996475) (299.7098,1.783765,3.956544)
compute 8.32468980962628(0.535065472126007,1.62435007095337,0.655974984169006) (0.4986945,1.549602,0.6515127) (280.6608,241.0503,155.4891) (0.1713877,1.347373,0.3104095) (300.4812,343.5137,16.34043)
compute 8.46920376882082(0.56935840845108,1.70178854465485,0.65583860874176) (0.5350655,1.62435,0.655975) (282.3101,205.3389,190.481) (0.159266,1.367427,0.3183919) (304.7617,322.2802,29.41789)
compute 4.71737617069678(0.588863015174866,1.74362897872925,0.646127164363861) (0.5693584,1.701789,0.6558386) (284.1738,178.2696,214.0306) (0.1523157,1.374826,0.3186426) (307.3998,318.3159,31.21663)
compute 1.758779872443(0.588864326477051,1.74608969688416,0.628712356090546) (0.588863,1.743629,0.6461272) (285.7116,168.2841,223.4998) (0.1571202,1.373179,0.3200071) (305.7956,326.0429,24.63918)
compute 1.47915109315334(0.586691498756409,1.74350678920746,0.614311099052429) (0.5888643,1.74609,0.6287124) (288.7147,157.8664,230.9352) (0.1614455,1.359707,0.3134397) (303.4593,331.9668,21.39366)
compute 2.44441368049405(0.562295377254486,1.74376893043518,0.61280232667923) (0.5866915,1.743507,0.6143111) (289.9611,161.7435,223.9541) (0.1686396,1.357523,0.3089222) (300.899,337.4719,16.66839)
compute 3.38822789027005(0.529783129692078,1.74936199188232,0.620527625083923) (0.5622954,1.743769,0.6128023) (289.2945,163.9618,218.489) (0.1669262,1.356469,0.3070091) (301.8756,336.2672,17.39746)
compute 3.35719553384446(0.498004764318466,1.76000702381134,0.622501194477081) (0.5297831,1.749362,0.6205276) (289.3531,169.1898,211.3262) (0.1579972,1.35216,0.307068) (302.7069,333.6688,18.64843)
compute 2.38227031323736(0.476443886756897,1.7700035572052,0.624150156974792) (0.4980048,1.760007,0.6225012) (289.453,167.2632,210.3123) (0.1443074,1.350804,0.3073449) (303.9978,329.2132,21.55174)
compute 2.62496585545333(0.451064884662628,1.77607822418213,0.626987278461456) (0.4764439,1.770004,0.6241502) (289.82,168.2965,207.4569) (0.1321031,1.34801,0.3125134) (306.0612,325.9171,23.54478)
compute 2.92160145779229(0.423082262277603,1.78432929515839,0.628558337688446) (0.4510649,1.776078,0.6269873) (290.6146,170.0701,204.0721) (0.1185672,1.350153,0.3201311) (309.0086,323.2856,24.84026)
compute 2.98879693202863(0.404330462217331,1.80735671520233,0.631934523582459) (0.4230823,1.784329,0.6285583) (290.747,167.351,206.4439) (0.09360611,1.365328,0.3254635) (314.5854,318.2094,26.32773)
compute 3.71771551789439(0.383926749229431,1.83726716041565,0.640372216701508) (0.4043305,1.807357,0.6319345) (291.3382,147.2074,222.4081) (0.05895859,1.372467,0.3195097) (318.7292,314.2994,27.25551)
compute 8.67961649632062(0.298716008663177,1.84495508670807,0.654987275600433) (0.3839267,1.837267,0.6403722) (288.5186,141.0793,224.1123) (0.008831412,1.347094,0.3065943) (322.3351,313.6374,27.41981)
compute 15.5237725274156(0.143763557076454,1.84436750411987,0.645598769187927) (0.298716,1.844955,0.6549873) (286.556,166.4784,193.5385) (-0.04628949,1.320977,0.2941324) (325.1876,313.2008,26.7537)
compute 17.702240660575(-0.0330970510840416,1.83874070644379,0.640539228916168) (0.1437636,1.844368,0.6455988) (288.4453,196.6264,157.0515) (-0.1085858,1.305864,0.2788887) (326.8228,315.2019,25.48927)
compute 16.9686886872924(-0.194871038198471,1.78877806663513,0.651788890361786) (-0.03309705,1.838741,0.6405392) (290.2641,216.8911,130.1728) (-0.1558929,1.287329,0.2683037) (326.1161,318.8104,21.96971)
compute 18.2390457138024(-0.332792490720749,1.67174005508423,0.675156712532043) (-0.194871,1.788778,0.6517889) (293.1525,233.2098,106.1165) (-0.2053113,1.255211,0.2619642) (328.5556,322.6747,20.45411)
compute 26.3832293864817(-0.472168982028961,1.44788801670074,0.683638572692871) (-0.3327925,1.67174,0.6751567) (302.3754,242.9651,83.23691) (-0.257228,1.219652,0.2677565) (340.0172,318.0466,24.62795)
compute 30.6643074461758(-0.570641279220581,1.1582750082016,0.662249624729156) (-0.472169,1.447888,0.6836386) (318.9048,241.7386,73.96294) (-0.2916008,1.181573,0.280568) (348.6663,313.3044,25.55226)
compute 21.6190362880857(-0.62416934967041,0.949523329734802,0.645052015781403) (-0.5706413,1.158275,0.6622496) (323.5417,239.5384,73.49715) (-0.3037019,1.146688,0.3007198) (357.2568,309.5734,25.08311)
compute 20.9038563863632(-0.58934873342514,0.754564166069031,0.578152298927307) (-0.6241693,0.9495233,0.645052) (318.284,248.5288,60.09629) (-0.3063335,1.139364,0.308628) (0.9547365,308.0489,19.79008)
compute 18.2879415032075(-0.492274641990662,0.64683735370636,0.46672323346138) (-0.5893487,0.7545642,0.5781523) (318.4866,262.4254,35.87937) (-0.2972513,1.184263,0.3105218) (356.7887,309.7433,17.14322)
compute 13.5272762948064(-0.399420291185379,0.648912131786346,0.368374437093735) (-0.4922746,0.6468374,0.4667232) (318.5181,260.8369,27.07847) (-0.2373837,1.268612,0.2934178) (339.7047,320.2511,17.03929)
compute 9.11882430169057(-0.363556832075119,0.732078373432159,0.357768565416336) (-0.3994203,0.6489121,0.3683744) (317.1329,270.3492,19.4913) (-0.1611672,1.330003,0.2642444) (323.955,332.104,17.92036)
compute 7.04182144117321(-0.331836402416229,0.794420719146729,0.349646300077438) (-0.3635568,0.7320784,0.3577686) (312.0422,268.861,24.07565) (-0.09641442,1.348884,0.2309872) (315.144,340.3189,15.05158)
compute 6.47974380720495(-0.283760339021683,0.833822071552277,0.331345111131668) (-0.3318364,0.7944207,0.3496463) (305.0305,255.6546,42.5826) (-0.05704555,1.351553,0.2001636) (312.3797,341.814,13.78797)
compute 4.80513239765676(-0.245837464928627,0.862457394599915,0.324217438697815) (-0.2837603,0.8338221,0.3313451) (300.6608,252.3291,52.55461) (-0.02572376,1.341511,0.1729316) (309.7857,345.8223,11.5919)
compute 3.2563192052973(-0.220311000943184,0.874036073684692,0.307643502950668) (-0.2458375,0.8624574,0.3242174) (296.9856,252.757,55.66436) (0.003487814,1.334213,0.1576645) (308.2896,1.225614,1.464899)
compute 6.02726524144185(-0.191416263580322,0.87509024143219,0.254758954048157) (-0.220311,0.8740361,0.3076435) (295.9108,250.6567,60.31767) (0.01790568,1.326823,0.1438379) (307.8903,17.85008,351.6374)
compute 3.41695390708492(-0.17998443543911,0.873555958271027,0.222595050930977) (-0.1914163,0.8750902,0.254759) (295.0546,250.0234,62.99997) (0.02465729,1.317288,0.1358709) (308.5516,24.57294,346.6207)
compute 0.412259072312045(-0.176190495491028,0.872779965400696,0.221180975437164) (-0.1799844,0.873556,0.2225951) (292.6621,260.619,53.98856) (0.02923812,1.305746,0.1393709) (312.5821,29.23024,344.0056)
compute 1.40274274817244(-0.185630723834038,0.863144338130951,0.225028768181801) (-0.1761905,0.87278,0.221181) (292.3969,268.6479,48.11789) (0.04170818,1.291261,0.1600387) (323.5247,32.48608,343.6961)
compute 1.87002223488324(-0.183024749159813,0.851728081703186,0.239608764648438) (-0.1856307,0.8631443,0.2250288) (293.2153,278.6953,41.16973) (0.05439731,1.285499,0.1810341) (330.6686,36.19064,342.6826)
compute 1.53295124994953(-0.179927870631218,0.85279905796051,0.254583954811096) (-0.1830247,0.8517281,0.2396088) (292.9998,287.2188,34.46469) (0.06635623,1.274818,0.2021425) (342.6169,37.67983,344.341)
compute 1.22528644411569(-0.176616191864014,0.858200192451477,0.265071719884872) (-0.1799279,0.8527991,0.254584) (294.8261,303.6162,21.26113) (0.07728702,1.254411,0.2192854) (356.6099,38.538,347.9269)
compute 0.843742555302404(-0.175919026136398,0.854792177677155,0.272758692502975) (-0.1766162,0.8582002,0.2650717) (297.7973,306.3108,20.26266) (0.08879831,1.238544,0.2327363) (5.417256,41.49618,351.6379)
compute 2.61662013677821(-0.159603849053383,0.849930644035339,0.292629539966583) (-0.175919,0.8547922,0.2727587) (299.473,310.0615,17.73441) (0.09728031,1.231295,0.2374523) (9.878787,42.94305,354.0981)
compute 2.89161375772298(-0.155902907252312,0.84472793340683,0.32083198428154) (-0.1596038,0.8499306,0.2926295) (299.1116,314.6753,13.85209) (0.1033072,1.229854,0.2468746) (12.24472,40.72931,356.0966)
compute 20.9902588011232(-0.139719098806381,0.859316051006317,0.52960067987442) (-0.1559029,0.8447279,0.320832) (299.4792,316.3314,11.78196) (0.1017476,1.22842,0.2524927) (10.20297,41.40664,357.4329)
compute 1.3794513712988(-0.140724614262581,0.848884701728821,0.520630478858948) (-0.1397191,0.8593161,0.5296007) (301.4836,313.8888,12.57402) (0.1213163,1.249345,0.2371822) (2.733627,59.82718,357.0861)
compute 3.3157363938208(-0.117013163864613,0.845630168914795,0.497683018445969) (-0.1407246,0.8488847,0.5206305) (301.9215,313.2978,13.97189) (0.1390032,1.278959,0.1934224) (355.2613,83.22489,355.3596)
compute 3.59718608578858(-0.0828022584319115,0.850903630256653,0.507469713687897) (-0.1170132,0.8456302,0.497683) (300.4675,316.1969,18.89026) (0.129891,1.25729,0.1807541) (0.5190325,91.12167,355.7179)
compute 3.92121096513579(-0.0440718717873096,0.851092934608459,0.513594329357147) (-0.08280226,0.8509036,0.5074697) (299.9165,317.5641,27.7126) (0.1295862,1.241274,0.1780791) (6.130992,91.31686,358.6345)
compute 3.16461541789024(-0.0138199497014284,0.850401818752289,0.522858381271362) (-0.04407187,0.8510929,0.5135943) (300.2162,333.2915,21.40635) (0.123991,1.22932,0.2472401) (5.003679,62.31256,353.6555)
compute 1.01507558807281(-0.0156165286898613,0.852046132087708,0.532712638378143) (-0.01381995,0.8504018,0.5228584) (300.7933,340.4135,16.51315) (0.03119168,1.259713,0.3141857) (356.6993,17.12684,349.9956)
compute 6.867837621953(-0.084147185087204,0.856256186962128,0.534307599067688) (-0.01561653,0.8520461,0.5327126) (299.4685,330.0933,16.71883) (-0.04081129,1.280488,0.3062705) (347.5195,337.3364,351.9435)
compute 11.4676529836421(-0.198595240712166,0.849272072315216,0.532417714595795) (-0.08414719,0.8562562,0.5343076) (298.0799,321.9683,12.02972) (-0.04975729,1.287792,0.2724609) (345.4593,315.3481,357.4627)
compute 10.6787227091084(-0.105826623737812,0.812835514545441,0.494078785181046) (-0.1985952,0.8492721,0.5324177) (297.5605,315.5663,6.618854) (-0.04401731,1.284694,0.2615926) (345.4683,304.4325,3.693217)
compute 3.68429783916827(-0.132786616683006,0.820643901824951,0.470212638378143) (-0.1058266,0.8128355,0.4940788) (297.8283,307.2227,5.13742) (-0.0383013,1.2858,0.2560421) (344.6545,296.806,5.547146)
compute 1.90005109028084(-0.129557564854622,0.820560812950134,0.451488703489304) (-0.1327866,0.8206439,0.4702126) (297.5002,299.4034,6.518796) (-0.03287799,1.286066,0.2606161) (346.1592,290.8271,5.124567)
compute 1.06903259977592(-0.139854088425636,0.820232152938843,0.448632717132568) (-0.1295576,0.8205608,0.4514887) (297.6725,296.4355,5.896127) (-0.03394085,1.286868,0.2661723) (346.7922,288.0145,5.235233)
compute 1.41634554910008(-0.153758555650711,0.822691023349762,0.449738711118698) (-0.1398541,0.8202322,0.4486327) (297.3596,296.0356,5.247772) (-0.03513426,1.284172,0.2741283) (353.4963,286.1694,4.994884)
compute 1.19326893335185(-0.162820681929588,0.82997453212738,0.452425241470337) (-0.1537586,0.822691,0.4497387) (296.7645,296.811,4.152758) (-0.04785322,1.27963,0.2761391) (359.9421,281.26,2.318948)
compute 1.2586554564972(-0.167326733469963,0.841684997081757,0.451434344053268) (-0.1628207,0.8299745,0.4524252) (296.1686,297.4144,3.257649) (-0.05335914,1.274498,0.2706597) (2.651734,276.9146,0.6655999)
compute 0.772955016347452(-0.169223383069038,0.84674334526062,0.445906072854996) (-0.1673267,0.841685,0.4514343) (296.5487,295.2042,3.343321) (-0.05742498,1.272085,0.2630691) (4.117094,274.2363,1.110303)
compute 0.994957974183418(-0.169748902320862,0.847340404987335,0.435988336801529) (-0.1692234,0.8467433,0.4459061) (297.1144,291.7873,4.239545) (-0.06582129,1.270664,0.2526627) (4.766038,271.711,1.379912)
Average= 9.61757489873954
Max= 43.8013892409051
Standard Deviation= 9.74441113530675
Right: 32    Miss: 8
0
