red 161.9071 169.0267 16.95083 (-0.9204023,5,0.7) (-0.9204023,1.676939,0.7)
red 162.9152 169.56 14.75037 (-0.4545599,5,0.7) (-0.4545599,1.330571,0.7)
red 162.4045 170.4711 13.55311 (0.622328,5,0.7) (0.622328,0.07898302,0.7)
red 163.4155 170.6711 16.77201 (0.1055411,5,0.7) (0.1055411,1.564857,0.7)
red 163.9136 170.7045 16.12175 (0.05986583,5,0.7) (0.05986583,1.628887,0.7)
red 164.9118 171.2711 13.96113 (0.4530818,5,0.7) (0.4530818,1.256256,0.7)
red 164.4105 171.3711 14.57675 (0.5318179,5,0.7) (0.5318179,1.103271,0.7)
red 165.9092 171.8378 13.12951 (-0.2424544,5,0.7) (-0.2424544,1.255042,0.7)
red 167.4079 173.2489 13.76909 (0.7762244,5,0.7) (0.7762244,1.51016,0.7)
red 166.9087 173.2933 14.73394 (0.8692296,5,0.7) (0.8692296,1.474211,0.7)
red 166.408 173.66 16.91135 (0.4266524,5,0.7) (0.4266524,1.604659,0.7)
red 165.4121 174.0378 14.37323 (0.9625692,5,0.7) (0.9625692,0.08213682,0.7)
red 168.4049 174.4933 14.0352 (-0.5555501,5,0.7) (-0.5555501,1.443294,0.7)
red 167.9048 174.76 15.65875 (-0.7826333,5,0.7) (-0.7826333,1.479628,0.7)
red 169.4122 175.3378 15.19321 (-0.6190989,5,0.7) (-0.6190989,1.845042,0.7)
red 170.4095 177.4378 16.96864 (0.6903565,5,0.7) (0.6903565,1.722929,0.7)
red 171.9111 177.5711 14.35167 (0.3750183,5,0.7) (0.3750183,1.777871,0.7)
red 172.41 178.3267 14.8514 (-0.485953,5,0.7) (-0.485953,1.764622,0.7)
red 168.9142 178.6044 15.8589 (0.5347152,5,0.7) (0.5347152,0.08356392,0.7)
red 170.9078 178.9267 14.58326 (-0.7438483,5,0.7) (-0.7438483,0.5103258,0.7)
red 169.9117 179.0711 15.89669 (-0.9452896,5,0.7) (-0.9452896,0.368605,0.7)
red 171.4068 179.66 13.83162 (0.7962692,5,0.7) (0.7962692,0.08139049,0.7)
red 173.9116 180.0711 13.31245 (-0.8393917,5,0.7) (-0.8393917,1.168152,0.7)
red 174.4103 180.1822 13.5112 (-0.9706981,5,0.7) (-0.9706981,1.473558,0.7)
red 175.9117 181.4378 14.43385 (0.07342565,5,0.7) (0.07342565,1.875613,0.7)
red 175.4088 181.66 13.90367 (0.3020241,5,0.7) (0.3020241,1.304424,0.7)
red 173.4065 181.86 14.11484 (0.1978236,5,0.7) (0.1978236,0.0799623,0.7)
red 172.907 182.1267 15.20125 (0.5871317,5,0.7) (0.5871317,0.08306701,0.7)
red 174.9096 182.7822 13.28305 (0.6702759,5,0.7) (0.6702759,0.08109852,0.7)
red 176.4082 183.2045 16.31112 (0.003804564,5,0.7) (0.003804564,1.676212,0.7)
red 178.4154 183.56 13.28303 (0.087937,5,0.7) (0.087937,1.794766,0.7)
red 176.91 184.36 15.74063 (-0.8668604,5,0.7) (-0.8668604,1.193093,0.7)
red 177.9053 184.6711 16.61316 (-0.2957195,5,0.7) (-0.2957195,1.765517,0.7)
red 179.4148 184.8711 14.45561 (-0.1267856,5,0.7) (-0.1267856,1.919092,0.7)
red 177.4084 185.1933 13.15207 (0.8365674,5,0.7) (0.8365674,0.08069079,0.7)
red 178.9048 185.1933 15.5958 (0.2633998,5,0.7) (0.2633998,1.7573,0.7)
red 179.9148 186.36 16.46181 (0.6724937,5,0.7) (0.6724937,1.880838,0.7)
red 180.9131 187.4267 16.89921 (0.2384254,5,0.7) (0.2384254,1.94737,0.7)
red 181.4125 187.7489 16.27853 (-0.2508758,5,0.7) (-0.2508758,1.892982,0.7)
red 180.4142 187.9933 16.48216 (-0.5548232,5,0.7) (-0.5548232,1.334467,0.7)
0
