yellow 7.042861 12.82222 13.49903 (-0.484254,5,0.7) (-0.484254,1.462966,0.7)
yellow 6.534359 13.61111 16.67078 (0.2327353,5,0.7) (0.2327353,1.629987,0.7)
blue 6.534359 14 12.67932 (0.1945366,5,0.7) (0.1945366,0.08194327,0.7)
yellow 7.541955 14.26667 15.65256 (0.7710605,5,0.7) (0.7710605,1.541267,0.7)
purple 6.534359 14.37778 13.23591 (0.3919122,5,0.7) (0.3919122,0.08174384,0.7)
blue 9.040236 15.03333 10.42858 (-0.5920124,5,0.7) (-0.5920124,0.08041306,0.7)
yellow 8.040896 15.08889 15.01488 (-0.2128035,5,0.7) (-0.2128035,1.189492,0.7)
blue 9.538542 15.16667 12.63668 (-0.2888476,5,0.7) (-0.2888476,1.286216,0.7)
yellow 9.040236 15.16667 13.74158 (-0.1186141,5,0.7) (-0.1186141,1.327295,0.7)
yellow 9.538542 15.8 13.63287 (-0.6341195,5,0.7) (-0.6341195,1.211677,0.7)
blue 7.042861 16.07778 14.9486 (-0.631784,5,0.7) (-0.631784,0.08093271,0.7)
blue 8.541103 16.28889 13.09585 (0.31794,5,0.7) (0.31794,0.07753135,0.7)
blue 10.53481 16.7 10.69202 (-0.5388718,5,0.7) (-0.5388718,0.08084967,0.7)
yellow 8.541103 16.87778 16.9332 (-0.0375098,5,0.7) (-0.0375098,1.097867,0.7)
purple 11.04268 16.91111 12.65182 (-0.1295725,5,0.7) (-0.1295725,1.128395,0.7)
purple 9.538542 16.94444 12.58319 (-0.5950365,5,0.7) (-0.5950365,0.07585531,0.7)
purple 8.541103 17.4 14.70216 (-0.6485569,5,0.7) (-0.6485569,0.08198183,0.7)
blue 7.541955 17.5 16.21236 (-0.3834256,5,0.7) (-0.3834256,0.08064812,0.7)
blue 12.53528 17.56667 11.00963 (0.6588266,5,0.7) (0.6588266,1.126063,0.7)
yellow 10.03562 17.6 15.5799 (0.7106495,5,0.7) (0.7106495,1.088031,0.7)
purple 8.040896 18.31111 16.63464 (-0.03563821,5,0.7) (-0.03563821,0.08265382,0.7)
blue 10.03562 18.4 13.98989 (0.4928779,5,0.7) (0.4928779,0.08086205,0.7)
yellow 11.54089 18.51111 13.49138 (-0.1393884,5,0.7) (-0.1393884,0.725786,0.7)
yellow 10.53481 18.73333 16.1047 (-0.4796828,5,0.7) (-0.4796828,0.9243838,0.7)
purple 7.541955 18.91111 18.07715 (0.9869988,5,0.7) (0.9869988,0.08492546,0.7)
yellow 12.53528 19.25556 13.50432 (0.1082882,5,0.7) (0.1082882,0.888307,0.7)
purple 7.042861 19.32222 19.21591 (-0.2569324,5,0.7) (-0.2569324,0.08224949,0.7)
purple 10.03562 19.56667 15.62127 (0.2904904,5,0.7) (0.2904904,0.07975206,0.7)
purple 9.040236 19.64445 17.07109 (0.06902254,5,0.7) (0.06902254,0.08096495,0.7)
yellow 12.034 20.13333 14.88429 (0.7234049,5,0.7) (0.7234049,0.5751313,0.7)
purple 12.53528 20.16667 12.92059 (-0.05955946,5,0.7) (-0.05955946,0.07950211,0.7)
blue 11.54089 20.27778 14.51983 (0.5055978,5,0.7) (0.5055978,0.07787508,0.7)
yellow 11.04268 20.47778 16.02285 (0.4287471,5,0.7) (0.4287471,0.2728928,0.7)
blue 8.040896 20.51111 19.89183 (0.3260562,5,0.7) (0.3260562,0.2215208,0.7)
purple 11.54089 20.57778 14.9509 (0.3011794,5,0.7) (0.3011794,0.08188435,0.7)
purple 14.53778 20.6 10.52747 (0.7660265,5,0.7) (0.7660265,0.07704246,0.7)
purple 13.54236 20.64445 12.13666 (-0.5408962,5,0.7) (-0.5408962,0.07704782,0.7)
blue 11.04268 20.71111 15.82894 (0.9129341,5,0.7) (0.9129341,0.08366293,0.7)
purple 12.034 21 14.83674 (-0.3817149,5,0.7) (-0.3817149,0.07975054,0.7)
blue 15.03486 21.52222 11.1847 (-0.622766,5,0.7) (-0.622766,0.07606286,0.7)
yellow 13.54236 21.92222 14.02158 (0.6811666,5,0.7) (0.6811666,0.08075392,0.7)
yellow 14.04252 21.95556 16.72241 (-0.5603065,5,0.7) (-0.5603065,1.239245,0.7)
blue 15.53496 22.14445 11.38401 (-0.07305801,5,0.7) (-0.07305801,0.08134131,0.7)
purple 10.53481 22.16667 18.39858 (-0.7244179,5,0.7) (-0.7244179,0.08357253,0.7)
yellow 14.53778 22.2 16.98299 (-0.333093,5,0.7) (-0.333093,1.429513,0.7)
yellow 13.04346 22.37778 15.3694 (0.4777093,5,0.7) (0.4777093,0.08274119,0.7)
purple 13.04346 22.41111 15.40701 (0.3038082,5,0.7) (0.3038082,0.079487,0.7)
purple 14.04252 22.63333 14.32703 (-0.1895589,5,0.7) (-0.1895589,0.08264446,0.7)
yellow 16.03567 23.18889 14.11379 (-0.9809017,5,0.7) (-0.9809017,0.8413808,0.7)
blue 14.53778 23.25556 16.92067 (-0.9065106,5,0.7) (-0.9065106,0.9164848,0.7)
blue 12.034 23.55556 18.25153 (0.1660532,5,0.7) (0.1660532,0.08154148,0.7)
blue 13.04346 23.78889 17.26756 (-0.8477249,5,0.7) (-0.8477249,0.08347379,0.7)
purple 15.03486 23.82222 14.5911 (0.1272789,5,0.7) (0.1272789,0.08134281,0.7)
blue 14.04252 23.91111 16.10248 (-0.2839731,5,0.7) (-0.2839731,0.08442795,0.7)
purple 15.53496 24.95556 15.47079 (0.3085105,5,0.7) (0.3085105,0.08052307,0.7)
blue 13.54236 25.31111 18.58512 (-0.9116724,5,0.7) (-0.9116724,0.08487391,0.7)
yellow 15.03486 25.47778 16.8519 (0.2714128,5,0.7) (0.2714128,0.0812567,0.7)
yellow 15.53496 25.51111 16.23372 (0.6222992,5,0.7) (0.6222992,0.08301754,0.7)
blue 16.03567 27.33333 17.97487 (0.5053787,5,0.7) (0.5053787,0.08402108,0.7)
purple 16.03567 27.42222 18.08236 (-0.05472314,5,0.7) (-0.05472314,0.08187899,0.7)
0
