yellow 273.3216 278.1733 13.47175 (-0.6096861,5,0.7) (-0.6096861,2.032599,0.7)
yellow 272.8246 278.5067 16.11633 (-0.4349886,5,0.7) (-0.4349886,2.182684,0.7)
purple 272.8246 279.2511 11.10737 (0.07806838,5,0.7) (0.07806838,0.08044679,0.7)
yellow 273.8207 279.9289 15.88001 (0.7819061,5,0.7) (0.7819061,1.917288,0.7)
yellow 274.8199 280.4733 15.13595 (0.3248968,5,0.7) (0.3248968,1.980556,0.7)
yellow 274.3209 281.0067 15.91659 (0.5037336,5,0.7) (0.5037336,1.632674,0.7)
blue 272.8246 281.7178 14.7459 (0.8882577,5,0.7) (0.8882577,0.08074814,0.7)
purple 275.3181 281.94 11.39805 (0.8320854,5,0.7) (0.8320854,0.07982489,0.7)
blue 274.3209 281.9511 18.70882 (0.4703138,5,0.7) (0.4703138,1.847077,0.7)
yellow 275.8282 281.9511 15.67628 (0.5069933,5,0.7) (0.5069933,1.857598,0.7)
purple 273.3216 282.1511 14.64477 (0.7311103,5,0.7) (0.7311103,0.07778633,0.7)
blue 273.8207 282.2956 14.15104 (0.6880198,5,0.7) (0.6880198,0.08178491,0.7)
yellow 276.3274 282.4733 14.24677 (0.9316883,5,0.7) (0.9316883,1.466651,0.7)
blue 276.3274 282.5844 14.30511 (0.6882885,5,0.7) (0.6882885,1.419504,0.7)
yellow 277.3254 282.9844 13.41291 (0.1813406,5,0.7) (0.1813406,1.512646,0.7)
purple 274.8199 283.2067 14.02538 (-0.9494472,5,0.7) (-0.9494472,0.08234587,0.7)
yellow 276.8264 283.2845 15.53986 (-0.1076013,5,0.7) (-0.1076013,1.650395,0.7)
blue 275.3181 283.5622 13.81323 (-0.816915,5,0.7) (-0.816915,0.08038932,0.7)
blue 274.8199 283.8178 14.89076 (-0.4756027,5,0.7) (-0.4756027,0.08267447,0.7)
yellow 278.8238 284.1733 14.32854 (-0.245488,5,0.7) (-0.245488,1.950858,0.7)
purple 274.3209 284.6289 16.67274 (0.7177901,5,0.7) (0.7177901,0.08045912,0.7)
yellow 275.3181 284.7067 15.43147 (-0.3788625,5,0.7) (-0.3788625,0.08301294,0.7)
purple 277.3254 284.7067 12.56403 (-0.2781082,5,0.7) (-0.2781082,0.08216287,0.7)
yellow 277.8245 284.7511 15.10734 (0.4391071,5,0.7) (0.4391071,1.283339,0.7)
purple 273.8207 285.3178 19.83277 (0.7765067,5,0.7) (0.7765067,0.5803299,0.7)
purple 278.3237 285.4622 12.19517 (-0.7189841,5,0.7) (-0.7189841,0.08092016,0.7)
purple 279.321 285.6178 10.89745 (-0.6518326,5,0.7) (-0.6518326,0.07919146,0.7)
purple 276.8264 285.7845 14.83423 (0.8297379,5,0.7) (0.8297379,0.07874748,0.7)
blue 275.8282 285.8845 16.35111 (-0.5243862,5,0.7) (-0.5243862,0.08228561,0.7)
blue 273.3216 286.0511 19.76095 (0.4685652,5,0.7) (0.4685652,0.08194534,0.7)
blue 278.8238 286.0844 12.36805 (-0.9759903,5,0.7) (-0.9759903,0.07604921,0.7)
yellow 278.3237 286.1067 13.14646 (0.8648326,5,0.7) (0.8648326,0.07825138,0.7)
yellow 279.321 286.1511 16.56617 (0.1404096,5,0.7) (0.1404096,1.722144,0.7)
blue 278.3237 286.2845 13.40537 (-0.5047827,5,0.7) (-0.5047827,0.07795841,0.7)
blue 277.3254 286.5511 15.21581 (-0.6025987,5,0.7) (-0.6025987,0.08271997,0.7)
blue 277.8245 286.64 14.64345 (0.9402349,5,0.7) (0.9402349,0.08349292,0.7)
purple 279.8198 287.1622 12.49328 (-0.02520335,5,0.7) (-0.02520335,0.08016282,0.7)
purple 277.8245 287.2733 15.51132 (0.8245671,5,0.7) (0.8245671,0.07851872,0.7)
blue 280.82 287.3178 11.19748 (0.7208517,5,0.7) (0.7208517,0.07390428,0.7)
purple 281.3181 287.3622 10.48941 (-0.7643254,5,0.7) (-0.7643254,0.07549781,0.7)
blue 279.321 287.4622 13.66974 (0.257081,5,0.7) (0.257081,0.08070143,0.7)
yellow 279.8198 287.5511 13.06098 (-0.8216414,5,0.7) (-0.8216414,0.07648913,0.7)
yellow 282.3289 287.7067 14.17868 (-0.9633968,4.99898,0.7) (-0.9633968,1.893569,0.7)
purple 280.3208 287.84 12.75257 (0.6342726,5,0.7) (0.6342726,0.07786089,0.7)
blue 281.8284 287.94 10.60724 (-0.1582772,5,0.7) (-0.1582772,0.07309026,0.7)
purple 275.8282 287.9844 19.06245 (-0.9297035,5,0.7) (-0.9297035,0.08170058,0.7)
purple 276.3274 288.4067 18.97588 (-0.5211289,5,0.7) (-0.5211289,0.08505845,0.7)
purple 278.8238 288.4511 15.76326 (0.3363707,5,0.7) (0.3363707,0.08173648,0.7)
purple 280.82 288.4622 12.93411 (-0.1037861,5,0.7) (-0.1037861,0.07825851,0.7)
yellow 281.8284 288.5622 15.25137 (0.2958495,5,0.7) (0.2958495,1.426041,0.7)
blue 276.8264 288.7733 18.80933 (-0.9160833,5,0.7) (-0.9160833,0.08512932,0.7)
blue 281.3181 288.9622 12.9325 (-0.2666405,5,0.7) (-0.2666405,0.07754245,0.7)
yellow 281.3181 289.3734 13.53848 (0.5919094,5,0.7) (0.5919094,0.07961714,0.7)
yellow 280.3208 289.7956 15.70648 (0.3590247,5,0.7) (0.3590247,0.1405002,0.7)
yellow 280.82 290.2067 15.42526 (0.9007056,5,0.7) (0.9007056,0.08062954,0.7)
blue 279.8198 291.4622 18.41681 (0.4690315,5,0.7) (0.4690315,0.08499175,0.7)
blue 282.3289 291.8289 15.60024 (0.0235976,4.998999,0.7) (0.0235976,0.08334336,0.7)
blue 280.3208 292.84 19.50352 (-0.6362638,5,0.7) (-0.6362638,0.08221892,0.7)
purple 281.8284 293.4289 18.36842 (-0.5739679,5,0.7) (-0.5739679,0.08285215,0.7)
purple 282.3289 295.04 19.75424 (0.08475435,4.999055,0.7) (0.08475435,0.08409178,0.7)
0
yellow 302.4789 307.44 13.57908 (0.4697478,5,0.7) (0.4697478,1.991645,0.7)
yellow 303.4841 308.3956 13.89083 (0.09465373,5,0.7) (0.09465373,2.096681,0.7)
yellow 302.9741 308.84 16.41586 (-0.05686152,5,0.7) (-0.05686152,2.157931,0.7)
blue 303.4841 309.84 10.98875 (-0.03927696,5,0.7) (-0.03927696,0.07283492,0.7)
yellow 303.9761 309.8622 15.4173 (0.8796861,5,0.7) (0.8796861,1.923129,0.7)
blue 302.9741 310.2956 12.45367 (-0.3838519,5,0.7) (-0.3838519,0.07720873,0.7)
blue 302.4789 310.44 13.40913 (0.2948689,5,0.7) (0.2948689,0.07953861,0.7)
purple 303.9761 310.4511 11.16527 (-0.451274,5,0.7) (-0.451274,0.07495309,0.7)
blue 303.9761 310.7178 11.57825 (-0.6555769,5,0.7) (-0.6555769,0.0762946,0.7)
yellow 304.9755 310.8845 14.15868 (-0.7628567,5,0.7) (-0.7628567,1.583469,0.7)
yellow 304.4762 311.0733 16.25208 (-0.5563896,5,0.7) (-0.5563896,1.760481,0.7)
purple 304.4762 312.0622 12.86202 (0.240379,5,0.7) (0.240379,0.082627,0.7)
yellow 305.4736 312.0733 16.51498 (0.4968707,5,0.7) (0.4968707,1.822963,0.7)
blue 304.4762 312.14 19.02246 (0.5086606,5,0.7) (0.5086606,1.898762,0.7)
blue 306.4827 312.64 10.68725 (0.12175,5,0.7) (0.12175,0.07840167,0.7)
yellow 307.9812 312.7845 13.07183 (0.7981827,5,0.7) (0.7981827,1.955752,0.7)
yellow 306.4827 312.9178 16.70714 (0.4912855,5,0.7) (0.4912855,1.941714,0.7)
purple 305.4736 312.94 17.90714 (0.506264,5,0.7) (0.506264,1.743067,0.7)
yellow 307.4801 312.9845 13.55876 (0.4873581,5,0.7) (0.4873581,1.651804,0.7)
purple 302.4789 313.0956 17.09657 (0.1596745,5,0.7) (0.1596745,0.08482522,0.7)
purple 307.4801 313.2289 10.03669 (-0.6648982,5,0.7) (-0.6648982,0.07867551,0.7)
yellow 306.9821 313.8289 15.51343 (-0.7589951,5,0.7) (-0.7589951,1.440045,0.7)
blue 306.9821 313.9289 11.90574 (-0.6739607,5,0.7) (-0.6739607,0.07909092,0.7)
yellow 305.9837 314.1289 16.70743 (-0.4957415,5,0.7) (-0.4957415,1.123622,0.7)
blue 304.9755 314.1511 15.14056 (0.4484884,5,0.7) (0.4484884,0.08342379,0.7)
purple 302.9741 314.6289 18.42996 (0.6515558,5,0.7) (0.6515558,0.08461309,0.7)
blue 305.9837 314.8845 14.75912 (0.06206834,5,0.7) (0.06206834,0.07982475,0.7)
purple 307.9812 314.94 11.91544 (0.9581332,5,0.7) (0.9581332,0.07570875,0.7)
purple 308.9775 314.9845 10.43154 (-0.3839537,5,0.7) (-0.3839537,0.07271734,0.7)
yellow 308.4805 315.0511 16.53189 (0.3987817,5,0.7) (0.3987817,1.837639,0.7)
yellow 309.4765 315.1067 14.92217 (0.3846767,5,0.7) (0.3846767,1.941255,0.7)
blue 307.9812 315.1067 12.17033 (0.464575,5,0.7) (0.464575,0.07718427,0.7)
purple 304.9755 315.1511 16.49927 (0.7368364,5,0.7) (0.7368364,0.08198833,0.7)
yellow 308.9775 315.4622 14.58087 (0.8225112,5,0.7) (0.8225112,1.373991,0.7)
purple 303.4841 315.5178 18.92039 (-0.2353832,5,0.7) (-0.2353832,0.08496868,0.7)
blue 309.9757 316.1289 10.66441 (-0.6114008,5,0.7) (-0.6114008,0.07558344,0.7)
yellow 310.4747 316.24 14.08157 (-0.586992,5,0.7) (-0.586992,1.646389,0.7)
yellow 309.9757 316.4622 16.39145 (-0.3651489,5,0.7) (-0.3651489,1.848171,0.7)
purple 310.4747 316.4845 10.42958 (-0.6282063,5,0.7) (-0.6282063,0.07169995,0.7)
blue 307.4801 316.7845 15.31939 (-0.1577574,5,0.7) (-0.1577574,0.08119395,0.7)
purple 306.9821 317.0178 16.31768 (0.9712508,5,0.7) (0.9712508,0.08089611,0.7)
blue 310.9734 317.1067 10.63684 (-0.03670251,5,0.7) (-0.03670251,0.07938914,0.7)
yellow 310.9734 317.1178 16.10843 (0.0183984,5,0.7) (0.0183984,1.953228,0.7)
blue 310.4747 317.1289 16.39746 (-0.01364124,5,0.7) (-0.01364124,1.768089,0.7)
blue 308.9775 317.1622 13.73972 (-0.6361637,5,0.7) (-0.6361637,0.08317256,0.7)
yellow 311.981 317.3845 13.97694 (0.4200828,5,0.7) (0.4200828,1.827719,0.7)
blue 308.4805 317.3956 14.77425 (-0.04881108,5,0.7) (-0.04881108,0.07961136,0.7)
purple 305.9837 317.5844 18.36746 (-0.7958372,5,0.7) (-0.7958372,0.08260256,0.7)
purple 308.4805 317.64 15.12019 (0.2655022,5,0.7) (0.2655022,0.08150794,0.7)
yellow 311.4833 317.9622 16.80287 (-0.4915358,5,0.7) (-0.4915358,1.941859,0.7)
blue 305.4736 318.2289 19.79845 (-0.06067359,5,0.7) (-0.06067359,0.08526464,0.7)
purple 306.4827 318.4289 18.80653 (-0.9659469,5,0.7) (-0.9659469,0.08413385,0.7)
blue 309.4765 318.54 14.9726 (-0.69927,5,0.7) (-0.69927,0.07821769,0.7)
blue 311.981 318.7733 11.67335 (-0.003607869,5,0.7) (-0.003607869,0.08115628,0.7)
purple 309.4765 318.8511 15.41256 (0.5352306,5,0.7) (0.5352306,0.08167148,0.7)
purple 311.981 318.9622 11.94819 (-0.9069307,5,0.7) (-0.9069307,0.07526307,0.7)
blue 311.4833 320.0956 14.34599 (0.6102657,5,0.7) (0.6102657,0.07752311,0.7)
purple 310.9734 320.6844 15.87522 (-0.9066155,5,0.7) (-0.9066155,0.08396584,0.7)
purple 309.9757 321.8289 18.67102 (0.7669845,5,0.7) (0.7669845,0.08089167,0.7)
purple 311.4833 323.8622 19.34427 (-0.6741467,5,0.7) (-0.6741467,0.08382025,0.7)
0
yellow 331.6147 336.3067 13.66741 (0.1158477,5,0.7) (0.1158477,2.176559,0.7)
yellow 332.1098 337.8956 16.26159 (-0.1450938,5,0.7) (-0.1450938,2.163706,0.7)
yellow 333.112 338.2289 14.5755 (-0.6610374,5,0.7) (-0.6610374,2.143233,0.7)
yellow 332.6098 338.5511 16.53048 (-0.3663234,5,0.7) (-0.3663234,2.144172,0.7)
yellow 333.6101 339.3845 16.73257 (-0.4124988,5,0.7) (-0.4124988,2.265619,0.7)
yellow 335.108 340.14 13.81178 (0.199967,5,0.7) (0.199967,2.010504,0.7)
blue 334.1088 340.3067 10.74138 (0.1235441,5,0.7) (0.1235441,0.07932936,0.7)
purple 331.6147 340.34 14.5179 (0.6333718,5,0.7) (0.6333718,0.08342116,0.7)
blue 332.6098 340.4733 13.26429 (-0.3629824,5,0.7) (-0.3629824,0.07997376,0.7)
yellow 335.6072 340.74 13.09072 (0.8963437,5,0.7) (0.8963437,1.754503,0.7)
yellow 334.1088 340.74 16.01987 (0.9204478,5,0.7) (0.9204478,1.6869,0.7)
blue 331.6147 341.0178 15.45776 (0.2929809,5,0.7) (0.2929809,0.08139348,0.7)
purple 332.1098 341.2178 15.03676 (0.4112973,5,0.7) (0.4112973,0.07913961,0.7)
blue 335.6072 341.4956 10.24071 (0.62939,5,0.7) (0.62939,0.07411917,0.7)
yellow 336.1163 341.6511 15.56057 (0.563899,5,0.7) (0.563899,2.136636,0.7)
yellow 336.6155 341.8956 13.5013 (-0.07952297,5,0.7) (-0.07952297,1.772491,0.7)
blue 336.1163 342.0289 10.29602 (-0.3634993,5,0.7) (-0.3634993,0.07542191,0.7)
yellow 337.1157 342.1622 13.65764 (0.05088365,5,0.7) (0.05088365,1.957638,0.7)
yellow 338.1131 342.5622 13.37909 (-0.09674585,5,0.7) (-0.09674585,2.258427,0.7)
purple 332.6098 342.9067 16.66721 (0.1567725,5,0.7) (0.1567725,0.08377793,0.7)
yellow 337.6134 342.94 13.99391 (-0.3317,5,0.7) (-0.3317,1.8783,0.7)
blue 334.6078 342.9845 19.78716 (-0.2407287,5,0.7) (-0.2407287,1.774897,0.7)
purple 333.6101 343.24 15.75738 (0.9407408,5,0.7) (0.9407408,0.07951671,0.7)
purple 339.6074 343.5844 11.17727 (0.5191453,5,0.7) (0.5191453,2.002611,0.7)
purple 337.1157 343.6178 11.22827 (-0.4495462,5,0.7) (-0.4495462,0.08064556,0.7)
yellow 338.6121 343.6289 13.86657 (0.5548546,5,0.7) (0.5548546,2.030933,0.7)
purple 335.6072 343.6733 13.55586 (-0.1361607,5,0.7) (-0.1361607,0.08013396,0.7)
blue 332.1098 343.84 18.51993 (-0.8585663,5,0.7) (-0.8585663,0.08183853,0.7)
purple 336.1163 343.9622 13.2538 (0.9857445,5,0.7) (0.9857445,0.08248734,0.7)
purple 334.1088 344.0289 16.15512 (-0.6231983,5,0.7) (-0.6231983,0.0816326,0.7)
purple 333.112 344.24 17.75512 (-0.006750941,5,0.7) (-0.006750941,0.08223572,0.7)
yellow 334.6078 344.3845 15.96269 (-0.6931956,5,0.7) (-0.6931956,0.08282271,0.7)
blue 333.112 344.9622 18.68052 (-0.5406601,5,0.7) (-0.5406601,0.08397424,0.7)
blue 333.6101 344.9845 18.06772 (-0.2151345,5,0.7) (-0.2151345,0.08169958,0.7)
yellow 339.1073 345.0289 16.58265 (-0.1379613,5,0.7) (-0.1379613,2.165775,0.7)
purple 335.108 345.1289 16.28386 (-0.8632634,5,0.7) (-0.8632634,0.07945921,0.7)
purple 336.6155 345.24 14.3695 (-0.2100123,5,0.7) (-0.2100123,0.0806619,0.7)
blue 337.1157 345.4956 14.02537 (0.5443988,5,0.7) (0.5443988,0.0823442,0.7)
yellow 340.1076 345.5067 15.51926 (-0.2679054,5,0.7) (-0.2679054,2.203041,0.7)
blue 338.1131 345.54 12.61865 (-0.8189821,5,0.7) (-0.8189821,0.07694343,0.7)
yellow 340.6076 346.0178 14.53154 (0.02615345,5,0.7) (0.02615345,1.969541,0.7)
blue 339.1073 346.0511 17.56934 (-0.07916462,5,0.7) (-0.07916462,1.899988,0.7)
yellow 339.6074 346.2511 16.34968 (0.3253696,5,0.7) (0.3253696,1.762084,0.7)
blue 339.6074 346.5511 11.88982 (0.9185729,5,0.7) (0.9185729,0.07949086,0.7)
blue 338.6121 346.6067 13.46426 (0.2284611,5,0.7) (0.2284611,0.08238041,0.7)
yellow 341.1148 346.9178 16.63952 (-0.08955562,5,0.7) (-0.08955562,2.230921,0.7)
purple 334.6078 347.0067 19.35821 (0.7120545,5,0.7) (0.7120545,0.08385204,0.7)
purple 341.1148 347.3289 10.7771 (0.6486888,5,0.7) (0.6486888,0.07978274,0.7)
purple 340.6076 347.34 11.56361 (-0.08212221,5,0.7) (-0.08212221,0.07744783,0.7)
blue 335.108 347.7289 19.63535 (-0.2949494,5,0.7) (-0.2949494,0.08516176,0.7)
purple 337.6134 347.7511 16.44808 (0.784498,5,0.7) (0.784498,0.07953625,0.7)
blue 336.6155 347.8067 17.83932 (-0.2387127,5,0.7) (-0.2387127,0.08161119,0.7)
purple 338.6121 347.8622 15.24017 (-0.3986415,5,0.7) (-0.3986415,0.08023511,0.7)
blue 340.1076 347.9067 13.15954 (0.1611608,5,0.7) (0.1611608,0.07681084,0.7)
blue 337.6134 349.1289 18.24881 (0.3619768,5,0.7) (0.3619768,0.0806499,0.7)
purple 338.1131 349.9733 18.69643 (-0.8656974,5,0.7) (-0.8656974,0.08468914,0.7)
blue 340.6076 350.24 15.75561 (0.1397344,5,0.7) (0.1397344,0.07886469,0.7)
purple 339.1073 350.84 18.51653 (0.03606617,5,0.7) (0.03606617,0.08068137,0.7)
purple 340.1076 351.2511 17.76651 (-0.9954352,5,0.7) (-0.9954352,0.08123779,0.7)
blue 341.1148 352.2733 17.7924 (0.03787148,5,0.7) (0.03787148,0.08028437,0.7)
0
