0 (0.282314538955688,0.408933252096176,0.177103817462921) (0.2823145,0.4089333,0.1771038) (20.05006,14.84163,39.98224) (-0.05205431,1.109637,0.3291216) (38.45821,11.77403,6.17335)
2.42694082405113 (0.284326463937759,0.417633950710297,0.154537156224251) (0.2823145,0.4089333,0.1771038) (19.56206,14.78445,40.09104) (-0.04893566,1.108653,0.3091949) (46.52473,14.03514,9.270637)
4.09219366782282 (0.286080330610275,0.443958461284637,0.123255386948586) (0.2843265,0.417634,0.1545372) (18.36786,13.96733,39.37194) (-0.04670916,1.110543,0.2742232) (57.5194,16.14378,14.8932)
3.72092769562721 (0.293694257736206,0.470628708600998,0.0984510257840157) (0.2860803,0.4439585,0.1232554) (17.09513,11.20461,38.26498) (-0.04129467,1.134987,0.2499954) (56.9684,10.70687,12.60452)
3.43926889134709 (0.312047243118286,0.498846918344498,0.105504937469959) (0.2936943,0.4706287,0.09845103) (15.53314,8.20402,36.78769) (-0.03511353,1.170179,0.2166254) (55.72031,0.7317069,6.350326)
4.02743583921625 (0.333120346069336,0.530691087245941,0.118307173252106) (0.3120472,0.4988469,0.1055049) (12.59658,4.9594,35.79353) (-0.01483473,1.208661,0.1681395) (53.45956,356.0634,3.638973)
4.96669709133346 (0.362535953521729,0.565646350383759,0.0988223180174828) (0.3331203,0.5306911,0.1183072) (9.393867,1.055493,34.7194) (0.01704624,1.238051,0.09896542) (54.61599,350.2198,2.19134)
6.06370291802772 (0.402503848075867,0.595316290855408,0.0641941279172897) (0.362536,0.5656464,0.09882232) (6.10103,354.4668,34.58285) (0.05992587,1.249647,0.021228) (60.4923,348.6131,4.752592)
9.30128407869226 (0.444022536277771,0.625209093093872,-0.0134847462177277) (0.4025038,0.5953163,0.06419413) (4.490145,347.6897,37.78093) (0.1062252,1.28678,-0.01631106) (54.99911,0.1981768,12.90588)
11.1252355741209 (0.472788393497467,0.647281587123871,-0.118662774562836) (0.4440225,0.6252091,-0.01348475) (6.615444,345.5794,42.59006) (0.1416341,1.320829,-0.03697972) (50.64548,8.973019,17.71947)
7.61827883744443 (0.492244154214859,0.668292045593262,-0.189259171485901) (0.4727884,0.6472816,-0.1186628) (9.706697,348.2727,45.21844) (0.1576385,1.335843,-0.05902289) (50.32664,9.62749,18.87235)
3.06430321979596 (0.507477939128876,0.677610397338867,-0.214160889387131) (0.4922442,0.668292,-0.1892592) (13.26802,352.1876,47.0813) (0.160597,1.343509,-0.07731555) (48.88919,8.058564,18.03667)
1.67331248456675 (0.51587051153183,0.67919647693634,-0.228550001978874) (0.5074779,0.6776104,-0.2141609) (19.42884,358.7637,48.86178) (0.1597962,1.349418,-0.09398392) (47.56704,8.685032,17.42392)
2.80864018960417 (0.515237092971802,0.679137289524078,-0.256629198789597) (0.5158705,0.6791965,-0.22855) (26.51782,5.374783,50.63885) (0.160384,1.355097,-0.1091225) (46.23365,12.68339,18.32902)
4.29773694940035 (0.503554046154022,0.67881840467453,-0.297986894845963) (0.5152371,0.6791373,-0.2566292) (30.03651,7.503713,51.97416) (0.1610844,1.358704,-0.1222607) (44.50552,18.15809,19.52397)
5.89360067137033 (0.480107039213181,0.679097771644592,-0.352057337760925) (0.503554,0.6788184,-0.2979869) (28.52013,11.05245,52.07027) (0.1611481,1.351575,-0.1412857) (44.5991,27.2538,22.37293)
8.19146729247791 (0.441620260477066,0.679732918739319,-0.424364864826202) (0.480107,0.6790978,-0.3520573) (23.61931,18.27408,52.19201) (0.160881,1.341769,-0.1677099) (45.79721,38.13594,25.28445)
9.11894685910687 (0.390575617551804,0.675936937332153,-0.499833762645721) (0.4416203,0.6797329,-0.4243649) (18.84973,26.20745,50.68105) (0.157178,1.335214,-0.1942077) (45.74753,45.74476,26.98182)
6.75032917558532 (0.346353590488434,0.671906113624573,-0.550675272941589) (0.3905756,0.6759369,-0.4998338) (17.36891,32.88622,50.80728) (0.1434237,1.333322,-0.2191869) (44.84391,48.80416,26.46228)
12.3587177131519 (0.348464995622635,0.693994641304016,-0.42909637093544) (0.3463536,0.6719061,-0.5506753) (20.03199,38.6789,48.6484) (0.1330888,1.336864,-0.2353345) (44.07262,48.46516,24.81297)
6.95034632279329 (0.30148309469223,0.669808030128479,-0.474245458841324) (0.348465,0.6939946,-0.4290964) (25.19264,41.55083,50.13414) (0.1252051,1.348301,-0.2488017) (42.95971,48.42953,23.26443)
4.49316302922843 (0.263605058193207,0.65330559015274,-0.491902619600296) (0.3014831,0.669808,-0.4742455) (28.36013,44.9644,51.69696) (0.1191289,1.359881,-0.2613806) (41.6013,48.28939,22.13877)
2.04682625656932 (0.245540246367455,0.645708680152893,-0.485995054244995) (0.2636051,0.6533056,-0.4919026) (28.68542,46.84119,52.90237) (0.1162495,1.368514,-0.2664661) (40.00311,46.66984,21.72192)
1.87832684641721 (0.256615489721298,0.649468302726746,-0.471297591924667) (0.2455402,0.6457087,-0.4859951) (26.15262,46.31969,52.12654) (0.1161215,1.373676,-0.2665505) (38.62706,43.86518,20.92423)
4.379217367996 (0.273134857416153,0.656215071678162,-0.431305766105652) (0.2566155,0.6494683,-0.4712976) (23.39497,40.77103,50.23234) (0.1172961,1.382767,-0.2630616) (36.53708,38.11811,18.49387)
5.19935521740361 (0.291279405355453,0.661558926105499,-0.38287490606308) (0.2731349,0.6562151,-0.4313058) (21.41521,32.14052,48.76006) (0.1159728,1.414786,-0.2492102) (26.7961,24.95144,11.21671)
6.07013875242174 (0.31190413236618,0.666448831558228,-0.325994610786438) (0.2912794,0.6615589,-0.3828749) (21.08679,23.5909,46.91726) (0.1197983,1.462984,-0.2427343) (12.2388,12.6033,4.90598)
4.88485739197546 (0.325825065374374,0.667113423347473,-0.279176354408264) (0.3119041,0.6664488,-0.3259946) (22.06463,15.10209,46.2824) (0.1282449,1.519605,-0.2592904) (352.4243,5.531919,1.697278)
3.36539653219839 (0.334570974111557,0.67015415430069,-0.246821254491806) (0.3258251,0.6671134,-0.2791764) (22.24296,8.964202,46.10971) (0.1457478,1.557152,-0.3016224) (337.1098,2.620228,1.17381)
2.22307409644828 (0.349788874387741,0.677537500858307,-0.232395321130753) (0.334571,0.6701542,-0.2468213) (21.6373,5.513114,46.62453) (0.1663027,1.565958,-0.331515) (331.1779,0.1298408,0.9639377)
3.36243710826452 (0.37106329202652,0.688721358776093,-0.208881095051765) (0.3497889,0.6775375,-0.2323953) (18.4451,5.290592,46.25978) (0.1825305,1.569791,-0.3439869) (330.074,357.9049,0.3108176)
3.46086839596103 (0.398136228322983,0.700205147266388,-0.227127730846405) (0.3710633,0.6887214,-0.2088811) (15.0932,6.77231,42.34581) (0.1903113,1.525708,-0.3270873) (352.2367,354.4151,4.890855)
1.61948206611476 (0.398663431406021,0.698071241378784,-0.243172690272331) (0.3981362,0.7002051,-0.2271277) (15.31266,3.384484,39.84216) (0.1890999,1.458282,-0.296652) (16.07675,353.4055,8.510589)
2.22191819116358 (0.377459764480591,0.695053279399872,-0.249087795615196) (0.3986634,0.6980712,-0.2431727) (16.00005,357.5427,38.20004) (0.180724,1.398317,-0.2878307) (33.83384,349.7838,12.83817)
2.37465486472572 (0.361745059490204,0.678844273090363,-0.256450861692429) (0.3774598,0.6950533,-0.2490878) (20.24346,353.0211,36.83273) (0.1588173,1.363468,-0.2853017) (43.62836,343.6278,14.07619)
3.58698167229242 (0.344851762056351,0.661986470222473,-0.283229112625122) (0.3617451,0.6788443,-0.2564509) (27.51924,347.1916,36.12768) (0.1342664,1.347326,-0.2909952) (49.19109,337.6707,14.64267)
4.17092887294208 (0.345614045858383,0.646057605743408,-0.321769416332245) (0.3448518,0.6619865,-0.2832291) (35.27812,339.0224,37.38361) (0.0957935,1.338495,-0.3071064) (50.96194,325.5894,11.91098)
1.64652106623391 (0.335968226194382,0.639254331588745,-0.31029000878334) (0.345614,0.6460576,-0.3217694) (38.89199,334.3961,38.93255) (0.05776059,1.332975,-0.3407129) (52.7174,307.1448,3.768123)
6.19418199124972 (0.288644641637802,0.636015176773071,-0.270455658435822) (0.3359682,0.6392543,-0.31029) (38.87177,330.8399,41.18755) (0.02375877,1.33754,-0.3786599) (50.33467,288.7808,355.1601)
5.47662504661525 (0.237686410546303,0.633955121040344,-0.25049677491188) (0.2886446,0.6360152,-0.2704557) (36.02079,327.2388,41.6259) (0.01189101,1.35526,-0.4057009) (47.11955,284.7336,356.4355)
1.71369293093876 (0.227258548140526,0.642195284366608,-0.261314988136292) (0.2376864,0.6339551,-0.2504968) (30.92749,322.6408,40.74757) (0.01616315,1.370149,-0.4031392) (44.78357,295.6138,4.997467)
3.84483677981894 (0.25137796998024,0.652984142303467,-0.289245814085007) (0.2272585,0.6421953,-0.261315) (23.29995,317.9583,38.64871) (0.03631146,1.382539,-0.3721411) (42.0373,308.9109,11.38701)
5.60625178771363 (0.295660138130188,0.66443657875061,-0.321663975715637) (0.251378,0.6529841,-0.2892458) (14.82024,314.4623,34.67012) (0.07568067,1.398339,-0.3253717) (38.12279,331.0452,21.12889)
5.53111205873741 (0.325294733047485,0.673886477947235,-0.367400288581848) (0.2956601,0.6644366,-0.321664) (9.500046,310.5469,32.66656) (0.1164409,1.406174,-0.302515) (37.20914,344.5288,24.05976)
3.58441665168937 (0.34231960773468,0.679175853729248,-0.398496598005295) (0.3252947,0.6738865,-0.3674003) (8.684264,311.9955,32.95542) (0.1439556,1.407344,-0.2951594) (38.32731,349.5906,22.32087)
21.5096936851781 (0.374278455972672,0.790445744991302,-0.217211365699768) (0.3423196,0.6791759,-0.3984966) (13.81472,323.8998,33.64201) (0.1615436,1.40447,-0.2912863) (39.769,350.9164,19.21068)
10.7217049967757 (0.463326394557953,0.758596897125244,-0.267724841833115) (0.3742785,0.7904457,-0.2172114) (22.20366,338.1117,37.45559) (0.1739279,1.401204,-0.2908677) (40.6547,351.9138,17.18586)
9.65651483967576 (0.535691201686859,0.736090242862701,-0.327571421861649) (0.4633264,0.7585969,-0.2677248) (30.84819,352.3493,41.03032) (0.1839222,1.398006,-0.2909189) (41.94284,353.3641,15.01021)
9.0791101455767 (0.592706143856049,0.731336534023285,-0.398067682981491) (0.5356912,0.7360902,-0.3275714) (37.2387,4.690471,45.80634) (0.1948491,1.39507,-0.289802) (41.69348,356.2663,13.92177)
5.2444253005889 (0.61579954624176,0.733569204807281,-0.445100754499435) (0.5927061,0.7313365,-0.3980677) (40.3509,11.33618,48.31554) (0.1998771,1.396648,-0.2906669) (41.09828,357.329,13.66997)
0.34535232784496 (0.612865269184113,0.734767496585846,-0.443729281425476) (0.6157995,0.7335692,-0.4451008) (39.557,11.12225,46.21737) (0.2022425,1.398304,-0.2920552) (40.71466,357.1506,13.18887)
5.5186352118429 (0.575838327407837,0.729961812496185,-0.403091311454773) (0.6128653,0.7347675,-0.4437293) (36.40422,4.290558,41.4499) (0.2049493,1.400388,-0.2927947) (40.23304,356.1723,12.15079)
6.75887564872239 (0.538467466831207,0.727727234363556,-0.346818178892136) (0.5758383,0.7299618,-0.4030913) (31.953,355.2979,38.1438) (0.2057402,1.400569,-0.2962511) (40.72485,352.9777,11.23009)
5.43523091713675 (0.510856211185455,0.732174813747406,-0.30021333694458) (0.5384675,0.7277272,-0.3468182) (27.22489,349.8093,35.83383) (0.2013435,1.401868,-0.2987144) (39.80908,351.0605,11.16514)
3.40408343719955 (0.48729133605957,0.738165199756622,-0.276389181613922) (0.5108562,0.7321748,-0.3002133) (24.39495,346.1226,34.59104) (0.2009494,1.403012,-0.3005206) (39.20602,351.157,11.50335)
0.710838860377108 (0.480350911617279,0.738499581813812,-0.274889886379242) (0.4872913,0.7381652,-0.2763892) (23.93059,343.725,34.58324) (0.2015098,1.40374,-0.3013535) (38.96716,351.4246,11.69674)
1.74574056915561 (0.479820311069489,0.739335179328918,-0.29231920838356) (0.4803509,0.7384996,-0.2748899) (24.88539,342.4851,34.59025) (0.2026955,1.40499,-0.303969) (38.40629,350.6089,10.8391)
2.66648404534967 (0.487555772066116,0.734629988670349,-0.317399829626083) (0.4798203,0.7393352,-0.2923192) (27.57417,341.5205,34.90439) (0.2058054,1.407857,-0.3077151) (37.66475,350.8207,10.54532)
1.9667842638044 (0.500303268432617,0.73161244392395,-0.332070201635361) (0.4875558,0.73463,-0.3173998) (29.13579,342.2528,35.42048) (0.2084287,1.412813,-0.3105958) (36.26956,349.8922,9.201209)
1.2929391580282 (0.51249885559082,0.730803430080414,-0.33628711104393) (0.5003033,0.7316124,-0.3320702) (30.36011,344.8975,36.17274) (0.2095193,1.41815,-0.3160544) (35.00113,348.6562,7.742754)
1.68785337724421 (0.529297590255737,0.730109632015228,-0.337772399187088) (0.5124989,0.7308034,-0.3362871) (31.47645,348.2349,37.11577) (0.2082679,1.42187,-0.3218952) (33.95722,346.6182,7.115369)
1.55651393633382 (0.54163271188736,0.729639708995819,-0.328290969133377) (0.5292976,0.7301096,-0.3377724) (32.58192,351.0024,37.77019) (0.190265,1.424201,-0.3314348) (33.43638,338.2834,5.049521)
3.93676944159638 (0.531563580036163,0.72929322719574,-0.290234327316284) (0.5416327,0.7296397,-0.328291) (33.63513,351.7609,38.00314) (0.1723238,1.423618,-0.3406819) (33.99192,330.3971,3.289584)
3.18110141379324 (0.514766275882721,0.728606224060059,-0.263228416442871) (0.5315636,0.7292932,-0.2902343) (35.05573,350.1292,38.4257) (0.1658605,1.422323,-0.3447748) (33.94138,329.1125,3.41759)
0.50354770785631 (0.511952042579651,0.728438675403595,-0.259056121110916) (0.5147663,0.7286062,-0.2632284) (35.28586,349.7128,38.99266) (0.1647083,1.422631,-0.3466433) (32.71589,331.5053,5.188147)
0.647670179113634 (0.516842126846313,0.728602230548859,-0.263299703598022) (0.511952,0.7284387,-0.2590561) (34.69896,349.5412,39.50676) (0.1660818,1.442076,-0.3408408) (25.49881,333.7368,5.550727)
0.993105372433679 (0.519384622573853,0.72914183139801,-0.272884607315063) (0.5168421,0.7286022,-0.2632997) (33.29255,346.9276,39.28425) (0.1700363,1.471352,-0.3365943) (14.73803,336.3937,4.511082)
1.22198518508156 (0.522463858127594,0.729692757129669,-0.284697294235229) (0.5193846,0.7291418,-0.2728846) (31.67444,344.9957,38.79435) (0.1785902,1.494553,-0.3365772) (6.871968,339.8679,2.915623)
1.53928109099541 (0.525700330734253,0.730773627758026,-0.299707144498825) (0.5224639,0.7296928,-0.2846973) (29.60036,343.2811,37.96206) (0.1895766,1.502975,-0.3382973) (4.186444,343.844,3.082702)
2.35494875160555 (0.532525181770325,0.734007358551025,-0.322012811899185) (0.5257003,0.7307736,-0.2997071) (27.41164,342.3724,37.027) (0.1931218,1.48591,-0.3392274) (11.68192,346.6127,4.671134)
2.18706940920321 (0.537906527519226,0.737203299999237,-0.342968821525574) (0.5325252,0.7340074,-0.3220128) (26.19084,342.1519,36.17102) (0.1921219,1.46295,-0.3365772) (19.31352,347.8458,5.632497)
0.684213559985743 (0.537252128124237,0.737646102905273,-0.349765181541443) (0.5379065,0.7372033,-0.3429688) (26.46056,341.8639,35.80033) (0.1847636,1.450512,-0.3295437) (23.01298,347.1835,5.275975)
0.141870480054771 (0.537213981151581,0.736278593540192,-0.350140929222107) (0.5372521,0.7376461,-0.3497652) (29.88874,343.1567,36.35845) (0.1706901,1.444054,-0.3215262) (25.30408,347.0214,4.889502)
1.51575566732899 (0.524977743625641,0.733721852302551,-0.341568350791931) (0.537214,0.7362786,-0.3501409) (34.67917,346.5193,38.45598) (0.1526521,1.437747,-0.311841) (27.70054,347.725,5.67041)
1.7009322923267 (0.508986175060272,0.73168820142746,-0.336141467094421) (0.5249777,0.7337219,-0.3415684) (37.9903,351.4637,40.64898) (0.1305716,1.436308,-0.2991544) (27.80962,349.4846,6.512215)
2.13624024611656 (0.487741738557816,0.729454219341278,-0.335953056812286) (0.5089862,0.7316882,-0.3361415) (40.27654,358.2735,42.58685) (0.1046344,1.43552,-0.2855148) (27.27128,352.9875,7.833491)
2.80653399809584 (0.460550099611282,0.727245211601257,-0.342540800571442) (0.4877417,0.7294542,-0.3359531) (39.75911,4.701738,43.85406) (0.07520093,1.439856,-0.2648382) (24.36988,357.6735,8.999731)
3.44451941072747 (0.426300942897797,0.725400805473328,-0.345713317394257) (0.4605501,0.7272452,-0.3425408) (36.29197,11.17122,45.99428) (0.04526212,1.461106,-0.2413637) (17.33566,2.171931,9.435623)
3.77601336659887 (0.388578325510025,0.725549519062042,-0.344037085771561) (0.4263009,0.7254008,-0.3457133) (35.60165,11.43467,45.15381) (0.01858925,1.477276,-0.2261713) (11.34802,4.80864,9.820211)
3.38514433431387 (0.355083078145981,0.72462123632431,-0.33922803401947) (0.3885783,0.7255495,-0.3440371) (33.77201,10.04064,43.18243) (-0.002576896,1.489884,-0.2165144) (5.222703,8.26452,8.174643)
2.5693438756667 (0.329738438129425,0.726887464523315,-0.342786997556686) (0.3550831,0.7246212,-0.339228) (23.88501,12.23508,35.36649) (-0.009253382,1.501571,-0.2111194) (0.9307124,12.23156,9.047407)
2.35567693032044 (0.308352947235107,0.732543349266052,-0.350885957479477) (0.3297384,0.7268875,-0.342787) (14.47013,4.886614,31.55688) (-0.015421,1.495802,-0.2055389) (3.855313,14.98599,8.751285)
2.45313114106052 (0.286396980285645,0.736197173595428,-0.361199557781219) (0.3083529,0.7325433,-0.350886) (9.06809,355.1157,31.35668) (-0.02402382,1.485024,-0.1988661) (8.268236,15.54401,9.976691)
35.0356295178661 (0.106645502150059,0.86134660243988,-0.0877465233206749) (0.286397,0.7361972,-0.3611996) (7.379838,349.2868,25.95767) (-0.02940409,1.46939,-0.1909471) (15.06565,14.09312,11.60204)
4.63918625953991 (0.0748183503746986,0.877191066741943,-0.0579439997673035) (0.1066455,0.8613466,-0.08774652) (6.983579,344.5541,22.26624) (-0.03213342,1.454566,-0.181317) (20.29611,10.18294,12.5503)
4.34573734952181 (0.041783906519413,0.894838571548462,-0.0359023474156857) (0.07481835,0.8771911,-0.057944) (4.56846,339.9,20.23394) (-0.02938204,1.441065,-0.1694303) (25.39381,5.257999,12.46803)
3.0176910142543 (0.0171994064003229,0.911697685718536,-0.0312099512666464) (0.04178391,0.8948386,-0.03590235) (1.884858,334.7488,19.24673) (-0.01938697,1.43433,-0.156679) (27.92295,0.03944211,11.57308)
1.67521914330752 (0.00216557388193905,0.918159186840057,-0.0347972624003887) (0.01719941,0.9116977,-0.03120995) (359.5499,325.8161,20.71465) (0.003304765,1.431092,-0.1439998) (28.47192,354.6781,10.49616)
1.23251178467119 (0.0101547474041581,0.912583410739899,-0.0272479336708784) (0.002165574,0.9181592,-0.03479726) (355.1787,319.8622,19.14791) (0.03364515,1.422681,-0.1310077) (31.71617,348.5587,10.65016)
7.42336516959039 (0.0541219897568226,0.855227649211884,-0.0102822780609131) (0.01015475,0.9125834,-0.02724793) (359.6584,314.2943,22.78752) (0.06075865,1.405943,-0.1192939) (36.69595,343.2834,11.12789)
12.9564265587971 (0.142211586236954,0.760877907276154,0.00090910994913429) (0.05412199,0.8552276,-0.01028228) (12.7551,311.2339,30.88459) (0.07726286,1.395434,-0.1110146) (39.60995,339.4351,12.37211)
15.9857964069715 (0.279156595468521,0.678718328475952,-0.00619285367429256) (0.1422116,0.7608779,0.0009091099) (33.09576,318.5814,37.32616) (0.08268633,1.40009,-0.1050425) (38.48085,334.8931,13.09869)
14.2237535231888 (0.414511561393738,0.640467643737793,-0.0273455232381821) (0.2791566,0.6787183,-0.006192854) (48.91841,333.5263,46.51064) (0.07277666,1.412353,-0.09844026) (34.17439,326.9125,11.58909)
8.57708641043471 (0.498275458812714,0.628515183925629,-0.0413950569927692) (0.4145116,0.6404676,-0.02734552) (56.71385,342.6976,55.25471) (0.05682144,1.43749,-0.1027507) (25.28325,319.4227,7.23942)
1.07051863470337 (0.508026361465454,0.624727487564087,-0.0391203537583351) (0.4982755,0.6285152,-0.04139506) (57.92987,338.4379,52.6442) (0.04368021,1.468886,-0.1232679) (15.36654,311.1213,2.597816)
7.12653201391415 (0.442076981067657,0.625589072704315,-0.0121262278407812) (0.5080264,0.6247275,-0.03912035) (52.25817,324.6375,42.83485) (0.03820214,1.49814,-0.1494542) (5.896716,306.3261,0.2038535)
13.3078167191678 (0.313176333904266,0.644090831279755,0.0152983339503407) (0.442077,0.6255891,-0.01212623) (41.90919,309.3363,36.69219) (0.03906149,1.530036,-0.1833479) (355.9355,302.8439,359.5086)
13.1503907213926 (0.188207179307938,0.678928256034851,0.0368004813790321) (0.3131763,0.6440908,0.01529833) (31.04979,299.5615,34.54131) (0.03566761,1.543664,-0.2140197) (350.6104,300.3411,0.4658872)
8.33898212522316 (0.106749407947063,0.69437974691391,0.0457305014133453) (0.1882072,0.6789283,0.03680048) (23.91574,296.8954,34.28021) (0.02135965,1.552804,-0.2419227) (344.7094,300.469,0.6055298)
9.1207921704235 (0.0200208388268948,0.705480396747589,0.0197725482285023) (0.1067494,0.6943797,0.0457305) (17.70879,297.5382,29.60052) (-0.004871055,1.55754,-0.2745316) (341.7366,301.167,359.9334)
4.71276456334625 (0.0519175864756107,0.685379445552826,-0.00850401818752289) (0.02002084,0.7054804,0.01977255) (27.38866,301.802,37.97971) (-0.04859705,1.550931,-0.3032836) (344.0398,302.1203,0.2542895)
7.40962826582232 (0.111500099301338,0.665165960788727,-0.0476396605372429) (0.05191759,0.6853794,-0.008504018) (37.27085,302.5103,43.66788) (-0.09263387,1.537527,-0.3258539) (346.6738,302.4513,2.070552)
5.84519469719027 (0.149416774511337,0.655924618244171,-0.0911546424031258) (0.1115001,0.665166,-0.04763966) (47.07676,324.2555,45.24218) (-0.1239566,1.533316,-0.3409043) (347.7888,301.5331,3.797339)
2.05210720696482 (0.132953777909279,0.658547520637512,-0.10312145203352) (0.1494168,0.6559246,-0.09115464) (46.5555,350.6295,48.08241) (-0.1342959,1.543009,-0.3520086) (344.7242,305.0484,2.586202)
2.04850724783503 (0.112938188016415,0.662816286087036,-0.1040113940835) (0.1329538,0.6585475,-0.1031215) (39.17118,354.5603,42.03694) (-0.135122,1.549071,-0.3623609) (341.813,312.3462,2.079282)
3.41769620983447 (0.0798961445689201,0.670329809188843,-0.108465053141117) (0.1129382,0.6628163,-0.1040114) (34.21765,338.337,35.89083) (-0.1184863,1.557117,-0.3632764) (338.7767,318.1046,2.299471)
3.01010667251437 (0.0651045814156532,0.68522697687149,-0.130037218332291) (0.07989614,0.6703298,-0.1084651) (24.87509,316.2802,32.84673) (-0.1055276,1.561569,-0.3636896) (336.5036,320.6233,1.104122)
4.22975938441086 (0.0281146299093962,0.705650091171265,-0.131967633962631) (0.06510458,0.685227,-0.1300372) (12.68944,302.6005,29.41067) (-0.09188876,1.563372,-0.3566526) (335.7245,321.4305,0.4685682)
6.20136589357863 (-0.0175071340054274,0.726269960403442,-0.0953729674220085) (0.02811463,0.7056501,-0.1319676) (3.544334,299.2284,32.16496) (-0.07765023,1.564444,-0.3476278) (334.592,319.8866,0.2712811)
5.21136339459392 (-0.017234081402421,0.734136641025543,-0.0438572242856026) (-0.01750713,0.72627,-0.09537297) (2.357422,295.5299,36.44767) (-0.05926628,1.56667,-0.3377063) (333.183,316.3312,359.6773)
5.75911183611779 (-0.00174272374715656,0.738427519798279,0.0114450650289655) (-0.01723408,0.7341366,-0.04385722) (2.953206,293.9381,50.63013) (-0.02984286,1.568174,-0.3209487) (331.9067,313.955,358.3467)
4.52515095506383 (0.0124703366309404,0.747213244438171,0.0534985922276974) (-0.001742724,0.7384275,0.01144507) (1.930244,286.6415,57.83527) (0.01147722,1.57197,-0.2939865) (329.9965,312.7099,356.4891)
8.57417019977355 (0.09439717233181,0.72271329164505,0.0472228266298771) (0.01247034,0.7472132,0.05349859) (0.4657813,282.1154,58.69915) (0.05053727,1.575727,-0.2638542) (328.5927,311.8351,355.3134)
3.65726988146431 (0.120470277965069,0.724114894866943,0.0728312432765961) (0.09439717,0.7227133,0.04722283) (356.9698,275.2858,64.30757) (0.07907263,1.576041,-0.2382233) (328.3989,311.0368,354.3076)
3.12557713385506 (0.142580509185791,0.726207792758942,0.0948239862918854) (0.1204703,0.7241149,0.07283124) (351.4654,273.8366,60.79401) (0.09772794,1.576397,-0.2187395) (329.6254,310.7266,352.8655)
2.22837619802922 (0.159475296735764,0.731575012207031,0.108326770365238) (0.1425805,0.7262078,0.09482399) (344.0883,266.481,67.44075) (0.1086484,1.576663,-0.2077615) (332.0507,308.43,353.7118)
1.01619205500857 (0.16723170876503,0.732848107814789,0.114767417311668) (0.1594753,0.731575,0.1083268) (346.7849,262.6622,70.35239) (0.1141817,1.567772,-0.2018211) (336.7184,306.1623,354.986)
0.256480194149463 (0.169532731175423,0.732979416847229,0.115892700850964) (0.1672317,0.7328481,0.1147674) (345.8435,259.9246,68.76393) (0.1099613,1.553621,-0.1979976) (343.3123,304.4694,355.75)
0.372895993659234 (0.171606838703156,0.735934376716614,0.116826206445694) (0.1695327,0.7329794,0.1158927) (340.0365,260.6408,63.68871) (0.1038578,1.54131,-0.1978866) (349.6079,304.1158,356.9773)
57.9249362565459 (-0.155358880758286,0.976866126060486,-0.296181231737137) (0.1716068,0.7359344,0.1168262) (344.1254,258.6452,62.38313) (0.09789754,1.532244,-0.2001643) (354.1643,304.9039,358.0729)
3.07547551134579 (-0.168424770236015,1.00175702571869,-0.283708035945892) (-0.1553589,0.9768661,-0.2961812) (351.1193,259.6143,60.53091) (0.08958142,1.522266,-0.2032227) (358.826,308.3047,357.7561)
2.49592545432465 (-0.153914496302605,1.0025806427002,-0.263416707515717) (-0.1684248,1.001757,-0.283708) (349.4604,266.098,58.85642) (0.07911058,1.498442,-0.1999249) (7.993346,315.6873,357.8196)
3.56761071937653 (-0.142063811421394,0.989008486270905,-0.232624784111977) (-0.1539145,1.002581,-0.2634167) (342.4011,279.5244,53.41501) (0.06879336,1.461527,-0.1926243) (20.03266,327.4771,1.062007)
4.05824177579083 (-0.124618276953697,0.963793158531189,-0.206039577722549) (-0.1420638,0.9890085,-0.2326248) (333.4961,295.8095,40.28713) (0.06005585,1.427783,-0.1876979) (29.84303,340.2383,6.126652)
4.0759361164611 (-0.0925521329045296,0.951984167098999,-0.18382166326046) (-0.1246183,0.9637932,-0.2060396) (327.5268,314.8931,19.90092) (0.05291414,1.40072,-0.1891529) (35.6132,348.3046,10.77988)
3.78031743273272 (-0.0592399723827839,0.946128964424133,-0.166936859488487) (-0.09255213,0.9519842,-0.1838217) (329.2672,325.6605,6.119071) (0.05299518,1.385365,-0.1933485) (39.0139,351.5464,12.09256)
4.03970663693655 (-0.0238475129008293,0.933077275753021,-0.152481749653816) (-0.05923997,0.946129,-0.1669369) (335.458,334.8913,355.6346) (0.05857512,1.382669,-0.1989185) (39.79879,352.8765,11.87955)
2.92538352186044 (0.00465682288631797,0.927053511142731,-0.149835243821144) (-0.02384751,0.9330773,-0.1524817) (335.0657,340.6248,357.0872) (0.06772995,1.379743,-0.2038997) (40.97728,355.1714,12.03674)
1.51248804507629 (0.0189569089561701,0.928440392017365,-0.154562413692474) (0.004656823,0.9270535,-0.1498352) (331.4512,337.0177,4.396562) (0.07065633,1.383081,-0.2076923) (41.34596,352.655,11.73991)
0.544881977388819 (0.0240325201302767,0.929642140865326,-0.152986466884613) (0.01895691,0.9284404,-0.1545624) (332.3473,333.7392,5.8329) (0.06880607,1.390334,-0.2080008) (40.01159,349.2802,10.60991)
0.908159917902351 (0.0220881067216396,0.922827303409576,-0.147307321429253) (0.02403252,0.9296421,-0.1529865) (339.0536,328.2173,14.26858) (0.06421859,1.403569,-0.200967) (35.76962,344.7809,9.386883)
2.36727040343025 (0.0066604888997972,0.906384468078613,-0.140094920992851) (0.02208811,0.9228273,-0.1473073) (349.9885,317.7704,24.89884) (0.05295354,1.44474,-0.1845715) (19.62184,336.4821,4.366774)
1.60517726365646 (-0.00892194919288158,0.902773082256317,-0.138751447200775) (0.006660489,0.9063845,-0.1400949) (352.6097,307.2709,33.75344) (0.04842451,1.516358,-0.1877953) (357.0963,325.746,359.0348)
2.88640097190441 (-0.030054334551096,0.922369062900543,-0.140348598361015) (-0.008921949,0.9027731,-0.1387514) (346.2779,299.8101,39.88353) (0.07067905,1.557028,-0.2061674) (342.9687,317.6655,357.5092)
5.26679526785268 (-0.0573546700179577,0.963339626789093,-0.15905736386776) (-0.03005433,0.9223691,-0.1403486) (336.3711,286.8381,41.36702) (0.09500137,1.56458,-0.2145971) (337.4273,313.6344,356.8409)
2.61706166993875 (-0.0627497360110283,0.982619941234589,-0.17591156065464) (-0.05735467,0.9633396,-0.1590574) (331.112,274.3467,51.30383) (0.123492,1.573706,-0.2114861) (332.2363,311.2723,355.9674)
1.2640588488341 (-0.0533812940120697,0.983709096908569,-0.167495474219322) (-0.06274974,0.9826199,-0.1759116) (335.3809,264.2168,67.08082) (0.1486162,1.585298,-0.2013056) (326.6547,316.0091,352.7513)
5.87769417406495 (-0.0150447441264987,0.94871461391449,-0.195071265101433) (-0.05338129,0.9837091,-0.1674955) (347.2566,256.9703,64.10175) (0.1678791,1.585586,-0.1913423) (325.7067,322.7795,349.1599)
3.654750847075 (0.0121627720072865,0.925406217575073,-0.202295541763306) (-0.01504474,0.9487146,-0.1950713) (353.4551,254.8132,60.61377) (0.1819977,1.584176,-0.1807702) (325.4549,331.0088,344.4932)
5.53623513978256 (0.00506000453606248,0.940374314785004,-0.255120694637299) (0.01216277,0.9254062,-0.2022955) (346.6067,251.8276,54.75428) (0.1833325,1.580129,-0.1794277) (327.1216,337.0193,342.4035)
3.70099304563409 (0.00226608337834477,0.945230007171631,-0.291704177856445) (0.005060005,0.9403743,-0.2551207) (345.825,255.4976,47.39371) (0.171309,1.576848,-0.1878994) (327.9967,340.7174,342.3708)
2.30048243152911 (-0.0105917518958449,0.947274565696716,-0.310670405626297) (0.002266083,0.94523,-0.2917042) (344.0518,262.8567,42.75344) (0.144983,1.56966,-0.2027835) (329.2762,344.3404,342.5525)
3.73344491828959 (-0.046964168548584,0.945835709571838,-0.30237352848053) (-0.01059175,0.9472746,-0.3106704) (342.9081,270.7885,40.72869) (0.1053398,1.563824,-0.2250503) (331.4207,345.2776,344.4054)
6.1083981101556 (-0.106441758573055,0.959747791290283,-0.30202254652977) (-0.04696417,0.9458357,-0.3023735) (338.8849,274.4746,40.11114) (0.05620491,1.568694,-0.2506178) (331.5449,344.1216,347.2351)
4.94529789669065 (-0.151547133922577,0.971035122871399,-0.285179197788239) (-0.1064418,0.9597478,-0.3020225) (336.3763,278.5567,42.96677) (0.01543855,1.565329,-0.2726213) (332.0108,341.1928,350.584)
4.10666156865359 (-0.180772319436073,0.982501447200775,-0.258705079555511) (-0.1515471,0.9710351,-0.2851792) (332.1336,287.5069,40.69257) (-0.01061762,1.566214,-0.2906003) (332.2704,339.5821,351.9298)
2.11688688057926 (-0.189916446805,0.993338882923126,-0.242987066507339) (-0.1807723,0.9825014,-0.2587051) (328.804,303.3291,31.98716) (-0.0270801,1.568124,-0.3055037) (332.3238,339.2651,353.0069)
3.3643119026737 (-0.178625911474228,0.996736228466034,-0.211477681994438) (-0.1899164,0.9933389,-0.2429871) (330.292,319.0862,29.01442) (-0.04139917,1.569076,-0.3173917) (331.9594,340.0996,353.5975)
5.30590851934438 (-0.143282607197762,0.983115077018738,-0.174321502447128) (-0.1786259,0.9967362,-0.2114777) (333.2454,331.2399,29.99308) (-0.05211779,1.569868,-0.3261352) (333.0779,338.5696,355.4997)
1.80284172138165 (-0.129799202084541,0.978972196578979,-0.163093939423561) (-0.1432826,0.9831151,-0.1743215) (333.7258,348.2926,24.01122) (-0.05528992,1.572345,-0.3286209) (331.677,337.4609,355.6427)
0.444366830882334 (-0.12539204955101,0.978839457035065,-0.163646727800369) (-0.1297992,0.9789722,-0.1630939) (330.1159,351.1814,24.61285) (-0.04948176,1.573527,-0.3291352) (331.543,337.5292,355.495)
0.317467990861635 (-0.127202406525612,0.978959321975708,-0.166251882910728) (-0.125392,0.9788395,-0.1636467) (327.555,339.8754,38.36637) (-0.0368567,1.575109,-0.3198317) (330.8341,336.746,354.6165)
0.782626388225273 (-0.124364092946053,0.976848185062408,-0.159270659089088) (-0.1272024,0.9789593,-0.1662519) (328.6853,327.9532,52.62374) (-0.02198982,1.576515,-0.3026121) (329.5362,334.7098,353.9781)
1.33953813545302 (-0.116426803171635,0.976382851600647,-0.148490160703659) (-0.1243641,0.9768482,-0.1592707) (326.9469,316.165,53.41175) (0.0006232113,1.574947,-0.2780961) (329.1438,330.3368,354.2073)
2.49871903813283 (-0.101391300559044,0.978634178638458,-0.128660261631012) (-0.1164268,0.9763829,-0.1484902) (322.8302,309.5912,47.46157) (0.03419636,1.590607,-0.2524549) (321.7759,327.1197,356.5593)
3.90759856208009 (-0.0786368548870087,0.981780707836151,-0.0970490723848343) (-0.1013913,0.9786342,-0.1286603) (324.4718,304.0875,44.50242) (0.07179092,1.590504,-0.2262872) (321.2297,325.9173,356.877)
3.61858919878778 (-0.0531843081116676,0.980113923549652,-0.0713818073272705) (-0.07863685,0.9817807,-0.09704907) (330.0158,300.1922,45.85323) (0.101856,1.589461,-0.2003707) (322.6027,325.5567,355.644)
3.21079762386533 (-0.0279122330248356,0.979326128959656,-0.0515923202037811) (-0.05318431,0.9801139,-0.07138181) (332.0117,296.8727,45.34795) (0.1192366,1.590846,-0.1811907) (322.3087,326.7209,353.8537)
2.30495129707908 (-0.0122108571231365,0.981699883937836,-0.0348856709897518) (-0.02791223,0.9793261,-0.05159232) (330.63,293.131,46.06264) (0.1271738,1.593387,-0.1719693) (324.1179,324.6837,355.0382)
0.875348461911947 (-0.00445284182205796,0.985744953155518,-0.0351578965783119) (-0.01221086,0.9816999,-0.03488567) (329.1532,291.0759,42.80603) (0.1236189,1.584545,-0.1653583) (327.9065,319.071,357.1299)
1.08305790545564 (-0.00971749518066645,0.985928237438202,-0.0446210503578186) (-0.004452842,0.985745,-0.0351579) (328.2769,289.3065,42.66799) (0.111108,1.583135,-0.172279) (327.8372,314.1645,356.8807)
2.12851462896702 (-0.024213794618845,0.986319661140442,-0.060201857239008) (-0.009717495,0.9859282,-0.04462105) (326.7567,287.233,43.12467) (0.1008018,1.583807,-0.1834591) (326.9731,312.7808,357.1706)
1.59220078421622 (-0.0370145589113235,0.986533761024475,-0.0696678459644318) (-0.02421379,0.9863197,-0.06020186) (325.3608,291.1804,40.75563) (0.08598312,1.584042,-0.1981209) (326.3087,314.2202,356.5063)
1.94214773009302 (-0.0530351176857948,0.986858665943146,-0.0806419029831886) (-0.03701456,0.9865338,-0.06966785) (324.5305,294.3481,37.42678) (0.06151715,1.583417,-0.2175521) (326.4979,316.1894,355.897)
2.59467527257808 (-0.0745071396231651,0.984354019165039,-0.094991572201252) (-0.05303512,0.9868587,-0.0806419) (326.8249,296.8538,37.71599) (0.0313139,1.580881,-0.2406503) (326.8251,318.4163,356.2611)
2.9990575935317 (-0.0993302762508392,0.982260644435883,-0.111690804362297) (-0.07450714,0.984354,-0.09499157) (327.8983,301.7711,38.43402) (-0.0009956583,1.581257,-0.2692633) (325.9954,320.921,356.1107)
3.49616231249853 (-0.1275934278965,0.981282353401184,-0.132246881723404) (-0.09933028,0.9822606,-0.1116908) (328.9539,306.2607,39.85298) (-0.02791521,1.580967,-0.294568) (325.7976,322.7553,357.0086)
2.76458726008545 (-0.147396519780159,0.979627847671509,-0.151466518640518) (-0.1275934,0.9812824,-0.1322469) (328.6215,308.083,41.58957) (-0.04982772,1.571345,-0.3116405) (330.9546,323.1018,0.6219633)
2.64595417063508 (-0.155463755130768,0.975054323673248,-0.176247760653496) (-0.1473965,0.9796278,-0.1514665) (329.3766,313.0365,41.31866) (-0.07100399,1.544461,-0.3146799) (345.4949,326.8649,2.865335)
1.86249566586609 (-0.146521613001823,0.973465740680695,-0.19250825047493) (-0.1554638,0.9750543,-0.1762478) (330.3018,316.1656,44.47034) (-0.08161132,1.52203,-0.3146809) (356.3653,331.3571,5.228083)
15.5387546270481 (-0.251047343015671,1.08561992645264,-0.21782822906971) (-0.1465216,0.9734657,-0.1925083) (325.4911,313.3909,47.11396) (-0.08818858,1.509332,-0.3097058) (1.678407,331.5088,6.568963)
7.24382004454476 (-0.277966678142548,1.14602708816528,-0.188271209597588) (-0.2510473,1.08562,-0.2178282) (322.0262,311.859,49.41013) (-0.09537789,1.4991,-0.3052863) (6.707725,331.4563,8.042891)
1.4033930410493 (-0.27002227306366,1.15147924423218,-0.178067699074745) (-0.2779667,1.146027,-0.1882712) (322.7048,311.8507,50.90455) (-0.09610368,1.490527,-0.2953937) (10.49666,331.7086,8.47481)
3.05036975989993 (-0.274204015731812,1.12190544605255,-0.171872615814209) (-0.2700223,1.151479,-0.1780677) (323.1959,312.6155,50.27021) (-0.08976839,1.472854,-0.2726659) (16.82366,332.6449,9.140187)
3.15241388859669 (-0.279789060354233,1.09105038642883,-0.175119757652283) (-0.274204,1.121905,-0.1718726) (323.328,310.0103,51.26041) (-0.08110669,1.439031,-0.2431732) (27.10159,334.1087,11.04085)
1.79502383973289 (-0.263165026903152,1.09382724761963,-0.181295648217201) (-0.2797891,1.09105,-0.1751198) (323.4426,307.4232,52.12175) (-0.06341399,1.411287,-0.2088547) (34.73934,333.9399,12.3933)
3.01504005000792 (-0.234965562820435,1.09226381778717,-0.170741379261017) (-0.263165,1.093827,-0.1812956) (324.3798,306.07,49.05085) (-0.04334515,1.392795,-0.1655055) (40.02504,332.3422,13.67557)
4.30225413916669 (-0.205124869942665,1.07773053646088,-0.14336884021759) (-0.2349656,1.092264,-0.1707414) (330.5636,306.1304,48.57866) (-0.01891135,1.386926,-0.1274813) (41.09889,331.4765,13.34805)
3.38166777738494 (-0.187183201313019,1.05700588226318,-0.12356598675251) (-0.2051249,1.077731,-0.1433688) (337.4263,300.4192,50.0431) (0.002911322,1.385021,-0.09800608) (41.12902,331.0401,13.25445)
3.02376954639189 (-0.166164800524712,1.04771625995636,-0.10391279309988) (-0.1871832,1.057006,-0.123566) (338.9291,299.5255,48.20682) (0.02374299,1.388168,-0.08091716) (40.90911,330.5938,13.62233)
0.958065323971133 (-0.160283133387566,1.05040597915649,-0.0968445315957069) (-0.1661648,1.047716,-0.1039128) (337.4511,298.2936,46.75441) (0.04257985,1.397455,-0.0685702) (40.3345,329.6854,13.88004)
1.03357564819699 (-0.169831395149231,1.04980182647705,-0.100755229592323) (-0.1602831,1.050406,-0.09684453) (333.2498,296.4939,43.16543) (0.05586818,1.404763,-0.06073362) (38.81423,327.7202,12.4233)
2.13959643517699 (-0.186536401510239,1.04842519760132,-0.114053159952164) (-0.1698314,1.049802,-0.1007552) (333.2487,291.7114,41.07181) (0.0638452,1.415578,-0.05825246) (36.09632,326.0171,10.54797)
1.54156860678696 (-0.196832358837128,1.04740846157074,-0.125481322407722) (-0.1865364,1.048425,-0.1140532) (336.8526,286.4573,43.02257) (0.06746519,1.428104,-0.05876513) (32.14281,324.5535,9.424938)
3.71887691708958 (-0.186035871505737,1.08264970779419,-0.130430564284325) (-0.1968324,1.047408,-0.1254813) (335.2462,283.8285,38.64355) (0.06216953,1.441575,-0.06513092) (26.28479,322.1558,7.499568)
2.27339875022177 (-0.194004148244858,1.09365701675415,-0.148656368255615) (-0.1860359,1.08265,-0.1304306) (334.5574,281.4001,41.36157) (0.05158287,1.45667,-0.07903659) (20.53661,319.7712,5.643502)
2.91335456241271 (-0.212483838200569,1.07992196083069,-0.166506096720696) (-0.1940041,1.093657,-0.1486564) (330.8598,285.0587,41.40062) (0.0388605,1.462447,-0.09666506) (19.87104,319.4158,4.766021)
2.43115761871117 (-0.227517902851105,1.06944668292999,-0.182484149932861) (-0.2124838,1.079922,-0.1665061) (327.3875,288.3863,38.84857) (0.02731834,1.443676,-0.1128733) (25.50956,322.8257,6.013241)
3.09450626455433 (-0.244796097278595,1.04897904396057,-0.197980493307114) (-0.2275179,1.069447,-0.1824841) (326.3255,291.4192,35.34872) (0.01514298,1.420941,-0.1223351) (28.95876,330.7516,7.413938)
2.20113093113851 (-0.255428493022919,1.03309321403503,-0.208893343806267) (-0.2447961,1.048979,-0.1979805) (327.0651,296.298,33.22801) (0.007074855,1.407064,-0.133604) (32.74524,340.5853,9.877017)
1.33753114294676 (-0.257051318883896,1.0198438167572,-0.208045482635498) (-0.2554285,1.033093,-0.2088933) (328.3204,305.3101,29.36331) (-0.003885061,1.397341,-0.1492123) (35.93599,349.8626,13.47886)
1.54418010066408 (-0.25946506857872,1.00485992431641,-0.205198377370834) (-0.2570513,1.019844,-0.2080455) (331.4451,314.2437,28.33055) (-0.01417558,1.387717,-0.1664442) (38.62776,354.9849,16.28595)
1.06168787016525 (-0.258945733308792,1.00478935241699,-0.194594442844391) (-0.2594651,1.00486,-0.2051984) (331.8771,321.7091,26.95266) (-0.01922015,1.381875,-0.1813218) (40.73173,359.4724,17.68633)
1.56390405967163 (-0.260438203811646,1.0011887550354,-0.179448887705803) (-0.2589457,1.004789,-0.1945944) (332.272,326.6572,27.61731) (-0.02035164,1.38614,-0.1926299) (40.51364,2.454705,18.60997)
1.98493237719356 (-0.256764054298401,1.00180554389954,-0.159952327609062) (-0.2604382,1.001189,-0.1794489) (331.0055,330.2364,28.77436) (-0.02172825,1.396601,-0.1993663) (38.48986,1.941454,17.35953)
2.2391870996465 (-0.245954483747482,1.00938856601715,-0.141867890954018) (-0.2567641,1.001806,-0.1599523) (329.053,331.5433,30.4461) (-0.02598389,1.405537,-0.1974491) (36.30354,359.8437,16.4845)
1.83684622489552 (-0.235245376825333,1.01672101020813,-0.128869786858559) (-0.2459545,1.009389,-0.1418679) (328.3447,331.5608,31.56015) (-0.02947566,1.413457,-0.1929422) (34.42056,356.4196,15.69387)
0.83307559128735 (-0.227997303009033,1.01898491382599,-0.125443175435066) (-0.2352454,1.016721,-0.1288698) (328.0801,331.224,32.07442) (-0.03358688,1.417587,-0.1859409) (32.34495,350.9162,14.62679)
0.567678279248383 (-0.224398016929626,1.0157163143158,-0.128373578190804) (-0.2279973,1.018985,-0.1254432) (327.6785,330.3161,29.96844) (-0.0363303,1.424305,-0.1772114) (29.78022,342.7262,12.61485)
1.04353017110138 (-0.221227556467056,1.00820744037628,-0.134889751672745) (-0.224398,1.015716,-0.1283736) (329.3484,327.2679,27.7843) (-0.03949683,1.445305,-0.1625655) (22.00939,328.8326,7.833829)
1.36614724895158 (-0.215841516852379,0.999623119831085,-0.144051402807236) (-0.2212276,1.008207,-0.1348898) (331.2387,321.5536,27.61132) (-0.03839362,1.475094,-0.1575575) (10.33135,314.4744,2.847607)
1.70512177592318 (-0.199048027396202,0.997635543346405,-0.146235957741737) (-0.2158415,0.9996231,-0.1440514) (332.1788,317.7668,28.39601) (-0.02407081,1.500081,-0.1639127) (359.8543,302.9025,0.3545755)
2.39130281831237 (-0.178790152072906,1.00960755348206,-0.141978919506073) (-0.199048,0.9976355,-0.146236) (330.3021,314.5105,28.17135) (0.005048223,1.519841,-0.1728696) (353.6968,295.2065,359.3938)
5.72575331155738 (-0.154129520058632,1.06097400188446,-0.136342748999596) (-0.1787902,1.009608,-0.1419789) (327.1801,309.2569,33.01424) (0.03092124,1.543681,-0.1797533) (345.353,288.8214,358.876)
4.71679003223971 (-0.13642992079258,1.10400474071503,-0.144081652164459) (-0.1541295,1.060974,-0.1363427) (325.9756,302.5744,40.62839) (0.05321811,1.562182,-0.1849528) (337.0293,285.7776,358.2063)
2.53538310675474 (-0.145424127578735,1.11666214466095,-0.164124384522438) (-0.1364299,1.104005,-0.1440817) (325.9776,293.23,42.74194) (0.0790913,1.575123,-0.1860667) (330.1124,290.5994,354.338)
3.24060285920023 (-0.141201376914978,1.12314486503601,-0.195593312382698) (-0.1454241,1.116662,-0.1641244) (325.2565,285.4822,43.30531) (0.09491015,1.577891,-0.1814541) (327.4551,300.312,352.7147)
3.36264275845894 (-0.142983615398407,1.13978850841522,-0.224757492542267) (-0.1412014,1.123145,-0.1955933) (321.7817,280.5833,38.18037) (0.1089414,1.579817,-0.1925461) (325.0503,308.2065,350.9826)
4.28965182624098 (-0.139904156327248,1.14020371437073,-0.267541319131851) (-0.1429836,1.139789,-0.2247575) (323.3029,274.3523,37.15017) (0.1101877,1.581131,-0.2176398) (323.8003,311.243,350.3902)
3.69295223645619 (-0.135122463107109,1.12934947013855,-0.302514314651489) (-0.1399042,1.140204,-0.2675413) (326.9131,271.4483,40.18658) (0.10072,1.580743,-0.2538043) (323.2702,312.4308,351.0273)
2.56124656777065 (-0.143258884549141,1.11377120018005,-0.321145325899124) (-0.1351225,1.129349,-0.3025143) (330.15,274.4572,41.89156) (0.08652844,1.580692,-0.295364) (322.8013,314.8733,350.9154)
2.95094689622188 (-0.16152748465538,1.11475157737732,-0.344299286603928) (-0.1432589,1.113771,-0.3211453) (328.9754,278.5594,41.49729) (0.07020323,1.580872,-0.3345492) (321.9067,317.5489,350.573)
3.70017858199403 (-0.186474591493607,1.11666119098663,-0.371559649705887) (-0.1615275,1.114752,-0.3442993) (328.2643,281.7507,40.37816) (0.05283564,1.581362,-0.3700982) (321.5328,320.2438,350.2732)
2.91772202606328 (-0.198543041944504,1.1078770160675,-0.396629571914673) (-0.1864746,1.116661,-0.3715596) (330.7263,283.1135,41.65252) (0.03797464,1.576039,-0.3988025) (323.4331,321.4438,352.092)
3.11406946220984 (-0.190875098109245,1.07867848873138,-0.404271006584167) (-0.198543,1.107877,-0.3966296) (336.2516,284.3707,45.00525) (0.02871365,1.577866,-0.4181518) (323.7769,322.205,353.8644)
0.721316222168035 (-0.186255738139153,1.07315456867218,-0.40384966135025) (-0.1908751,1.078678,-0.404271) (336.295,288.1154,45.45609) (0.0259717,1.578678,-0.4311957) (324.8757,324.8337,352.3019)
3.04703361344419 (-0.199282437562943,1.09494376182556,-0.386998027563095) (-0.1862557,1.073155,-0.4038497) (330.9109,293.8581,45.99208) (0.02695146,1.578962,-0.4389867) (324.3515,327.2856,351.1777)
2.71980506199584 (-0.194016724824905,1.12145042419434,-0.383931577205658) (-0.1992824,1.094944,-0.386998) (323.763,297.6641,44.69498) (0.02883891,1.583827,-0.4422539) (323.4516,327.4099,351.6393)
3.02563343373689 (-0.194550722837448,1.13664650917053,-0.35777360200882) (-0.1940167,1.12145,-0.3839316) (322.3119,299.2909,46.49171) (0.03424238,1.585705,-0.4352687) (322.7832,327.2075,351.2063)
2.80331152920197 (-0.17864216864109,1.12738406658173,-0.336631685495377) (-0.1945507,1.136647,-0.3577736) (323.9976,299.3268,48.69037) (0.04382492,1.585887,-0.4218343) (323.2057,327.1606,350.4691)
0.384875726571036 (-0.177157640457153,1.13037776947021,-0.338541358709335) (-0.1786422,1.127384,-0.3366317) (323.2494,296.2477,48.83062) (0.05298603,1.585736,-0.3981079) (323.0989,326.4305,350.4239)
1.71112494438187 (-0.167861476540565,1.13240909576416,-0.324319899082184) (-0.1771576,1.130378,-0.3385414) (321.9167,292.4222,49.38971) (0.06337021,1.585886,-0.3667248) (323.918,325.2299,350.8232)
2.86203824967918 (-0.155458509922028,1.1350085735321,-0.298657953739166) (-0.1678615,1.132409,-0.3243199) (315.998,293.5306,49.35123) (0.07753671,1.586852,-0.3268381) (323.4503,323.1039,352.5826)
4.16190940958717 (-0.137993171811104,1.1361141204834,-0.260897010564804) (-0.1554585,1.135009,-0.298658) (315.6188,295.4009,47.76012) (0.09971116,1.58861,-0.2843425) (323.8206,322.8627,351.6643)
4.24707836563433 (-0.116125755012035,1.13775193691254,-0.224525302648544) (-0.1379932,1.136114,-0.260897) (312.6684,301.9735,45.57056) (0.116106,1.5781,-0.2397195) (329.9367,324.0133,352.5085)
5.13331351679778 (-0.086772084236145,1.13820326328278,-0.182415336370468) (-0.1161258,1.137752,-0.2245253) (314.5165,309.4047,41.10491) (0.129873,1.56356,-0.1925372) (340.0222,327.8995,354.432)
4.85456634195704 (-0.0590792261064053,1.1368887424469,-0.142564877867699) (-0.08677208,1.138203,-0.1824153) (317.7252,307.4406,45.4114) (0.149424,1.555508,-0.159811) (342.7857,334.0534,355.5316)
5.36794215227581 (-0.0290480721741915,1.13746440410614,-0.0980757921934128) (-0.05907923,1.136889,-0.1425649) (314.3525,306.3657,43.51765) (0.1678728,1.552284,-0.1344503) (346.3951,339.0607,356.3082)
3.30812231106042 (-0.00966400839388371,1.13697600364685,-0.0712730512022972) (-0.02904807,1.137464,-0.09807579) (318.179,300.1043,44.94732) (0.1674413,1.526561,-0.1044783) (357.3014,340.0571,0.7261717)
1.63134204832685 (-0.000852892932016402,1.13474524021149,-0.0577262565493584) (-0.009664008,1.136976,-0.07127305) (323.1386,297.2419,43.8251) (0.1540243,1.485329,-0.08043865) (12.30239,338.5875,6.693857)
0.73019044333732 (0.00182845385279506,1.13201773166656,-0.0515062175691128) (-0.0008528929,1.134745,-0.05772626) (326.2362,300.9893,34.87634) (0.1344764,1.44173,-0.06358846) (24.82514,335.3698,12.07977)
1.19238239336482 (-0.00309412949718535,1.12637484073639,-0.0422270186245441) (0.001828454,1.132018,-0.05150622) (323.8787,305.2029,22.21179) (0.1153516,1.397631,-0.05820239) (35.96238,334.2047,17.63891)
1.77540458794204 (-0.0151116130873561,1.11803150177002,-0.0321684442460537) (-0.003094129,1.126375,-0.04222702) (328.7221,302.9875,20.84084) (0.101502,1.373841,-0.05245744) (42.1544,334.0528,20.40953)
1.85734445782322 (-0.0283251088112593,1.11059105396271,-0.0214438866823912) (-0.01511161,1.118032,-0.03216844) (331.6426,300.2892,20.4052) (0.08807955,1.35828,-0.0500126) (46.40913,332.5876,21.01382)
1.61017903754596 (-0.0440505817532539,1.10719609260559,-0.0207720287144184) (-0.02832511,1.110591,-0.02144389) (334.5443,298.3442,18.55716) (0.07124718,1.35556,-0.05444203) (48.13708,328.3046,19.69699)
2.14103890060591 (-0.0606455430388451,1.10598564147949,-0.0342459604144096) (-0.04405058,1.107196,-0.02077203) (336.2168,296.332,18.97537) (0.06248012,1.366194,-0.05888053) (46.31613,323.8325,16.09167)
2.00589112417433 (-0.0731993690133095,1.10855722427368,-0.0496780164539814) (-0.06064554,1.105986,-0.03424596) (335.0237,300.7881,16.84106) (0.06055174,1.390527,-0.06305252) (41.60031,321.8973,12.65963)
1.44505488491338 (-0.0759072452783585,1.11992990970612,-0.0581720024347305) (-0.07319937,1.108557,-0.04967802) (333.5897,304.4559,13.21923) (0.06285993,1.44284,-0.06021554) (26.66906,323.7478,9.845342)
0.513329560083342 (-0.0753760114312172,1.12457668781281,-0.0602876506745815) (-0.07590725,1.11993,-0.058172) (331.9149,304.7829,11.41519) (0.0728992,1.492514,-0.05809814) (10.92372,327.9785,7.983791)
2.11508961284001 (-0.0698152258992195,1.12826907634735,-0.0402176640927792) (-0.07537601,1.124577,-0.06028765) (330.6182,307.0961,8.146371) (0.09580448,1.541861,-0.07134391) (352.3606,336.6038,6.222639)
2.82081823793865 (-0.0596192739903927,1.13045394420624,-0.0140075422823429) (-0.06981523,1.128269,-0.04021766) (333.2209,310.3873,5.644553) (0.1145675,1.56251,-0.09458196) (342.0595,346.8582,3.131402)
2.42638025409373 (-0.0464377589523792,1.13047349452972,0.00636350130662322) (-0.05961927,1.130454,-0.01400754) (334.2031,317.8416,358.751) (0.1156804,1.565219,-0.1256481) (337.9328,354.9008,0.02357969)
0.404308552972563 (-0.0434938631951809,1.13015007972717,0.00911584962159395) (-0.04643776,1.130473,0.006363501) (334.5647,325.0694,356.0689) (0.09327926,1.565665,-0.1612391) (336.5681,359.9687,357.6166)
2.39780700132467 (-0.0570840798318386,1.12958323955536,-0.0106308599933982) (-0.04349386,1.13015,0.00911585) (335.7732,333.7231,355.3806) (0.06022073,1.568292,-0.1975065) (337.5788,2.839097,357.5304)
2.78359906024692 (-0.0719277784228325,1.13081741333008,-0.0341464690864086) (-0.05708408,1.129583,-0.01063086) (334.6236,344.7814,354.7284) (0.03368566,1.561429,-0.2181048) (339.121,5.059269,358.2475)
2.7498015092061 (-0.0874152854084969,1.13130760192871,-0.0568629316985607) (-0.07192778,1.130817,-0.03414647) (334.431,355.1303,350.799) (0.008306145,1.547952,-0.2273987) (344.8351,3.477404,0.4483206)
3.89979419261351 (-0.112251542508602,1.12579703330994,-0.0864202231168747) (-0.08741529,1.131308,-0.05686293) (335.6665,1.687373,349.315) (-0.01554965,1.50917,-0.225661) (0.5864902,359.9668,2.178721)
3.69781801563308 (-0.132210657000542,1.12510478496552,-0.11754160374403) (-0.1122515,1.125797,-0.08642022) (336.7644,9.562232,344.9158) (-0.02693688,1.459707,-0.2242877) (19.62113,358.2839,5.437248)
2.04680115987438 (-0.133446425199509,1.12543833255768,-0.137969553470612) (-0.1322107,1.125105,-0.1175416) (339.5479,11.76746,341.8506) (-0.02144324,1.428349,-0.2324054) (27.92401,358.2454,7.035376)
23.6620238173784 (-0.166613191366196,0.89117157459259,-0.135107964277267) (-0.1334464,1.125438,-0.1379696) (342.9952,8.337712,345.2388) (-0.005107537,1.417313,-0.2400452) (32.40796,358.5375,9.538855)
1.59724082575416 (-0.160262122750282,0.8767209649086,-0.137549608945847) (-0.1666132,0.8911716,-0.135108) (345.6336,6.025355,347.424) (0.0158516,1.41057,-0.2486168) (34.40494,357.5046,10.5275)
3.71177824549284 (-0.130685970187187,0.870947957038879,-0.159221097826958) (-0.1602621,0.876721,-0.1375496) (347.7072,6.525455,346.82) (0.04110616,1.4057,-0.2610252) (35.78336,355.0447,10.49762)
4.79302579221507 (-0.114226952195168,0.831289827823639,-0.180519998073578) (-0.130686,0.870948,-0.1592211) (350.2746,5.802218,345.2744) (0.07092211,1.402273,-0.2794151) (36.74667,352.0526,9.715133)
3.97627085725181 (-0.0964794680476189,0.807923018932343,-0.207354530692101) (-0.114227,0.8312898,-0.18052) (352.3738,2.289122,345.4166) (0.09861878,1.398713,-0.2985867) (36.939,350.2387,8.489035)
3.95937727148045 (-0.068049319088459,0.808307945728302,-0.234908938407898) (-0.09647947,0.807923,-0.2073545) (352.7228,1.419019,345.9487) (0.1136497,1.402763,-0.3165736) (37.91848,347.5625,7.374274)
3.54118274087133 (-0.0419313721358776,0.825057089328766,-0.251976937055588) (-0.06804932,0.8083079,-0.2349089) (352.7303,2.652201,347.4077) (0.1144328,1.409426,-0.332919) (37.75761,341.6335,6.256555)
1.43550705377928 (-0.0285965241491795,0.830160081386566,-0.253463327884674) (-0.04193137,0.8250571,-0.2519769) (352.2427,4.643208,345.3759) (0.115612,1.410942,-0.3439349) (37.37665,339.0442,5.393844)
0.435890587597571 (-0.0327707082033157,0.83001047372818,-0.252216786146164) (-0.02859652,0.8301601,-0.2534633) (352.5971,1.639286,345.0488) (0.1182216,1.41064,-0.3485559) (37.58237,339.157,5.402364)
2.43626741506507 (-0.0570477433502674,0.829758763313293,-0.250191420316696) (-0.03277071,0.8300105,-0.2522168) (352.0934,357.3752,344.3492) (0.1097109,1.407584,-0.3495522) (38.37741,338.359,6.417547)
2.77550228058234 (-0.083428755402565,0.828072071075439,-0.258649468421936) (-0.05704774,0.8297588,-0.2501914) (352.5926,354.0396,341.7113) (0.08565506,1.400015,-0.3511278) (40.02686,336.03,6.287248)
4.45902252596039 (-0.119137138128281,0.808424592018127,-0.276737481355667) (-0.08342876,0.8280721,-0.2586495) (355.5994,348.7571,341.0909) (0.05719208,1.396769,-0.3434436) (38.98459,337.285,5.465766)
5.82832345268146 (-0.15899159014225,0.770784080028534,-0.296530157327652) (-0.1191371,0.8084246,-0.2767375) (1.791482,343.4265,341.5932) (0.03181843,1.396477,-0.3267613) (38.95814,340.8954,6.565387)
5.56852308878025 (-0.193999409675598,0.728058397769928,-0.303588032722473) (-0.1589916,0.7707841,-0.2965302) (8.0565,343.2923,340.7704) (-0.0002758875,1.39704,-0.3058672) (38.3782,346.4103,8.607354)
2.71484997445821 (-0.212322309613228,0.708069562911987,-0.302261799573898) (-0.1939994,0.7280584,-0.303588) (13.26007,350.5462,338.5487) (-0.02841948,1.400426,-0.2894546) (37.89422,353.0831,10.79296)
2.31761953249952 (-0.233006492257118,0.699516296386719,-0.296249955892563) (-0.2123223,0.7080696,-0.3022618) (15.9143,356.61,340.3527) (-0.05322413,1.399323,-0.2740238) (37.54528,356.9307,11.2008)
2.56885720708405 (-0.257064610719681,0.695964217185974,-0.287973940372467) (-0.2330065,0.6995163,-0.29625) (18.20855,1.538119,339.8697) (-0.07033926,1.400501,-0.2616949) (37.65766,359.0705,9.330385)
2.39884369976979 (-0.276603698730469,0.69967132806778,-0.274560272693634) (-0.2570646,0.6959642,-0.2879739) (19.8305,4.842219,337.8906) (-0.07809909,1.400689,-0.255052) (37.84682,0.8126253,7.702589)
2.59765811146933 (-0.291022181510925,0.709979057312012,-0.255569726228714) (-0.2766037,0.6996713,-0.2745603) (18.97346,5.796922,333.7098) (-0.08322985,1.401927,-0.2503794) (38.67707,0.8168585,7.478985)
2.09564403901368 (-0.292496651411057,0.713608980178833,-0.234982788562775) (-0.2910222,0.7099791,-0.2555697) (17.60249,5.150232,334.1493) (-0.08964899,1.401689,-0.2451318) (38.51546,359.3786,8.247981)
1.91501508156162 (-0.283657819032669,0.709124445915222,-0.218597054481506) (-0.2924967,0.713609,-0.2349828) (17.52902,4.620734,334.8255) (-0.09054144,1.401104,-0.2417962) (38.07771,357.8058,8.511799)
2.33593792647989 (-0.265908688306808,0.704611599445343,-0.204096600413322) (-0.2836578,0.7091244,-0.2185971) (16.84543,6.833076,336.2872) (-0.08649559,1.403012,-0.2380289) (37.79469,355.4657,8.348601)
2.30926822282603 (-0.244968354701996,0.699865520000458,-0.195596650242805) (-0.2659087,0.7046116,-0.2040966) (14.8333,10.17641,337.7241) (-0.08194564,1.404539,-0.2353078) (37.31104,351.594,8.593774)
2.05670821275772 (-0.240395337343216,0.679813981056213,-0.195428788661957) (-0.2449684,0.6998655,-0.1955967) (14.18672,11.46192,337.5376) (-0.07104215,1.407784,-0.2316694) (36.00138,347.0409,8.94012)
1.52025682064067 (-0.233127042651176,0.683221399784088,-0.208339229226112) (-0.2403953,0.679814,-0.1954288) (16.25582,8.691247,335.9182) (-0.0527056,1.407344,-0.2331507) (35.71439,341.6029,8.463596)
3.8516935568093 (-0.22257524728775,0.708900094032288,-0.23503789305687) (-0.233127,0.6832214,-0.2083392) (19.11421,0.9741186,333.5352) (-0.02383212,1.408109,-0.2334553) (37.8271,337.0869,11.77174)
4.03011146146234 (-0.215573638677597,0.731900155544281,-0.267382204532623) (-0.2225752,0.7089001,-0.2350379) (19.30938,346.7136,332.1553) (0.007534381,1.406192,-0.2299795) (37.37529,337.2221,17.23878)
3.95682696531026 (-0.191595807671547,0.735515713691711,-0.298649430274963) (-0.2155736,0.7319002,-0.2673822) (19.7937,335.6408,334.2545) (0.03576174,1.39758,-0.2295407) (38.52892,336.1363,18.8651)
4.2752245455479 (-0.156651183962822,0.732828795909882,-0.323132246732712) (-0.1915958,0.7355157,-0.2986494) (19.79894,331.3109,332.5653) (0.0565095,1.394865,-0.2310732) (39.26748,334.9256,18.23189)
3.92193440992043 (-0.124562554061413,0.72430807352066,-0.344009846448898) (-0.1566512,0.7328288,-0.3231322) (19.577,328.2442,335.77) (0.07831254,1.396348,-0.2306331) (38.62387,335.1477,16.43816)
3.05594381506217 (-0.099481888115406,0.719661712646484,-0.360839903354645) (-0.1245626,0.7243081,-0.3440098) (21.932,330.4345,336.1724) (0.1058883,1.401752,-0.2243091) (37.62615,341.5024,17.98562)
1.60705501350826 (-0.0934840068221092,0.726174890995026,-0.374251335859299) (-0.09948189,0.7196617,-0.3608399) (26.30966,331.4344,334.8386) (0.1234373,1.403845,-0.2172045) (37.26356,344.7989,17.80119)
2.1827874762681 (-0.104038812220097,0.742773294448853,-0.38371416926384) (-0.09348401,0.7261749,-0.3742513) (25.68009,329.2103,333.4575) (0.1318078,1.402954,-0.2145645) (38.39813,343.8997,14.98351)
1.91881961864156 (-0.114675983786583,0.758524835109711,-0.381082355976105) (-0.1040388,0.7427733,-0.3837142) (25.29525,328.1679,331.4284) (0.1304751,1.401196,-0.2175167) (39.77253,339.5602,12.26794)
1.80489922269669 (-0.123545259237289,0.767081260681152,-0.367895632982254) (-0.114676,0.7585248,-0.3810824) (24.26461,328.8811,330.754) (0.1101824,1.398018,-0.2310678) (41.31155,330.9239,8.139291)
2.60955849485006 (-0.134311035275459,0.759980261325836,-0.345209658145905) (-0.1235453,0.7670813,-0.3678956) (22.39274,331.3673,331.8321) (0.08099812,1.39814,-0.24675) (41.11817,323.3724,3.601805)
6.98236174923625 (-0.175852656364441,0.707186579704285,-0.326171308755875) (-0.134311,0.7599803,-0.3452097) (19.65661,334.6886,335.0714) (0.05819666,1.399251,-0.2553728) (41.46076,324.3989,3.500848)
2.93134111784874 (-0.171668827533722,0.708665072917938,-0.297195702791214) (-0.1758527,0.7071866,-0.3261713) (16.9471,339.7278,337.9843) (0.03427652,1.398053,-0.2565928) (41.35865,329.935,7.547831)
1.268370645206 (-0.174186110496521,0.709461331367493,-0.284789830446243) (-0.1716688,0.7086651,-0.2971957) (15.71279,344.8545,338.9736) (0.001698487,1.393612,-0.2645552) (43.09558,330.7542,9.782334)
1.57691425185891 (-0.189114645123482,0.704746723175049,-0.286681175231934) (-0.1741861,0.7094613,-0.2847898) (16.49978,346.6281,339.2468) (-0.03483362,1.384335,-0.2723409) (45.1762,328.4143,11.59186)
3.42925875663618 (-0.215356007218361,0.696900606155396,-0.307316362857819) (-0.1891146,0.7047467,-0.2866812) (18.49947,345.6374,338.6942) (-0.07125465,1.367943,-0.2863108) (48.2478,325.7065,12.21738)
4.40625184126722 (-0.244721636176109,0.689010620117188,-0.3392054438591) (-0.215356,0.6969006,-0.3073164) (19.72623,342.112,337.9886) (-0.1097815,1.347872,-0.3084896) (52.48682,320.3624,10.71971)
5.81564630748001 (-0.276283800601959,0.676302909851074,-0.386370241641998) (-0.2447216,0.6890106,-0.3392054) (20.58654,336.7881,338.1358) (-0.1516865,1.332522,-0.3353008) (55.3224,313.6931,7.772007)
6.20300733396479 (-0.295354217290878,0.662422716617584,-0.443740874528885) (-0.2762838,0.6763029,-0.3863702) (22.79466,332.2134,337.9017) (-0.1778267,1.327958,-0.3524801) (55.81652,312.3968,7.895742)
5.06025495837462 (-0.303564041852951,0.653332233428955,-0.492838531732559) (-0.2953542,0.6624227,-0.4437409) (25.5679,328.6353,337.575) (-0.1882679,1.328172,-0.3606586) (55.17959,313.6599,9.311445)
5.13969080259675 (-0.303938835859299,0.639693140983582,-0.542391300201416) (-0.303564,0.6533322,-0.4928385) (29.71673,325.8347,336.7774) (-0.2000205,1.352955,-0.3592927) (46.45472,318.4049,10.59173)
3.59496417298421 (-0.300659149885178,0.628900349140167,-0.576525390148163) (-0.3039388,0.6396931,-0.5423913) (34.13776,323.8829,336.615) (-0.1886625,1.42714,-0.3255483) (23.57585,330.3715,11.80031)
0.887017467019538 (-0.302405536174774,0.623075604438782,-0.582983136177063) (-0.3006591,0.6289003,-0.5765254) (37.76255,325.6654,336.9548) (-0.1346979,1.498872,-0.3146253) (3.064462,345.8402,10.38014)
3.59399158332619 (-0.317471623420715,0.62148380279541,-0.550392389297485) (-0.3024055,0.6230756,-0.5829831) (37.61718,332.2261,338.0192) (-0.08595531,1.52303,-0.3282381) (354.8446,356.3555,7.546842)
5.98110636745283 (-0.327373117208481,0.6247398853302,-0.491496533155441) (-0.3174716,0.6214838,-0.5503924) (33.56717,339.6892,338.6251) (-0.05777895,1.529067,-0.3353834) (352.0187,1.627797,5.10599)
7.03498214220087 (-0.332429051399231,0.633292317390442,-0.42185178399086) (-0.3273731,0.6247399,-0.4914965) (27.80641,344.3654,338.5533) (-0.03645174,1.530522,-0.3344117) (349.6687,4.934959,3.177377)
Average= 3.93212622707319
Max= 57.9249362565459
Standard Deviation= 4.6988597681727
Right: 0    Wrong: 0
0
