73.7031746306427 (0.240455493330956,0.696464419364929,0.0182826984673738) (0,0,0) (352.6342,26.53855,43.12121) (-0.0451929,1.203256,0.2801263) (21.99527,13.25838,2.091942)
0.074699264018643 (0.239743560552597,0.6963711977005,0.018076641485095) (0.2404555,0.6964644,0.0182827) (352.0886,26.84003,42.92322) (-0.04100441,1.22988,0.2752305) (19.17768,13.19891,3.142402)
2.22037700928267 (0.243387684226036,0.718048751354218,0.0149443168193102) (0.2397436,0.6963712,0.01807664) (349.7514,27.89662,41.29964) (-0.03943925,1.283363,0.2582063) (13.81128,11.92111,1.518578)
3.64306115909452 (0.250579565763474,0.753260731697083,0.008979182690382) (0.2433877,0.7180488,0.01494432) (346.9907,28.40606,38.14787) (-0.03918665,1.353517,0.227679) (5.061132,9.880528,359.8049)
5.54773491210898 (0.25926885008812,0.80625456571579,-0.00494512170553207) (0.2505796,0.7532607,0.008979183) (342.2551,30.39321,30.76237) (-0.03974224,1.435604,0.1759217) (353.0901,8.626536,358.5983)
5.43933553699014 (0.26830780506134,0.850549578666687,-0.0351922102272511) (0.2592689,0.8062546,-0.004945122) (337.5181,32.70123,23.89682) (-0.03440809,1.491951,0.1118278) (343.3416,7.679128,356.4066)
5.23024830704625 (0.281587868928909,0.885444819927216,-0.0718188658356667) (0.2683078,0.8505496,-0.03519221) (336.5675,34.49822,16.24563) (-0.02035648,1.52815,0.0497146) (334.7623,6.734454,354.8538)
6.2420637253022 (0.308300226926804,0.912514507770538,-0.121316522359848) (0.2815879,0.8854448,-0.07181887) (335.6826,34.72899,14.29808) (0.01024617,1.560144,-0.0339206) (323.6719,6.210186,354.6086)
5.67466930430268 (0.338781923055649,0.929676115512848,-0.165999099612236) (0.3083002,0.9125145,-0.1213165) (332.9965,33.50791,14.58422) (0.04230293,1.580161,-0.1118834) (314.4859,6.365531,355.7387)
6.24430357740683 (0.372396618127823,0.941414892673492,-0.2172961384058) (0.3387819,0.9296761,-0.1659991) (330.8581,32.63842,15.56227) (0.07437842,1.586792,-0.1796695) (308.8425,5.528413,355.5773)
5.51548272631391 (0.407569020986557,0.949275732040405,-0.259047359228134) (0.3723966,0.9414149,-0.2172961) (329.492,32.20403,12.84414) (0.1011947,1.591227,-0.2330523) (304.662,2.695767,355.5275)
4.04797104331839 (0.438425689935684,0.952902257442474,-0.284995794296265) (0.407569,0.9492757,-0.2590474) (329.8868,32.57251,11.53228) (0.1214067,1.594441,-0.2706217) (302.186,359.6602,356.0373)
2.64642688134259 (0.461210429668427,0.956930100917816,-0.297840625047684) (0.4384257,0.9529023,-0.2849958) (332.2516,29.78744,14.17268) (0.1359104,1.599082,-0.2957322) (301.2175,356.3866,356.3384)
1.61601929203478 (0.477324664592743,0.958018183708191,-0.298387765884399) (0.4612104,0.9569301,-0.2978406) (337.2541,22.04338,20.82215) (0.1439251,1.602774,-0.3039745) (302.6884,353.9249,357.5735)
1.36585663718663 (0.489827275276184,0.958620309829712,-0.292921632528305) (0.4773247,0.9580182,-0.2983878) (342.9691,19.68644,18.70914) (0.1492497,1.602373,-0.2938222) (310.1989,351.7607,359.5591)
1.66655114490683 (0.505414128303528,0.958188414573669,-0.298804044723511) (0.4898273,0.9586203,-0.2929216) (347.2,21.69454,11.64209) (0.1501935,1.591351,-0.2751951) (322.5353,354.1351,0.1547112)
2.74254933207338 (0.508751690387726,0.955079078674316,-0.325847536325455) (0.5054141,0.9581884,-0.298804) (350.4663,19.1203,11.20195) (0.1482608,1.568578,-0.2568436) (337.4423,356.959,0.8504535)
2.75420969401526 (0.502314627170563,0.95145171880722,-0.352380037307739) (0.5087517,0.9550791,-0.3258475) (355.6867,15.16642,15.11947) (0.1366283,1.553824,-0.2417717) (347.1544,357.711,2.877536)
1.13966675949859 (0.493158936500549,0.947927415370941,-0.358179748058319) (0.5023146,0.9514517,-0.35238) (3.039754,8.532681,21.88441) (0.1182998,1.554239,-0.2374341) (348.1769,354.9308,4.23066)
2.26713511181737 (0.484037280082703,0.945296704769135,-0.337591767311096) (0.4931589,0.9479274,-0.3581797) (13.30342,13.36908,25.30651) (0.09151052,1.556409,-0.2342166) (349.1175,349.0755,5.565032)
4.46458576302243 (0.481755256652832,0.942833781242371,-0.29307234287262) (0.4840373,0.9452967,-0.3375918) (18.68401,27.68642,27.10822) (0.05102353,1.542136,-0.2317664) (355.2876,339.152,6.63832)
4.87971033143321 (0.465465068817139,0.943671882152557,-0.2470822930336) (0.4817553,0.9428338,-0.2930723) (18.01732,32.56963,19.4449) (0.002350196,1.512999,-0.2342634) (5.142691,334.5516,12.16098)
3.7709139964723 (0.43320643901825,0.943614482879639,-0.227553933858871) (0.4654651,0.9436719,-0.2470823) (19.07605,36.08411,8.904096) (-0.04441591,1.51124,-0.2430208) (3.531536,332.7674,11.67996)
4.82779349711327 (0.385309785604477,0.938411712646484,-0.224455416202545) (0.4332064,0.9436145,-0.2275539) (17.37761,30.59848,6.071783) (-0.0854903,1.520398,-0.252115) (358.0645,334.0221,10.61895)
5.18905104922975 (0.334261476993561,0.935713529586792,-0.233366936445236) (0.3853098,0.9384117,-0.2244554) (15.59201,20.09291,5.646704) (-0.1231921,1.527541,-0.2594453) (354.4935,336.6409,9.50852)
5.13316293003748 (0.289467245340347,0.933995306491852,-0.258376151323318) (0.3342615,0.9357135,-0.2333669) (14.59284,16.59924,352.5064) (-0.158037,1.531882,-0.2654424) (351.59,340.7551,9.032858)
5.34175808166315 (0.244736105203629,0.936989009380341,-0.287420958280563) (0.2894672,0.9339953,-0.2583762) (2.074526,3.762115,356.7864) (-0.1822974,1.536459,-0.2764691) (348.3478,344.1902,8.07863)
43.3474749897949 (-0.0919326618313789,0.915386140346527,-0.0152301751077175) (0.2447361,0.936989,-0.287421) (339.9411,342.1259,15.06752) (-0.1953449,1.544533,-0.2909279) (345.7534,347.9448,6.800292)
10.9024882307163 (-0.147169232368469,1.00442469120026,-0.0453546307981014) (-0.09193266,0.9153861,-0.01523018) (337.3167,340.4204,3.96428) (-0.1959207,1.550848,-0.3068794) (344.0139,352.0071,4.367727)
10.6584163696842 (-0.202831164002419,1.09150981903076,-0.0713952630758286) (-0.1471692,1.004425,-0.04535463) (331.6768,339.3234,348.2115) (-0.1950602,1.554762,-0.3175821) (342.4595,358.6568,4.854436)
5.0112910482503 (-0.219455078244209,1.13497543334961,-0.0899879932403564) (-0.2028312,1.09151,-0.07139526) (336.5747,346.6737,341.8197) (-0.1872068,1.555568,-0.3296649) (342.4109,2.852085,5.660837)
4.50880195303752 (-0.246734395623207,1.12186932563782,-0.123409517109394) (-0.2194551,1.134975,-0.08998799) (335.61,324.5473,10.68933) (-0.1722836,1.552884,-0.3370692) (344.4695,3.199542,6.036644)
3.5433746405878 (-0.241291925311089,1.09969234466553,-0.150504007935524) (-0.2467344,1.121869,-0.1234095) (336.9193,307.6495,31.39848) (-0.1444578,1.545843,-0.3490404) (346.7051,3.035426,3.778496)
3.40537026304469 (-0.213963434100151,1.08451235294342,-0.164008677005768) (-0.2412919,1.099692,-0.150504) (333.2582,307.5664,29.17323) (-0.1107867,1.553704,-0.3688647) (343.657,1.336287,1.334211)
2.65923404300275 (-0.190721452236176,1.07694411277771,-0.174481719732285) (-0.2139634,1.084512,-0.1640087) (328.7003,306.5698,24.23304) (-0.07542915,1.554621,-0.3887438) (342.6694,357.5227,1.602915)
2.75768342382114 (-0.170341804623604,1.09498417377472,-0.178921088576317) (-0.1907215,1.076944,-0.1744817) (326.6446,308.1882,20.20761) (-0.04112139,1.55776,-0.4028842) (341.2101,351.188,3.149058)
2.53566995238343 (-0.159413203597069,1.08020055294037,-0.19638454914093) (-0.1703418,1.094984,-0.1789211) (334.6173,308.5772,10.20157) (-0.01682759,1.558417,-0.4136133) (338.8644,345.2033,2.666986)
2.80672915519356 (-0.169395700097084,1.08377599716187,-0.222371831536293) (-0.1594132,1.080201,-0.1963845) (331.8523,302.4465,6.183835) (0.0006876439,1.580091,-0.4354175) (328.4819,335.8556,357.2623)
3.2916493263147 (-0.185097351670265,1.10139036178589,-0.24532151222229) (-0.1693957,1.083776,-0.2223718) (327.7751,300.1425,3.972897) (0.005904995,1.58287,-0.4555989) (329.23,330.9179,359.4144)
1.76502160803946 (-0.190311059355736,1.11178255081177,-0.258601188659668) (-0.1850974,1.10139,-0.2453215) (326.7944,299.3345,3.534072) (0.01295434,1.581816,-0.4719916) (328.8904,327.5512,359.7881)
1.84629445428259 (-0.188834831118584,1.10969066619873,-0.276885747909546) (-0.1903111,1.111783,-0.2586012) (327.2319,295.4902,5.856799) (0.01686073,1.581093,-0.4794421) (326.9305,326.7804,359.2703)
1.49775782767788 (-0.187262773513794,1.09995567798615,-0.288159012794495) (-0.1888348,1.109691,-0.2768857) (328.2101,294.0086,6.529078) (0.01309884,1.583443,-0.4801003) (326.0513,327.4955,359.9023)
0.440411521862596 (-0.189381897449493,1.10381507873535,-0.288261830806732) (-0.1872628,1.099956,-0.288159) (327.4059,296.305,5.351497) (0.005748816,1.584122,-0.4704611) (325.7415,333.5712,359.3291)
1.01284363152642 (-0.195686385035515,1.10575819015503,-0.280576586723328) (-0.1893819,1.103815,-0.2882618) (327.0352,296.5195,5.896037) (-0.003151301,1.583676,-0.4562095) (323.6237,339.0989,357.6522)
2.5255692559487 (-0.203579500317574,1.09510183334351,-0.259082615375519) (-0.1956864,1.105758,-0.2805766) (327.797,295.4992,6.152028) (-0.02702489,1.584556,-0.4413208) (320.7473,340.2277,358.3706)
3.47410052083372 (-0.217625468969345,1.09318447113037,-0.227365553379059) (-0.2035795,1.095102,-0.2590826) (330.3642,300.6859,4.424896) (-0.05423063,1.587416,-0.4198686) (319.9887,346.1456,355.385)
4.21497203199134 (-0.228794783353806,1.09263205528259,-0.186726406216621) (-0.2176255,1.093184,-0.2273656) (331.0788,305.4582,3.475512) (-0.0808484,1.585856,-0.3930473) (321.8009,351.1278,354.2355)
3.67950197944274 (-0.229417607188225,1.0940363407135,-0.149963468313217) (-0.2287948,1.092632,-0.1867264) (326.7803,310.4467,2.301283) (-0.09607787,1.57923,-0.3613105) (328.334,358.222,353.9239)
3.36525366479309 (-0.21268019080162,1.09521949291229,-0.120792381465435) (-0.2294176,1.094036,-0.1499635) (325.9588,318.2506,354.0945) (-0.09724906,1.569239,-0.3353435) (333.825,4.233182,354.2548)
3.72246386532559 (-0.194016799330711,1.09244501590729,-0.0887041613459587) (-0.2126802,1.095219,-0.1207924) (335.8764,322.5236,348.5654) (-0.091693,1.577649,-0.3231743) (329.3617,7.353283,353.5529)
3.0265865350872 (-0.179592147469521,1.08894777297974,-0.0623276308178902) (-0.1940168,1.092445,-0.08870416) (345.1989,320.795,346.8105) (-0.07689465,1.580062,-0.3102309) (327.8439,7.276438,354.4988)
2.42692943164192 (-0.168695271015167,1.083420753479,-0.0413583964109421) (-0.1795921,1.088948,-0.06232763) (355.4424,319.6358,346.6509) (-0.05073201,1.580634,-0.291873) (327.9879,3.571706,356.6212)
2.1059605235741 (-0.154032826423645,1.08032524585724,-0.0265618581324816) (-0.1686953,1.083421,-0.0413584) (1.073917,317.1367,350.5599) (-0.005333733,1.576227,-0.2795024) (325.7602,0.8175995,355.5719)
2.7750563813821 (-0.127246722579002,1.07666575908661,-0.0203003399074078) (-0.1540328,1.080325,-0.02656186) (2.939333,313.7991,350.2964) (0.04330721,1.583447,-0.2681257) (325.5248,353.8033,355.7469)
1.72338537770545 (-0.110305808484554,1.07454919815063,-0.0226522143930197) (-0.1272467,1.076666,-0.02030034) (7.586479,306.394,351.0141) (0.08442394,1.582268,-0.2506154) (325.9173,346.2261,356.7118)
2.11786347986674 (-0.0895750820636749,1.078817486763,-0.0233960393816233) (-0.1103058,1.074549,-0.02265221) (2.883671,301.5692,354.1041) (0.1205327,1.587766,-0.2384866) (326.4141,343.4458,357.1731)
1.59127340353102 (-0.0753840729594231,1.08230066299438,-0.02969666197896) (-0.08957508,1.078817,-0.02339604) (3.806074,297.7813,358.1864) (0.1398475,1.588313,-0.2321116) (327.0066,337.541,358.6903)
1.30372560930732 (-0.0649593845009804,1.08474290370941,-0.0371351689100266) (-0.07538407,1.082301,-0.02969666) (0.3032531,300.2281,0.6164448) (0.1576139,1.587053,-0.2304254) (326.873,335.3604,359.6441)
2.07587795801374 (-0.0450887456536293,1.09032070636749,-0.0393651388585567) (-0.06495938,1.084743,-0.03713517) (347.3436,300.0735,5.003649) (0.174954,1.587122,-0.2305319) (327.0104,340.2408,359.6053)
3.3239638568202 (-0.0140369180589914,1.09177196025848,-0.0275943502783775) (-0.04508875,1.090321,-0.03936514) (347.3341,302.1208,11.40341) (0.1827471,1.586942,-0.2333962) (327.6395,346.5116,0.3050803)
2.76961550657313 (0.0101977549493313,1.08918428421021,-0.0144390622153878) (-0.01403692,1.091772,-0.02759435) (350.6776,305.4843,17.98938) (0.1803334,1.587138,-0.2379906) (326.8073,351.642,359.8825)
1.40905501755832 (0.0214847829192877,1.08946239948273,-0.0060088038444519) (0.01019775,1.089184,-0.01443906) (349.7216,308.1591,22.06409) (0.1643718,1.588771,-0.24741) (326.0138,355.3447,359.5306)
0.323459949986211 (0.0240451749414206,1.09129357337952,-0.00526460679247975) (0.02148478,1.089462,-0.006008804) (345.3978,309.4103,20.67885) (0.1392283,1.589577,-0.2568326) (325.7398,0.4256262,358.4745)
0.56413593922542 (0.0206758230924606,1.09581422805786,-0.00545457005500793) (0.02404517,1.091294,-0.005264607) (336.2195,309.1438,14.03247) (0.1027301,1.590137,-0.2667159) (326.2023,4.064936,358.6488)
3.18860460854523 (-0.0102396151050925,1.09602832794189,-0.013259039260447) (0.02067582,1.095814,-0.00545457) (338.9525,316.3903,18.4187) (0.04995283,1.582013,-0.26738) (331.5597,0.5025957,2.798292)
6.1208613007941 (-0.0667277798056602,1.0999698638916,-0.0364979282021523) (-0.01023962,1.096028,-0.01325904) (328.0204,316.3615,16.16094) (0.001186434,1.560497,-0.2612602) (341.6165,358.4149,2.560783)
20.3833158660591 (-0.176701381802559,1.26764810085297,7.76783635956235E-05) (-0.06672778,1.09997,-0.03649793) (323.1607,314.1286,16.96191) (-0.03162723,1.540772,-0.2593078) (352.0911,357.4145,0.4215144)
5.7336711698473 (-0.197440207004547,1.31778919696808,0.0186052322387695) (-0.1767014,1.267648,7.767836E-05) (323.1718,312.6754,15.91997) (-0.06654987,1.527433,-0.2617179) (359.1142,353.9216,355.8361)
5.72035916324895 (-0.247712939977646,1.34123742580414,0.00463799061253667) (-0.1974402,1.317789,0.01860523) (318.2813,288.4114,28.75696) (-0.08697023,1.534308,-0.2684194) (355.5425,351.7652,353.5941)
2.08891398040977 (-0.262175589799881,1.32893145084381,-0.00406551035121083) (-0.2477129,1.341237,0.004637991) (319.8719,272.6745,51.84238) (-0.09201586,1.538534,-0.2724454) (354.1743,353.0203,354.0339)
1.71721602137138 (-0.249201968312263,1.32136785984039,0.004262775182724) (-0.2621756,1.328931,-0.00406551) (307.3242,286.8461,37.95406) (-0.09326772,1.53907,-0.2740253) (353.7614,354.6754,355.4832)
3.61626374145672 (-0.2180245667696,1.31369435787201,0.0209007859230042) (-0.249202,1.321368,0.004262775) (311.4936,321.7018,14.71462) (-0.08506245,1.54032,-0.275492) (353.0227,355.5135,356.7383)
5.16320505891566 (-0.166490748524666,1.31068050861359,0.0198755748569965) (-0.2180246,1.313694,0.02090079) (308.2212,341.3264,0.6874676) (-0.06807127,1.542486,-0.2753001) (352.1915,356.3844,357.5911)
3.98713962523543 (-0.127245217561722,1.31628048419952,0.0156144853681326) (-0.1664907,1.310681,0.01987557) (306.9334,340.3593,353.0983) (-0.03863015,1.543607,-0.2717552) (351.965,358.4493,358.9437)
3.23788119407403 (-0.0975600406527519,1.30348432064056,0.0137608414515853) (-0.1272452,1.31628,0.01561449) (308.8976,333.5039,9.460992) (-0.005955994,1.531845,-0.2598246) (357.5588,358.0423,1.477765)
4.68524881760454 (-0.051047682762146,1.30215668678284,0.0082842018455267) (-0.09756004,1.303484,0.01376084) (296.8686,324.0679,47.11594) (0.03847513,1.525046,-0.2474188) (358.7171,357.6357,2.094365)
6.48767670579571 (0.0118293724954128,1.3001629114151,0.0241428073495626) (-0.05104768,1.302157,0.008284202) (295.8286,343.7588,25.82001) (0.08389763,1.522155,-0.2362306) (0.4958844,357.3849,2.592518)
8.14799092790853 (0.0916865170001984,1.29525911808014,0.0395624674856663) (0.01182937,1.300163,0.02414281) (303.0467,11.86948,351.3526) (0.1209733,1.514319,-0.2296104) (2.363723,355.8047,3.122572)
4.98729492367872 (0.141218140721321,1.30026483535767,0.0425410978496075) (0.09168652,1.295259,0.03956247) (304.3786,23.76421,343.1672) (0.145233,1.512353,-0.2251793) (2.844785,352.6293,2.952151)
1.41211347095928 (0.145101428031921,1.31346929073334,0.0393837429583073) (0.1412181,1.300265,0.0425411) (302.4484,9.950585,351.9604) (0.156961,1.516949,-0.2250418) (4.904077,347.431,3.817168)
0.698442073086206 (0.150969237089157,1.31611633300781,0.0366737395524979) (0.1451014,1.313469,0.03938374) (298.4244,12.72273,2.423106) (0.1543659,1.490449,-0.2260931) (14.4873,338.2191,3.400166)
0.814317508013791 (0.152677863836288,1.30885565280914,0.0399409122765064) (0.1509692,1.316116,0.03667374) (300.3806,10.26176,2.687898) (0.1489967,1.476894,-0.2236265) (19.80887,333.6357,2.446293)
1.38218077204232 (0.162929803133011,1.30020940303802,0.0365968905389309) (0.1526779,1.308856,0.03994091) (299.6446,18.48656,345.7824) (0.1413312,1.474431,-0.2294348) (21.52784,330.8125,1.760301)
1.50635297406116 (0.17206846177578,1.29796957969666,0.0483603104948998) (0.1629298,1.300209,0.03659689) (308.2283,22.45691,332.3345) (0.1210806,1.468092,-0.2443249) (24.40283,327.7844,2.279787)
0.961886547945429 (0.172663122415543,1.2965270280838,0.057851780205965) (0.1720685,1.29797,0.04836031) (317.442,24.5132,323.855) (0.09810224,1.457924,-0.2620917) (28.1577,326.2708,2.509975)
2.93618490612188 (0.151530399918556,1.3032523393631,0.038608692586422) (0.1726631,1.296527,0.05785178) (314.8228,25.88274,328.2809) (0.07174535,1.458898,-0.2762413) (26.07908,326.7814,3.567266)
3.75596644667086 (0.122001744806767,1.30590856075287,0.0155493896454573) (0.1515304,1.303252,0.03860869) (314.1568,24.53866,326.9091) (0.03486755,1.466556,-0.296514) (23.81957,325.7034,4.267373)
3.51161789422986 (0.0950382724404335,1.30493676662445,-0.0069266608916223) (0.1220017,1.305909,0.01554939) (314.6542,27.85256,327.4471) (-0.01648397,1.460479,-0.3168197) (24.86535,324.8946,5.884242)
4.15843038473661 (0.0604975968599319,1.30338978767395,-0.0300308372825384) (0.09503827,1.304937,-0.006926661) (314.4913,27.41117,327.9203) (-0.06173585,1.453436,-0.3327663) (25.07011,325.9191,7.673415)
4.52791440047513 (0.0218933299183846,1.29644477367401,-0.0526511445641518) (0.0604976,1.30339,-0.03003084) (311.8684,25.38474,332.6404) (-0.1101326,1.44418,-0.3584344) (27.43741,322.5746,7.939031)
4.03178710069769 (-0.0135600939393044,1.28013908863068,-0.0627857446670532) (0.02189333,1.296445,-0.05265114) (314.7409,22.54087,335.4875) (-0.1434663,1.440247,-0.3857451) (27.79132,318.5577,7.382318)
3.48820952273329 (-0.0452494956552982,1.27191483974457,-0.0748233571648598) (-0.01356009,1.280139,-0.06278574) (319.2947,21.06779,336.7206) (-0.1640123,1.448854,-0.4101698) (25.88334,315.7895,6.533132)
3.60000265766243 (-0.0782295912504196,1.27174270153046,-0.0892554596066475) (-0.0452495,1.271915,-0.07482336) (316.9048,12.98426,347.4098) (-0.1788429,1.458757,-0.4241526) (22.8,315.7294,6.822062)
1.42506759277762 (-0.0871733129024506,1.27456569671631,-0.0999849662184715) (-0.07822959,1.271743,-0.08925546) (315.4146,12.86845,345.8192) (-0.1839117,1.462606,-0.4304282) (21.25046,317.6407,8.475563)
1.27022898678843 (-0.0786453038454056,1.28357088565826,-0.102728649973869) (-0.08717331,1.274566,-0.09998497) (314.1378,13.45684,345.5533) (-0.1813513,1.477366,-0.4359906) (16.25319,319.35,10.19762)
3.10027902952873 (-0.0479316636919975,1.28462660312653,-0.106818981468678) (-0.0786453,1.283571,-0.1027286) (313.1969,20.16696,343.6872) (-0.1614847,1.504178,-0.4268291) (3.118505,326.096,13.73202)
3.20965331627541 (-0.0174462925642729,1.28538548946381,-0.116831660270691) (-0.04793166,1.284627,-0.106819) (313.0277,24.54852,342.3218) (-0.1208089,1.535798,-0.4191701) (348.4243,338.5892,19.00758)
3.64400867197581 (0.0189302191138268,1.28690040111542,-0.115303814411163) (-0.01744629,1.285385,-0.1168317) (310.8528,26.61321,343.9924) (-0.07431787,1.546866,-0.4171698) (341.9879,348.1114,19.11019)
4.41891837508502 (0.06308663636446,1.28821492195129,-0.11422360688448) (0.01893022,1.2869,-0.1153038) (310.0466,30.75969,340.9435) (-0.01346063,1.554108,-0.411972) (336.7361,356.3989,16.51233)
5.01767330947451 (0.112826116383076,1.2938483953476,-0.117680884897709) (0.06308664,1.288215,-0.1142236) (308.3999,35.24304,338.1029) (0.04855231,1.562607,-0.4053705) (332.4531,2.817322,14.80794)
5.71482751526093 (0.169877514243126,1.29387843608856,-0.114354848861694) (0.1128261,1.293848,-0.1176809) (305.9678,38.93804,338.0445) (0.1053187,1.564639,-0.3898083) (331.4326,6.270214,11.75297)
6.12847935906191 (0.230866983532906,1.29061126708984,-0.109311416745186) (0.1698775,1.293878,-0.1143548) (304.8216,38.85802,336.1545) (0.1503268,1.560145,-0.378528) (332.2885,7.799065,9.270491)
4.25083306591715 (0.272326499223709,1.28127717971802,-0.110281802713871) (0.230867,1.290611,-0.1093114) (301.3498,44.86038,336.7151) (0.1816789,1.560828,-0.3738879) (335.3013,9.971412,4.009796)
1.18460654118992 (0.283014327287674,1.2764356136322,-0.111912399530411) (0.2723265,1.281277,-0.1102818) (298.6626,45.90576,335.5013) (0.1990029,1.548824,-0.3630768) (347.1179,7.720342,2.821266)
2.24309554553664 (0.2825708091259,1.29851627349854,-0.11583611369133) (0.2830143,1.276436,-0.1119124) (294.6388,42.06905,332.639) (0.2066421,1.513203,-0.3460995) (4.303844,6.19015,5.347689)
1.17004294286136 (0.289194017648697,1.30761015415192,-0.112621381878853) (0.2825708,1.298516,-0.1158361) (298.2267,47.80413,316.296) (0.2150265,1.477712,-0.3396576) (19.00009,9.406343,12.0111)
1.82530754166402 (0.303630977869034,1.30272006988525,-0.102579668164253) (0.289194,1.30761,-0.1126214) (307.498,54.08314,301.1299) (0.2148934,1.466181,-0.3306834) (22.04029,9.516013,13.10191)
1.48133877863722 (0.308637917041779,1.28899705410004,-0.100120835006237) (0.303631,1.30272,-0.1025797) (310.2068,59.56234,294.3466) (0.1949709,1.469073,-0.3189809) (22.19237,4.499629,11.46728)
1.64502553166062 (0.309048563241959,1.28307199478149,-0.0847801715135574) (0.3086379,1.288997,-0.1001208) (311.7368,49.38274,303.6742) (0.1576961,1.467073,-0.3100584) (23.16725,356.9691,11.46681)
0.595109025717267 (0.307803303003311,1.27809298038483,-0.0817678272724152) (0.3090486,1.283072,-0.08478017) (312.727,47.18239,305.0011) (0.1105587,1.459181,-0.3053011) (24.47431,351.4112,11.77206)
2.15589123879381 (0.287569999694824,1.27095627784729,-0.0838815048336983) (0.3078033,1.278093,-0.08176783) (307.4531,44.94658,307.7502) (0.06772287,1.452549,-0.3099804) (26.49306,348.297,12.99092)
3.57566446510802 (0.252323240041733,1.26768743991852,-0.0889330729842186) (0.28757,1.270956,-0.0838815) (304.7819,40.20911,312.1201) (0.01722785,1.449265,-0.3181885) (28.26742,345.3735,12.94385)
4.51014979122177 (0.209085568785667,1.26886451244354,-0.10171053558588) (0.2523232,1.267687,-0.08893307) (301.9451,38.52751,314.5061) (-0.0213797,1.445108,-0.3210316) (29.31221,345.3728,13.29346)
3.81137239565327 (0.173521339893341,1.26850116252899,-0.115411251783371) (0.2090856,1.268865,-0.1017105) (301.5018,37.05005,311.5002) (-0.04795471,1.420963,-0.3221641) (36.99223,347.5403,12.71198)
2.45415656537575 (0.158359736204147,1.25149393081665,-0.124530918896198) (0.1735213,1.268501,-0.1154113) (304.5688,38.51254,306.8276) (-0.06496233,1.40582,-0.3166726) (41.62996,350.1615,11.55194)
2.68615657545592 (0.14700423181057,1.22785651683807,-0.13035061955452) (0.1583597,1.251494,-0.1245309) (307.34,35.06392,312.9864) (-0.07490568,1.405087,-0.3126032) (42.12328,352.8336,11.09425)
1.85355521086924 (0.137173190712929,1.2128974199295,-0.135161310434341) (0.1470042,1.227857,-0.1303506) (308.9028,26.6504,323.3465) (-0.07471713,1.419896,-0.3071139) (36.00076,356.5708,11.45073)
0.288482393713412 (0.135911270976067,1.21030354499817,-0.135201066732407) (0.1371732,1.212897,-0.1351613) (311.4856,24.46724,326.046) (-0.08103022,1.467995,-0.2913126) (16.47058,348.9263,359.3585)
1.43195862774988 (0.137806460261345,1.22445178031921,-0.13633519411087) (0.1359113,1.210304,-0.1352011) (310.0233,24.47235,324.3227) (-0.08307554,1.512089,-0.3039843) (2.253906,344.8456,357.7759)
1.59638856965109 (0.148082852363586,1.23629856109619,-0.13931767642498) (0.1378065,1.224452,-0.1363352) (305.9487,30.2227,318.8217) (-0.06972538,1.541754,-0.3198611) (349.8566,345.2678,357.7078)
1.70839825023333 (0.159707084298134,1.23533999919891,-0.126834854483604) (0.1480829,1.236299,-0.1393177) (309.618,29.69132,320.1339) (-0.05508438,1.558289,-0.3367084) (340.4881,342.7061,354.1649)
3.63509540675453 (0.184164613485336,1.21133434772491,-0.114712566137314) (0.1597071,1.23534,-0.1268349) (320.497,33.88628,314.4403) (-0.04642536,1.558357,-0.3494489) (343.2026,336.9298,353.6694)
1.98397593975782 (0.202917441725731,1.20509302616119,-0.112982422113419) (0.1841646,1.211334,-0.1147126) (320.7311,36.09565,315.7266) (-0.03153157,1.557583,-0.3552855) (342.8325,331.4848,359.2098)
2.18684071254618 (0.220608681440353,1.20293402671814,-0.100310169160366) (0.2029174,1.205093,-0.1129824) (318.6753,35.32819,319.2415) (-0.006287873,1.561142,-0.3619398) (338.773,325.7157,0.9364278)
3.80985725492699 (0.248591974377632,1.20154178142548,-0.0744935423135757) (0.2206087,1.202934,-0.1003102) (317.5669,32.07618,321.972) (0.03133325,1.565334,-0.355611) (338.5973,321.8323,3.423705)
4.67813164607669 (0.290481716394424,1.20602178573608,-0.0541546456515789) (0.248592,1.201542,-0.07449354) (315.6388,31.11229,323.79) (0.06764792,1.554405,-0.3371409) (343.304,323.5392,4.556598)
3.98059060353801 (0.329459100961685,1.20963144302368,-0.0469266436994076) (0.2904817,1.206022,-0.05415465) (314.1742,31.36502,322.1641) (0.1015735,1.525482,-0.2998862) (355.7434,329.0299,4.342302)
3.47518639353245 (0.35234797000885,1.1878924369812,-0.061459619551897) (0.3294591,1.209631,-0.04692664) (320.0894,25.87454,324.7594) (0.1299342,1.478231,-0.2735205) (19.04046,337.1185,5.5997)
3.99361756679979 (0.359014123678207,1.17393279075623,-0.0982779413461685) (0.352348,1.187892,-0.06145962) (328.4632,21.5378,321.8936) (0.1660037,1.442494,-0.2536526) (31.06864,347.8775,7.247926)
3.0255631173978 (0.367827028036118,1.17851591110229,-0.126856446266174) (0.3590141,1.173933,-0.09827794) (326.0986,21.74008,321.8829) (0.1896569,1.420261,-0.2364443) (38.08788,355.8664,8.892878)
11.9488811373199 (0.373171597719193,1.16960120201111,-0.00782056897878647) (0.367827,1.178516,-0.1268564) (327.32,22.1073,325.0466) (0.1955608,1.418073,-0.2276432) (40.33518,357.4168,12.05789)
0.64619785650164 (0.37772473692894,1.16625618934631,-0.0109569653868675) (0.3731716,1.169601,-0.007820569) (329.8608,23.56266,321.7334) (0.1885045,1.429183,-0.2237468) (38.18337,352.0446,10.39695)
0.293921460690949 (0.37824285030365,1.16906630992889,-0.0102686602622271) (0.3777247,1.166256,-0.01095697) (327.4014,21.67287,325.0334) (0.1767665,1.436389,-0.2303599) (37.19221,346.491,5.944077)
1.10536754537957 (0.381393373012543,1.17797446250916,-0.00453256722539663) (0.3782429,1.169066,-0.01026866) (325.3619,22.74663,325.0811) (0.1695918,1.449816,-0.2338505) (33.608,345.9688,4.167444)
0.892537252759174 (0.38256561756134,1.18673396110535,-0.00328384758904576) (0.3813934,1.177974,-0.004532567) (321.886,28.44472,325.2983) (0.1607026,1.454886,-0.2357816) (30.50857,346.7864,4.281722)
0.684267499050013 (0.380447596311569,1.19277024269104,-0.00571273453533649) (0.3825656,1.186734,-0.003283848) (318.7979,32.17323,325.7498) (0.1404048,1.462435,-0.2333034) (26.09665,350.1504,4.23466)
0.899347006130145 (0.374155968427658,1.19370579719543,-0.0120706167072058) (0.3804476,1.19277,-0.005712735) (317.1073,34.1139,325.9667) (0.1015356,1.467642,-0.2284316) (17.9047,352.6646,3.096249)
2.66045625617017 (0.351704001426697,1.19390869140625,-0.0263419449329376) (0.374156,1.193706,-0.01207062) (314.092,37.01619,327.6322) (0.05267072,1.466924,-0.2196799) (12.30353,355.8659,1.728039)
3.93578385525914 (0.318427801132202,1.19412100315094,-0.0473583415150642) (0.351704,1.193909,-0.02634194) (314.7975,42.4851,327.0383) (0.004529331,1.468353,-0.2056323) (1.25852,355.9263,3.910291)
3.08807059695551 (0.289610683917999,1.19392693042755,-0.0584558248519897) (0.3184278,1.194121,-0.04735834) (312.2378,42.67883,328.3578) (-0.03094262,1.487325,-0.2072548) (1.206524,356.3853,3.330003)
2.13438591569024 (0.268621325492859,1.1915807723999,-0.0615384727716446) (0.2896107,1.193927,-0.05845582) (312.1596,41.87534,333.2338) (-0.05092856,1.502109,-0.207819) (359.0427,357.5795,3.952456)
2.0455424467031 (0.248679310083389,1.18736362457275,-0.0632577985525131) (0.2686213,1.191581,-0.06153847) (315.0894,44.34806,329.6021) (-0.06476705,1.510226,-0.2124063) (2.074748,359.5646,3.593089)
3.75594041097333 (0.212414100766182,1.18204569816589,-0.0550563856959343) (0.2486793,1.187364,-0.0632578) (313.673,33.81336,340.1151) (-0.07542522,1.514943,-0.2067628) (358.6274,1.037037,5.077692)
2.38397822692829 (0.189836800098419,1.17627739906311,-0.0500237457454205) (0.2124141,1.182046,-0.05505639) (311.9298,28.95877,343.8389) (-0.07904853,1.514258,-0.199565) (359.1482,2.713145,6.284584)
1.57247186453544 (0.183324992656708,1.16233336925507,-0.046794630587101) (0.1898368,1.176277,-0.05002375) (314.4821,29.25778,341.5684) (-0.07566701,1.491338,-0.1769035) (5.142453,2.830496,5.023225)
0.730924530167706 (0.178232088685036,1.16102480888367,-0.051871545612812) (0.183325,1.162333,-0.04679463) (315.3853,29.59573,340.0959) (-0.07388373,1.459975,-0.1545953) (14.84062,0.3653978,4.593559)
0.52295279718572 (0.17414952814579,1.15823376178741,-0.0535717569291592) (0.1782321,1.161025,-0.05187155) (314.2727,24.90052,344.8638) (-0.06846407,1.426636,-0.1360042) (26.58253,357.0871,4.239914)
2.41048322992661 (0.181279435753822,1.13804280757904,-0.0425023064017296) (0.1741495,1.158234,-0.05357176) (318.3087,19.88029,349.2834) (-0.05357946,1.401837,-0.1209622) (33.83591,353.3668,3.405633)
2.97183725918074 (0.195380717515945,1.12605476379395,-0.0192510187625885) (0.1812794,1.138043,-0.04250231) (320.3856,16.61399,348.351) (-0.02915925,1.389109,-0.1096957) (36.40563,348.3586,3.594926)
3.46041308104884 (0.205187261104584,1.11561155319214,0.0122484564781189) (0.1953807,1.126055,-0.01925102) (321.1888,10.68221,347.8387) (-0.002152853,1.387445,-0.09870888) (37.47282,341.981,1.563384)
3.20113443274878 (0.201556101441383,1.11842846870422,0.0439281947910786) (0.2051873,1.115612,0.01224846) (322.4913,4.423542,346.2061) (0.02146275,1.393396,-0.09189591) (32.8643,338.368,359.8272)
3.08120997247606 (0.201019436120987,1.13060820102692,0.0722257494926453) (0.2015561,1.118428,0.04392819) (327.1293,2.68806,335.9209) (0.03900531,1.41398,-0.09484832) (29.12554,333.1125,-0.001426449)
2.31713375210976 (0.205642402172089,1.14686894416809,0.0880727469921112) (0.2010194,1.130608,0.07222575) (326.0931,359.7105,333.2316) (0.05249194,1.443826,-0.1005516) (22.47394,326.7914,359.2827)
1.55048287101802 (0.213217124342918,1.15773749351501,0.0961286723613739) (0.2056424,1.146869,0.08807275) (321.3382,356.6682,334.6321) (0.06897882,1.46649,-0.1138294) (21.63287,321.4318,358.7813)
1.42333116092687 (0.225509092211723,1.15614855289459,0.103126525878906) (0.2132171,1.157737,0.09612867) (322.747,358.1594,326.7964) (0.07706135,1.482891,-0.1196335) (14.12647,319.8286,0.3718666)
1.36491747878154 (0.231013849377632,1.14415681362152,0.106618776917458) (0.2255091,1.156149,0.1031265) (324.7149,359.0825,318.3231) (0.07778135,1.510519,-0.1290624) (2.139259,318.2077,2.547198)
1.69349124991312 (0.220657721161842,1.13159835338593,0.111290708184242) (0.2310138,1.144157,0.1066188) (324.0444,355.5764,321.7526) (0.07374624,1.532337,-0.1377055) (350.8158,317.3522,4.54155)
2.9432060907709 (0.191602230072021,1.12761342525482,0.113769620656967) (0.2206577,1.131598,0.1112907) (324.171,351.6377,323.5511) (0.06582715,1.550624,-0.1485932) (342.6776,317.0357,4.903214)
3.25997211750846 (0.159439697861671,1.13230764865875,0.116275139153004) (0.1916022,1.127613,0.1137696) (321.3414,350.583,325.0635) (0.05632477,1.565721,-0.1572377) (336.9899,319.8901,3.051913)
3.5752050468123 (0.124168179929256,1.13722848892212,0.119423873722553) (0.1594397,1.132308,0.1162751) (318.4064,350.3111,326.0115) (0.03424972,1.570402,-0.1589505) (333.1144,324.4784,0.8809628)
3.14713472241372 (0.0931170061230659,1.13701891899109,0.12454504519701) (0.1241682,1.137228,0.1194239) (316.6253,353.7161,320.8843) (-0.007819317,1.568683,-0.1588248) (332.7271,328.7911,358.5311)
1.75837250267966 (0.0766646564006805,1.13136386871338,0.12710003554821) (0.09311701,1.137019,0.124545) (318.8043,358.4713,321.3631) (-0.05300666,1.566525,-0.1618837) (333.1254,327.1493,1.252639)
3.47113416767019 (0.047124944627285,1.12744700908661,0.144902870059013) (0.07666466,1.131364,0.1271) (319.5775,1.409268,320.4463) (-0.09115158,1.562722,-0.1666016) (333.8521,324.0763,3.585816)
4.07032031882222 (0.00799049716442823,1.12342476844788,0.155346408486366) (0.04712494,1.127447,0.1449029) (318.1341,357.9839,324.5633) (-0.1214268,1.564038,-0.1764653) (333.2516,319.9271,3.68895)
4.34056250137061 (-0.034347090870142,1.11922180652618,0.163943618535995) (0.007990497,1.123425,0.1553464) (319.8394,357.0676,324.1941) (-0.1452728,1.567006,-0.1888697) (331.9381,315.278,3.791821)
5.63729505301449 (-0.0905845314264297,1.11589920520782,0.161889299750328) (-0.03434709,1.119222,0.1639436) (322.3117,352.0946,323.4827) (-0.1688342,1.567424,-0.2009448) (333.5173,309.3276,3.660189)
5.43672873126212 (-0.143365874886513,1.11834979057312,0.14908592402935) (-0.09058453,1.115899,0.1618893) (320.2376,343.9313,325.746) (-0.1832811,1.56141,-0.2117571) (336.5455,304.8317,3.374375)
2.86941392188462 (-0.171129420399666,1.12291502952576,0.143455848097801) (-0.1433659,1.11835,0.1490859) (318.3509,341.2521,326.0752) (-0.1853328,1.560179,-0.218854) (337.7195,302.2957,3.304168)
1.25580753338229 (-0.177879601716995,1.1261146068573,0.133361145853996) (-0.1711294,1.122915,0.1434558) (319.1178,340.8438,323.2108) (-0.1876229,1.556299,-0.2264681) (340.6852,299.1654,4.322336)
1.06156423127059 (-0.184615790843964,1.12589681148529,0.125159427523613) (-0.1778796,1.126115,0.1333611) (319.8804,338.5225,323.2988) (-0.1847351,1.547134,-0.2304866) (344.4609,297.4045,4.928782)
1.20914162030159 (-0.174891173839569,1.12210047245026,0.13126040995121) (-0.1846158,1.125897,0.1251594) (318.4664,337.0831,327.799) (-0.1688749,1.540262,-0.2305703) (347.6645,296.7349,5.36973)
3.38619272491256 (-0.143899723887444,1.11669182777405,0.143786653876305) (-0.1748912,1.1221,0.1312604) (318.932,338.8949,328.4097) (-0.138323,1.539579,-0.214017) (343.2372,299.8351,3.875482)
3.62577463930591 (-0.115093417465687,1.10021698474884,0.158394888043404) (-0.1438997,1.116692,0.1437867) (321.4375,341.8481,327.1835) (-0.1059183,1.541072,-0.2030065) (337.4771,300.0144,3.697584)
3.22237008698704 (-0.0904787331819534,1.08200836181641,0.168441295623779) (-0.1150934,1.100217,0.1583949) (323.2296,342.0785,327.1881) (-0.07104483,1.544656,-0.1909534) (327.5099,300.0115,2.570538)
3.19857172289127 (-0.0735835954546928,1.06565475463867,0.19012539088726) (-0.09047873,1.082008,0.1684413) (323.4861,339.9213,330.0782) (-0.03989333,1.543242,-0.1760317) (315.0656,301.0011,359.955)
3.04033205481298 (-0.075168177485466,1.05158042907715,0.217028260231018) (-0.0735836,1.065655,0.1901254) (324.051,339.3189,330.8332) (-0.005872801,1.552952,-0.1748929) (314.8595,301.1201,359.6618)
4.21352452290304 (-0.033661138266325,1.05169200897217,0.209780350327492) (-0.07516818,1.05158,0.2170283) (326.2562,339.3997,331.1815) (0.02362228,1.54193,-0.16807) (321.8766,304.9026,357.1011)
6.12199399348624 (0.0275214482098818,1.05222952365875,0.207710757851601) (-0.03366114,1.051692,0.2097804) (327.0728,340.9928,329.1843) (0.0462281,1.541759,-0.166718) (331.0224,306.9061,358.275)
5.48035731264359 (0.0810125693678856,1.05940711498261,0.19819164276123) (0.02752145,1.05223,0.2077108) (324.6971,342.7793,329.4066) (0.05757407,1.538109,-0.1614965) (337.5505,309.3491,358.7047)
4.89927299535824 (0.126249775290489,1.0724002122879,0.184587880969048) (0.08101257,1.059407,0.1981916) (324.8903,347.3632,328.2569) (0.06459507,1.53804,-0.1602522) (350.786,312.741,358.5588)
4.53057466431468 (0.165479421615601,1.09047639369965,0.170916840434074) (0.1262498,1.0724,0.1845879) (327.3288,352.228,328.8306) (0.05495544,1.533773,-0.1506287) (356.7147,316.7322,1.779098)
2.52942259768131 (0.187864854931831,1.1006932258606,0.16505965590477) (0.1654794,1.090476,0.1709168) (328.8823,354.4745,332.0569) (0.02691136,1.527565,-0.1323676) (0.3714333,322.8433,3.839196)
0.764931879060426 (0.193314105272293,1.105224609375,0.162181407213211) (0.1878649,1.100693,0.1650597) (327.7993,356.0409,335.4179) (-0.005493298,1.517398,-0.1115112) (4.33852,327.5687,5.230646)
0.905590758747488 (0.185587361454964,1.10403966903687,0.166753366589546) (0.1933141,1.105225,0.1621814) (328.8945,0.03261713,336.1385) (-0.05731241,1.490153,-0.07919951) (10.68704,333.2989,4.349813)
1.63665412684315 (0.171835169196129,1.0965188741684,0.162043958902359) (0.1855874,1.10404,0.1667534) (328.8453,2.439728,338.8736) (-0.09375708,1.457042,-0.04836376) (23.79418,341.2881,1.730382)
1.71358381100524 (0.159395471215248,1.0953174829483,0.150320157408714) (0.1718352,1.096519,0.162044) (332.764,5.327919,339.2543) (-0.1245545,1.43094,-0.01483922) (30.45649,350.554,2.780341)
1.50009134800839 (0.151971638202667,1.0866756439209,0.140561431646347) (0.1593955,1.095317,0.1503202) (329.8053,1.56338,342.9487) (-0.1376054,1.42247,0.0118487) (26.86631,358.8142,3.647135)
1.87322733020564 (0.15474234521389,1.07525324821472,0.125975474715233) (0.1519716,1.086676,0.1405614) (329.0739,3.195753,347.8656) (-0.1379768,1.427369,0.02410629) (22.5294,3.411645,3.855008)
1.32514586838103 (0.157002866268158,1.06450486183167,0.118561744689941) (0.1547423,1.075253,0.1259755) (331.734,7.219959,342.8019) (-0.1373054,1.438418,0.02570494) (16.86175,5.268709,3.18258)
0.895711212617891 (0.158016562461853,1.06191337108612,0.110047847032547) (0.1570029,1.064505,0.1185617) (330.0506,8.450831,345.8976) (-0.1271285,1.462629,0.01703085) (15.437,6.538436,3.811482)
3.02032346330704 (0.177827656269073,1.07675242424011,0.0927400887012482) (0.1580166,1.061913,0.1100478) (329.4564,15.54773,344.1212) (-0.1046306,1.482377,0.004370571) (11.41743,8.919108,4.823358)
3.69550917988439 (0.202874302864075,1.08688807487488,0.0675287246704102) (0.1778277,1.076752,0.09274009) (328.0964,24.89762,337.221) (-0.08657663,1.484768,-0.01148976) (13.47167,8.949961,2.604711)
2.1245873142445 (0.217962563037872,1.0912801027298,0.0532304160296917) (0.2028743,1.086888,0.06752872) (326.3701,26.38141,336.7961) (-0.0607407,1.492059,-0.02337115) (9.916446,6.940685,1.273771)
1.90466704717775 (0.236689016222954,1.09106338024139,0.0567015334963799) (0.2179626,1.09128,0.05323042) (327.0581,27.35657,336.0559) (-0.03512305,1.493576,-0.03256519) (6.997424,3.730696,359.791)
2.59413153962704 (0.25778466463089,1.08746552467346,0.0713637620210648) (0.236689,1.091063,0.05670153) (327.3687,27.90919,333.1659) (-0.006729633,1.499923,-0.04535471) (2.466113,358.0333,359.5628)
2.72754104905386 (0.275651156902313,1.08538746833801,0.0918678641319275) (0.2577847,1.087466,0.07136376) (326.4477,23.83811,332.0833) (0.02405308,1.51852,-0.07139561) (356.8603,350.1057,2.939529)
2.76235919211295 (0.296617954969406,1.0857754945755,0.109848566353321) (0.2756512,1.085387,0.09186786) (326.0975,19.59696,333.5879) (0.05756536,1.529899,-0.09121478) (350.8624,347.7162,2.708486)
2.42996104405721 (0.320607036352158,1.08503043651581,0.113648556172848) (0.296618,1.085775,0.1098486) (328.1907,17.21972,329.4492) (0.09606969,1.535344,-0.108306) (346.4018,346.171,359.7409)
2.46051033533625 (0.344606041908264,1.08460402488709,0.108237728476524) (0.320607,1.08503,0.1136486) (327.1859,18.38997,327.2545) (0.1224357,1.546882,-0.1211403) (345.0974,346.2413,359.3515)
3.15052477632786 (0.372601628303528,1.09065079689026,0.0951127782464027) (0.344606,1.084604,0.1082377) (322.8309,19.16153,324.8624) (0.1493596,1.551522,-0.1348205) (345.9707,347.0849,359.6627)
3.05585248161052 (0.39858603477478,1.09528374671936,0.0797124579548836) (0.3726016,1.090651,0.09511278) (320.9798,18.75669,325.1162) (0.1694328,1.550706,-0.1441097) (344.7981,346.3033,358.1035)
1.64040833384763 (0.414654225111008,1.09460759162903,0.0764798074960709) (0.398586,1.095284,0.07971246) (325.7734,21.97308,323.5778) (0.1790345,1.559247,-0.1491254) (340.6816,346.852,357.9939)
1.21907171045891 (0.426286309957504,1.09280943870544,0.0796538963913918) (0.4146542,1.094608,0.07647981) (331.6454,24.9569,318.4094) (0.1822757,1.566735,-0.151946) (336.8633,347.352,358.9683)
0.796827290054062 (0.430638581514359,1.09186518192291,0.0862614288926125) (0.4262863,1.092809,0.0796539) (336.979,19.8572,319.9482) (0.182102,1.571433,-0.1522264) (334.6493,347.1697,358.9823)
0.576949086832244 (0.429289281368256,1.0919634103775,0.0918700620532036) (0.4306386,1.091865,0.08626143) (338.9998,15.17956,320.7697) (0.1758727,1.572873,-0.1484745) (333.8305,347.0514,358.5299)
0.746769728312292 (0.424501031637192,1.09122741222382,0.0975531488656998) (0.4292893,1.091963,0.09187006) (340.8557,14.47774,317.1879) (0.1677655,1.575202,-0.1379712) (333.0414,349.4503,359.2273)
0.219277834789925 (0.425644248723984,1.09298515319824,0.0981947705149651) (0.424501,1.091227,0.09755315) (339.2479,16.32293,317.1303) (0.1527586,1.568883,-0.1165024) (336.4623,352.7228,359.3925)
0.500102021128076 (0.421301960945129,1.09442687034607,0.100213728845119) (0.4256442,1.092985,0.09819477) (336.1188,16.12087,319.5251) (0.1307473,1.55656,-0.08391201) (341.3917,354.6429,359.417)
1.99626658630049 (0.405182093381882,1.09176826477051,0.111684985458851) (0.421302,1.094427,0.1002137) (335.0406,17.98306,320.8293) (0.101934,1.536203,-0.04454309) (347.9418,355.0106,358.6355)
4.15111038458532 (0.374652028083801,1.08792781829834,0.139547824859619) (0.4051821,1.091768,0.111685) (335.6334,21.24826,322.6612) (0.06366502,1.535083,-0.001999146) (351.1611,353.5363,359.1037)
4.9923669773138 (0.342465430498123,1.08655977249146,0.177686050534248) (0.374652,1.087928,0.1395478) (339.4132,25.24948,321.2888) (0.03897145,1.520816,0.0437377) (356.4038,355.5681,0.1923813)
2.48676433244913 (0.328942477703094,1.08392870426178,0.198388874530792) (0.3424654,1.08656,0.1776861) (338.1006,23.29946,323.3553) (0.03323077,1.501908,0.07574575) (2.235135,359.1788,0.2179524)
0.650666641955509 (0.328481525182724,1.08320903778076,0.204839169979095) (0.3289425,1.083929,0.1983889) (336.1165,21.6222,327.7489) (0.03781637,1.499068,0.08929664) (0.7894371,2.191244,1.790751)
1.70250752701079 (0.336296081542969,1.07126152515411,0.214115098118782) (0.3284815,1.083209,0.2048392) (338.6823,19.35075,326.5528) (0.04457927,1.503267,0.09419501) (352.3593,0.9099008,3.074843)
4.42319285165388 (0.342752367258072,1.05524897575378,0.254838287830353) (0.3362961,1.071262,0.2141151) (338.6333,13.46844,328.5207) (0.05997951,1.515199,0.1013923) (345.0219,356.1266,2.091487)
2.10530211727617 (0.348157972097397,1.05535483360291,0.275185227394104) (0.3427524,1.055249,0.2548383) (335.6673,10.2436,329.6671) (0.08863553,1.49675,0.1031701) (347.3806,354.8652,359.7196)
2.01060556441307 (0.363755226135254,1.04675614833832,0.284514844417572) (0.348158,1.055355,0.2751852) (334.5487,10.50092,329.3947) (0.1200816,1.494513,0.09322344) (356.0909,349.06,358.6024)
1.90825056701693 (0.374311506748199,1.06247353553772,0.286896169185638) (0.3637552,1.046756,0.2845148) (337.9805,11.19479,326.6462) (0.1358195,1.489897,0.08099417) (3.497616,341.2827,358.3943)
1.2887150427521 (0.37508949637413,1.06731283664703,0.298814833164215) (0.3743115,1.062474,0.2868962) (343.0871,7.363284,324.1218) (0.1474539,1.484156,0.0733227) (5.289731,339.1468,358.7425)
1.10051469108688 (0.385852545499802,1.06917154788971,0.300162136554718) (0.3750895,1.067313,0.2988148) (342.0261,3.041279,327.9077) (0.1700584,1.500962,0.06999833) (1.698339,342.9478,0.3284827)
3.5225301524947 (0.414019078016281,1.08367562294006,0.2847640812397) (0.3858525,1.069172,0.3001621) (342.6997,2.285431,324.4443) (0.1905296,1.518582,0.06005581) (4.774084,340.6512,359.8904)
1.30965894347022 (0.421085238456726,1.09434521198273,0.287547945976257) (0.4140191,1.083676,0.2847641) (339.8142,0.1476329,323.3093) (0.1918712,1.510606,0.06553962) (7.340473,339.1927,359.4961)
13.2055867181256 (0.300143033266068,1.12836575508118,0.246874392032623) (0.4210852,1.094345,0.2875479) (339.1837,3.713288,321.1968) (0.1840588,1.506401,0.07319241) (6.822539,341.1545,358.3766)
2.56249848096705 (0.301734626293182,1.10294413566589,0.24407297372818) (0.300143,1.128366,0.2468744) (343.7157,5.587647,318.8487) (0.1687213,1.511086,0.07285976) (2.505913,347.3668,358.6425)
3.06655913765727 (0.293191373348236,1.07349264621735,0.24403940141201) (0.3017346,1.102944,0.244073) (346.755,0.7648305,325.4682) (0.1494253,1.52874,0.06610223) (352.4459,356.9055,358.2726)
0.926613077050292 (0.289999842643738,1.06488621234894,0.245306134223938) (0.2931914,1.073493,0.2440394) (344.91,5.012612,328.9447) (0.1206422,1.546169,0.05140276) (342.8854,5.571685,357.8031)
1.75669362003 (0.279311627149582,1.07691490650177,0.238258451223373) (0.2899998,1.064886,0.2453061) (341.7741,13.72028,327.681) (0.09617862,1.547544,0.04195159) (342.1235,14.05454,356.6161)
3.07664645365495 (0.25968536734581,1.07733643054962,0.214568629860878) (0.2793116,1.076915,0.2382585) (339.5988,19.49117,326.8905) (0.07177705,1.540648,0.04452403) (343.7265,19.88527,356.9622)
3.83152942699076 (0.241579726338387,1.0608366727829,0.185106694698334) (0.2596854,1.077336,0.2145686) (340.2175,20.97464,331.3835) (0.05750142,1.542578,0.04782782) (345.2462,23.91023,358.1706)
2.80947723098886 (0.230012699961662,1.04944121837616,0.162179335951805) (0.2415797,1.060837,0.1851067) (343.3691,22.54394,330.0136) (0.0546778,1.53711,0.03843518) (347.2382,27.02288,359.1461)
2.51766328211944 (0.22574271261692,1.049445271492,0.137367442250252) (0.2300127,1.049441,0.1621793) (341.8294,23.31479,333.4295) (0.06507258,1.538687,0.01567672) (346.6326,31.46016,359.3262)
2.48895204041463 (0.233231380581856,1.06104147434235,0.116656668484211) (0.2257427,1.049445,0.1373674) (340.5105,27.77512,329.7395) (0.07588717,1.549031,-0.01388639) (344.2409,32.85726,0.6451842)
2.81488706720666 (0.241355195641518,1.07516872882843,0.0937049090862274) (0.2332314,1.061041,0.1166567) (339.7171,28.62774,327.2556) (0.1021355,1.550761,-0.04713167) (342.1097,34.15558,0.2352883)
4.28331447893431 (0.272901564836502,1.09075534343719,0.069280281662941) (0.2413552,1.075169,0.09370491) (336.1836,31.1407,323.7886) (0.1461418,1.545957,-0.08371969) (339.6237,36.78971,359.2382)
6.90730938842568 (0.326305240392685,1.10422050952911,0.0275930035859346) (0.2729016,1.090755,0.06928028) (330.1529,35.45691,323.896) (0.1942172,1.53791,-0.1254748) (344.113,39.58719,358.8849)
6.99512176602623 (0.37635737657547,1.10486948490143,-0.0212694108486176) (0.3263052,1.104221,0.027593) (328.6234,41.93643,324.4718) (0.2195376,1.531667,-0.1538073) (342.2547,41.4331,359.7005)
4.54694343979215 (0.411289751529694,1.09993839263916,-0.0499553494155407) (0.3763574,1.104869,-0.02126941) (327.462,43.10723,326.9854) (0.2291371,1.546791,-0.1678957) (337.1422,40.94541,0.3200372)
2.94937438848453 (0.437851101160049,1.11097514629364,-0.0564795918762684) (0.4112898,1.099938,-0.04995535) (320.8204,38.67457,337.2537) (0.2295342,1.560871,-0.1801608) (338.3698,35.39893,1.279846)
2.53033843376891 (0.451869785785675,1.12864673137665,-0.0450143031775951) (0.4378511,1.110975,-0.05647959) (316.7918,34.74433,341.0772) (0.2199482,1.557932,-0.1793084) (340.0484,26.79731,1.757697)
3.61897941762687 (0.433726251125336,1.13459777832031,-0.0142718497663736) (0.4518698,1.128647,-0.0450143) (316.2078,28.49891,340.3798) (0.2124428,1.548093,-0.1715259) (343.9789,20.66829,2.422467)
4.58363603533819 (0.396101087331772,1.13277161121368,0.0118429772555828) (0.4337263,1.134598,-0.01427185) (316.6139,18.63799,342.4903) (0.2022326,1.543971,-0.1602337) (345.3431,16.4095,3.189982)
4.3871403514586 (0.357947677373886,1.12725615501404,0.0327856875956059) (0.3961011,1.132772,0.01184298) (319.1625,12.53893,338.8641) (0.1913501,1.541228,-0.1421184) (346.1114,12.36669,3.063182)
4.52710881625147 (0.315672814846039,1.12358951568604,0.0485610850155354) (0.3579477,1.127256,0.03278569) (320.9733,3.112955,335.3544) (0.1815922,1.541672,-0.1200446) (345.8186,12.20921,1.263955)
4.22864332048071 (0.274746745824814,1.12346875667572,0.0591999180614948) (0.3156728,1.12359,0.04856109) (321.8828,356.775,330.428) (0.1712683,1.538037,-0.0935881) (345.7322,14.49232,2.447623)
3.42212181165373 (0.292852580547333,1.09759998321533,0.0723937451839447) (0.2747467,1.123469,0.05919992) (322.9938,353.363,330.7469) (0.1513457,1.539278,-0.07303886) (344.4086,16.98139,5.889384)
2.18987809210719 (0.279715329408646,1.09643280506134,0.0898753628134727) (0.2928526,1.0976,0.07239375) (322.5654,352.5156,331.6924) (0.1268997,1.5484,-0.0522511) (341.7274,18.41956,4.932427)
2.90342195486349 (0.28968870639801,1.07566356658936,0.107543312013149) (0.2797153,1.096433,0.08987536) (351.491,90.51438,65.30859) (0.1060129,1.552598,-0.03185569) (339.6746,20.48629,5.466033)
2.3418228251989 (0.27730056643486,1.07712924480438,0.127362474799156) (0.2896887,1.075664,0.1075433) (349.5697,89.91286,69.17361) (0.09445779,1.556828,-0.01722172) (338.9236,20.15554,6.081147)
1.69790762921718 (0.272227704524994,1.07917261123657,0.143436670303345) (0.2773006,1.077129,0.1273625) (347.4677,88.95367,74.32007) (0.09809195,1.559698,-0.006313852) (337.6819,21.61976,5.357652)
0.973553627131566 (0.276700437068939,1.08217656612396,0.151545405387878) (0.2722277,1.079173,0.1434367) (345.5973,89.10098,74.83694) (0.1123041,1.560875,-0.004388756) (339.8891,21.4559,3.70761)
0.935534911247333 (0.283635139465332,1.08485221862793,0.157226368784904) (0.2767004,1.082177,0.1515454) (343.6586,90.20217,75.38241) (0.1347148,1.560628,-0.002500354) (337.5464,18.58482,1.743466)
2.00827378451229 (0.298985183238983,1.08600211143494,0.17012482881546) (0.2836351,1.084852,0.1572264) (342.3156,91.13618,73.09513) (0.165595,1.560891,0.0005115205) (338.1784,14.67449,2.524588)
2.41726342770013 (0.319864422082901,1.08584797382355,0.182304725050926) (0.2989852,1.086002,0.1701248) (344.7709,91.42521,70.00867) (0.2026222,1.55812,0.006474131) (338.8489,10.92412,2.784263)
2.89299986673084 (0.347429424524307,1.08423268795013,0.190936431288719) (0.3198644,1.085848,0.1823047) (348.7927,91.10708,67.78722) (0.240119,1.548763,0.01075079) (341.6515,7.122232,1.648597)
2.45246785648514 (0.367675840854645,1.07961428165436,0.203982993960381) (0.3474294,1.084233,0.1909364) (347.071,92.6153,67.66295) (0.2667556,1.554519,0.01339161) (337.3927,3.146887,359.854)
1.69878784836942 (0.378498941659927,1.08413970470428,0.216269940137863) (0.3676758,1.079614,0.203983) (339.7923,96.8131,55.82693) (0.2820988,1.565642,0.01220673) (334.481,359.087,359.6959)
0.625523022611921 (0.381093829870224,1.08862578868866,0.219772726297379) (0.3784989,1.08414,0.2162699) (341.1768,97.36066,49.89944) (0.2931266,1.56244,0.003338137) (338.3899,354.118,0.4386485)
0.840749182807987 (0.381062895059586,1.09258902072906,0.21235802769661) (0.3810938,1.088626,0.2197727) (345.6345,93.24183,51.01486) (0.2986028,1.554828,-0.003185584) (349.1066,351.7837,359.9102)
2.73676267928885 (0.378017842769623,1.10499942302704,0.188156858086586) (0.3810629,1.092589,0.212358) (344.84,93.85005,49.32778) (0.2955162,1.533914,0.004861982) (0.2765767,348.6515,358.9027)
1.43269992409901 (0.367528885602951,1.10680687427521,0.178566351532936) (0.3780178,1.104999,0.1881569) (344.8636,96.61692,50.15989) (0.2829462,1.50432,0.01871058) (9.856316,343.9986,354.9895)
2.16654679339872 (0.346564561128616,1.10568189620972,0.183916494250298) (0.3675289,1.106807,0.1785664) (342.8393,97.49599,54.07247) (0.2628474,1.495317,0.02894873) (12.08804,347.0401,354.2783)
6.62105942868944 (0.403562277555466,1.13920700550079,0.187258720397949) (0.3465646,1.105682,0.1839165) (325.3493,9.701238,318.0073) (0.234354,1.49624,0.03361771) (11.64837,350.5628,355.224)
1.71324783082912 (0.387389630079269,1.14458036422729,0.189017787575722) (0.4035623,1.139207,0.1872587) (328.2594,11.1775,321.2517) (0.1972947,1.502521,0.03701711) (9.310519,353.7576,356.5934)
3.22542247639443 (0.355597823858261,1.14837467670441,0.192918986082077) (0.3873896,1.14458,0.1890178) (329.2336,16.56861,318.3386) (0.154831,1.515776,0.0435813) (2.193272,357.2704,359.9393)
4.21582621582802 (0.315563648939133,1.13782370090485,0.200872659683228) (0.3555978,1.148375,0.192919) (329.1024,17.54443,317.6378) (0.1122334,1.536349,0.04516675) (353.0315,0.2992754,7.688735)
4.43923878282171 (0.274202316999435,1.12470614910126,0.210245713591576) (0.3155636,1.137824,0.2008727) (328.4147,14.71753,322.653) (0.06602117,1.547547,0.03918304) (346.3153,359.5567,11.10451)
4.62348351916042 (0.230740427970886,1.11395132541656,0.2217807918787) (0.2742023,1.124706,0.2102457) (330.1706,13.38335,320.3321) (0.0322331,1.558024,0.02891933) (341.7851,356.8621,10.37687)
5.35069964092247 (0.178651452064514,1.12214231491089,0.230871722102165) (0.2307404,1.113951,0.2217808) (331.8163,4.839754,320.0516) (-0.0009068102,1.556975,0.0255437) (343.4379,351.8802,8.357112)
5.10568742183656 (0.138988852500916,1.15427386760712,0.229755431413651) (0.1786515,1.122142,0.2308717) (329.0762,2.928986,318.7841) (-0.03337477,1.514208,0.04030486) (0.6149073,348.1187,9.58715)
3.81766571925106 (0.116014927625656,1.17817759513855,0.210827469825745) (0.1389889,1.154274,0.2297554) (321.1562,356.6137,324.9304) (-0.05103319,1.487972,0.0457487) (12.22208,347.796,10.2889)
1.8114867219501 (0.105685606598854,1.17594134807587,0.196115136146545) (0.1160149,1.178178,0.2108275) (315.4991,349.0508,332.53) (-0.05940932,1.479318,0.046278) (15.86081,345.4402,10.54481)
0.963860193692023 (0.10689453035593,1.16917014122009,0.189362958073616) (0.1056856,1.175941,0.1961151) (318.5056,347.1398,334.9496) (-0.05999822,1.461206,0.04742272) (20.80086,344.2933,12.79683)
1.8332836298379 (0.121486499905586,1.1658730506897,0.178765952587128) (0.1068945,1.16917,0.189363) (321.1866,347.1587,336.3572) (-0.05185357,1.435401,0.0450626) (27.50319,343.1133,14.14726)
2.71988392504282 (0.142646700143814,1.15196323394775,0.168839231133461) (0.1214865,1.165873,0.178766) (326.2813,345.3192,341.6627) (-0.04037444,1.405009,0.03941907) (32.6946,340.1045,15.34147)
2.48889135193424 (0.165408000349998,1.14925861358643,0.159140452742577) (0.1426467,1.151963,0.1688392) (327.5543,342.8725,344.3964) (-0.01372193,1.393469,0.02217076) (35.33069,337.7459,14.42906)
3.19914818408982 (0.195198521018028,1.14815163612366,0.147532075643539) (0.165408,1.149259,0.1591405) (327.8812,342.6279,345.0764) (0.0238201,1.396643,0.01118607) (33.10054,336.4442,11.76884)
3.14125655894854 (0.222344040870667,1.14857769012451,0.131730541586876) (0.1951985,1.148152,0.1475321) (328.8503,343.4822,342.5952) (0.06662944,1.401298,-0.004468611) (34.31247,340.0021,11.8249)
3.23047227150818 (0.25113371014595,1.14690816402435,0.117171600461006) (0.222344,1.148578,0.1317305) (328.0929,343.0295,345.316) (0.09472533,1.409015,-0.01966655) (35.22923,347.8442,19.42138)
2.07601387756032 (0.268562346696854,1.14843249320984,0.105995625257492) (0.2511337,1.146908,0.1171716) (328.7694,343.6181,344.9218) (0.09923352,1.41205,-0.03483571) (34.87727,347.691,22.39119)
1.34373503792759 (0.269946932792664,1.16131341457367,0.102428108453751) (0.2685623,1.148432,0.1059956) (325.8402,339.7939,346.1615) (0.08856853,1.41925,-0.04879992) (32.29029,341.2318,20.19359)
1.18227972145205 (0.260337114334106,1.16812717914581,0.101426839828491) (0.2699469,1.161313,0.1024281) (322.8914,337.106,347.3201) (0.06540464,1.431867,-0.06617274) (30.03762,335.1952,27.26495)
2.26456016166486 (0.237893223762512,1.16940307617188,0.104159444570541) (0.2603371,1.168127,0.1014268) (325.182,337.4157,342.7992) (0.03860404,1.424444,-0.08315925) (31.37209,328.8366,31.43463)
2.67111058616279 (0.214437142014503,1.17897927761078,0.0956982523202896) (0.2378932,1.169403,0.1041594) (318.2375,324.8416,349.9822) (0.007149026,1.402707,-0.1019144) (36.65557,320.3479,28.14764)
3.80798155021064 (0.177842170000076,1.18804979324341,0.0903497785329819) (0.2144371,1.178979,0.09569825) (316.2468,308.6613,6.085166) (-0.01802665,1.386961,-0.1216557) (40.04065,312.8211,23.51221)
2.55385280242267 (0.153421089053154,1.19186043739319,0.0967767685651779) (0.1778422,1.18805,0.09034978) (315.4774,312.8232,359.7901) (-0.04691666,1.387196,-0.1258689) (39.32154,309.3698,19.80281)
1.59510349308341 (0.137555733323097,1.19296932220459,0.095553494989872) (0.1534211,1.19186,0.09677677) (310.7133,319.9114,351.8673) (-0.07794572,1.406951,-0.1220755) (31.70489,306.4491,14.47533)
3.82878374870251 (0.101376049220562,1.19180607795715,0.0830780863761902) (0.1375557,1.192969,0.09555349) (308.6186,316.0406,355.2728) (-0.1048141,1.451289,-0.1077701) (17.2275,308.956,8.233665)
4.55769447995916 (0.0595082752406597,1.20762133598328,0.0744626894593239) (0.101376,1.191806,0.08307809) (306.5355,316.9996,354.542) (-0.09675691,1.48766,-0.08916026) (10.84317,316.3942,5.332315)
2.59870635833069 (0.048397958278656,1.23108541965485,0.073311559855938) (0.05950828,1.207621,0.07446269) (299.1014,315.9067,6.943937) (-0.07327182,1.519562,-0.06585895) (0.9594115,330.2104,1.692806)
1.68214107197675 (0.0639384612441063,1.23726761341095,0.0751096457242966) (0.04839796,1.231085,0.07331156) (294.6215,327.7833,4.884338) (-0.03905074,1.544127,-0.0500406) (347.0056,348.1663,354.0223)
5.49776490987465 (0.0979542583227158,1.23990750312805,0.0319993384182453) (0.06393846,1.237268,0.07510965) (293.0585,332.3645,9.377158) (0.0204797,1.546041,-0.06798755) (346.7265,3.236942,349.5192)
6.24419730887698 (0.136147558689117,1.23786640167236,-0.0173575822263956) (0.09795426,1.239908,0.03199934) (294.8706,339.9221,8.996348) (0.05587357,1.533634,-0.08425785) (349.6119,13.26409,351.1821)
4.89989979032664 (0.171419993042946,1.23763120174408,-0.0513679049909115) (0.1361476,1.237866,-0.01735758) (293.448,355.304,359.3792) (0.08511634,1.520448,-0.08685301) (353.9168,18.40677,356.5251)
5.84310070865886 (0.22768422961235,1.22986125946045,-0.0650845468044281) (0.17142,1.237631,-0.0513679) (298.0442,9.665075,354.503) (0.1212712,1.486542,-0.07415213) (3.821595,20.72223,3.418143)
5.1475435368739 (0.277432411909103,1.21882104873657,-0.0723613947629929) (0.2276842,1.229861,-0.06508455) (302.7581,21.78636,348.4744) (0.1720163,1.440348,-0.05866979) (17.24913,22.85191,10.1078)
6.26665955307042 (0.338447958230972,1.2081104516983,-0.0818212404847145) (0.2774324,1.218821,-0.07236139) (310.8172,32.04679,339.646) (0.2267962,1.374274,-0.04343791) (33.61262,28.93407,20.18572)
5.9611098493685 (0.3956578373909,1.19137477874756,-0.0811654031276703) (0.338448,1.20811,-0.08182124) (318.0883,29.69684,344.0493) (0.2689493,1.331051,-0.02944261) (40.38044,31.14018,24.17735)
4.89531791834911 (0.439221441745758,1.17196941375732,-0.0701174139976501) (0.3956578,1.191375,-0.0811654) (325.5047,30.18515,343.7035) (0.289696,1.315431,-0.02495368) (44.20595,24.31254,22.8367)
8.61503677389087 (0.452949553728104,1.08725142478943,-0.0776199176907539) (0.4392214,1.171969,-0.07011741) (328.2098,31.04812,339.3181) (0.2661217,1.332605,-0.02122373) (43.11849,6.84639,13.60617)
2.66373813431498 (0.460794001817703,1.09531116485596,-0.0534733794629574) (0.4529496,1.087251,-0.07761992) (325.9106,27.45252,336.3081) (0.224721,1.380916,-0.0323921) (36.09124,347.8393,4.657275)
Average= 3.49703699354422
Max= 43.3474749897949
Standard Deviation= 5.14455723498524
Right: 0    Miss: 40
0
