78.039751063719 (0.378095120191574,0.674219489097595,0.107202760875225) (0,0,0) (300.4481,45.8797,299.796) (0.1661436,0.9402785,0.08462812) (355.003,348.1439,352.61)
0.882558580241438 (0.382818132638931,0.674299776554108,0.0997477173805237) (0.3780951,0.6742195,0.1072028) (299.5251,45.35648,302.4728) (0.1705406,0.9431512,0.08657183) (353.6703,350.7922,353.6677)
0.876561101014919 (0.387070178985596,0.674704670906067,0.0920931696891785) (0.3828181,0.6742998,0.09974772) (298.2999,42.33107,311.9419) (0.1741177,0.9448206,0.08930033) (352.7565,352.7767,354.2701)
0.263733330507314 (0.388143062591553,0.674568355083466,0.0896877869963646) (0.3870702,0.6747047,0.09209317) (296.8141,44.13662,311.9227) (0.1741558,0.9453426,0.09142774) (351.8864,353.2754,354.6893)
0.130407136799975 (0.388877511024475,0.674199521541595,0.0886752903461456) (0.3881431,0.6745684,0.08968779) (296.3608,47.532,309.4138) (0.1707343,0.9536532,0.0891502) (350.3871,353.6805,355.8284)
1.21289226078629 (0.387561678886414,0.686162829399109,0.0871724188327789) (0.3888775,0.6741995,0.08867529) (293.0756,45.04696,309.6819) (0.1635226,0.9880385,0.08373572) (348.2808,354.425,357.9618)
5.70436019770956 (0.381075143814087,0.742835938930511,0.0874094292521477) (0.3875617,0.6861628,0.08717242) (294.4287,37.21372,315.4202) (0.154824,1.077208,0.08472656) (346.6678,354.8943,358.2544)
11.4531558263101 (0.371378600597382,0.856847643852234,0.0824308097362518) (0.3810751,0.7428359,0.08740943) (300.6325,27.22094,326.7994) (0.148384,1.212923,0.06555548) (344.9291,356.9511,358.225)
12.3793593676164 (0.365281701087952,0.977014243602753,0.0533160306513309) (0.3713786,0.8568476,0.08243081) (303.164,31.18571,330.5202) (0.1415663,1.340788,0.02318407) (343.679,357.9047,358.7214)
10.231017345019 (0.35933718085289,1.07215142250061,0.0161548666656017) (0.3652817,0.9770142,0.05331603) (302.6591,33.01052,331.432) (0.1279697,1.417018,-0.005442656) (353.7401,357.1781,0.7672271)
17.2311648261634 (0.271216094493866,1.19513821601868,0.098618358373642) (0.3593372,1.072151,0.01615487) (303.3832,24.45664,336.3041) (0.08589451,1.455976,-0.03727519) (14.63203,352.0301,3.713583)
6.19110083905639 (0.256961643695831,1.22646856307983,0.0471577607095242) (0.2712161,1.195138,0.09861836) (305.4814,14.00546,342.7935) (0.05703117,1.458915,-0.0780017) (17.49504,343.2473,1.528378)
5.9408057862621 (0.270103365182877,1.21491265296936,-0.00961435958743095) (0.2569616,1.226469,0.04715776) (304.3461,6.415247,346.8137) (0.05979904,1.451808,-0.1421505) (15.37224,331.5814,359.3828)
2.40938305049368 (0.285786867141724,1.20468783378601,-0.0247798971831799) (0.2701034,1.214913,-0.00961436) (308.287,354.1309,350.4492) (0.1081648,1.4857,-0.2029251) (5.309374,328.4555,1.219401)
3.35011547797995 (0.291257053613663,1.23584008216858,-0.0358226262032986) (0.2857869,1.204688,-0.0247799) (303.2056,348.9067,357.3241) (0.1423514,1.546469,-0.2308521) (343.0958,336.7668,5.167358)
1.51314377854909 (0.298351675271988,1.24816739559174,-0.040986355394125) (0.2912571,1.23584,-0.03582263) (302.202,352.8551,355.7165) (0.1806268,1.59419,-0.2699711) (323.1218,348.9086,4.766338)
0.000450248294126392 (0.298347860574722,1.24816501140594,-0.0409861654043198) (0.2983517,1.248167,-0.04098636) (302.2021,352.8535,355.7173) (0.1806268,1.59419,-0.2699711) (323.1218,348.9086,4.766338)
12.4501140010388 (0.210061848163605,1.31865358352661,-0.0933070555329323) (0.2983479,1.248165,-0.04098617) (294.9722,5.549035,352.6391) (0.1273731,1.600661,-0.4488953) (303.6935,2.786117,356.4937)
7.62146518739323 (0.134980991482735,1.32483208179474,-0.104855418205261) (0.2100618,1.318654,-0.09330706) (296.2345,6.461125,354.2464) (0.09349295,1.595882,-0.4991248) (299.9449,6.441041,354.1247)
10.1090948926957 (0.034736480563879,1.33685231208801,-0.099762961268425) (0.134981,1.324832,-0.1048554) (296.2987,1.735163,358.3533) (0.07051478,1.600108,-0.5343212) (299.3085,4.120125,356.4569)
4.81815412123741 (0.0611281916499138,1.33827304840088,-0.140048444271088) (0.03473648,1.336852,-0.09976296) (290.521,359.2802,356.134) (0.06687344,1.601382,-0.5657871) (300.2079,4.170299,356.0294)
3.41498103034021 (0.0324502661824226,1.33827757835388,-0.158589914441109) (0.06112819,1.338273,-0.1400484) (290.5019,354.1085,0.06142671) (0.08085754,1.600526,-0.5799509) (299.4133,2.33764,357.4145)
1.79784036742911 (0.048352625221014,1.33829295635223,-0.166976675391197) (0.03245027,1.338278,-0.1585899) (290.2864,358.5102,357.6404) (0.1135627,1.603454,-0.5765769) (299.5554,2.75713,356.5189)
6.32186997898042 (0.111040279269218,1.3382523059845,-0.158799812197685) (0.04835263,1.338293,-0.1669767) (292.9974,4.384793,351.3489) (0.1670676,1.600131,-0.5628816) (300.7119,1.012696,356.9707)
3.83042452320172 (0.147981092333794,1.33725726604462,-0.148720055818558) (0.1110403,1.338252,-0.1587998) (291.5505,4.8605,350.1875) (0.2158959,1.603172,-0.536782) (306.1146,356.7632,0.454468)
1.5420278260329 (0.163111254572868,1.3346209526062,-0.147336930036545) (0.1479811,1.337257,-0.1487201) (289.6504,2.149658,355.1308) (0.2541314,1.584944,-0.4894) (320.8107,351.1436,5.119552)
1.42658200456147 (0.177072331309319,1.33178353309631,-0.148079231381416) (0.1631113,1.334621,-0.1473369) (293.6143,356.8009,5.348443) (0.2818571,1.582939,-0.4595717) (330.7023,347.3514,5.689505)
31.296681594688 (0.488612681627274,1.31051552295685,-0.169019713997841) (0.1770723,1.331784,-0.1480792) (297.5099,0.3703556,1.417176) (0.3096283,1.580506,-0.4415436) (333.5007,347.9181,4.041925)
2.28256053367856 (0.50723534822464,1.30144989490509,-0.159427061676979) (0.4886127,1.310516,-0.1690197) (297.8281,6.025429,355.7224) (0.3233685,1.588414,-0.4350408) (328.5202,351.1401,3.870469)
0.527711071318264 (0.506313681602478,1.30191016197205,-0.154251486063004) (0.5072353,1.30145,-0.1594271) (295.1966,10.01008,354.5163) (0.3261947,1.594612,-0.4304765) (323.7931,353.3917,3.509003)
2.64934156826818 (0.499483555555344,1.31171345710754,-0.130605220794678) (0.5063137,1.30191,-0.1542515) (296.897,4.943754,3.280665) (0.3131959,1.595905,-0.4184684) (321.0054,354.3198,3.14835)
3.60869484940599 (0.479595124721527,1.33517956733704,-0.111735671758652) (0.4994836,1.311713,-0.1306052) (294.5458,355.6317,16.7873) (0.2882774,1.596865,-0.3982953) (317.876,354.496,3.557506)
4.63056149583057 (0.449196517467499,1.35491061210632,-0.0829117149114609) (0.4795951,1.33518,-0.1117357) (289.8584,341.886,31.72606) (0.2498217,1.59348,-0.3741007) (314.4966,355.7603,3.338795)
6.32736952996833 (0.405957370996475,1.38782393932343,-0.0504979863762856) (0.4491965,1.354911,-0.08291171) (283.0475,311.5555,65.43178) (0.1884585,1.600514,-0.3354945) (310.0982,359.7422,1.017278)
6.57744141612136 (0.360363394021988,1.42182159423828,-0.0174582749605179) (0.4059574,1.387824,-0.05049799) (282.6066,300.8896,78.61178) (0.1468442,1.605423,-0.3067881) (308.131,0.4915616,0.9623218)
4.81013273054833 (0.322966933250427,1.44065177440643,0.00622012838721275) (0.3603634,1.421822,-0.01745827) (281.7347,278.8253,102.4628) (0.1148187,1.608259,-0.283364) (307.2584,2.037813,0.2810962)
3.55737579199021 (0.294910281896591,1.4434140920639,0.027915433049202) (0.3229669,1.440652,0.006220128) (284.9263,273.3298,107.6559) (0.1038906,1.607843,-0.2651868) (307.0629,2.406874,359.4846)
2.97315043452294 (0.282803386449814,1.45916140079498,0.0500379949808121) (0.2949103,1.443414,0.02791543) (284.8706,268.2274,111.9718) (0.1096596,1.607644,-0.2494236) (306.7985,1.823224,359.4504)
3.51047995117808 (0.28228947520256,1.47270035743713,0.0824228599667549) (0.2828034,1.459161,0.05003799) (286.7732,255.1933,124.312) (0.1294347,1.606048,-0.2290562) (306.2874,0.8139446,359.3878)
3.37815800618064 (0.28796461224556,1.49439263343811,0.107690095901489) (0.2822895,1.4727,0.08242286) (292.3551,241.1196,137.2637) (0.1663346,1.604159,-0.2047258) (306.2585,357.9087,0.02906257)
5.90742093285919 (0.297848641872406,1.54060804843903,0.14313305914402) (0.2879646,1.494393,0.1076901) (299.6497,238.8988,145.4406) (0.2222515,1.605142,-0.1645125) (311.4772,354.6593,0.5916078)
10.0090960206168 (0.301706701517105,1.62222504615784,0.200942933559418) (0.2978486,1.540608,0.1431331) (304.2781,250.6741,139.9796) (0.2731753,1.599497,-0.1318609) (317.7725,356.529,358.3789)
10.4370026399543 (0.296329736709595,1.71392679214478,0.250490695238113) (0.3017067,1.622225,0.2009429) (307.5278,246.5076,157.8402) (0.3151973,1.596181,-0.1024319) (325.1322,359.0102,356.688)
5.91557975271858 (0.258030742406845,1.74615705013275,0.282015383243561) (0.2963297,1.713927,0.2504907) (315.2896,253.8193,164.7219) (0.3246714,1.593654,-0.09227454) (327.2668,359.7758,356.4371)
2.53134856355073 (0.236233875155449,1.74993717670441,0.294319033622742) (0.2580307,1.746157,0.2820154) (316.1604,257.4796,155.7339) (0.3018148,1.592204,-0.09795055) (326.411,358.9482,357.2437)
3.57039160610478 (0.204530537128448,1.73810195922852,0.305703043937683) (0.2362339,1.749937,0.294319) (319.7404,262.3278,151.9208) (0.2615938,1.592051,-0.1118168) (324.853,359.9679,356.5323)
7.874510831233 (0.132519006729126,1.71058678627014,0.321766883134842) (0.2045305,1.738102,0.305703) (327.7399,264.5106,158.009) (0.2177038,1.594674,-0.1227066) (322.9149,358.9547,358.2055)
14.5806126198584 (0.0403851233422756,1.6068342924118,0.276976317167282) (0.132519,1.710587,0.3217669) (0.7950945,263.7117,168.6311) (0.1927405,1.595424,-0.1251191) (320.9487,357.2468,359.7195)
5.16681494106268 (0.0162743609398603,1.64732360839844,0.298163205385208) (0.04038512,1.606834,0.2769763) (347.1143,260.474,153.5706) (0.1853232,1.597018,-0.1236787) (320.1069,357.136,0.08720174)
6.96472502588012 (0.0220267977565527,1.69834864139557,0.345217376947403) (0.01627436,1.647324,0.2981632) (330.9266,263.7929,129.8483) (0.1904123,1.59713,-0.1095773) (319.5473,355.0917,1.307769)
3.8573739826104 (0.0328400880098343,1.72091293334961,0.374574810266495) (0.0220268,1.698349,0.3452174) (327.4982,264.1788,122.4471) (0.2071506,1.596032,-0.08400125) (319.0015,353.5578,1.595911)
4.64538608395674 (0.0393651649355888,1.74040567874908,0.416233152151108) (0.03284009,1.720913,0.3745748) (324.6099,264.9754,112.6598) (0.2336055,1.596558,-0.04025374) (318.9745,350.582,2.534283)
5.15561395658192 (0.0489163622260094,1.75252532958984,0.465425878763199) (0.03936516,1.740406,0.4162332) (323.8137,264.8955,112.1087) (0.2536279,1.597373,-0.001444104) (319.6374,348.7156,1.874517)
5.49011985650847 (0.0617178604006767,1.76781010627747,0.51657897233963) (0.04891636,1.752525,0.4654259) (320.7698,266.9967,107.2212) (0.2689173,1.598769,0.03553553) (320.5891,347.3164,0.9386967)
7.19311638205269 (0.0878425911068916,1.79444408416748,0.578078746795654) (0.06171786,1.76781,0.516579) (313.0934,274.4004,94.09398) (0.2795809,1.601621,0.0655029) (321.0541,345.1315,0.5775559)
6.56508463109196 (0.128862857818604,1.80632448196411,0.627940833568573) (0.08784259,1.794444,0.5780787) (306.3664,285.5187,81.51785) (0.2851473,1.603258,0.07832102) (320.8081,345.0082,359.9191)
6.7025084080273 (0.173912838101387,1.80067336559296,0.677245259284973) (0.1288629,1.806324,0.6279408) (301.5874,299.7388,68.35008) (0.2926654,1.604474,0.08691785) (320.0514,347.2087,358.9557)
3.07997698252544 (0.197060376405716,1.78204607963562,0.685359537601471) (0.1739128,1.800673,0.6772453) (302.4453,299.8448,70.64452) (0.3010022,1.605886,0.08686355) (318.1571,351.0909,358.1297)
8.35148153275218 (0.246520414948463,1.81379854679108,0.626028180122375) (0.1970604,1.782046,0.6853595) (293.0094,282.1078,83.48006) (0.3143074,1.609234,0.08599945) (315.7329,355.7045,356.0133)
9.8069730371812 (0.301737517118454,1.85666573047638,0.557244837284088) (0.2465204,1.813799,0.6260282) (291.5554,254.6206,113.804) (0.3298425,1.612531,0.08910426) (314.3499,359.6244,354.3638)
8.5755237641304 (0.358087956905365,1.89526629447937,0.505393266677856) (0.3017375,1.856666,0.5572448) (290.9932,230.7614,139.261) (0.3460342,1.612087,0.0934907) (313.6909,2.621245,352.8915)
6.20305031153054 (0.409117251634598,1.92281627655029,0.483375251293182) (0.358088,1.895266,0.5053933) (290.7767,221.9151,148.438) (0.3606502,1.611506,0.09865148) (313.447,3.188864,353.1549)
2.91526059215327 (0.428994357585907,1.93805861473084,0.498289883136749) (0.4091173,1.922816,0.4833753) (289.704,224.8762,147.4405) (0.3744821,1.611234,0.1077054) (313.2155,3.452285,353.3102)
2.03120809417243 (0.436075419187546,1.93561506271362,0.517170250415802) (0.4289944,1.938059,0.4982899) (289.6835,237.1685,139.1905) (0.390852,1.61101,0.1189504) (313.0691,3.336753,353.1879)
3.59423435054556 (0.440304845571518,1.93484878540039,0.552854657173157) (0.4360754,1.935615,0.5171703) (288.7299,247.8661,129.142) (0.403666,1.611151,0.1280726) (313.0884,2.639585,353.0846)
3.54804312710474 (0.435897767543793,1.93347322940826,0.588033437728882) (0.4403048,1.934849,0.5528547) (288.9773,256.7868,120.9291) (0.4158616,1.611298,0.1355472) (313.6529,2.018009,352.7068)
3.22096081669383 (0.435002267360687,1.93333923816681,0.620230317115784) (0.4358978,1.933473,0.5880334) (288.938,262.528,114.2311) (0.423778,1.611278,0.140536) (314.0497,0.4275497,352.6765)
2.91032677892637 (0.436649918556213,1.92786872386932,0.648767292499542) (0.4350023,1.933339,0.6202303) (288.4479,269.7643,105.9904) (0.4341995,1.610671,0.1439387) (314.6572,0.1947418,351.7899)
2.36940753290028 (0.453303694725037,1.91507923603058,0.659744083881378) (0.4366499,1.927869,0.6487673) (286.673,275.7548,100.9726) (0.4475756,1.609265,0.1431848) (315.1728,0.5647444,350.6407)
5.11457212265297 (0.501371502876282,1.91559660434723,0.642276883125305) (0.4533037,1.915079,0.6597441) (279.7213,262.151,112.2337) (0.4590842,1.608166,0.1389097) (315.4302,1.693025,349.1228)
6.92020644817184 (0.570185601711273,1.90953826904297,0.638172924518585) (0.5013715,1.915597,0.6422769) (272.6839,273.7653,101.5632) (0.4734288,1.607599,0.1283885) (315.4006,4.051654,347.2993)
4.74701313043487 (0.615419924259186,1.8951416015625,0.638247549533844) (0.5701856,1.909538,0.6381729) (273.2238,38.53186,340.2452) (0.4836682,1.605966,0.1180737) (315.4593,6.482656,345.8584)
2.46411322162099 (0.636292815208435,1.88781332969666,0.627393782138824) (0.6154199,1.895142,0.6382475) (272.6194,40.68597,339.738) (0.4855155,1.610408,0.1053736) (313.7507,9.115086,344.969)
1.97703924748579 (0.644166588783264,1.88769960403442,0.609259307384491) (0.6362928,1.887813,0.6273938) (270.4739,153.3671,227.8047) (0.4788485,1.610916,0.0906439) (312.2733,9.649539,345.4929)
2.85264465207738 (0.644826829433441,1.88800895214081,0.580742180347443) (0.6441666,1.8877,0.6092593) (272.5722,205.6352,177.1754) (0.4687131,1.610986,0.07386783) (311.3635,10.26603,346.5249)
4.40311276189336 (0.642902731895447,1.89652562141418,0.537585437297821) (0.6448268,1.888009,0.5807422) (274.0991,207.0066,177.0049) (0.455609,1.610362,0.04542939) (310.5849,12.85782,346.04)
5.16909506124978 (0.637665390968323,1.90454339981079,0.486789375543594) (0.6429027,1.896526,0.5375854) (279.7883,207.1162,178.456) (0.4356262,1.610913,0.0164503) (310.0439,13.92622,345.9125)
7.66757676566687 (0.638265132904053,1.90012919902802,0.41024312376976) (0.6376654,1.904543,0.4867894) (292.0714,184.3733,197.1906) (0.403252,1.611897,-0.0214454) (308.2402,10.07864,348.9965)
5.54726442421466 (0.643243074417114,1.88811123371124,0.356317222118378) (0.6382651,1.900129,0.4102431) (296.0638,169.0401,209.9413) (0.3608875,1.609562,-0.0652578) (308.2529,5.555901,351.069)
3.28089118249357 (0.635681450366974,1.87769377231598,0.326139032840729) (0.6432431,1.888111,0.3563172) (296.4307,159.2283,218.5166) (0.3307126,1.610859,-0.09922023) (309.3309,8.054778,350.2332)
1.15921769214379 (0.642591238021851,1.87039816379547,0.320359110832214) (0.6356815,1.877694,0.326139) (296.3323,144.1032,226.2661) (0.3268477,1.610837,-0.1087313) (311.7523,11.17896,348.5972)
2.89951900283424 (0.663932263851166,1.86172688007355,0.337968498468399) (0.6425912,1.870398,0.3203591) (294.5352,136.4653,231.632) (0.3448097,1.608482,-0.09834155) (313.799,15.20761,346.2097)
5.4785614079359 (0.706652224063873,1.84372234344482,0.367162764072418) (0.6639323,1.861727,0.3379685) (298.6563,120.2637,238.7454) (0.383136,1.603845,-0.06624841) (316.5185,19.22568,343.3951)
6.07877495417251 (0.755742907524109,1.82395505905151,0.397071123123169) (0.7066522,1.843722,0.3671628) (307.4225,104.1279,230.6476) (0.4310804,1.598511,-0.02338876) (318.4057,21.89409,340.9143)
7.36709147453624 (0.808781266212463,1.80803787708282,0.445661038160324) (0.7557429,1.823955,0.3970711) (311.9315,94.6509,221.8759) (0.4707476,1.597776,0.01785785) (319.5352,22.87349,340.528)
6.43396742222322 (0.849505305290222,1.79023492336273,0.492182016372681) (0.8087813,1.808038,0.445661) (309.0655,86.74129,215.6771) (0.5020648,1.598538,0.05431828) (321.8248,23.02758,340.9879)
6.13293643057692 (0.891210556030273,1.7801171541214,0.535995185375214) (0.8495053,1.790235,0.492182) (311.4721,84.02282,215.9094) (0.5191011,1.598739,0.07503271) (323.5948,23.19539,340.7204)
4.7505474267095 (0.920480668544769,1.77552735805511,0.573129594326019) (0.8912106,1.780117,0.5359952) (308.8469,83.71377,217.6369) (0.5334802,1.596891,0.09074055) (324.7421,24.22031,340.0694)
3.16950609075981 (0.939263880252838,1.76273214817047,0.59522145986557) (0.9204807,1.775527,0.5731296) (311.2515,82.37652,218.3894) (0.5414501,1.595692,0.1047566) (325.7615,22.65191,339.9744)
1.84919161735762 (0.937170028686523,1.74842834472656,0.606752634048462) (0.9392639,1.762732,0.5952215) (310.0203,80.44958,218.9026) (0.546647,1.591848,0.1153765) (326.5242,21.95992,339.4904)
2.51201017608942 (0.930745840072632,1.7359414100647,0.627581119537354) (0.93717,1.748428,0.6067526) (309.2509,78.74385,218.8739) (0.5445926,1.591176,0.1228139) (326.502,20.68527,339.5637)
3.8995411916142 (0.894658207893372,1.74345076084137,0.64030647277832) (0.9307458,1.735941,0.6275811) (305.5327,78.44019,214.2449) (0.5360758,1.592425,0.1266736) (325.5208,17.90917,340.9524)
7.44712251003036 (0.825602948665619,1.77120900154114,0.637695968151093) (0.8946582,1.743451,0.6403065) (297.5841,83.25688,209.7267) (0.5344561,1.590195,0.1295683) (328.7688,18.20979,341.7634)
10.8494040383624 (0.723760664463043,1.79168426990509,0.606393098831177) (0.8256029,1.771209,0.637696) (283.7003,113.9035,206.3357) (0.5474975,1.575082,0.1396955) (338.413,24.44145,342.0401)
10.4380323352054 (0.624080240726471,1.78002715110779,0.577702045440674) (0.7237607,1.791684,0.6063931) (275.2286,174.0832,152.6787) (0.5648118,1.557339,0.1426853) (346.2368,29.80065,343.2781)
3.48989016355222 (0.592708110809326,1.777672290802,0.592807590961456) (0.6240802,1.780027,0.577702) (272.8278,157.7142,164.5986) (0.5576101,1.56446,0.139946) (341.8249,25.55454,344.7477)
1.97307401966849 (0.575084805488586,1.77993631362915,0.601386368274689) (0.5927081,1.777672,0.5928076) (272.6297,182.1158,143.1625) (0.5126047,1.595046,0.1310827) (326.661,6.622735,347.1691)
3.84967403412727 (0.538574457168579,1.79187059402466,0.598823845386505) (0.5750848,1.779936,0.6013864) (273.2167,192.1292,132.1172) (0.4738986,1.603537,0.1143855) (320.7138,349.4251,350.7007)
6.00581392765422 (0.481130599975586,1.80885601043701,0.594501912593842) (0.5385745,1.791871,0.5988238) (273.1682,188.8121,132.9474) (0.4438345,1.60658,0.1041959) (319.5073,343.7632,353.6767)
8.24094708918947 (0.402439564466476,1.83080065250397,0.58366334438324) (0.4811306,1.808856,0.5945019) (275.5463,217.4559,112.7533) (0.4049099,1.606632,0.09415859) (320.2466,340.2594,355.6412)
8.77484615792904 (0.318773716688156,1.84802186489105,0.563582301139832) (0.4024396,1.830801,0.5836633) (282.9206,222.0918,125.013) (0.3606986,1.601769,0.08137547) (321.5554,339.4158,355.8331)
9.90605412986041 (0.225871950387955,1.85282719135284,0.529535830020905) (0.3187737,1.848022,0.5635823) (284.6187,219.0934,134.1219) (0.2928753,1.596938,0.05685255) (322.9267,340.7227,355.7463)
6.33342789441318 (0.163323581218719,1.85487985610962,0.519803464412689) (0.225872,1.852827,0.5295358) (283.4887,223.46,134.1164) (0.2352157,1.591733,0.03706363) (323.2269,342.1053,355.4063)
5.50646879072918 (0.108271941542625,1.85596132278442,0.519286394119263) (0.1633236,1.85488,0.5198035) (280.2103,221.2647,135.3205) (0.179272,1.589499,0.01888331) (324.5725,342.1353,356.0235)
3.77321494973597 (0.0720609948039055,1.85291135311127,0.52944415807724) (0.1082719,1.855961,0.5192864) (277.1223,228.3106,128.7567) (0.1456103,1.588812,0.01116528) (325.5847,341.3879,356.6995)
7.05597546209199 (0.0187281016260386,1.82962810993195,0.569346189498901) (0.07206099,1.852911,0.5294442) (276.3385,288.7213,70.31863) (0.1015129,1.585934,0.006747545) (326.6703,339.9318,357.1957)
7.02344662868598 (0.0150144202634692,1.78741443157196,0.625355958938599) (0.0187281,1.829628,0.5693462) (281.7755,338.2344,23.35863) (0.07772281,1.582975,0.008944185) (328.4801,338.7028,357.3371)
6.30610317394613 (0.0294133611023426,1.74502432346344,0.669768154621124) (0.01501442,1.787414,0.625356) (290.821,3.176982,356.5061) (0.06270975,1.57962,0.009558269) (330.124,335.0652,359.0921)
6.23890265987074 (-0.0275829434394836,1.72085857391357,0.677503049373627) (0.02941336,1.745024,0.6697682) (294.0576,352.2746,4.16859) (0.05245733,1.575239,0.01286022) (330.978,332.5186,359.2328)
15.3107061265485 (-0.171431958675385,1.7030121088028,0.628200531005859) (-0.02758294,1.720859,0.677503) (297.3618,321.9249,24.48549) (0.03314426,1.566811,0.02210866) (333.1774,329.6698,359.0438)
12.6141711557977 (-0.287483841180801,1.66858851909637,0.592722237110138) (-0.171432,1.703012,0.6282005) (304.5106,312.7362,30.8891) (0.01513818,1.558599,0.02703871) (335.1665,326.132,359.1987)
13.7707687366908 (-0.407733827829361,1.60723507404327,0.5655357837677) (-0.2874838,1.668589,0.5927222) (314.3085,301.1668,46.44802) (-0.004215404,1.552524,0.03062873) (336.5581,322.9979,358.6603)
7.1139255556416 (-0.463288396596909,1.56280088424683,0.565829515457153) (-0.4077338,1.607235,0.5655358) (317.7352,299.5319,47.75397) (-0.01748063,1.549839,0.03339691) (336.8341,321.1724,358.5987)
3.31168837954181 (-0.452938139438629,1.53598129749298,0.582270622253418) (-0.4632884,1.562801,0.5658295) (319.4832,305.1988,43.68439) (-0.0123081,1.548667,0.04180675) (336.5569,324.8326,358.5232)
7.08417040150108 (-0.395631581544876,1.5665580034256,0.610547304153442) (-0.4529381,1.535981,0.5822706) (318.1857,306.0826,48.06829) (0.0248328,1.560935,0.04703129) (333.9944,334.1486,357.9827)
18.7455556677453 (-0.252945393323898,1.68509161472321,0.637566208839417) (-0.3956316,1.566558,0.6105473) (307.8651,307.1021,52.68591) (0.08258357,1.572687,0.05509963) (332.3309,345.6916,356.2474)
19.6323237045742 (-0.0772916525602341,1.7707986831665,0.656083166599274) (-0.2529454,1.685092,0.6375662) (298.8884,316.7584,46.03547) (0.1424465,1.577152,0.06349967) (332.5642,355.3444,354.4628)
24.7182598240279 (0.164843514561653,1.81656837463379,0.675446391105652) (-0.07729165,1.770799,0.6560832) (293.1452,341.3123,27.78023) (0.223967,1.575897,0.07772394) (333.6364,5.935335,351.9346)
14.7968251037703 (0.312698841094971,1.81446301937103,0.670063734054565) (0.1648435,1.816568,0.6754464) (290.8102,4.71784,4.648017) (0.279378,1.57283,0.08761796) (335.76,12.01788,350.3187)
26.3541319592526 (0.56593257188797,1.74464809894562,0.648789763450623) (0.3126988,1.814463,0.6700637) (294.4421,41.53419,328.8873) (0.3649965,1.567898,0.1031973) (338.7329,19.06709,349.7054)
20.7057363347917 (0.751079142093658,1.65269100666046,0.660511195659637) (0.5659326,1.744648,0.6487898) (306.6958,53.82254,318.818) (0.4204358,1.572458,0.1163027) (339.5446,23.65317,349.1438)
12.6364132053529 (0.869138479232788,1.60950434207916,0.673348605632782) (0.7510791,1.652691,0.6605112) (318.1856,54.71923,326.2415) (0.4595614,1.577144,0.123722) (338.3199,25.04324,348.8471)
6.65339956284192 (0.908712387084961,1.65572094917297,0.646428287029266) (0.8691385,1.609504,0.6733486) (312.7348,63.47867,320.3879) (0.479114,1.586787,0.1281756) (333.9277,21.74825,349.3914)
8.69460248473883 (0.879644811153412,1.73452532291412,0.623965919017792) (0.9087124,1.655721,0.6464283) (303,68.68376,309.4453) (0.4823533,1.594965,0.1262719) (329.084,15.34831,350.8764)
13.434463001995 (0.772590577602386,1.81559240818024,0.619966149330139) (0.8796448,1.734525,0.6239659) (289.5898,64.37681,302.0811) (0.4767434,1.599456,0.1231064) (326.0813,10.42973,352.2405)
13.1134730800712 (0.656993925571442,1.87712204456329,0.613049745559692) (0.7725906,1.815592,0.6199661) (280.0598,71.98551,284.5592) (0.4598738,1.60213,0.1250242) (323.8231,4.291775,354.5727)
10.9108312863773 (0.551649630069733,1.90541899204254,0.615596532821655) (0.6569939,1.877122,0.6130497) (279.3394,83.37119,262.5479) (0.4287468,1.605801,0.1242211) (322.0486,355.1177,358.5033)
10.0106321189236 (0.452347904443741,1.91336596012115,0.625460028648376) (0.5516496,1.905419,0.6155965) (276.0042,77.60837,264.1932) (0.3944198,1.604878,0.1210083) (321.4692,348.3506,0.8879726)
10.0190931817344 (0.352489918470383,1.9083845615387,0.618995428085327) (0.4523479,1.913366,0.62546) (274.1218,59.86834,277.9099) (0.3512674,1.604754,0.1128001) (319.8272,343.7066,1.733318)
7.76682004555617 (0.27569967508316,1.90031623840332,0.610598385334015) (0.3524899,1.908385,0.6189954) (273.4409,10.68218,327.1438) (0.3078339,1.602018,0.1006234) (319.5738,344.8262,0.6431834)
5.98377426538455 (0.222066819667816,1.91044902801514,0.586074948310852) (0.2756997,1.900316,0.6105984) (274.4461,277.4717,71.29601) (0.2472685,1.603763,0.08055945) (317.9572,348.1717,359.7068)
2.66740475824523 (0.202092185616493,1.92708563804626,0.580096483230591) (0.2220668,1.910449,0.5860749) (275.1635,268.749,89.80614) (0.2080538,1.602718,0.07041177) (317.6556,350.3122,358.7477)
1.52240632332167 (0.188589110970497,1.93411672115326,0.580150783061981) (0.2020922,1.927086,0.5800965) (275.1095,261.9154,104.0048) (0.1755201,1.602575,0.06074964) (318.0086,351.5613,358.3698)
1.24745504074672 (0.184423163533211,1.92822504043579,0.590326607227325) (0.1885891,1.934117,0.5801508) (274.2636,308.4217,57.52866) (0.1519113,1.60013,0.05107426) (317.9933,349.4735,0.02834548)
3.19846380683631 (0.196406722068787,1.91192579269409,0.615100502967834) (0.1844232,1.928225,0.5903266) (274.9933,354.7561,11.55579) (0.1332023,1.600992,0.04066594) (317.348,346.9025,1.290177)
9.18076069132649 (0.243280082941055,1.86117565631866,0.67556494474411) (0.1964067,1.911926,0.6151005) (288.1022,32.23171,333.5554) (0.1128331,1.598327,0.03472012) (317.7328,341.6856,3.726107)
6.57303709356028 (0.267594754695892,1.81317055225372,0.713311314582825) (0.2432801,1.861176,0.6755649) (303.8221,36.50699,329.2671) (0.101762,1.597412,0.03430811) (317.8461,338.7315,4.358279)
7.48281607690007 (0.201253101229668,1.7957456111908,0.743218004703522) (0.2675948,1.813171,0.7133113) (307.1902,29.45249,327.7859) (0.08194508,1.594846,0.03864519) (318.8951,333.7541,5.173484)
9.50252930669576 (0.107124030590057,1.80510544776917,0.734167158603668) (0.2012531,1.795746,0.743218) (301.9352,17.17059,335.0138) (0.06908725,1.591299,0.04282093) (320.1572,331.909,4.579317)
18.11710845365 (-0.0645917877554893,1.81481993198395,0.67722624540329) (0.107124,1.805105,0.7341672) (293.649,348.9365,358.0965) (0.04284573,1.584906,0.0492089) (322.2666,328.2063,4.292055)
21.9037060193899 (-0.268596857786179,1.77387857437134,0.608793973922729) (-0.06459179,1.81482,0.6772262) (298.0963,308.401,37.34528) (0.0235546,1.580359,0.06287357) (326.0322,327.6804,1.845151)
16.7712595979769 (-0.402048140764236,1.6915807723999,0.549251198768616) (-0.2685969,1.773879,0.608794) (321.4516,276.4694,74.71278) (0.02318346,1.580093,0.07121582) (326.9082,329.2177,359.6977)
3.20644214475091 (-0.381759613752365,1.6707798242569,0.562809348106384) (-0.4020481,1.691581,0.5492512) (324.7853,276.7079,77.26154) (0.04549883,1.582764,0.0800759) (326.4075,337.0195,357.9503)
14.7788597331503 (-0.250698864459991,1.70671510696411,0.620888650417328) (-0.3817596,1.67078,0.5628093) (317.7324,285.9604,69.96329) (0.09704091,1.590493,0.08304703) (325.009,351.6618,354.4225)
20.9854406323492 (-0.052636805921793,1.76914715766907,0.651096820831299) (-0.2506989,1.706715,0.6208887) (308.9177,292.5171,73.32251) (0.1720428,1.59225,0.08456162) (324.7161,7.38709,350.1422)
22.4758485110093 (0.163236692547798,1.8311003446579,0.642332315444946) (-0.05263681,1.769147,0.6510968) (300.6135,295.8939,78.44054) (0.2518925,1.589916,0.08890572) (325.3651,18.24305,348.1836)
19.6546165000555 (0.352803915739059,1.87117218971252,0.609333634376526) (0.1632367,1.8311,0.6423323) (291.569,297.2767,82.53156) (0.3272589,1.589709,0.0957922) (326.3436,24.72783,345.9951)
21.0762283567599 (0.556874692440033,1.88897919654846,0.559747636318207) (0.3528039,1.871172,0.6093336) (271.709,313.0435,63.84592) (0.3924642,1.591453,0.1019909) (326.642,29.26857,345.8388)
17.3854394687169 (0.724546849727631,1.87219846248627,0.516971409320831) (0.5568747,1.888979,0.5597476) (291.6339,108.3729,263.1254) (0.4378555,1.59193,0.1072436) (326.6752,31.806,345.4861)
12.0552922338447 (0.839200437068939,1.83705699443817,0.504616677761078) (0.7245468,1.872198,0.5169714) (309.1586,108.1805,262.1016) (0.4608024,1.594412,0.1132355) (325.9564,31.04812,345.1452)
7.8780874067681 (0.900784134864807,1.80495977401733,0.541814029216766) (0.8392004,1.837057,0.5046167) (320.5223,98.72458,258.3982) (0.4744816,1.594629,0.1189154) (325.0305,28.2981,344.8594)
5.7494697198484 (0.883277654647827,1.80488634109497,0.596578598022461) (0.9007841,1.80496,0.541814) (315.6733,83.05196,261.7722) (0.4774643,1.595433,0.1235324) (324.5028,23.93797,345.1444)
10.1149920768569 (0.801436722278595,1.82361495494843,0.652993202209473) (0.8832777,1.804886,0.5965786) (299.5639,63.15017,270.1914) (0.475667,1.596837,0.1279967) (324.5461,19.99214,345.1253)
6.52343043582752 (0.737261414527893,1.83244037628174,0.660684525966644) (0.8014367,1.823615,0.6529932) (289.293,43.42811,288.002) (0.4690173,1.597303,0.1287765) (324.0672,17.70284,345.3229)
10.0877458253458 (0.637397885322571,1.8442051410675,0.65261435508728) (0.7372614,1.83244,0.6606845) (280.6872,341.2882,349.8753) (0.441915,1.604654,0.1260482) (320.3102,8.58483,348.9162)
16.3400914480994 (0.478169173002243,1.85635113716125,0.617994248867035) (0.6373979,1.844205,0.6526144) (293.3522,278.6197,47.60741) (0.3894272,1.609048,0.1153238) (317.6475,353.7331,355.9595)
16.27027359722 (0.331834316253662,1.82527089118958,0.554023087024689) (0.4781692,1.856351,0.6179942) (319.7668,260.1873,68.46986) (0.3489511,1.604927,0.106406) (317.9312,348.2584,358.6946)
16.0038396401234 (0.194331824779511,1.77961337566376,0.486047029495239) (0.3318343,1.825271,0.5540231) (341.1066,251.7682,75.7696) (0.2798987,1.601681,0.09108409) (318.2191,346.0634,359.7465)
7.04402613280869 (0.130064651370049,1.78941977024078,0.458928853273392) (0.1943318,1.779613,0.486047) (338.0253,247.9305,77.12381) (0.2406053,1.599685,0.08184677) (318.8275,347.0832,358.732)
7.1012636029929 (0.079006738960743,1.8387736082077,0.458641022443771) (0.1300647,1.78942,0.4589289) (323.6269,242.207,76.63065) (0.1911145,1.598555,0.06825426) (318.7801,348.1348,358.5681)
7.5136206789417 (0.0672867596149445,1.89076375961304,0.511604368686676) (0.07900674,1.838774,0.458641) (299.7014,248.1949,73.21555) (0.1500936,1.598352,0.05755787) (318.6094,349.6853,356.9616)
7.68230482010652 (0.102121099829674,1.88130807876587,0.579419851303101) (0.06728676,1.890764,0.5116044) (282.257,283.1364,37.39765) (0.1340614,1.599389,0.05660604) (319.5128,353.3065,354.8453)
11.1778580211064 (0.1663508862257,1.840336561203,0.661214232444763) (0.1021211,1.881308,0.5794199) (287.617,353.7026,331.5892) (0.1461935,1.598034,0.06554982) (320.6884,358.5847,352.4015)
15.9947914545147 (0.298525959253311,1.77990055084229,0.728001773357391) (0.1663509,1.840337,0.6612142) (303.0621,26.47276,306.6648) (0.2022894,1.595564,0.07564072) (323.3932,15.90338,347.1704)
24.7952702496344 (0.534221351146698,1.70306444168091,0.732945263385773) (0.298526,1.779901,0.7280018) (321.7277,51.03331,292.5599) (0.2739626,1.590499,0.09018294) (327.7778,24.8607,344.1067)
20.1295108232832 (0.721746206283569,1.6677463054657,0.668861091136932) (0.5342214,1.703064,0.7329453) (324.4904,71.56834,277.8498) (0.3376211,1.586225,0.105414) (329.2816,28.21644,343.8164)
12.5806514402977 (0.836710155010223,1.65964245796204,0.618414103984833) (0.7217462,1.667746,0.6688611) (323.7935,79.30505,273.4295) (0.3954616,1.585971,0.1173157) (330.0219,31.23505,343.3555)
5.19786313511791 (0.87092524766922,1.68747818470001,0.590913593769073) (0.8367102,1.659642,0.6184141) (316.6339,85.84436,263.9363) (0.429632,1.587693,0.1187586) (329.3909,32.54254,344.5046)
8.83910436883362 (0.823941826820374,1.75690340995789,0.562883734703064) (0.8709252,1.687478,0.5909136) (302.9615,91.50216,251.9872) (0.417535,1.603466,0.10836) (320.906,21.99428,348.4522)
11.8930990030861 (0.730259716510773,1.82545113563538,0.537009954452515) (0.8239418,1.756903,0.5628837) (288.3723,110.4394,229.3267) (0.3857214,1.60975,0.09306395) (314.2402,9.864753,355.0472)
14.4370180453867 (0.602710902690887,1.87711322307587,0.493362754583359) (0.7302597,1.825451,0.53701) (286.8408,146.373,181.1087) (0.3336158,1.609644,0.07501828) (312.9595,356.0843,3.194248)
20.74081001077 (0.413629680871964,1.87941932678223,0.40815070271492) (0.6027109,1.877113,0.4933628) (296.249,198.4368,124.424) (0.2744568,1.602722,0.05854592) (314.3465,348.5919,7.083009)
22.1858768190333 (0.206817388534546,1.82839620113373,0.346129477024078) (0.4136297,1.879419,0.4081507) (321.6453,222.7643,134.0555) (0.206361,1.598738,0.04296527) (315.8523,344.5233,8.222817)
16.6473394582863 (0.0475424528121948,1.78401136398315,0.365491092205048) (0.2068174,1.828396,0.3461295) (339.7129,242.6842,144.5331) (0.1472721,1.59577,0.02763669) (318.0302,342.3009,7.795625)
9.4969093443401 (-0.00803886353969574,1.80976259708405,0.438063263893127) (0.04754245,1.784011,0.3654911) (331.7935,248.6218,158.7141) (0.1090113,1.591235,0.01241425) (318.5958,350.0748,359.5294)
10.2936495192672 (0.0475616827607155,1.8450676202774,0.517171144485474) (-0.008038864,1.809763,0.4380633) (290.1295,245.8832,135.2798) (0.0829417,1.593574,0.005651568) (318.8102,348.0502,359.6755)
13.3154189136822 (0.0314551405608654,1.83166825771332,0.648666679859161) (0.04756168,1.845068,0.5171711) (287.4146,342.8308,4.046201) (0.06400893,1.593856,0.005525471) (319.888,347.9661,357.2929)
8.37672736299803 (-0.0282710548490286,1.78669238090515,0.686441123485565) (0.03145514,1.831668,0.6486667) (298.3984,342.3742,352.3217) (0.03982331,1.5897,0.009109733) (321.4672,344.0662,358.7075)
10.6083823253165 (-0.125725880265236,1.7544070482254,0.659720480442047) (-0.02827105,1.786692,0.6864411) (301.4737,317.0612,15.2933) (0.02553271,1.585874,0.01708764) (323.1732,341.4018,359.5402)
15.9906975996462 (-0.26340651512146,1.69257164001465,0.606893718242645) (-0.1257259,1.754407,0.6597205) (314.7186,284.9154,46.04823) (0.02450527,1.58418,0.0303257) (325.2333,342.49,358.6108)
8.624227223767 (-0.307379633188248,1.62154376506805,0.585466265678406) (-0.2634065,1.692572,0.6068937) (336.5217,274.557,71.39316) (0.04135848,1.583992,0.04073488) (325.2934,350.1774,355.76)
14.3223742213355 (-0.177117928862572,1.67447209358215,0.612733840942383) (-0.3073796,1.621544,0.5854663) (325.2925,284.0954,66.54875) (0.07297929,1.585882,0.0469635) (326.1071,358.4894,353.8346)
20.8501200666736 (0.0121916010975838,1.75597870349884,0.644219160079956) (-0.1771179,1.674472,0.6127338) (303.6487,301.8622,49.26672) (0.112051,1.588053,0.05064782) (326.4438,6.243929,352.0165)
22.5493586352843 (0.235334262251854,1.78381383419037,0.660950005054474) (0.0121916,1.755979,0.6442192) (292.8505,358.6291,353.2706) (0.1656988,1.587479,0.05716214) (327.8013,15.88751,349.4893)
20.0457635336269 (0.433915019035339,1.756911277771,0.655929982662201) (0.2353343,1.783814,0.66095) (299.8328,41.63685,313.485) (0.2204235,1.584366,0.06576887) (330.8628,22.82993,348.4953)
18.2470647733134 (0.606327176094055,1.69782793521881,0.647056102752686) (0.433915,1.756911,0.65593) (313.4571,62.28773,294.1313) (0.2641005,1.580393,0.07569941) (332.2335,25.5179,348.1404)
19.0303816744807 (0.774863719940186,1.61044228076935,0.633837699890137) (0.6063272,1.697828,0.6470561) (331.6302,73.5928,288.9901) (0.3195541,1.585003,0.09099497) (330.4769,24.70471,349.9138)
5.48788593065339 (0.828308641910553,1.61628353595734,0.622828185558319) (0.7748637,1.610442,0.6338377) (329.536,72.77806,292.0261) (0.3466976,1.603576,0.1020597) (320.3116,11.16029,354.8282)
11.1276428884369 (0.78226226568222,1.71754395961761,0.619912385940552) (0.8283086,1.616284,0.6228282) (312.9496,67.8737,300.7212) (0.346887,1.609246,0.0879316) (315.7722,353.6396,4.443695)
10.7050225189475 (0.706225275993347,1.78994274139404,0.599018752574921) (0.7822623,1.717544,0.6199124) (298.8715,69.92173,305.3784) (0.3438847,1.610028,0.08181302) (314.6389,347.9182,6.883513)
11.9170746144149 (0.602184057235718,1.84125185012817,0.571733832359314) (0.7062253,1.789943,0.5990188) (282.7916,64.33195,321.4959) (0.3322516,1.608775,0.07702841) (315.0229,344.1427,7.793676)
15.345837289414 (0.460142731666565,1.87220931053162,0.522587418556213) (0.6021841,1.841252,0.5717338) (279.1992,259.2688,125.6193) (0.3061615,1.605225,0.06878102) (315.0692,341.5441,8.31134)
11.0390688323672 (0.359215378761292,1.88821828365326,0.48083233833313) (0.4601427,1.872209,0.5225874) (287.2936,234.7484,141.9897) (0.2653903,1.602659,0.06125236) (315.1515,341.8383,7.931634)
6.29254284311656 (0.297751575708389,1.89788603782654,0.471433132886887) (0.3592154,1.888218,0.4808323) (288.1319,230.0568,144.1287) (0.2343333,1.601225,0.05594204) (314.6787,343.5413,6.506204)
6.64385293508784 (0.23150272667408,1.90276348590851,0.472607314586639) (0.2977516,1.897886,0.4714331) (287.5137,236.0481,137.7756) (0.1982358,1.600448,0.04898879) (314.2503,346.1797,4.466578)
6.06721162040651 (0.174837470054626,1.90326976776123,0.494284451007843) (0.2315027,1.902763,0.4726073) (283.2629,241.8228,129.2143) (0.1496834,1.598703,0.03910189) (314.3365,348.6346,2.062172)
9.57546032748136 (0.10530710965395,1.88448524475098,0.557384490966797) (0.1748375,1.90327,0.4942845) (279.9515,290.6295,74.6382) (0.1138718,1.598371,0.03283428) (314.7655,348.3045,2.257205)
16.2362392889649 (0.0101246554404497,1.80325734615326,0.660844027996063) (0.1053071,1.884485,0.5573845) (303.0579,314.9592,50.63175) (0.0801776,1.598023,0.02778915) (316.1452,347.1639,1.951733)
13.9928228597205 (-0.0482245311141014,1.69142127037048,0.721407830715179) (0.01012466,1.803257,0.660844) (322.4305,316.7105,48.80172) (0.05979349,1.595706,0.02441128) (317.8972,346.7137,1.872401)
13.0108699478411 (-0.0449550487101078,1.66621029376984,0.593806922435761) (-0.04822453,1.691421,0.7214078) (309.5339,309.5362,10.41482) (0.05103942,1.588133,0.02731876) (324.3491,348.3264,1.054164)
14.7406237305173 (0.0282829515635967,1.64356672763824,0.467901945114136) (-0.04495505,1.66621,0.5938069) (292.4182,325.8592,323.9206) (0.06741557,1.576321,0.0421391) (333.7206,354.7848,356.9393)
11.0551141384069 (0.0945396721363068,1.59410274028778,0.394519954919815) (0.02828295,1.643567,0.4679019) (286.4093,331.0741,314.5677) (0.1056445,1.56364,0.05462742) (342.1275,2.701177,355.0696)
8.59607468045786 (0.159345746040344,1.55546724796295,0.353328675031662) (0.09453967,1.594103,0.39452) (285.8852,345.77,298.7431) (0.1483784,1.553207,0.05439627) (348.6781,5.044244,357.1141)
6.63517269466765 (0.216082707047462,1.52552342414856,0.336392432451248) (0.1593457,1.555467,0.3533287) (286.4948,2.346668,286.3997) (0.1904896,1.546478,0.05273674) (352.1278,5.05392,357.9318)
6.136153602978 (0.269198596477509,1.49480712413788,0.335722118616104) (0.2160827,1.525523,0.3363924) (287.5142,9.39772,289.1154) (0.2290166,1.538904,0.05601774) (356.4036,0.5648153,0.5449083)
8.8402164148904 (0.330968976020813,1.43760752677917,0.362695604562759) (0.2691986,1.494807,0.3357221) (289.0057,4.582225,314.5275) (0.2576921,1.517681,0.06885304) (5.961492,346.8913,4.602462)
9.71065772905413 (0.380593508481979,1.35682702064514,0.383709967136383) (0.330969,1.437608,0.3626956) (294.7202,354.7576,341.6531) (0.2667965,1.483449,0.06938332) (19.19728,335.2908,4.10763)
14.1373395792813 (0.395416468381882,1.21626448631287,0.386691689491272) (0.3805935,1.356827,0.38371) (314.703,342.5543,346.9308) (0.2684956,1.4743,0.06390764) (22.93893,331.4127,3.561388)
8.04154269906551 (0.394977450370789,1.13802206516266,0.368129044771194) (0.3954165,1.216264,0.3866917) (326.9821,338.6022,351.545) (0.2553058,1.467787,0.05588634) (23.58414,331.8026,4.535079)
3.9980274735397 (0.371331512928009,1.12155640125275,0.340413093566895) (0.3949775,1.138022,0.368129) (332.3412,337.5768,345.6793) (0.2231671,1.465472,0.03766295) (24.79601,330.845,5.561296)
6.50104597617945 (0.315328299999237,1.14169657230377,0.314252555370331) (0.3713315,1.121556,0.3404131) (329.331,335.245,351.9054) (0.1583691,1.463139,0.0320218) (24.92484,332.191,5.199285)
3.9437760359564 (0.276537328958511,1.14337420463562,0.307340025901794) (0.3153283,1.141697,0.3142526) (330.4631,339.5933,350.1379) (0.1029716,1.464157,0.03129514) (24.01362,335.199,6.161093)
6.11905723179419 (0.217690393328667,1.13436222076416,0.293194055557251) (0.2765373,1.143374,0.30734) (332.4999,342.2044,348.2377) (0.04683372,1.46612,0.02519091) (22.44795,337.2359,6.753168)
2.75100750034396 (0.195483863353729,1.13197934627533,0.277131795883179) (0.2176904,1.134362,0.2931941) (332.9145,342.7092,349.7574) (0.02334398,1.472888,0.01902487) (20.1607,338.2373,5.622098)
1.0808152055301 (0.193845212459564,1.12866795063019,0.266974747180939) (0.1954839,1.131979,0.2771318) (334.2472,345.0847,348.914) (0.01442267,1.491837,0.01775204) (12.54931,339.0931,4.557464)
2.04736494372348 (0.20484784245491,1.11198687553406,0.26251894235611) (0.1938452,1.128668,0.2669747) (337.3022,349.0317,344.9633) (0.02646636,1.531338,0.008157612) (356.5916,339.2597,3.42913)
1.37016468309883 (0.215773642063141,1.10371959209442,0.262400358915329) (0.2048478,1.111987,0.2625189) (337.9569,351.4118,342.3525) (0.05421459,1.56102,-0.0097372) (342.7144,342.2852,2.743643)
2.74839422134044 (0.232206106185913,1.08271384239197,0.269041121006012) (0.2157736,1.10372,0.2624004) (339.7705,351.6148,341.6198) (0.108836,1.57825,-0.02636277) (331.1319,349.42,1.227273)
3.45367323348758 (0.258822739124298,1.07936346530914,0.290792346000671) (0.2322061,1.082714,0.2690411) (338.3824,349.299,341.2018) (0.1714496,1.584851,-0.03257326) (324.9851,352.2747,0.3473558)
4.80840414791898 (0.300717204809189,1.08060777187347,0.314358860254288) (0.2588227,1.079363,0.2907923) (335.0291,346.3337,343.0571) (0.230217,1.592374,-0.0388491) (320.0156,355.8505,358.4552)
5.30056326776798 (0.353598475456238,1.07750689983368,0.312473922967911) (0.3007172,1.080608,0.3143589) (333.2283,345.126,345.2717) (0.2755118,1.596478,-0.04710544) (317.2755,355.8598,358.2068)
3.78787316268643 (0.391177147626877,1.07463872432709,0.308677166700363) (0.3535985,1.077507,0.3124739) (337.6878,348.8359,340.5857) (0.3034465,1.602274,-0.05290122) (316.6118,356.1628,358.1909)
3.14958515479693 (0.418506592512131,1.08544647693634,0.297350972890854) (0.3911771,1.074639,0.3086772) (334.628,347.4772,343.537) (0.3322292,1.605104,-0.06260306) (315.4487,358.622,357.3269)
2.2499745134898 (0.438491553068161,1.09399998188019,0.291547745466232) (0.4185066,1.085446,0.297351) (333.7778,349.2882,342.0983) (0.3453392,1.606505,-0.0684142) (314.9321,0.04827819,357.043)
3.03793451772275 (0.468063861131668,1.09322953224182,0.284634739160538) (0.4384916,1.094,0.2915477) (334.9698,351.0435,340.9231) (0.3561956,1.606938,-0.07130129) (315.1326,358.7439,357.7984)
0.995341787105474 (0.469353079795837,1.09147715568542,0.294347494840622) (0.4680639,1.09323,0.2846347) (337.0722,352.9556,337.2595) (0.3567421,1.606927,-0.06683683) (316.4839,353.293,359.6156)
3.54788907548641 (0.446204960346222,1.09298002719879,0.321192562580109) (0.4693531,1.091477,0.2943475) (336.6058,350.3797,337.0099) (0.3428091,1.602486,-0.06207019) (319.8576,346.8073,1.333054)
3.93383206532948 (0.41079306602478,1.09348571300507,0.338316977024078) (0.446205,1.09298,0.3211926) (336.0732,345.4709,337.7936) (0.3188456,1.598113,-0.05896075) (323.2913,339.8306,4.785456)
3.61372176038298 (0.378625899553299,1.09088456630707,0.354577541351318) (0.4107931,1.093486,0.338317) (336.4655,343.8775,338.8549) (0.279595,1.585595,-0.05614944) (331.6479,335.4745,5.563327)
1.42093133983027 (0.366710156202316,1.08400726318359,0.351024746894836) (0.3786259,1.090885,0.3545775) (338.1964,345.7859,339.1208) (0.244293,1.576794,-0.05508015) (338.2841,335.4936,5.28068)
17.0932039131988 (0.315652936697006,1.15862154960632,0.205960512161255) (0.3667102,1.084007,0.3510247) (337.4557,349.6982,341.4513) (0.1919682,1.567121,-0.05569225) (343.2927,333.9975,4.983799)
6.30342690668877 (0.332071125507355,1.11833727359772,0.251577824354172) (0.3156529,1.158622,0.2059605) (338.9234,358.3137,338.545) (0.1203265,1.55528,-0.05265709) (349.3402,332.942,4.897437)
8.18338163193316 (0.304251134395599,1.04142022132874,0.24901095032692) (0.3320711,1.118337,0.2515778) (348.7536,4.992783,338.6302) (0.0574537,1.525151,-0.04107501) (358.7626,336.8401,4.256811)
6.65738736077325 (0.260382324457169,1.00321435928345,0.21663935482502) (0.3042511,1.04142,0.249011) (356.3593,8.25927,334.9315) (0.02947784,1.506268,-0.03839829) (8.079534,340.8671,4.024059)
3.55697161460062 (0.229053184390068,1.00443696975708,0.199840694665909) (0.2603823,1.003214,0.2166394) (356,4.378547,339.854) (0.01919217,1.508192,-0.03687254) (7.226903,351.6615,4.825251)
5.19519746053555 (0.235075771808624,1.04665946960449,0.229505434632301) (0.2290532,1.004437,0.1998407) (353.2719,9.726415,341.6078) (0.04176062,1.5254,-0.04566658) (0.110282,7.369445,6.040028)
7.41183978069614 (0.237427935004234,1.11921536922455,0.244460225105286) (0.2350758,1.046659,0.2295054) (341.3979,10.41313,341.0848) (0.05643392,1.534485,-0.05458441) (354.0211,14.37978,4.05647)
2.48687036383751 (0.255039185285568,1.13669574260712,0.24280709028244) (0.2374279,1.119215,0.2444602) (335.2455,9.206153,344.0577) (0.07365495,1.539627,-0.05736133) (351.2435,16.55616,3.017072)
6.26051835354752 (0.277783066034317,1.1757003068924,0.286174923181534) (0.2550392,1.136696,0.2428071) (328.3262,358.1102,2.819124) (0.1054455,1.54295,-0.04359677) (349.3452,15.90103,2.670614)
9.97511503701377 (0.272226333618164,1.23964858055115,0.362529575824738) (0.2777831,1.1757,0.2861749) (322.3554,337.5148,35.56725) (0.1471538,1.541519,-0.02068524) (349.9795,13.46012,2.135373)
12.3990086359209 (0.25894170999527,1.31264626979828,0.461869388818741) (0.2722263,1.239649,0.3625296) (319.9531,321.7155,52.58593) (0.2152554,1.544189,0.02519352) (350.6814,9.048282,0.9177636)
11.8338682675614 (0.244141057133675,1.34649264812469,0.57429450750351) (0.2589417,1.312646,0.4618694) (323.7447,314.3631,65.7699) (0.2651592,1.544119,0.06088698) (352.0031,5.338955,359.7692)
8.3127394421201 (0.249501734972,1.35497462749481,0.656814098358154) (0.2441411,1.346493,0.5742945) (330.1373,317.704,64.81734) (0.3077021,1.549178,0.08675566) (351.0748,2.452748,0.09682571)
8.95429829507398 (0.295598298311234,1.43089032173157,0.645418465137482) (0.2495017,1.354975,0.6568141) (318.0265,314.9376,65.61561) (0.3393526,1.556536,0.1012072) (347.3158,4.256619,0.7882825)
14.7483752247694 (0.408324539661407,1.52573466300964,0.638432502746582) (0.2955983,1.43089,0.6454185) (304.5514,319.5714,61.7947) (0.3668157,1.563936,0.1022189) (343.9313,6.753616,2.182651)
15.0436515976926 (0.540953516960144,1.59603381156921,0.648368775844574) (0.4083245,1.525735,0.6384325) (298.5328,342.7585,40.00064) (0.3855321,1.57038,0.1010951) (340.8483,10.07446,1.857586)
17.0147004217844 (0.707992851734161,1.62749993801117,0.640769600868225) (0.5409535,1.596034,0.6483688) (299.0482,29.75119,354.9091) (0.3954572,1.573998,0.1014575) (338.8885,11.18501,1.330581)
9.86873253622092 (0.805198788642883,1.61176872253418,0.647305905818939) (0.7079929,1.6275,0.6407696) (313.1,48.23593,329.4842) (0.3874603,1.585205,0.09519154) (332.7623,3.215032,3.858868)
3.55198532750177 (0.785959243774414,1.63570857048035,0.629462599754334) (0.8051988,1.611769,0.6473059) (309.6362,54.99597,321.2094) (0.3635585,1.589146,0.0834023) (331.0005,349.4532,7.451179)
16.9353419642846 (0.625637292861938,1.69023060798645,0.631653845310211) (0.7859592,1.635709,0.6294626) (293.6227,24.73448,345.8559) (0.3457832,1.585677,0.07797487) (332.3611,341.1426,9.021826)
24.2053975946912 (0.385749369859695,1.70394122600555,0.602397501468658) (0.6256373,1.690231,0.6316538) (293.212,306.9918,61.10337) (0.3190625,1.581644,0.06897166) (334.1889,337.6951,9.120806)
11.1588706850379 (0.275476723909378,1.68835091590881,0.595402836799622) (0.3857494,1.703941,0.6023975) (300.1642,292.4189,73.97034) (0.2990806,1.580824,0.06412013) (334.0684,336.9299,8.677144)
15.3402698902325 (0.134950190782547,1.63692855834961,0.62917298078537) (0.2754767,1.688351,0.5954028) (309.9958,293.2039,71.55101) (0.2442709,1.581389,0.05431394) (333.1063,336.4605,7.884593)
13.2187295436308 (0.0382251963019371,1.55830311775208,0.673170685768127) (0.1349502,1.636929,0.629173) (323.4217,299.2894,67.42881) (0.1705194,1.583065,0.04405809) (330.2816,332.3466,7.623333)
8.87623564119276 (-0.0484488867223263,1.54524695873261,0.659174382686615) (0.0382252,1.558303,0.6731707) (324.1051,296.1017,69.46861) (0.08540553,1.582347,0.03605635) (327.5245,329.5078,7.059154)
11.4668859011645 (-0.157075211405754,1.56739723682404,0.629871904850006) (-0.04844889,1.545247,0.6591744) (323.6561,287.4827,78.7823) (0.02285236,1.582973,0.03732536) (327.1351,327.773,7.421794)
12.2288053947158 (-0.274835824966431,1.59076917171478,0.606621980667114) (-0.1570752,1.567397,0.6298719) (322.8602,281.0231,82.54433) (-0.02278285,1.582265,0.04396506) (327.7245,327.3915,5.854656)
8.63169818348121 (-0.358600914478302,1.60388553142548,0.590435802936554) (-0.2748358,1.590769,0.606622) (322.6872,277.9524,84.3736) (-0.04813695,1.582438,0.04849189) (327.3573,327.8167,4.631593)
5.46123371678385 (-0.408545047044754,1.61983931064606,0.57515287399292) (-0.3586009,1.603886,0.5904358) (320.7242,279.4429,78.60475) (-0.07670157,1.580656,0.05186321) (327.5044,324.7546,4.462608)
1.82528338540948 (-0.425876438617706,1.62063324451447,0.580823719501495) (-0.408545,1.619839,0.5751529) (321.3867,281.415,76.94753) (-0.09230333,1.577528,0.05250868) (328.5826,324.5277,5.039958)
0.562804504238609 (-0.421349257230759,1.61733365058899,0.581364274024963) (-0.4258764,1.620633,0.5808237) (320.9055,283.3339,74.18703) (-0.09525461,1.577278,0.0526015) (329.2362,326.2736,4.499743)
4.20440690821731 (-0.379715532064438,1.62105226516724,0.576835632324219) (-0.4213493,1.617334,0.5813643) (317.0074,283.0788,74.61824) (-0.08386251,1.577422,0.05844265) (330.2652,332.6713,2.592928)
10.7786092721298 (-0.281682401895523,1.6157089471817,0.532351970672607) (-0.3797155,1.621052,0.5768356) (305.4548,277.9303,66.88308) (-0.06775686,1.577331,0.06200326) (333.8462,340.2299,1.193829)
17.0387089080733 (-0.144836887717247,1.53607678413391,0.469393372535706) (-0.2816824,1.615709,0.532352) (300.262,280.5189,48.97126) (-0.04488797,1.570779,0.06719575) (338.5876,347.446,1.117206)
21.1661277177326 (0.00841897260397673,1.40022325515747,0.415942877531052) (-0.1448369,1.536077,0.4693934) (303.8563,308.905,11.30775) (-0.012756,1.565614,0.07630344) (341.8357,356.4735,359.9938)
22.6521123112739 (0.174171194434166,1.24720084667206,0.395396173000336) (0.008418973,1.400223,0.4159429) (322.2503,342.7065,339.6819) (0.03692791,1.5587,0.08547397) (345.8044,5.000988,0.02927437)
15.0389960139686 (0.310392320156097,1.19453167915344,0.359522730112076) (0.1741712,1.247201,0.3953962) (332.6171,2.29361,331.9485) (0.1077954,1.548088,0.07455861) (352.3895,11.98698,0.5052851)
10.6377368371669 (0.402235507965088,1.21396601200104,0.30948993563652) (0.3103923,1.194532,0.3595227) (326.2154,13.09898,318.3118) (0.1887925,1.522296,0.05660493) (4.494698,13.98936,2.847661)
9.1955330877206 (0.480127096176147,1.21685552597046,0.260701268911362) (0.4022355,1.213966,0.3094899) (325.214,16.3464,312.1543) (0.2570913,1.494323,0.04649913) (14.87514,11.26435,4.950372)
8.28965326406473 (0.548078715801239,1.18808698654175,0.22292847931385) (0.4801271,1.216856,0.2607013) (327.8069,16.40365,316.6023) (0.3003674,1.480982,0.04097039) (20.18966,7.483843,4.327223)
4.55137776254607 (0.585350811481476,1.16508686542511,0.210547477006912) (0.5480787,1.188087,0.2229285) (334.0344,21.63994,311.2253) (0.3211175,1.491223,0.03374535) (17.1496,358.2499,359.2369)
1.58157723512937 (0.58776319026947,1.15783202648163,0.22439256310463) (0.5853508,1.165087,0.2105475) (330.2102,14.79435,316.6192) (0.3224724,1.510736,0.01898602) (10.20098,350.1551,356.2257)
3.7700534981543 (0.557134866714478,1.17451047897339,0.238712668418884) (0.5877632,1.157832,0.2243926) (327.1031,13.53165,311.1682) (0.3091688,1.518384,0.008339168) (6.786472,341.7592,356.8729)
2.89863245849052 (0.531849384307861,1.16887903213501,0.251717984676361) (0.5571349,1.17451,0.2387127) (329.0507,8.776887,307.1139) (0.2800352,1.492913,-0.001238572) (19.21577,335.7263,2.86785)
2.53761205031214 (0.508199095726013,1.17313838005066,0.259870857000351) (0.5318494,1.168879,0.251718) (330.1495,4.84169,304.6978) (0.2476584,1.441657,-0.0001744023) (33.22455,328.6249,6.950244)
5.52671836059583 (0.456184953451157,1.18854784965515,0.249309659004211) (0.5081991,1.173138,0.2598709) (331.0319,355.6221,309.6758) (0.2147152,1.416459,-0.009057273) (40.69272,317.9963,4.099207)
6.41091543824233 (0.396538257598877,1.20873749256134,0.237283289432526) (0.456185,1.188548,0.2493097) (333.9029,347.8487,315.5584) (0.2040795,1.408314,-0.01217041) (42.89733,313.7092,3.124876)
5.91085105717792 (0.431938707828522,1.19796752929688,0.283377021551132) (0.3965383,1.208737,0.2372833) (331.59,344.9718,314.8658) (0.2123894,1.415637,-0.003950219) (41.9682,315.9625,3.805899)
2.20486528727601 (0.447191894054413,1.18906271457672,0.296575039625168) (0.4319387,1.197968,0.283377) (329.8094,342.5475,316.9085) (0.2405694,1.436377,0.0159821) (35.23673,330.3765,7.400898)
1.06480181711141 (0.449919074773788,1.19538927078247,0.288456082344055) (0.4471919,1.189063,0.296575) (329.1616,347.2548,315.1563) (0.2964626,1.47684,0.03320614) (21.68032,351.9781,9.136631)
3.4734853997851 (0.476070523262024,1.2003835439682,0.266147583723068) (0.4499191,1.195389,0.2884561) (328.9208,355.4359,313.8304) (0.3456711,1.507077,0.01568438) (9.702006,7.020164,4.586325)
7.31342272054469 (0.538829684257507,1.184978723526,0.231904417276382) (0.4760705,1.200384,0.2661476) (328.4011,8.128904,312.4727) (0.3783035,1.518561,-0.007960095) (4.79144,17.00695,1.326093)
8.31540378130451 (0.607307851314545,1.1685551404953,0.187682241201401) (0.5388297,1.184979,0.2319044) (328.9528,22.01534,311.2368) (0.3963765,1.523038,-0.02611712) (3.221811,24.47704,1.099899)
5.26430315655405 (0.652833819389343,1.15753936767578,0.16365459561348) (0.6073079,1.168555,0.1876822) (328.942,30.00862,309.2706) (0.4044383,1.521137,-0.02227503) (5.140937,23.83252,1.20653)
2.51720223277439 (0.675577878952026,1.15778148174286,0.152871280908585) (0.6528338,1.157539,0.1636546) (328.6053,32.92208,309.3975) (0.4049175,1.516221,-0.006556465) (3.541613,20.06226,0.7073866)
0.786192529033761 (0.67813378572464,1.16291296482086,0.158251345157623) (0.6755779,1.157781,0.1528713) (329.6705,32.19657,309.8291) (0.4020841,1.519252,0.01553305) (351.3512,14.82498,359.641)
3.30558725354299 (0.661812245845795,1.15591192245483,0.186131149530411) (0.6781338,1.162913,0.1582513) (330.1423,26.02876,309.744) (0.389645,1.516627,0.04023041) (340.5978,8.400427,356.7422)
4.81480412994634 (0.625310063362122,1.15669989585876,0.217519104480743) (0.6618122,1.155912,0.1861311) (329.1827,19.07397,311.6083) (0.3783104,1.503448,0.08700442) (304.5154,6.286383,352.9666)
4.50876632189297 (0.59032815694809,1.15555918216705,0.245942026376724) (0.6253101,1.1567,0.2175191) (329.3587,12.22975,311.9777) (0.3579866,1.51358,0.1039128) (287.2485,10.29034,343.5719)
4.45500768684553 (0.5519158244133,1.17078733444214,0.262594521045685) (0.5903282,1.155559,0.245942) (329.3358,7.045234,313.119) (0.342534,1.525708,0.1108621) (276.6653,43.45993,306.1116)
2.96422042561524 (0.546791791915894,1.14384174346924,0.273834615945816) (0.5519158,1.170787,0.2625945) (330.2117,5.669026,312.7364) (0.3349204,1.536911,0.1101602) (278.2711,62.74418,284.1785)
7.22739036615296 (0.560291469097137,1.07344400882721,0.26459151506424) (0.5467918,1.143842,0.2738346) (331.4965,5.458082,312.8598) (0.3282777,1.551489,0.09778477) (279.7273,76.16246,267.6237)
3.09359271616458 (0.552978217601776,1.05182981491089,0.243701934814453) (0.5602915,1.073444,0.2645915) (334.1291,4.981554,313.7674) (0.3340448,1.555864,0.08360689) (280.8266,27.19077,316.9936)
1.79751390239695 (0.558585464954376,1.05413293838501,0.226779758930206) (0.5529782,1.05183,0.2437019) (335.9714,4.458696,317.1747) (0.3381861,1.562905,0.07809065) (279.6905,34.76453,311.0875)
3.46870952082356 (0.565002739429474,1.05573129653931,0.192728936672211) (0.5585855,1.054133,0.2267798) (339.4219,2.685636,317.8969) (0.348277,1.561561,0.06835855) (280.7913,20.48842,326.8139)
4.36187365058568 (0.561552464962006,1.04326224327087,0.151073053479195) (0.5650027,1.055731,0.1927289) (344.8352,353.2036,320.2888) (0.355883,1.555126,0.07139646) (281.5698,27.99536,322.4704)
4.95182751704253 (0.536905646324158,1.02078747749329,0.114474162459373) (0.5615525,1.043262,0.1510731) (349.9849,335.0106,330.5923) (0.3481488,1.555377,0.0757499) (281.8016,20.73374,331.2936)
3.19505848628825 (0.532258868217468,0.990009248256683,0.107266671955585) (0.5369056,1.020787,0.1144742) (351.9061,324.9674,356.9828) (0.3364546,1.551226,0.07555167) (281.9557,14.10049,336.8695)
3.00442239229056 (0.532534837722778,0.960874080657959,0.0999371930956841) (0.5322589,0.9900092,0.1072667) (358.5588,317.146,7.146888) (0.3274125,1.544212,0.0733326) (283.3496,13.00334,337.957)
3.85266227972634 (0.559939861297607,0.933805108070374,0.100669354200363) (0.5325348,0.9608741,0.09993719) (8.51973,305.6647,34.62235) (0.3054673,1.545673,0.06565359) (282.9174,11.99527,341.0419)
Average= 8.3915526009442
Max= 31.296681594688
Standard Deviation= 7.09657666736983
Right: 28    Miss: 12
0
