113.853685031558 (0.0198752526193857,0.780966222286224,0.828228771686554) (0,0,0) (336.9656,3.655817,341.5587) (-0.1177891,1.05495,0.6531731) (316.6315,357.263,355.2209)
0.494248936674774 (0.0239977464079857,0.783662378787994,0.828633725643158) (0.01987525,0.7809662,0.8282288) (336.97,4.210479,341.994) (-0.1072666,1.072016,0.6477631) (316.1682,357.1893,357.333)
3.17543057956888 (0.0428118146955967,0.809114456176758,0.826072752475739) (0.02399775,0.7836624,0.8286337) (336.4275,5.779131,341.8832) (-0.08547521,1.118513,0.6372539) (312.9268,356.6438,1.286496)
4.35532438601282 (0.0630507990717888,0.847432017326355,0.821710050106049) (0.04281181,0.8091145,0.8260728) (334.913,7.158012,341.436) (-0.06916437,1.165939,0.6141774) (311.4073,355.2164,5.108887)
5.83199911974301 (0.0826096534729004,0.90037614107132,0.807026982307434) (0.0630508,0.847432,0.8217101) (332.2516,8.168045,340.2872) (-0.05358253,1.222554,0.5778607) (309.5646,352.6611,9.334496)
7.83409906116858 (0.103321745991707,0.965832948684692,0.769294679164886) (0.08260965,0.9003761,0.807027) (326.6574,8.272535,338.4938) (-0.02890747,1.285368,0.5241122) (308.236,351.5158,10.01376)
7.7926328328997 (0.118743672966957,1.02776408195496,0.724582135677338) (0.1033217,0.9658329,0.7692947) (320.6765,7.768999,335.7564) (0.001813554,1.354186,0.458265) (301.2125,348.1724,11.66254)
7.14636965361012 (0.137823954224586,1.08228838443756,0.682509541511536) (0.1187437,1.027764,0.7245821) (314.8447,6.144058,334.2495) (0.03379685,1.395863,0.3927562) (301.2038,350.5452,8.699925)
12.0188341301802 (0.183363005518913,1.12472474575043,0.579696178436279) (0.137824,1.082288,0.6825095) (309.7051,3.218174,333.4693) (0.07745358,1.423516,0.3053387) (317.9047,355.0228,4.609334)
12.0245146388651 (0.231071069836617,1.15559709072113,0.473725736141205) (0.183363,1.124725,0.5796962) (306.0476,358.9049,336.4233) (0.1202641,1.442537,0.2391135) (320.6224,355.9544,4.326808)
11.0241419805226 (0.273858696222305,1.18497097492218,0.376465439796448) (0.2310711,1.155597,0.4737257) (304.2404,358.7276,334.5453) (0.1545456,1.461545,0.1776103) (327.9566,357.6984,2.66031)
9.72806799067225 (0.307982563972473,1.21673572063446,0.29108339548111) (0.2738587,1.184971,0.3764654) (303.3142,359.2123,332.9605) (0.1768308,1.48445,0.1214496) (339.8346,358.5696,0.8666381)
9.42716969932705 (0.324576675891876,1.25609314441681,0.207043036818504) (0.3079826,1.216736,0.2910834) (301.815,359.1632,331.8569) (0.1882389,1.502195,0.08024545) (355.1884,357.2697,359.3706)
5.81025867546504 (0.300637274980545,1.21453714370728,0.239844173192978) (0.3245767,1.256093,0.207043) (300.6382,358.4359,330.8549) (0.1948862,1.509378,0.06174988) (351.0401,356.1131,359.3334)
4.37594290637562 (0.292766481637955,1.22252452373505,0.282142400741577) (0.3006373,1.214537,0.2398442) (299.9082,355.7874,333.0863) (0.1947396,1.51689,0.04903795) (348.9003,356.5807,358.2383)
1.75812106631967 (0.288542777299881,1.23940944671631,0.284624069929123) (0.2927665,1.222525,0.2821424) (298.3225,355.8401,333.9164) (0.1910547,1.525172,0.03805678) (344.7937,358.5158,357.3701)
1.51377995410383 (0.283600449562073,1.25258815288544,0.290196150541306) (0.2885428,1.239409,0.2846241) (295.3336,358.9648,332.6173) (0.1776898,1.540594,0.02585588) (336.3253,0.5901973,357.5319)
3.24843344540309 (0.272916257381439,1.28229105472565,0.29786542057991) (0.2836004,1.252588,0.2901962) (290.6887,3.104321,331.2973) (0.1551197,1.55106,0.01164252) (329.9251,1.499329,356.6891)
3.67087470019168 (0.263203412294388,1.31685650348663,0.305508881807327) (0.2729163,1.282291,0.2978654) (288.0961,13.59137,323.5626) (0.1300189,1.557458,0.000274078) (324.5558,1.855476,356.0565)
3.07371371655873 (0.255794256925583,1.34559047222137,0.313523560762405) (0.2632034,1.316857,0.3055089) (287.834,27.92469,307.7736) (0.1053798,1.56328,-0.01283354) (318.1382,1.826909,355.7973)
2.03246587582279 (0.249953716993332,1.3643524646759,0.318716585636139) (0.2557943,1.34559,0.3135236) (285.7522,39.22742,298.3719) (0.08033778,1.564861,-0.02715942) (312.3907,1.956974,354.8597)
2.27666958775504 (0.241708859801292,1.38541257381439,0.321327447891235) (0.2499537,1.364352,0.3187166) (281.1394,51.58107,289.76) (0.06094343,1.563502,-0.03901141) (308.8501,1.97876,353.2439)
1.46515458307723 (0.236514627933502,1.39886569976807,0.323916107416153) (0.2417089,1.385413,0.3213274) (280.6101,56.69777,285.9523) (0.04952696,1.564112,-0.04366205) (307.7715,359.7211,354.1582)
2.57295057431543 (0.233766078948975,1.42444777488709,0.323814243078232) (0.2365146,1.398866,0.3239161) (279.2504,61.36628,279.3162) (0.0426876,1.56318,-0.04537224) (307.8533,359.2984,354.062)
4.0643198347304 (0.224314332008362,1.46048784255981,0.307577013969421) (0.2337661,1.424448,0.3238142) (275.2898,110.6751,230.7408) (0.04915522,1.560889,-0.05316374) (308.0951,2.375966,352.3468)
2.60582119902566 (0.220963478088379,1.48348224163055,0.295784652233124) (0.2243143,1.460488,0.307577) (277.4051,146.029,195.7298) (0.06234634,1.558817,-0.06301884) (308.6931,4.618583,350.8611)
2.20871060626363 (0.225289478898048,1.49800503253937,0.279715597629547) (0.2209635,1.483482,0.2957847) (278.8138,145.2709,194.1169) (0.0818278,1.557415,-0.07866792) (308.1385,5.137578,350.743)
1.9298193120932 (0.232444182038307,1.50218188762665,0.262286186218262) (0.2252895,1.498005,0.2797156) (279.1423,149.2342,188.305) (0.1069664,1.558928,-0.09477206) (308.0941,5.12132,351.1609)
2.62161601339391 (0.241661235690117,1.51011502742767,0.239061236381531) (0.2324442,1.502182,0.2622862) (279.2805,168.3979,168.4562) (0.1333647,1.566093,-0.1082017) (309.5099,3.510658,352.7256)
2.43239081650526 (0.254573434591293,1.52536332607269,0.225189790129662) (0.2416612,1.510115,0.2390612) (279.897,180.0108,156.7256) (0.1592048,1.567619,-0.113848) (310.3188,3.445817,353.2845)
1.85801601347172 (0.265926480293274,1.53947389125824,0.221039772033691) (0.2545734,1.525363,0.2251898) (280.6778,184.3664,152.0556) (0.1795053,1.568019,-0.1197554) (310.9533,2.112108,354.0469)
3.46306961345584 (0.27366828918457,1.57320117950439,0.219690874218941) (0.2659265,1.539474,0.2210398) (283.6721,187.6756,151.6692) (0.1935176,1.56785,-0.1245461) (312.3901,2.566137,353.9526)
6.67851302300304 (0.272044867277145,1.63984072208405,0.215593367815018) (0.2736683,1.573201,0.2196909) (286.6483,185.1641,155.8102) (0.2036301,1.570631,-0.1300798) (312.7061,3.222027,353.9733)
7.93063949565177 (0.254152953624725,1.71615755558014,0.203546598553658) (0.2720449,1.639841,0.2155934) (291.6162,192.2567,151.3917) (0.2046229,1.572016,-0.1343222) (312.7807,2.604204,354.5491)
7.28898048379425 (0.22907842695713,1.78400671482086,0.194564193487167) (0.254153,1.716158,0.2035466) (295.5902,193.2749,153.8332) (0.1969539,1.573112,-0.1370024) (313.0848,1.846388,354.7067)
4.87653440647782 (0.208483710885048,1.82820844650269,0.194915503263474) (0.2290784,1.784007,0.1945642) (295.9827,189.2286,154.0749) (0.1812771,1.574339,-0.1379725) (312.358,0.9116424,355.449)
2.23585453079245 (0.192226365208626,1.84110450744629,0.186591148376465) (0.2084837,1.828208,0.1949155) (296.5766,187.5809,156.8544) (0.159119,1.573409,-0.1403677) (311.8043,359.5765,355.5655)
2.58899348717997 (0.167075708508492,1.84723567962646,0.186967924237251) (0.1922264,1.841105,0.1865911) (296.4481,187.118,157.5667) (0.1320732,1.572616,-0.143374) (309.6968,356.585,356.6373)
3.48726107309804 (0.133166462182999,1.8495100736618,0.194783881306648) (0.1670757,1.847236,0.1869679) (296.2795,186.5565,157.7136) (0.1024094,1.574069,-0.1433222) (308.4807,351.4709,359.1204)
3.80406456246564 (0.0997097194194794,1.85111808776855,0.212815836071968) (0.1331665,1.84951,0.1947839) (292.955,184.1026,157.7503) (0.0673282,1.572531,-0.1376437) (307.0113,346.0359,1.994825)
4.20339323456758 (0.0606620609760284,1.85158610343933,0.228369385004044) (0.09970972,1.851118,0.2128158) (293.3482,187.9142,153.931) (0.02777398,1.571461,-0.1281071) (305.936,339.3286,5.343367)
3.84094267716298 (0.0267456658184528,1.85257291793823,0.246369063854218) (0.06066206,1.851586,0.2283694) (295.6205,192.8419,152.0507) (-0.008805283,1.570161,-0.1175868) (305.8829,334.0224,7.979216)
2.74773622351796 (0.00500997807830572,1.85715699195862,0.262541621923447) (0.02674567,1.852573,0.2463691) (297.1012,196.7162,150.6289) (-0.03192295,1.570319,-0.1056228) (306.1532,334.6829,7.461967)
1.52449838768248 (-0.00142440991476178,1.86308455467224,0.275026500225067) (0.005009978,1.857157,0.2625416) (297.5291,196.595,152.2553) (-0.03910162,1.570861,-0.09097372) (306.6639,340.4211,4.748351)
1.98412966960482 (8.5087536717765E-05,1.86839401721954,0.294084519147873) (-0.00142441,1.863085,0.2750265) (296.1385,192.4126,156.6246) (-0.03255353,1.571268,-0.07186434) (307.0004,348.3612,359.7094)
2.45298758304334 (0.00516541209071875,1.86993277072906,0.318033158779144) (8.508754E-05,1.868394,0.2940845) (294.7237,192.1772,158.4335) (-0.02330307,1.571117,-0.05342536) (306.7866,352.7058,357.53)
3.12505676359369 (0.0207366608083248,1.87030839920044,0.345125466585159) (0.005165412,1.869933,0.3180332) (293.8483,194.4527,158.6963) (-0.007217632,1.570832,-0.02798735) (306.7618,355.3653,355.737)
4.62583213598954 (0.0475543104112148,1.87075912952423,0.382814228534698) (0.02073666,1.870308,0.3451255) (291.9736,195.4133,159.8386) (0.01338966,1.569504,0.003887241) (307.0835,359.381,353.1372)
6.0882118100198 (0.0844025611877441,1.8726372718811,0.431242644786835) (0.04755431,1.870759,0.3828142) (289.5421,195.79,161.8306) (0.03730959,1.567322,0.03786059) (305.2566,359.0378,355.0092)
6.13380308685973 (0.128557950258255,1.87640762329102,0.47365066409111) (0.08440256,1.872637,0.4312426) (288.5683,192.0023,166.9553) (0.06833832,1.569578,0.08063134) (305.9455,359.1128,354.3936)
5.88065644865346 (0.163637235760689,1.88371360301971,0.520279824733734) (0.128558,1.876408,0.4736507) (286.9276,191.2233,168.1433) (0.09529712,1.575286,0.1180502) (306.637,359.3237,354.9549)
3.39092054733258 (0.191277429461479,1.88932073116302,0.539105713367462) (0.1636372,1.883714,0.5202798) (287.362,191.5518,168.6973) (0.1179738,1.580081,0.1503325) (307.103,359.1395,355.4972)
3.63947208281991 (0.213882714509964,1.90285539627075,0.564213275909424) (0.1912774,1.889321,0.5391057) (287.0941,189.4337,168.8686) (0.1357123,1.581583,0.1743166) (306.5091,358.5968,355.4896)
2.00816400489129 (0.226625949144363,1.91011071205139,0.577933430671692) (0.2138827,1.902855,0.5642133) (289.2992,198.7794,160.3087) (0.1495732,1.582124,0.1915827) (306.5522,359.0639,354.6296)
2.79921160745156 (0.253134787082672,1.91323947906494,0.586362600326538) (0.2266259,1.910111,0.5779334) (291.0127,188.0347,170.8785) (0.1585535,1.581716,0.2054085) (306.5553,359.0422,354.9518)
3.21113951336959 (0.282555162906647,1.91659665107727,0.598784863948822) (0.2531348,1.913239,0.5863626) (291.4064,177.5653,182.7863) (0.1619059,1.582324,0.2189317) (306.8533,358.2707,355.4898)
2.27588748608027 (0.30500653386116,1.91541719436646,0.602321982383728) (0.2825552,1.916597,0.5987849) (292.1518,167.6364,194.7126) (0.1649105,1.58304,0.2314378) (307.3912,357.7896,355.7062)
2.3986513928721 (0.318128734827042,1.92586982250214,0.619465589523315) (0.3050065,1.915417,0.602322) (292.9499,157.5159,202.2784) (0.167588,1.586143,0.2395435) (307.7679,358.0652,355.1618)
2.01601684014481 (0.303854286670685,1.93176400661469,0.632424414157867) (0.3181287,1.92587,0.6194656) (292.7378,159.9971,197.5369) (0.1667195,1.589389,0.2469943) (308.5505,357.3541,355.1991)
3.3090596599484 (0.273235976696014,1.92093348503113,0.626083552837372) (0.3038543,1.931764,0.6324244) (291.0839,165.5477,189.5674) (0.1626159,1.587043,0.2492555) (308.9918,355.8914,356.1635)
2.64499540181145 (0.25080195069313,1.90692257881165,0.626178681850433) (0.273236,1.920933,0.6260836) (290.689,166.8765,185.951) (0.1421191,1.583134,0.2441761) (309.688,345.2144,1.722057)
3.49003359946525 (0.218854010105133,1.89473533630371,0.633166790008545) (0.250802,1.906923,0.6261787) (291.3538,159.5857,187.4473) (0.1119772,1.581086,0.236118) (310.605,330.4855,8.159375)
6.58146250259077 (0.15742552280426,1.88828134536743,0.655892372131348) (0.218854,1.894735,0.6331668) (290.3661,163.8602,177.913) (0.08180787,1.575699,0.226124) (312.5639,323.5813,10.33573)
10.2533375099042 (0.0591850876808167,1.85896742343903,0.654278695583344) (0.1574255,1.888281,0.6558924) (287.6353,178.0178,159.1981) (0.04644649,1.571032,0.2173709) (314.4425,322.0045,9.770868)
11.3536840651028 (-0.0498009920120239,1.82934677600861,0.642648279666901) (0.05918509,1.858967,0.6542787) (286.5185,198.7508,133.498) (0.006912935,1.571668,0.2052307) (315.53,322.6638,8.056711)
13.1780540145287 (-0.174109801650047,1.79628372192383,0.614008009433746) (-0.04980099,1.829347,0.6426483) (286.1552,217.7311,111.796) (-0.03521992,1.568625,0.1931484) (316.4152,322.6439,7.624036)
10.0898367057229 (-0.266197353601456,1.76736235618591,0.584615528583527) (-0.1741098,1.796284,0.614008) (287.2103,237.2093,87.79717) (-0.06706282,1.564676,0.1847019) (318.248,321.596,7.370086)
10.2854632122238 (-0.352931886911392,1.72761559486389,0.546191692352295) (-0.2661974,1.767362,0.5846155) (292.0998,244.2679,79.56525) (-0.1080648,1.558679,0.1714153) (322.7473,315.278,10.01365)
9.49763500395271 (-0.42602401971817,1.68341243267059,0.504669070243835) (-0.3529319,1.727616,0.5461917) (296.7677,245.7408,73.06863) (-0.1412532,1.550622,0.158662) (327.5369,309.0374,11.49051)
11.3220102108794 (-0.528930485248566,1.63659954071045,0.498536854982376) (-0.426024,1.683412,0.5046691) (306.0232,249.2033,67.92688) (-0.1671332,1.541604,0.1502273) (331.7833,305.6851,10.66106)
10.8009756851478 (-0.623153567314148,1.58465111255646,0.507996201515198) (-0.5289305,1.6366,0.4985369) (314.7557,259.0554,60.16895) (-0.1883228,1.534917,0.1469477) (334.0492,303.8395,9.908924)
7.77686114760117 (-0.676991999149323,1.52988791465759,0.495733559131622) (-0.6231536,1.584651,0.5079962) (320.9742,259.0815,61.59923) (-0.2130558,1.528684,0.1479948) (336.6888,302.1166,9.102512)
10.0521060597613 (-0.748188495635986,1.45978271961212,0.506724655628204) (-0.676992,1.529888,0.4957336) (328.9595,263.5645,59.16869) (-0.2343171,1.519999,0.1516797) (338.6729,301.1976,7.947991)
7.82385138781431 (-0.792029201984406,1.39664781093597,0.521327435970306) (-0.7481885,1.459783,0.5067247) (335.2581,268.9166,56.13749) (-0.2445376,1.514374,0.1548526) (339.1207,301.3011,6.38741)
3.20526922396059 (-0.800071537494659,1.36992192268372,0.537088871002197) (-0.7920292,1.396648,0.5213274) (335.9279,273.2905,52.45904) (-0.2371438,1.520874,0.1636661) (334.2412,308.8947,5.023873)
5.69913699885594 (-0.757010757923126,1.40532577037811,0.548935949802399) (-0.8000715,1.369922,0.5370889) (327.3979,274.6471,53.49089) (-0.2121399,1.534199,0.1701219) (330.589,319.0655,3.822053)
12.1910893386251 (-0.674553155899048,1.49376916885376,0.564452886581421) (-0.7570108,1.405326,0.5489359) (321.045,272.3609,62.36919) (-0.1787869,1.545751,0.1753006) (328.4632,326.3043,2.897962)
17.3008763877884 (-0.562162160873413,1.62017107009888,0.600823998451233) (-0.6745532,1.493769,0.5644529) (311.8701,270.8018,68.56869) (-0.1337073,1.554101,0.1878101) (326.4085,334.3724,1.285035)
17.3330513712763 (-0.445178061723709,1.73115408420563,0.664392530918121) (-0.5621622,1.620171,0.600824) (297.5666,278.9369,65.02808) (-0.090386,1.556029,0.2056115) (324.5238,340.0126,359.7616)
15.0131966978356 (-0.31507995724678,1.78388297557831,0.717625558376312) (-0.4451781,1.731154,0.6643925) (289.115,300.9402,42.37923) (-0.0308746,1.557947,0.2300369) (325.2433,353.441,355.7578)
17.0807577411263 (-0.144774362444878,1.79141175746918,0.728328406810761) (-0.31508,1.783883,0.7176256) (280.7387,303.7088,45.87345) (0.03378307,1.555493,0.2472126) (328.1161,6.860245,352.3518)
18.9151245302894 (0.0414615049958229,1.76005482673645,0.717786252498627) (-0.1447744,1.791412,0.7283284) (271.908,65.00032,288.7871) (0.0875935,1.55136,0.258019) (332.1281,14.53172,350.8416)
18.8495059076802 (0.217849865555763,1.69359648227692,0.718695163726807) (0.0414615,1.760055,0.7177863) (285.1791,88.26622,268.1161) (0.1295841,1.545488,0.2644886) (335.1774,20.94254,350.5358)
13.4785545019423 (0.348177641630173,1.65970349311829,0.724446654319763) (0.2178499,1.693596,0.7186952) (289.3779,84.85265,282.4268) (0.1612281,1.551471,0.2668037) (331.6997,25.73506,350.1211)
11.1424607592134 (0.458892524242401,1.67052698135376,0.718081891536713) (0.3481776,1.659703,0.7244467) (293.4358,75.31078,297.9196) (0.1845183,1.564408,0.264416) (326.9124,30.24917,349.3158)
11.3203303839792 (0.547631621360779,1.72851848602295,0.67836606502533) (0.4588925,1.670527,0.7180819) (296.0201,95.16828,285.0266) (0.2039641,1.567898,0.26842) (324.9996,30.44381,349.3827)
6.79006844958465 (0.583047866821289,1.78482758998871,0.664747059345245) (0.5476316,1.728518,0.6783661) (296.271,103.2407,281.541) (0.2221898,1.569922,0.2712333) (323.2558,30.35907,349.8473)
6.10489477272486 (0.56246429681778,1.84218537807465,0.668404221534729) (0.5830479,1.784828,0.6647471) (289.3456,104.7917,273.9393) (0.2340741,1.571007,0.2687054) (320.7657,30.59208,349.6989)
6.43609056755377 (0.504283905029297,1.86933219432831,0.672922909259796) (0.5624643,1.842185,0.6684042) (279.8268,111.5058,268.225) (0.2339938,1.574768,0.2621885) (318.2817,30.0959,349.7797)
10.4172863316316 (0.400781601667404,1.86983323097229,0.684713065624237) (0.5042839,1.869332,0.6729229) (281.3008,278.0245,104.4531) (0.2263674,1.577005,0.2507218) (316.3084,30.33799,349.1944)
4.61801036426165 (0.354692816734314,1.86771094799042,0.686693429946899) (0.4007816,1.869833,0.6847131) (291.7288,278.6674,112.9161) (0.2092991,1.576478,0.2417833) (315.7798,31.03883,348.8734)
2.39991899965633 (0.334563761949539,1.86883175373077,0.673673212528229) (0.3546928,1.867711,0.6866934) (293.25,271.7412,118.0828) (0.1854111,1.573125,0.2325218) (316.3758,32.34323,348.7247)
2.99048457289099 (0.315876364707947,1.87673997879028,0.651706397533417) (0.3345638,1.868832,0.6736732) (292.1274,266.1764,118.8089) (0.1594003,1.572872,0.2244853) (316.9744,33.06719,349.2617)
2.01790191742378 (0.310729444026947,1.88767969608307,0.635550141334534) (0.3158764,1.87674,0.6517064) (287.5898,264.9338,115.6104) (0.1543373,1.570176,0.2234284) (317.6906,33.53356,349.6111)
3.34982739104905 (0.342605620622635,1.89584493637085,0.629275381565094) (0.3107294,1.88768,0.6355501) (280.7484,275.3045,98.02921) (0.1640482,1.570303,0.2283943) (318.7974,33.95144,349.1942)
7.30805732973165 (0.414886474609375,1.89535784721375,0.640046238899231) (0.3426056,1.895845,0.6292754) (276.933,313.3292,64.28574) (0.1956284,1.567885,0.2377096) (320.5459,35.578,347.5411)
10.1182012493745 (0.51506769657135,1.8816123008728,0.643593430519104) (0.4148865,1.895358,0.6400462) (274.7773,30.48315,348.6342) (0.2366784,1.563753,0.2497372) (321.9507,37.14489,345.2036)
13.5933327777691 (0.644476115703583,1.84020483493805,0.647686362266541) (0.5150677,1.881612,0.6435934) (284.0914,79.67656,301.1062) (0.2761939,1.564367,0.2616377) (322.2553,38.24428,344.546)
17.7291199680451 (0.800299525260925,1.756587266922,0.660309195518494) (0.6444761,1.840205,0.6476864) (303.2452,85.65117,297.4912) (0.3078138,1.564275,0.2706895) (322.6895,38.53717,344.4768)
13.4965656301177 (0.906463027000427,1.67504036426544,0.677488923072815) (0.8002995,1.756587,0.6603092) (317.3132,84.49916,304.6224) (0.3255637,1.574567,0.2757338) (317.136,33.34466,346.6529)
3.58076716976943 (0.940689325332642,1.66588389873505,0.682676315307617) (0.906463,1.67504,0.6774889) (322.1299,86.27785,306.1452) (0.3276772,1.58294,0.2699755) (311.0996,24.93471,350.1326)
6.96176885374234 (0.924953699111938,1.73366284370422,0.680434107780457) (0.9406893,1.665884,0.6826763) (313.5495,89.20727,302.7021) (0.3279362,1.587272,0.2651505) (308.3866,20.5688,351.3198)
12.4434026169364 (0.852163910865784,1.8308242559433,0.653136968612671) (0.9249537,1.733663,0.6804341) (301.4584,95.49875,291.623) (0.3269712,1.588947,0.2590904) (306.5158,14.67761,354.2057)
13.5632557856558 (0.753718614578247,1.91639459133148,0.615955889225006) (0.8521639,1.830824,0.653137) (290.679,110.1306,274.9744) (0.3193172,1.589948,0.2548773) (305.8216,9.012796,356.8588)
11.9276132069717 (0.65549772977829,1.98021745681763,0.59345930814743) (0.7537186,1.916395,0.6159559) (280.8011,138.7626,246.4885) (0.3092547,1.589137,0.2487614) (305.6988,5.517907,358.2064)
9.51866240623136 (0.568987131118774,2.01935458183289,0.586773872375488) (0.6554977,1.980217,0.5934593) (279.3694,162.8376,216.3623) (0.2953289,1.588819,0.24145) (306.0909,2.228343,359.2178)
12.1490833164778 (0.44813945889473,2.02794790267944,0.595830261707306) (0.5689871,2.019355,0.5867739) (278.9052,193.369,175.4583) (0.2787237,1.586941,0.2327421) (306.7774,0.9920581,358.6011)
15.9569564690354 (0.291628241539001,2.00648474693298,0.618325114250183) (0.4481395,2.027948,0.5958303) (292.0106,261.9631,108.565) (0.2563992,1.58477,0.2235872) (307.7804,1.658807,356.7642)
13.5851224184747 (0.168547302484512,1.9524804353714,0.638077914714813) (0.2916282,2.006485,0.6183251) (305.2002,272.4362,97.26369) (0.2241033,1.580149,0.2135708) (309.3035,4.093065,354.7858)
7.82902864792427 (0.108370631933212,1.9080103635788,0.66111159324646) (0.1685473,1.95248,0.6380779) (312.5962,276.925,91.40975) (0.1947929,1.581823,0.2030415) (310.6575,7.940614,352.4238)
4.00880734439993 (0.123012453317642,1.88545596599579,0.690843224525452) (0.1083706,1.90801,0.6611116) (313.1279,284.0909,87.77837) (0.1790941,1.580274,0.1993795) (312.8763,15.24151,348.1431)
10.7860180893672 (0.227602854371071,1.87745213508606,0.715955078601837) (0.1230125,1.885456,0.6908432) (302.2173,296.3956,78.36021) (0.177264,1.578989,0.2052899) (316.5911,22.97016,344.2063)
16.8055936165355 (0.391659498214722,1.84761738777161,0.736886024475098) (0.2276029,1.877452,0.7159551) (291.3351,327.2238,53.46081) (0.193006,1.574816,0.2138098) (320.381,28.00412,342.9678)
20.4805007580346 (0.585219979286194,1.7807639837265,0.740057170391083) (0.3916595,1.847617,0.736886) (292.1454,22.09239,4.613281) (0.2200913,1.568203,0.2267111) (322.9489,31.20851,342.175)
21.8565621480359 (0.777045547962189,1.6765478849411,0.729432284832001) (0.58522,1.780764,0.7400572) (308.5089,58.67377,333.0744) (0.2536125,1.565025,0.2402617) (322.3115,32.29691,343.0574)
14.5884587113594 (0.896420896053314,1.59296476840973,0.722671985626221) (0.7770455,1.676548,0.7294323) (325.7814,70.64671,325.9413) (0.2769926,1.572148,0.2501307) (316.6953,27.65616,346.7674)
4.05795088783953 (0.91133177280426,1.62991786003113,0.730342149734497) (0.8964209,1.592965,0.722672) (321.7486,72.2575,323.3276) (0.2949609,1.576955,0.2559107) (312.0874,21.84163,349.2551)
14.9537276546029 (0.828881025314331,1.75466156005859,0.731852352619171) (0.9113318,1.629918,0.7303421) (305.6695,70.09334,320.2214) (0.309115,1.582514,0.2619387) (310.5376,17.60605,350.872)
21.163824600463 (0.664410293102264,1.8852790594101,0.705790936946869) (0.828881,1.754662,0.7318524) (284.8163,70.90598,311.4464) (0.3194523,1.585263,0.2666489) (309.5949,14.13583,352.6413)
19.6254819206732 (0.48361474275589,1.95289862155914,0.670343518257141) (0.6644103,1.885279,0.7057909) (276.0897,251.7348,127.2905) (0.3241388,1.585206,0.2684547) (309.148,11.13567,353.6444)
16.1055277954581 (0.323438078165054,1.95856618881226,0.654528379440308) (0.4836147,1.952899,0.6703435) (292.2979,263.0586,112.5055) (0.3187695,1.583883,0.2700515) (309.2799,7.653995,354.9953)
10.7629400542131 (0.21729664504528,1.94488561153412,0.643086075782776) (0.3234381,1.958566,0.6545284) (304.5984,261.0265,116.1099) (0.3018779,1.581919,0.2682472) (309.2646,4.404522,355.7616)
7.96718221841935 (0.141623720526695,1.92092382907867,0.636227428913116) (0.2172966,1.944886,0.6430861) (311.7628,259.3953,117.6898) (0.2805865,1.579894,0.2649069) (309.1718,4.48428,354.5981)
5.84592239766547 (0.0894631072878838,1.89504098892212,0.631047666072845) (0.1416237,1.920924,0.6362274) (318.9485,259.8278,120.3255) (0.2597505,1.579376,0.2612275) (309.9906,8.866244,351.4301)
0.450681431995148 (0.091016560792923,1.89081156253815,0.631148219108582) (0.08946311,1.895041,0.6310477) (318.8304,263.0799,121.9579) (0.2359473,1.578203,0.2571569) (311.84,15.12109,347.9876)
4.54436448797317 (0.133027642965317,1.90785753726959,0.634251236915588) (0.09101656,1.890812,0.6311482) (312.9297,264.2079,123.2999) (0.2130168,1.579119,0.2534887) (313.2987,20.53295,346.1186)
8.76243996718592 (0.21649806201458,1.92839908599854,0.651244461536407) (0.1330276,1.907858,0.6342512) (305.6848,271.6652,122.3011) (0.2004309,1.577039,0.2532672) (313.7421,24.65525,345.82)
10.7307458248841 (0.322836637496948,1.93645906448364,0.663162291049957) (0.2164981,1.928399,0.6512445) (297.5651,281.1301,116.3421) (0.2025723,1.576479,0.2579998) (313.5294,27.105,345.9018)
12.1381830470441 (0.443763941526413,1.93104839324951,0.672154545783997) (0.3228366,1.936459,0.6631623) (288.4125,294.8927,104.1748) (0.2235371,1.573971,0.2637095) (312.6227,28.10154,345.8055)
13.2300918329042 (0.573177099227905,1.90473914146423,0.680128991603851) (0.4437639,1.931048,0.6721545) (281.0151,334.7139,62.52644) (0.2441608,1.575063,0.2733102) (310.4311,23.11003,348.1635)
12.6892741165374 (0.693794846534729,1.86697852611542,0.691410064697266) (0.5731771,1.904739,0.680129) (288.803,63.92453,331.0208) (0.2429608,1.579726,0.2895697) (309.6257,2.529998,0.08315755)
3.36469580116632 (0.675738036632538,1.864825963974,0.719719707965851) (0.6937948,1.866979,0.6914101) (289.3536,70.90765,322.4101) (0.2289753,1.57801,0.2910711) (312.004,341.6399,11.10036)
16.1187512819189 (0.520565211772919,1.88995349407196,0.755376636981964) (0.675738,1.864826,0.7197197) (278.8836,356.1837,27.85525) (0.216761,1.575115,0.2820948) (314.7462,329.8343,15.6747)
21.3781789463741 (0.308588176965714,1.8918229341507,0.727719902992249) (0.5205652,1.889953,0.7553766) (293.6526,279.5928,100.0341) (0.198666,1.571486,0.2718186) (316.287,325.5165,16.64279)
17.4690915552289 (0.141290709376335,1.88829362392426,0.677559971809387) (0.3085882,1.891823,0.7277199) (299.9245,258.7294,107.6143) (0.161232,1.562457,0.2629215) (322.6433,318.5254,17.98419)
17.4811925211054 (-0.0256652850657701,1.85897362232208,0.634837090969086) (0.1412907,1.888294,0.67756) (304.4805,250.4437,99.90536) (0.116893,1.549562,0.2540535) (330.9348,313.4027,17.74336)
17.9469875969707 (-0.180564180016518,1.76872706413269,0.626391589641571) (-0.02566529,1.858974,0.6348371) (313.5682,257.6104,82.45885) (0.06968506,1.538656,0.2414726) (339.0991,310.3062,15.64546)
19.3081942863235 (-0.310878425836563,1.62626671791077,0.628362357616425) (-0.1805642,1.768727,0.6263916) (330.5009,265.3367,72.38371) (0.03416468,1.525973,0.2309877) (345.3434,309.4562,14.35766)
16.0973861122507 (-0.406033605337143,1.49657189846039,0.634472250938416) (-0.3108784,1.626267,0.6283624) (341.9846,270.4193,64.17063) (0.006025345,1.519791,0.2266852) (348.1414,310.0517,13.16773)
11.2049836115347 (-0.468923479318619,1.40409553050995,0.627533137798309) (-0.4060336,1.496572,0.6344723) (349.1089,272.2803,59.97363) (-0.01678817,1.520128,0.2275101) (344.6869,311.7009,12.53351)
5.37928057648204 (-0.49890211224556,1.36289846897125,0.610277712345123) (-0.4689235,1.404096,0.6275331) (354.7025,269.602,62.58366) (-0.01175039,1.538885,0.2377867) (335.3247,322.22,11.88533)
3.928941385444 (-0.477248042821884,1.38548064231873,0.586512088775635) (-0.4989021,1.362898,0.6102777) (353.8141,262.4281,71.94302) (0.02639868,1.55413,0.2507621) (328.847,341.4614,7.203972)
13.5888574448369 (-0.375357806682587,1.47536683082581,0.584376990795136) (-0.477248,1.385481,0.5865121) (348.1822,258.8212,86.09735) (0.07278734,1.561282,0.2573465) (327.0592,358.5201,0.6580812)
19.9559217013237 (-0.213472232222557,1.58804261684418,0.614726781845093) (-0.3753578,1.475367,0.584377) (339.3493,260.3614,97.05825) (0.1208629,1.564126,0.2604803) (326.6019,12.71231,355.2182)
17.5909003907275 (-0.0645480453968048,1.67080426216125,0.658499777317047) (-0.2134722,1.588043,0.6147268) (329.2639,265.4161,105.5427) (0.1680323,1.562689,0.2630741) (326.5014,24.34115,350.8202)
22.9104990336662 (0.147986382246017,1.74540662765503,0.70036506652832) (-0.06454805,1.670804,0.6584998) (315.4059,277.9406,108.6145) (0.2143056,1.56008,0.2744334) (326.9438,30.70427,347.7527)
22.3933692978933 (0.369758039712906,1.76838183403015,0.721240222454071) (0.1479864,1.745407,0.7003651) (300.7638,296.9835,95.67797) (0.263965,1.558713,0.2929128) (329.5496,36.14132,345.6844)
20.9672460417301 (0.577297151088715,1.73950564861298,0.72873854637146) (0.369758,1.768382,0.7212402) (289.6629,330.5955,67.56506) (0.3124509,1.547921,0.3129793) (333.9887,41.07324,344.6336)
21.1660898771735 (0.768077731132507,1.64814519882202,0.721230149269104) (0.5772972,1.739506,0.7287385) (292.4327,25.61301,17.52344) (0.3490028,1.540959,0.3295874) (339.2925,43.90357,345.5348)
19.2578556989878 (0.90712559223175,1.51525866985321,0.711567640304565) (0.7680777,1.648145,0.7212301) (309.0502,56.71302,349.3035) (0.3682111,1.538846,0.3382645) (341.5382,44.88232,347.829)
14.1874009674221 (0.962039351463318,1.38446402549744,0.713907599449158) (0.9071256,1.515259,0.7115676) (324.9507,62.20829,340.7474) (0.3704363,1.540114,0.3469667) (339.0134,39.2016,350.3635)
7.98934708817186 (0.963145077228546,1.30458319187164,0.713014960289001) (0.9620394,1.384464,0.7139076) (339.5514,72.51807,323.3816) (0.3369922,1.554659,0.3589328) (332.335,20.67468,355.1335)
13.0634283134593 (0.856012940406799,1.3484525680542,0.773541808128357) (0.9631451,1.304583,0.713015) (327.3757,62.7298,327.3547) (0.2877754,1.56112,0.3568991) (331.0831,359.149,2.2384)
21.2346436952245 (0.670812427997589,1.42480874061584,0.843979835510254) (0.8560129,1.348453,0.7735418) (305.9556,31.44438,341.3768) (0.2405059,1.549107,0.3461318) (337.4567,342.2742,7.203521)
26.9308754541508 (0.410279840230942,1.48619663715363,0.814289689064026) (0.6708124,1.424809,0.8439798) (294.1973,346.7916,12.21317) (0.2108638,1.539787,0.3345881) (342.7587,334.1111,8.44568)
25.2364048942258 (0.167308956384659,1.49405169487,0.746532320976257) (0.4102798,1.486197,0.8142897) (295.0406,313.4402,22.9184) (0.1675056,1.526658,0.3210229) (349.5732,327.4609,10.55325)
21.4407691869914 (-0.0326215513050556,1.4555971622467,0.679303586483002) (0.167309,1.494052,0.7465323) (304.4095,290.3344,31.71732) (0.1154062,1.514269,0.2975727) (354.0319,315.1726,10.34079)
18.6966501853622 (-0.206647858023643,1.41353642940521,0.625431418418884) (-0.03262155,1.455597,0.6793036) (313.866,279.8465,29.86554) (0.07237145,1.510529,0.2748829) (354.5043,308.0952,8.880607)
17.0009713859289 (-0.371203541755676,1.38241422176361,0.59617155790329) (-0.2066479,1.413536,0.6254314) (324.1645,278.5955,23.50514) (0.03236152,1.51095,0.2636413) (354.9205,307.3995,7.797206)
14.2952588430547 (-0.506358623504639,1.35298252105713,0.560083866119385) (-0.3712035,1.382414,0.5961716) (338.5602,269.676,37.0557) (-0.006198839,1.511453,0.258754) (352.2597,307.8796,7.943138)
8.83143713648176 (-0.591069757938385,1.3329701423645,0.575015604496002) (-0.5063586,1.352983,0.5600839) (345.3737,270.8122,41.01051) (-0.02574587,1.52365,0.258562) (345.9515,309.0492,7.441155)
4.86770526726808 (-0.625242233276367,1.35464286804199,0.602070927619934) (-0.5910698,1.33297,0.5750156) (341.1064,273.8856,34.92122) (-0.02705551,1.543054,0.260773) (335.3619,314.2791,6.75642)
9.27999394581185 (-0.57474946975708,1.43180215358734,0.612499475479126) (-0.6252422,1.354643,0.6020709) (327.617,271.5916,33.44063) (0.004172237,1.553792,0.271193) (330.5551,327.4645,3.673373)
15.1274878343078 (-0.438585340976715,1.4972048997879,0.62061733007431) (-0.5747495,1.431802,0.6124995) (318.816,265.1477,42.90865) (0.05665864,1.557643,0.292836) (329.7046,348.5851,357.6414)
16.9027680746853 (-0.277368366718292,1.53884756565094,0.649691939353943) (-0.4385853,1.497205,0.6206173) (315.3394,261.6691,54.42574) (0.1100695,1.555024,0.2999104) (331.4418,7.288626,352.4923)
19.321513047021 (-0.0898678302764893,1.57037568092346,0.684066534042358) (-0.2773684,1.538848,0.6496919) (311.2515,266.0736,63.46876) (0.1533047,1.550004,0.3095841) (334.9043,16.13505,349.2632)
20.4716342109097 (0.111581526696682,1.58577728271484,0.717077553272247) (-0.08986783,1.570376,0.6840665) (303.8589,278.4389,68.59756) (0.190675,1.537517,0.3174087) (341.1016,23.7031,348.5755)
22.0366234444826 (0.32581427693367,1.54871451854706,0.753021419048309) (0.1115815,1.585777,0.7170776) (295.7441,323.5218,36.87719) (0.220582,1.530147,0.3278655) (343.0536,27.2821,349.9154)
20.6142548365353 (0.513433516025543,1.47248244285584,0.714518904685974) (0.3258143,1.548715,0.7530214) (297.7314,2.551999,14.81371) (0.2574276,1.526524,0.338023) (345.3852,31.62042,349.2278)
19.2241090811433 (0.681827425956726,1.39587736129761,0.662252366542816) (0.5134335,1.472482,0.7145189) (303.1299,39.58302,349.6835) (0.2903456,1.518283,0.3510528) (348.5565,31.73107,350.6365)
13.9318481122928 (0.810068190097809,1.34490132331848,0.643137216567993) (0.6818274,1.395877,0.6622524) (314.9158,63.52472,334.142) (0.3038443,1.543755,0.3520057) (335.3984,26.87764,352.0046)
5.97928583173938 (0.83466762304306,1.38655376434326,0.678281605243683) (0.8100682,1.344901,0.6431372) (312.9301,62.15564,332.7339) (0.3041921,1.570051,0.3369563) (322.8522,22.92006,352.5403)
13.8623489028051 (0.786146342754364,1.51227056980133,0.710799932479858) (0.8346676,1.386554,0.6782816) (300.6328,50.12234,336.4939) (0.3146549,1.575958,0.3300255) (318.7554,21.0689,352.0508)
16.6616030418285 (0.743721067905426,1.672975897789,0.722410082817078) (0.7861463,1.512271,0.7107999) (287.9435,50.0129,334.5324) (0.327384,1.581654,0.3270757) (314.8299,21.48349,350.537)
14.823672022189 (0.70710688829422,1.81644117832184,0.715251803398132) (0.7437211,1.672976,0.7224101) (280.7775,66.00983,313.0202) (0.3367325,1.585315,0.3271167) (312.7584,17.95601,350.8539)
13.2344421869727 (0.633897602558136,1.92511487007141,0.696664810180664) (0.7071069,1.816441,0.7152518) (276.9885,117.5504,255.9881) (0.32014,1.586806,0.3388253) (314.5861,357.9295,1.888998)
15.8834009485753 (0.4792819917202,1.96136748790741,0.69383579492569) (0.6338976,1.925115,0.6966648) (277.9768,225.9075,139.1011) (0.2822357,1.576113,0.3367392) (322.0059,335.1318,11.71902)
24.2127569005165 (0.259313493967056,1.86290872097015,0.717191576957703) (0.479282,1.961367,0.6938358) (303.0672,270.3794,88.43524) (0.2571062,1.560762,0.326528) (328.8583,326.7964,11.44537)
32.5101851326934 (0.0615135096013546,1.6049222946167,0.714127123355865) (0.2593135,1.862909,0.7171916) (346.4839,273.5579,83.75099) (0.2371628,1.5504,0.3144422) (332.3337,324.1275,10.70259)
20.6365709100092 (-0.0396502763032913,1.42755150794983,0.68425577878952) (0.06151351,1.604922,0.7141271) (11.56545,269.4488,83.36026) (0.2116289,1.546326,0.3003941) (334.4495,320.5382,11.0405)
10.4215476835277 (-0.141304835677147,1.42488372325897,0.661450088024139) (-0.03965028,1.427552,0.6842558) (11.08592,265.4449,80.49363) (0.1727313,1.54327,0.2823426) (338.7025,312.0311,12.9852)
14.0366573003222 (-0.243891015648842,1.52005434036255,0.65043169260025) (-0.1413048,1.424884,0.6614501) (347.5914,266.0837,78.21278) (0.120669,1.529967,0.2575726) (345.8324,302.7821,13.32338)
9.52395172904845 (-0.331197917461395,1.5296516418457,0.613608300685883) (-0.243891,1.520054,0.6504317) (333.3032,265.789,71.53683) (0.07133169,1.518614,0.2406012) (350.7323,299.5576,11.48623)
17.9985170316867 (-0.460462212562561,1.41836333274841,0.556159913539886) (-0.3311979,1.529652,0.6136083) (346.3203,260.6906,67.11904) (0.01854924,1.508497,0.2279335) (353.7581,297.8964,9.628577)
16.2034210220793 (-0.573213815689087,1.30824148654938,0.518538892269135) (-0.4604622,1.418363,0.5561599) (357.8458,259.5146,67.50598) (-0.03537536,1.498775,0.2220137) (354.1716,296.0254,8.470755)
14.530082459744 (-0.688711881637573,1.22024977207184,0.524014830589294) (-0.5732138,1.308241,0.5185389) (2.716063,262.7688,64.18214) (-0.08473518,1.482981,0.2203093) (354.3498,294.2494,7.491395)
9.68303743950145 (-0.749659299850464,1.15027618408203,0.551677644252777) (-0.6887119,1.22025,0.5240148) (6.731477,268.9764,57.38666) (-0.1171145,1.469969,0.222325) (354.4139,294.7023,6.409437)
4.51330960371986 (-0.761766612529755,1.12162828445435,0.584384024143219) (-0.7496593,1.150276,0.5516776) (9.947601,275.3254,55.93494) (-0.1250767,1.469163,0.2207825) (352.9582,296.8094,6.203207)
3.8378053185735 (-0.748591780662537,1.15760266780853,0.586651742458344) (-0.7617666,1.121628,0.584384) (5.920866,274.2818,54.37823) (-0.1059752,1.49958,0.2224727) (344.2356,304.1779,8.009467)
14.7210518959423 (-0.692282259464264,1.29215919971466,0.56678432226181) (-0.7485918,1.157603,0.5866517) (354.9346,266.3668,63.61237) (-0.0654717,1.53547,0.2187777) (332.4917,312.4582,7.139965)
18.992014191207 (-0.612805783748627,1.46443331241608,0.558136761188507) (-0.6922823,1.292159,0.5667843) (340.9897,261.1783,74.85415) (-0.03866026,1.55242,0.2084285) (327.4478,315.1443,7.089897)
20.7954522179623 (-0.515808880329132,1.64786088466644,0.571957409381866) (-0.6128058,1.464433,0.5581368) (324.0249,260.9697,81.04568) (-0.01473639,1.564854,0.2035394) (323.2475,319.4899,7.471676)
20.3195785785287 (-0.394776046276093,1.80679452419281,0.609101474285126) (-0.5158089,1.647861,0.5719574) (309.3322,266.5129,81.11971) (0.006085993,1.569609,0.2068189) (320.7644,325.5909,5.141994)
16.4362539771427 (-0.275532811880112,1.89842653274536,0.675431489944458) (-0.394776,1.806795,0.6091015) (299.4735,281.4873,69.17133) (0.03043415,1.573274,0.2121872) (318.1529,332.8076,2.749592)
15.2546763425191 (-0.13267919421196,1.94165205955505,0.706973731517792) (-0.2755328,1.898427,0.6754315) (291.7055,288.4789,69.04385) (0.05745701,1.576033,0.2218741) (317.0654,341.8878,358.4236)
14.0359181495314 (0.00671178661286831,1.94842970371246,0.691976368427277) (-0.1326792,1.941652,0.7069737) (285.4724,260.0627,105.1663) (0.09341912,1.577047,0.2342392) (316.5445,356.0604,352.2598)
16.3920668024216 (0.161471202969551,1.90309584140778,0.66257655620575) (0.006711787,1.94843,0.6919764) (285.1911,230.343,140.8211) (0.1319664,1.573186,0.2457181) (320.2102,10.08468,346.0354)
16.9031350288319 (0.318624317646027,1.84091866016388,0.665491223335266) (0.1614712,1.903096,0.6625766) (280.3329,217.2911,165.8499) (0.1639229,1.564711,0.255442) (323.1929,17.45758,344.1016)
17.2905426047189 (0.484233796596527,1.81009888648987,0.704477488994598) (0.3186243,1.840919,0.6654912) (281.711,83.42664,300.8883) (0.1863698,1.565453,0.2630896) (320.497,19.46578,344.3453)
7.49154382845852 (0.55882453918457,1.81585466861725,0.708403706550598) (0.4842338,1.810099,0.7044775) (290.1241,73.53559,318.4008) (0.1994904,1.577482,0.2713297) (313.2489,11.9903,349.9095)
7.22771766350199 (0.527171194553375,1.87094914913177,0.673955857753754) (0.5588245,1.815855,0.7084037) (286.7005,103.4164,280.104) (0.2006813,1.582839,0.2822105) (309.0076,356.939,359.7931)
11.7278657902569 (0.426228612661362,1.92510855197906,0.648823440074921) (0.5271712,1.870949,0.6739559) (282.3219,159.7645,220.2818) (0.1953786,1.588048,0.2851958) (308.2708,339.2651,10.09116)
12.8329139246989 (0.30556184053421,1.96394562721252,0.628833949565887) (0.4262286,1.925109,0.6488234) (286.5773,207.2787,169.0307) (0.1850822,1.585477,0.2793188) (309.5361,328.3835,16.08946)
11.3927439296531 (0.199380442500114,1.98800730705261,0.595277905464172) (0.3055618,1.963946,0.6288339) (293.7601,217.7298,153.1977) (0.1662642,1.576481,0.2647492) (311.1841,323.2517,17.63482)
10.4855417016784 (0.101146578788757,2.00452399253845,0.562537014484406) (0.1993804,1.988007,0.5952779) (296.8388,220.1446,148.6757) (0.1321388,1.568876,0.2450438) (313.6356,318.7915,18.72475)
10.8021189784734 (-0.00602283887565136,1.99332714080811,0.554926216602325) (0.1011466,2.004524,0.562537) (298.3239,229.1267,134.7455) (0.08827195,1.559273,0.2295872) (318.4305,317.0798,18.41546)
18.8825567947463 (-0.160210058093071,1.88859033584595,0.5851189494133) (-0.006022839,1.993327,0.5549262) (304.5322,252.331,97.53347) (0.04328135,1.555042,0.2173175) (324.3555,317.48,17.59164)
25.9547747836619 (-0.306696355342865,1.68340218067169,0.646800577640533) (-0.1602101,1.88859,0.5851189) (341.0652,270.3231,97.95115) (0.01581866,1.552652,0.2150642) (325.2914,322.2569,13.16427)
9.27978018059991 (-0.333394318819046,1.62052643299103,0.709612131118774) (-0.3066964,1.683402,0.6468006) (351.1706,279.1755,94.69996) (0.003690057,1.564388,0.2169585) (319.0885,331.478,8.931458)
12.5173967339853 (-0.285019487142563,1.73586881160736,0.714565277099609) (-0.3333943,1.620526,0.7096121) (334.9337,280.3808,92.23769) (0.00816773,1.568428,0.2275768) (316.8872,339.2071,5.061448)
19.4530501778468 (-0.155910447239876,1.88065934181213,0.700119614601135) (-0.2850195,1.735869,0.7145653) (310.3115,277.5213,96.42812) (0.02407208,1.575147,0.2442673) (316.0245,349.1955,0.2235415)
21.4681691094745 (0.0446772426366806,1.95204734802246,0.672613978385925) (-0.1559104,1.880659,0.7001196) (286.2406,268.2131,106.0013) (0.05970082,1.575835,0.262591) (319.4807,6.15081,351.6136)
21.3297093994442 (0.256329357624054,1.93470799922943,0.652654469013214) (0.04467724,1.952047,0.672614) (275.7878,161.6431,214.4325) (0.09693325,1.570832,0.2722205) (323.3172,17.1939,347.5776)
23.7503075177731 (0.477067887783051,1.84715926647186,0.656829714775085) (0.2563294,1.934708,0.6526545) (295.0639,113.4328,267.37) (0.1420263,1.562378,0.2811896) (326.9246,24.61889,345.6587)
16.7812027836347 (0.624231338500977,1.77671420574188,0.696088969707489) (0.4770679,1.847159,0.6568297) (309.2389,96.81858,289.1377) (0.1863976,1.565474,0.2896153) (323.6043,26.05981,345.4766)
5.58119315655705 (0.672641336917877,1.78665316104889,0.72202467918396) (0.6242313,1.776714,0.696089) (310.0682,84.616,298.8486) (0.2066142,1.578652,0.2993092) (314.7541,14.2961,350.7458)
9.30263020741012 (0.629005968570709,1.86811673641205,0.711369454860687) (0.6726413,1.786653,0.7220247) (295.8189,91.88445,289.6866) (0.2112151,1.58508,0.3029488) (309.8332,356.2325,359.8154)
13.9407160801708 (0.515946447849274,1.94451832771301,0.682826519012451) (0.629006,1.868117,0.7113695) (279.7353,131.3197,249.545) (0.215367,1.586862,0.3027506) (308.7359,345.3278,6.830617)
12.8995212531733 (0.398110866546631,1.98332548141479,0.647491753101349) (0.5159464,1.944518,0.6828265) (282.5329,199.5,178.4387) (0.2065641,1.585314,0.3015299) (310.192,336.3801,11.24906)
13.9101576206637 (0.262403696775436,1.99536347389221,0.619422197341919) (0.3981109,1.983325,0.6474918) (290.3541,218.0619,151.1874) (0.1849727,1.579825,0.293945) (312.145,330.5545,13.32488)
14.243482335338 (0.121467642486095,1.98545038700104,0.601354539394379) (0.2624037,1.995363,0.6194222) (297.4056,234.2559,131.736) (0.1533074,1.571303,0.2811394) (313.2379,326.7144,14.55599)
15.0644506927159 (-0.0210554488003254,1.93667042255402,0.600149810314178) (0.1214676,1.98545,0.6013545) (306.1848,242.8724,120.433) (0.1131603,1.567337,0.2673487) (314.2934,325.0771,14.25361)
18.063675688479 (-0.170019254088402,1.84656083583832,0.648312926292419) (-0.02105545,1.93667,0.6001498) (317.6398,259.7849,100.464) (0.07258341,1.568565,0.2561197) (314.9163,324.1217,13.78124)
12.2265112976518 (-0.241083279252052,1.75817823410034,0.693998575210571) (-0.1700193,1.846561,0.6483129) (337.2711,273.0748,102.6891) (0.04835463,1.571087,0.2517739) (313.7781,330.0901,8.370529)
8.96881858048535 (-0.161278069019318,1.79902267456055,0.696612119674683) (-0.2410833,1.758178,0.6939986) (322.0381,269.0922,104.6019) (0.03990333,1.573159,0.2488265) (313.0256,341.9429,1.53135)
21.6946787367898 (0.0473559349775314,1.85846745967865,0.698632061481476) (-0.1612781,1.799023,0.6966121) (287.0973,259.2063,103.1663) (0.03586793,1.575721,0.2529986) (312.7022,343.0423,0.9386978)
16.5676435549681 (0.212902128696442,1.86062610149384,0.70483523607254) (0.04735593,1.858467,0.6986321) (276.9676,116.045,242.2491) (0.02865303,1.580388,0.249702) (311.5407,331.3716,6.637708)
11.510888466148 (0.327443987131119,1.84988737106323,0.700975477695465) (0.2129021,1.860626,0.7048352) (292.4806,113.4486,250.2117) (0.02977293,1.581788,0.2488514) (312.1565,317.7814,13.18871)
2.61580850013519 (0.351967453956604,1.85579264163971,0.69404923915863) (0.327444,1.849887,0.7009755) (296.4624,125.2739,238.3367) (0.04533199,1.57596,0.2488537) (314.0002,307.5931,17.50628)
3.91070984645258 (0.316425651311874,1.8709944486618,0.688128888607025) (0.3519675,1.855793,0.6940492) (295.2385,143.8915,214.6054) (0.067451,1.576167,0.2542745) (315.2894,300.9958,18.74238)
9.94316211270766 (0.217984333634377,1.87866020202637,0.676416039466858) (0.3164257,1.870994,0.6881289) (289.2662,176.3828,175.383) (0.0808491,1.573941,0.2627228) (318.3739,297.1728,19.00586)
11.0930454533381 (0.111024685204029,1.87622666358948,0.64710259437561) (0.2179843,1.87866,0.676416) (293.2391,207.113,140.024) (0.08275224,1.572284,0.264422) (319.7858,296.0493,16.96078)
11.1131320990267 (0.00568622350692749,1.88012099266052,0.611905813217163) (0.1110247,1.876227,0.6471026) (298.9022,217.7525,123.541) (0.07699987,1.569737,0.257479) (318.2707,298.5005,14.53709)
10.1022553592698 (-0.0863702446222305,1.88699579238892,0.570870459079742) (0.005686224,1.880121,0.6119058) (302.7704,222.9243,120.3239) (0.05762763,1.566248,0.2480485) (316.7345,301.2925,12.71347)
9.20507983811944 (-0.171606093645096,1.90309631824493,0.540065050125122) (-0.08637024,1.886996,0.5708705) (305.3708,230.0478,120.4843) (0.01781853,1.559405,0.2312603) (315.8824,304.3359,10.48502)
6.92170752714527 (-0.234673291444778,1.90984892845154,0.512353420257568) (-0.1716061,1.903096,0.5400651) (305.3907,230.6308,119.1747) (-0.02075593,1.562784,0.2151103) (315.2531,306.575,9.224669)
7.34693141725062 (-0.307618916034698,1.91840195655823,0.514230072498322) (-0.2346733,1.909849,0.5123534) (303.3917,235.8919,113.8307) (-0.06338064,1.565513,0.2034233) (315.1333,308.6786,7.98957)
6.22657796094338 (-0.365168809890747,1.93153727054596,0.534041702747345) (-0.3076189,1.918402,0.5142301) (301.2575,242.7189,107.3276) (-0.09867989,1.568502,0.1972355) (315.8579,309.7742,7.413574)
5.06710789306355 (-0.406253159046173,1.93265783786774,0.563679158687592) (-0.3651688,1.931537,0.5340417) (299.9035,251.2902,98.76398) (-0.1308502,1.565589,0.1921864) (318.1872,308.1226,8.432454)
6.96319911431531 (-0.463829725980759,1.92752051353455,0.602501332759857) (-0.4062532,1.932658,0.5636792) (299.8333,260.9836,87.97291) (-0.1572185,1.560905,0.1887221) (320.6176,304.6628,9.994011)
7.46099665620036 (-0.521343231201172,1.88006269931793,0.599932312965393) (-0.4638297,1.927521,0.6025013) (305.7992,263.3477,82.05748) (-0.1750872,1.555646,0.1882953) (323.2372,303.2149,10.48862)
11.0597448813459 (-0.594124257564545,1.7975240945816,0.588882565498352) (-0.5213432,1.880063,0.5999323) (318.3964,264.6245,79.74186) (-0.1864,1.551503,0.1907026) (324.9521,302.6729,10.24646)
10.0484475919612 (-0.658686101436615,1.72091770172119,0.581113457679749) (-0.5941243,1.797524,0.5888826) (327.4321,263.9943,75.31555) (-0.1978295,1.547077,0.191655) (326.9502,302.0667,9.918425)
12.278623647406 (-0.718940198421478,1.61492693424225,0.566558003425598) (-0.6586861,1.720918,0.5811135) (343.7006,263.1643,72.56747) (-0.2112026,1.542186,0.1954019) (329.1281,300.8436,9.796677)
8.56529899628054 (-0.763187050819397,1.54165065288544,0.56959730386734) (-0.7189402,1.614927,0.566558) (352.3878,263.072,73.49107) (-0.2225262,1.537749,0.2025312) (331.2968,299.9252,9.359163)
6.37649723623492 (-0.799064099788666,1.49054598808289,0.58252489566803) (-0.7631871,1.541651,0.5695973) (356.1708,263.8853,71.77754) (-0.232474,1.533246,0.2102263) (333.1421,299.2044,8.572818)
4.53368069779089 (-0.820668518543243,1.45425236225128,0.599000573158264) (-0.7990641,1.490546,0.5825249) (358.0004,266.1548,69.7494) (-0.2386497,1.530539,0.2157019) (333.9031,298.4769,8.346247)
1.98138237331312 (-0.830170392990112,1.44416081905365,0.61315906047821) (-0.8206685,1.454252,0.5990006) (357.9872,267.7542,69.16732) (-0.2430512,1.528823,0.2199059) (333.4762,298.0557,7.930781)
5.68487818662195 (-0.822059750556946,1.49877679347992,0.62669038772583) (-0.8301704,1.444161,0.6131591) (348.4682,268.6605,72.36796) (-0.2405479,1.530402,0.2263764) (331.913,299.5658,6.887716)
10.3014541392889 (-0.792033135890961,1.59711039066315,0.63308584690094) (-0.8220598,1.498777,0.6266904) (334.1079,268.7742,75.45241) (-0.2379414,1.533718,0.2285118) (331.104,299.9222,6.593979)
9.99559780556871 (-0.747563362121582,1.68612098693848,0.623559534549713) (-0.7920331,1.59711,0.6330858) (322.847,267.7157,78.18462) (-0.232345,1.536414,0.2272518) (329.5421,300.2394,6.74928)
7.46785360204464 (-0.713125884532928,1.7502475976944,0.60686457157135) (-0.7475634,1.686121,0.6235595) (315.9369,265.4575,81.22158) (-0.227622,1.538686,0.2238437) (328.2764,300.5387,6.987691)
2.7348581399271 (-0.703629612922668,1.77405905723572,0.597336709499359) (-0.7131259,1.750248,0.6068646) (314.3051,264.6113,81.23445) (-0.2249876,1.538889,0.2207305) (327.5506,300.4686,7.131801)
1.35184801356673 (-0.713601469993591,1.76761710643768,0.590870440006256) (-0.7036296,1.774059,0.5973367) (317.6071,264.6582,82.58344) (-0.225026,1.540613,0.2155151) (327.4189,300.325,6.779766)
2.58312660197943 (-0.725508689880371,1.74477219581604,0.592763185501099) (-0.7136015,1.767617,0.5908704) (323.5581,264.7127,87.96047) (-0.225454,1.542558,0.2103513) (328.8557,299.8333,7.227364)
6.32473465674306 (-0.675621867179871,1.77777361869812,0.572209894657135) (-0.7255087,1.744772,0.5927632) (312.7429,255.235,95.36018) (-0.2258449,1.537988,0.2095781) (335.8028,299.7846,6.942506)
14.0324567603914 (-0.553325831890106,1.82893669605255,0.526198983192444) (-0.6756219,1.777774,0.5722099) (303.9062,229.2746,119.2144) (-0.2235047,1.533564,0.212462) (340.8473,300.2979,6.405071)
18.1863122821458 (-0.384949177503586,1.8545868396759,0.462437182664871) (-0.5533258,1.828937,0.526199) (303.8643,200.1613,143.9127) (-0.19488,1.511201,0.2387021) (357.493,304.3347,4.173475)
18.4364029267796 (-0.206784263253212,1.84521329402924,0.415966808795929) (-0.3849492,1.854587,0.4624372) (308.5819,181.3494,158.5965) (-0.1611269,1.498848,0.2568963) (3.398907,306.9309,4.210379)
13.808310595479 (-0.0707572102546692,1.82150137424469,0.417119860649109) (-0.2067843,1.845213,0.4159668) (311.5176,170.0746,169.1257) (-0.1174588,1.492927,0.2746921) (5.307533,309.8287,3.033921)
11.8919278521118 (0.0400856174528599,1.7844215631485,0.439045906066895) (-0.07075721,1.821501,0.4171199) (310.2357,164.6132,176.1959) (-0.06878786,1.499136,0.2904303) (0.3682172,312.5187,2.486506)
11.9644267368564 (0.138606116175652,1.7270359992981,0.475313782691956) (0.04008562,1.784422,0.4390459) (306.5885,160.6104,181.703) (-0.006538802,1.49951,0.3108749) (359.1524,317.2657,2.741534)
13.1777769764505 (0.229391843080521,1.6403980255127,0.51552814245224) (0.1386061,1.727036,0.4753138) (298.2046,151.8569,188.4818) (0.03539319,1.501446,0.3326583) (359.399,322.2148,2.886135)
13.0350094994603 (0.29833647608757,1.53454220294952,0.547658026218414) (0.2293918,1.640398,0.5155281) (292.0625,141.9899,201.2658) (0.08891678,1.498848,0.3551668) (0.1090096,328.2738,3.266844)
11.8685692348006 (0.317754805088043,1.42271268367767,0.582347810268402) (0.2983365,1.534542,0.547658) (278.2445,120.3762,225.9327) (0.1297481,1.5013,0.3751335) (1.910056,335.3145,2.903551)
9.74655420519766 (0.331795811653137,1.33298599720001,0.617724418640137) (0.3177548,1.422713,0.5823478) (281.4816,18.42208,334.7064) (0.1552774,1.501377,0.3865299) (4.781367,340.0251,2.5022)
6.776347549573 (0.341952413320541,1.26940786838531,0.63885623216629) (0.3317958,1.332986,0.6177244) (296.9877,14.64071,334.203) (0.1666028,1.493361,0.3913986) (7.958158,343.9784,1.790831)
3.58446683012157 (0.358849763870239,1.2378454208374,0.637086570262909) (0.3419524,1.269408,0.6388562) (301.5437,15.18917,337.2258) (0.1639744,1.486662,0.3895773) (9.373127,347.6809,1.011417)
1.95558003329712 (0.360132396221161,1.24217092990875,0.618058323860168) (0.3588498,1.237845,0.6370866) (298.9202,18.28086,337.9496) (0.1468804,1.485434,0.3850484) (10.22149,351.8607,0.6034141)
2.4506239559486 (0.353947311639786,1.24941062927246,0.595477640628815) (0.3601324,1.242171,0.6180583) (299.337,21.12863,339.022) (0.130431,1.485772,0.379958) (10.38239,354.5905,1.462922)
2.04696645114205 (0.34685954451561,1.24988341331482,0.576280057430267) (0.3539473,1.249411,0.5954776) (298.1414,18.2965,343.7064) (0.1199556,1.478291,0.3770605) (12.22268,357.7104,1.4879)
1.56877965234952 (0.338251501321793,1.24416589736938,0.564476728439331) (0.3468595,1.249883,0.5762801) (299.8355,18.16349,344.4862) (0.1187258,1.467026,0.3733134) (15.83512,0.6471867,1.8355)
1.84494288080863 (0.320868521928787,1.24536466598511,0.558412373065948) (0.3382515,1.244166,0.5644767) (299.3725,11.56781,349.5751) (0.1267575,1.455513,0.3662509) (20.64669,2.636059,2.5102)
2.03623019983142 (0.302704572677612,1.2545120716095,0.557402789592743) (0.3208685,1.245365,0.5584124) (296.9378,7.415438,356.0964) (0.1428296,1.444935,0.3627314) (25.13233,2.930468,3.38384)
1.43592069026656 (0.290513724088669,1.26180636882782,0.555313944816589) (0.3027046,1.254512,0.5574028) (293.7362,0.00751855,6.755047) (0.1699373,1.43183,0.3584973) (28.93236,2.228709,3.857448)
0.411272946738153 (0.287201523780823,1.2642388343811,0.555149674415588) (0.2905137,1.261806,0.5553139) (294.4689,349.698,10.1853) (0.2038928,1.426335,0.3546624) (30.52132,0.332241,4.01658)
2.05742425426942 (0.30732673406601,1.26810133457184,0.553317606449127) (0.2872015,1.264239,0.5551497) (293.9052,350.1206,4.07022) (0.2411649,1.423822,0.3517902) (32.16159,356.2131,3.850991)
4.71989265352537 (0.354120850563049,1.26744759082794,0.547183930873871) (0.3073267,1.268101,0.5533176) (294.3618,350.2709,356.3221) (0.2801926,1.419702,0.3463062) (32.64298,351.7907,2.407784)
2.2603554964475 (0.375320285558701,1.26908147335052,0.539513528347015) (0.3541209,1.267448,0.5471839) (292.9596,342.3293,5.708666) (0.3064336,1.439836,0.3461789) (25.17249,350.0759,1.973967)
1.37975852571955 (0.379392176866531,1.2803875207901,0.532733678817749) (0.3753203,1.269081,0.5395135) (289.6909,333.2084,16.82784) (0.3230171,1.469719,0.3434903) (14.41834,350.8868,2.124449)
2.03952835320234 (0.381149500608444,1.30070579051971,0.532516121864319) (0.3793922,1.280388,0.5327337) (288.8191,338.4807,6.249876) (0.3414912,1.494295,0.3331319) (5.264482,352.4093,1.958466)
0.848422491698018 (0.381424218416214,1.30862927436829,0.529495358467102) (0.3811495,1.300706,0.5325161) (288.6655,334.2652,5.103116) (0.3488003,1.503162,0.3248218) (0.4401894,353.2924,1.301241)
0.620446721976688 (0.385356158018112,1.30564522743225,0.525736272335052) (0.3814242,1.308629,0.5294954) (285.8926,345.7907,355.2421) (0.351691,1.511361,0.31845) (356.0249,354.8648,0.7094286)
0.799132950684072 (0.389015585184097,1.29854512214661,0.525978028774261) (0.3853562,1.305645,0.5257363) (286.5749,350.5076,346.6902) (0.3402532,1.512109,0.3075247) (354.5128,355.3235,0.5641771)
0.686935750586191 (0.389430642127991,1.29372847080231,0.521097898483276) (0.3890156,1.298545,0.525978) (284.5945,347.5836,352.4289) (0.3165546,1.512169,0.3077875) (353.9036,355.8024,0.4806778)
0.915778032650754 (0.383344560861588,1.29028749465942,0.51518315076828) (0.3894306,1.293728,0.5210979) (284.8848,338.1645,6.422673) (0.2806205,1.503078,0.3137221) (357.8473,355.8696,0.3946795)
1.28491958623505 (0.377557188272476,1.28137266635895,0.522403538227081) (0.3833446,1.290287,0.5151832) (289.0141,347.1985,0.6193029) (0.2312341,1.483161,0.3266701) (7.086245,356.298,0.9404753)
1.85902778440153 (0.366660535335541,1.27200436592102,0.534197449684143) (0.3775572,1.281373,0.5224035) (295.1568,357.1734,353.2681) (0.1954974,1.470484,0.3326292) (10.90606,356.8828,1.695796)
1.07718197607149 (0.358608961105347,1.26514232158661,0.536226391792297) (0.3666605,1.272004,0.5341974) (297.2943,3.287705,349.2589) (0.1690372,1.465729,0.33263) (12.90978,357.7047,2.076206)
1.44644183519777 (0.349842935800552,1.26316738128662,0.524891674518585) (0.358609,1.265142,0.5362264) (297.4788,5.723738,348.306) (0.151706,1.460979,0.3283233) (15.00025,357.8243,2.306018)
1.85624883020301 (0.344014167785645,1.26333904266357,0.507268905639648) (0.3498429,1.263167,0.5248917) (296.9213,4.349358,351.8683) (0.145665,1.459646,0.3273771) (16.50516,359.0499,2.078979)
1.57456783172199 (0.349208950996399,1.26379573345184,0.492411851882935) (0.3440142,1.263339,0.5072689) (297.0835,6.024393,352.5562) (0.1482858,1.461449,0.3381558) (4.616809,2.962084,0.663627)
1.38165120598994 (0.359453529119492,1.25877571105957,0.484618008136749) (0.349209,1.263796,0.4924119) (298.0927,8.163795,352.2074) (0.1552471,1.469477,0.3490813) (352.1537,4.459191,0.4303818)
1.34307151599339 (0.36744225025177,1.24897217750549,0.480095267295837) (0.3594535,1.258776,0.484618) (299.3125,9.675502,351.4827) (0.1687078,1.474449,0.3584521) (340.8613,5.710962,359.5143)
0.487004331734335 (0.371238350868225,1.24871182441711,0.477055668830872) (0.3674423,1.248972,0.4800953) (299.4167,9.779649,351.4024) (0.1862171,1.466337,0.4034572) (304.0968,8.620276,355.1944)
1.60053275837089 (0.385779231786728,1.24764394760132,0.483658164739609) (0.3712384,1.248712,0.4770557) (299.2082,9.216258,351.9236) (0.1989722,1.473118,0.4139891) (294.6406,9.801782,352.3011)
1.69641647903751 (0.395413964986801,1.24931287765503,0.497520685195923) (0.3857792,1.247644,0.4836582) (300.2387,9.071948,350.5148) (0.2235693,1.477577,0.4314065) (285.3131,14.30164,347.2409)
2.81931767238861 (0.410745829343796,1.25190186500549,0.521038472652435) (0.395414,1.249313,0.4975207) (301.8754,7.723127,350.3605) (0.2433158,1.482094,0.4452785) (280.3866,19.77641,341.0535)
2.66344530316241 (0.424395591020584,1.25479435920715,0.543725728988647) (0.4107458,1.251902,0.5210385) (303.0072,6.45036,350.2937) (0.2597156,1.483377,0.4535421) (278.9613,24.45006,335.7883)
0.872870492969494 (0.430736094713211,1.2549889087677,0.549721598625183) (0.4243956,1.254794,0.5437257) (304.1712,5.06176,349.9719) (0.2727379,1.482387,0.4552266) (280.4862,24.1063,335.8911)
Average= 10.0613340168393
Max= 32.5101851326934
Standard Deviation= 8.98058480410816
Right: 33    Miss: 7
0
