red 270.3411 277.82 15.43575 (0.5225382,5,0.7) (0.5225382,1.085123,0.7)
red 270.8415 279.4867 14.39584 (0.744694,5,0.7) (0.744694,0.07855074,0.7)
red 272.8382 280.1756 14.16408 (0.7606378,5,0.7) (0.7606378,0.7484868,0.7)
red 271.8371 280.4089 16.61354 (0.7358518,5,0.7) (0.7358518,0.8935875,0.7)
red 273.8333 281.6089 16.08116 (0.7088542,5,0.7) (0.7088542,1.12866,0.7)
red 271.3422 281.6978 16.75218 (0.03323495,4.999014,0.7) (0.03323495,0.08247232,0.7)
red 272.3361 282.3644 16.29795 (-0.4774245,5,0.7) (-0.4774245,0.0791249,0.7)
red 274.3338 282.4978 13.69793 (-0.4349762,5,0.7) (-0.4349762,0.07905287,0.7)
red 273.3363 283.0645 15.89628 (-0.03079116,5,0.7) (-0.03079116,0.08060107,0.7)
red 275.832 283.3311 16.44959 (0.4130895,5,0.7) (0.4130895,1.368983,0.7)
red 276.8402 283.8533 15.49701 (0.2743497,5,0.7) (0.2743497,1.348176,0.7)
red 278.3365 284.1978 13.48461 (0.3766224,5,0.7) (0.3766224,1.410485,0.7)
red 275.3326 284.2422 14.76423 (-0.7689276,5,0.7) (-0.7689276,0.08178657,0.7)
red 276.3408 284.2978 13.41703 (-0.2226311,5,0.7) (-0.2226311,0.08290625,0.7)
red 274.8338 284.7422 16.13523 (-0.1564847,5,0.7) (-0.1564847,0.07991842,0.7)
red 277.3411 285.5756 16.70549 (0.8562086,5,0.7) (0.8562086,1.080561,0.7)
red 279.3366 286.3533 15.40297 (0.6461556,5,0.7) (0.6461556,1.321467,0.7)
red 279.8328 286.5978 14.99423 (0.6013186,5,0.7) (0.6013186,1.340751,0.7)
red 277.8378 286.7533 14.77077 (0.9947665,5,0.7) (0.9947665,0.07822588,0.7)
red 278.8377 288.0756 15.23218 (0.9846902,5,0.7) (0.9846902,0.08313304,0.7)
red 280.8343 288.5089 16.59571 (0.8190765,5,0.7) (0.8190765,1.322133,0.7)
red 282.3415 289.3867 15.58413 (0.4806754,5,0.7) (0.4806754,1.355339,0.7)
red 281.3331 289.9089 14.29186 (0.8263547,5,0.7) (0.8263547,0.08112407,0.7)
red 283.3397 290.2867 14.8559 (0.7717195,5,0.7) (0.7717195,1.196133,0.7)
red 280.3317 290.4978 16.48448 (-0.01025999,5,0.7) (-0.01025999,0.08203775,0.7)
red 284.3374 290.52 13.93835 (0.5973995,5,0.7) (0.5973995,1.354853,0.7)
red 283.8377 292.02 13.73216 (-0.7516849,5,0.7) (-0.7516849,0.07995582,0.7)
red 281.8316 292.1645 16.70718 (0.8593657,5,0.7) (0.8593657,0.08224087,0.7)
red 282.8405 292.3867 15.65281 (0.04774582,5,0.7) (0.04774582,0.08015081,0.7)
red 284.8377 292.82 15.90697 (0.2028829,5,0.7) (0.2028829,0.970212,0.7)
red 287.8321 293.6534 13.06103 (0.5954201,5,0.7) (0.5954201,1.3036,0.7)
red 286.3334 294.5756 13.81235 (-0.2046603,5,0.7) (-0.2046603,0.07996764,0.7)
red 288.8398 294.7867 13.45002 (0.718313,5,0.7) (0.718313,1.344606,0.7)
red 285.337 294.8422 15.58773 (-0.5967476,5,0.7) (-0.5967476,0.07854351,0.7)
red 285.8351 295.8867 16.33708 (0.8401656,5,0.7) (0.8401656,0.08260623,0.7)
red 287.3317 296.7533 15.46597 (-0.3401874,5,0.7) (-0.3401874,0.07865661,0.7)
red 286.8333 297.0533 16.56577 (0.9031353,5,0.7) (0.9031353,0.08458425,0.7)
red 288.3311 297.7756 15.50549 (-0.3853036,5,0.7) (-0.3853036,0.08210237,0.7)
red 289.8397 298.1311 13.89256 (0.840368,5,0.7) (0.840368,0.08017412,0.7)
red 289.3392 299.42 16.38067 (-0.8938282,5,0.7) (-0.8938282,0.08213362,0.7)
0
