compute 111.824586726665(0.0665101930499077,1.0319652557373,0.425556093454361) (0,0,0) (280.27,315.4689,95.55293) (-0.01641993,1.282629,0.1894442) (342.4151,33.89308,358.8134)
compute 0.394071030975833(0.0666840448975563,1.03589451313019,0.425311326980591) (0.06651019,1.031965,0.4255561) (280.1128,315.0835,96.03712) (-0.01612654,1.28297,0.1872527) (342.1705,33.74784,358.8459)
compute 0.0525714662072279(0.0670361146330833,1.03622961044312,0.425110995769501) (0.06668404,1.035895,0.4253113) (279.9576,314.2377,96.95254) (-0.01596956,1.282869,0.1860184) (341.8866,33.67816,358.8679)
compute 0.0503775713898959(0.0673678517341614,1.03655922412872,0.424923658370972) (0.06703611,1.03623,0.425111) (279.8676,313.4781,97.74603) (-0.01577869,1.282593,0.1846322) (341.5637,33.60996,358.6774)
compute 0.116236168794566(0.0679146274924278,1.03556442260742,0.42517364025116) (0.06736785,1.036559,0.4249237) (279.7626,312.6331,98.63528) (-0.01571175,1.28263,0.1832789) (341.5219,33.56721,358.557)
compute 0.264755075968811(0.0685022845864296,1.03305280208588,0.425770252943039) (0.06791463,1.035564,0.4251736) (279.6574,311.9126,99.35154) (-0.01580274,1.283039,0.1824419) (341.6968,33.58986,358.4935)
compute 0.0446008371357246(0.0688585862517357,1.03327941894531,0.425626665353775) (0.06850228,1.033053,0.4257703) (279.6212,311.5289,99.72672) (-0.0157311,1.283142,0.1807206) (341.6825,33.63441,358.4123)
compute 0.231416187977114(0.0691041201353073,1.0354425907135,0.424841970205307) (0.06885859,1.033279,0.4256267) (279.592,311.2927,99.96326) (-0.01477353,1.283171,0.1788356) (341.6106,33.71632,358.2654)
compute 0.15567694568267(0.0693580135703087,1.03657269477844,0.423801809549332) (0.06910412,1.035443,0.424842) (279.5479,311.172,100.1099) (-0.01482098,1.28354,0.1775078) (341.8106,33.84307,358.2525)
compute 0.207325119381434(0.0695679634809494,1.03771495819092,0.422084391117096) (0.06935801,1.036573,0.4238018) (279.4889,311.0293,100.3142) (-0.01381956,1.283563,0.175192) (341.6634,33.94085,358.2008)
compute 0.133318534015382(0.0698006004095078,1.038370013237,0.420946776866913) (0.06956796,1.037715,0.4220844) (279.4449,310.9897,100.406) (-0.01413852,1.283531,0.1726643) (341.5394,34.1744,357.9688)
compute 0.142443580513167(0.0700440853834152,1.03883457183838,0.419622421264648) (0.0698006,1.03837,0.4209468) (279.4307,310.9798,100.4593) (-0.01287284,1.283723,0.1712695) (341.5634,34.41863,357.8518)
compute 0.162496250638436(0.0702799037098885,1.03962349891663,0.418221533298492) (0.07004409,1.038835,0.4196224) (279.3896,310.9574,100.5713) (-0.0111864,1.283841,0.1696085) (341.6086,34.8463,357.6534)
compute 0.121675429176176(0.0709371194243431,1.0401154756546,0.417323470115662) (0.0702799,1.039623,0.4182215) (279.2725,310.8341,100.91) (-0.01031769,1.283946,0.1683667) (341.6441,35.13665,357.4458)
compute 0.173931624098527(0.0725609734654427,1.04042446613312,0.416782319545746) (0.07093712,1.040115,0.4173235) (279.1529,310.8014,101.1693) (-0.008884631,1.284421,0.1683042) (341.9763,35.38876,357.3551)
compute 0.138543957240262(0.0739215016365051,1.04049921035767,0.416531682014465) (0.07256097,1.040424,0.4167823) (279.1016,310.8654,101.2425) (-0.007502962,1.284958,0.1682104) (342.538,35.41129,357.4159)
compute 0.596961934512623(0.0745027959346771,1.04618573188782,0.414810657501221) (0.0739215,1.040499,0.4165317) (279.1081,310.8536,101.2836) (-0.007427529,1.284828,0.1682686) (342.7437,35.53828,357.4052)
compute 0.279195070296328(0.0749232694506645,1.04832482337952,0.413066387176514) (0.0745028,1.046186,0.4148107) (279.103,310.8764,101.2976) (-0.007315069,1.284732,0.1690118) (342.9567,35.43354,357.3447)
compute 0.0942208944502171(0.0757532715797424,1.04825568199158,0.412625849246979) (0.07492327,1.048325,0.4130664) (279.0555,310.8964,101.4025) (-0.007079002,1.2849,0.169687) (343.0841,35.18471,357.5901)
compute 0.0944847189817279(0.0766011327505112,1.04831159114838,0.412212640047073) (0.07575327,1.048256,0.4126258) (278.8944,310.6523,101.8385) (-0.007468137,1.284253,0.1700535) (342.5148,35.53385,357.704)
compute 0.127395426996224(0.0777865201234818,1.04848372936249,0.411778837442398) (0.07660113,1.048312,0.4122126) (278.7506,310.5179,102.1449) (-0.007799372,1.284961,0.1702639) (342.2958,35.77962,357.8214)
compute 0.0908236060210035(0.0786602348089218,1.04827177524567,0.411650031805038) (0.07778652,1.048484,0.4117788) (278.6438,309.9874,102.846) (-0.008265528,1.284623,0.1701368) (341.9972,36.03177,357.9745)
compute 0.0838312530836727(0.0794821977615356,1.04833793640137,0.41149914264679) (0.07866023,1.048272,0.41165) (278.2814,308.3427,104.8845) (-0.008650971,1.284583,0.1700787) (341.9553,36.23906,357.9859)
compute 0.172162553616561(0.0810385346412659,1.04904222488403,0.411285161972046) (0.0794822,1.048338,0.4114991) (277.9822,306.8546,106.8058) (-0.008935723,1.283866,0.1693503) (341.4454,36.56046,357.9612)
compute 0.188320999796125(0.0829146653413773,1.04888570308685,0.411239176988602) (0.08103853,1.049042,0.4112852) (277.8484,306.0609,107.8952) (-0.009082382,1.283895,0.1673684) (341.0056,36.76,357.7255)
compute 0.133874545961929(0.0842263996601105,1.04905450344086,0.411031574010849) (0.08291467,1.048886,0.4112392) (277.7712,305.7153,108.4377) (-0.008713264,1.284208,0.166628) (340.9129,36.58512,357.7408)
compute 0.163593639767895(0.0858147144317627,1.04916322231293,0.410655111074448) (0.0842264,1.049055,0.4110316) (277.5974,305.2323,109.1529) (-0.008682285,1.284166,0.166605) (340.9069,36.74016,357.6396)
compute 0.208513356744485(0.0878686308860779,1.04932463169098,0.410333931446075) (0.08581471,1.049163,0.4106551) (277.2347,304.5739,110.1051) (-0.008456211,1.284121,0.1666077) (340.8688,36.67399,357.6216)
compute 0.0689041212304057(0.088520847260952,1.04954063892365,0.410281658172607) (0.08786863,1.049325,0.4103339) (277.1213,304.0484,110.696) (-0.008151983,1.284195,0.1667356) (340.6422,36.69411,357.656)
compute 0.106373113391158(0.0891015529632568,1.05042779445648,0.410196453332901) (0.08852085,1.049541,0.4102817) (277.0697,303.877,110.884) (-0.008210655,1.284738,0.1667745) (340.752,36.7057,357.6991)
compute 0.102478150350933(0.0899568274617195,1.05097365379334,0.410052508115768) (0.08910155,1.050428,0.4101965) (277.0381,303.8582,110.9103) (-0.008337274,1.284892,0.1670156) (340.8253,36.77773,357.8004)
compute 0.186239558923116(0.0910016000270844,1.05246388912201,0.409657329320908) (0.08995683,1.050974,0.4100525) (276.7951,303.8047,110.9414) (-0.008787487,1.284796,0.1672528) (340.7664,37.11867,357.7328)
compute 0.597631337326624(0.0964442268013954,1.05489456653595,0.40922611951828) (0.0910016,1.052464,0.4096573) (276.2538,308.4971,106.1525) (-0.009188045,1.284956,0.1674822) (340.6322,37.48188,357.639)
compute 0.110972370990226(0.0973430871963501,1.05551171302795,0.409019559621811) (0.09644423,1.054895,0.4092261) (276.0403,312.0359,102.6208) (-0.009268408,1.285161,0.1677709) (340.435,37.91811,357.6122)
compute 0.243697123204913(0.0984365493059158,1.05339515209198,0.409532725811005) (0.09734309,1.055512,0.4090196) (275.9586,312.9809,101.7308) (-0.008665954,1.285817,0.1681666) (340.1053,38.42829,357.6641)
compute 0.0649244338004209(0.0988897085189819,1.05321550369263,0.409961551427841) (0.09843655,1.053395,0.4095327) (275.8466,314.2278,100.6155) (-0.008201617,1.286115,0.1683214) (340.1445,38.51305,357.8065)
compute 0.0587119938309754(0.0994206666946411,1.0534508228302,0.410047680139542) (0.09888971,1.053216,0.4099616) (275.7916,314.8026,100.152) (-0.008031175,1.286156,0.1693225) (340.2347,38.38044,357.771)
compute 0.100252921644674(0.100371181964874,1.05376827716827,0.410019248723984) (0.09942067,1.053451,0.4100477) (275.6199,315.6243,99.55977) (-0.008076355,1.286193,0.1698711) (340.3218,38.46926,357.6912)
compute 0.0834686850448727(0.101064957678318,1.05422270298004,0.409925043582916) (0.1003712,1.053768,0.4100192) (275.4346,315.9802,99.36397) (-0.008029729,1.286498,0.1705072) (340.5973,38.3852,357.6726)
compute 0.198205585733006(0.10141608864069,1.05614984035492,0.409622728824615) (0.101065,1.054223,0.409925) (275.4069,316.1774,99.2128) (-0.008074756,1.286723,0.1719758) (340.8398,38.38438,357.7738)
compute 0.0512882856658794(0.101840451359749,1.05643379688263,0.409574419260025) (0.1014161,1.05615,0.4096227) (275.3845,316.4829,98.96769) (-0.008114174,1.286844,0.1728197) (340.9875,38.3867,357.7785)
compute 0.060842119865481(0.102360233664513,1.05625438690186,0.409834831953049) (0.1018405,1.056434,0.4095744) (275.3179,316.9893,98.5828) (-0.007946369,1.286909,0.1734564) (341.1042,38.20751,357.8342)
compute 0.0949543426328127(0.103270821273327,1.05618643760681,0.410095304250717) (0.1023602,1.056254,0.4098348) (275.2035,317.4532,98.30296) (-0.008345194,1.286861,0.1745807) (341.2451,38.03648,357.9388)
compute 0.0925568608675437(0.104125529527664,1.05625891685486,0.410443007946014) (0.1032708,1.056186,0.4100953) (275.0903,318.3353,97.56344) (-0.009184378,1.286725,0.1754676) (341.3558,37.75105,357.9711)
compute 0.0508018292807334(0.10423780977726,1.05667400360107,0.410713523626328) (0.1041255,1.056259,0.410443) (275.084,318.3877,97.51849) (-0.01030402,1.28627,0.1759959) (341.4911,37.51163,357.9456)
compute 0.132459129618968(0.104186706244946,1.05799198150635,0.410835444927216) (0.1042378,1.056674,0.4107135) (275.0849,318.3793,97.52618) (-0.01129901,1.285807,0.1770145) (341.7019,37.23473,358.0693)
compute 0.0385083587354639(0.103999830782413,1.05824518203735,0.411057382822037) (0.1041867,1.057992,0.4108354) (275.0889,318.3801,97.51899) (-0.01179988,1.285285,0.1785597) (341.8977,37.13828,358.196)
compute 0.100579390380882(0.103736132383347,1.05785739421844,0.411947160959244) (0.1039998,1.058245,0.4110574) (275.1392,318.452,97.38869) (-0.01294636,1.284803,0.1792947) (341.7767,37.00281,358.2867)
compute 0.0904253988404125(0.103247582912445,1.05766665935516,0.4126837849617) (0.1037361,1.057857,0.4119472) (275.2292,318.4939,97.24772) (-0.01436269,1.284277,0.1794251) (341.4858,36.92525,358.2594)
compute 0.0879681448716025(0.102561131119728,1.05756008625031,0.413223475217819) (0.1032476,1.057667,0.4126838) (275.2664,318.3951,97.28732) (-0.01542569,1.283882,0.1793863) (340.727,36.74452,358.3071)
compute 0.11937439750542(0.101890355348587,1.0570216178894,0.414051204919815) (0.1025611,1.05756,0.4132235) (275.2574,317.9437,97.67479) (-0.01767505,1.287181,0.1774106) (339.4373,36.28247,358.1468)
compute 0.133650312612833(0.101421728730202,1.05610144138336,0.414899677038193) (0.1018904,1.057022,0.4140512) (275.256,317.58,98.00474) (-0.01809041,1.287169,0.1755637) (338.9637,36.43793,358.0366)
compute 0.125456144434253(0.100760363042355,1.05560064315796,0.415840804576874) (0.1014217,1.056101,0.4148997) (275.2375,316.901,98.68979) (-0.01836881,1.287662,0.1728003) (337.7752,36.9101,357.8578)
compute 0.2244286114076(0.102963320910931,1.05579018592834,0.415456265211105) (0.1007604,1.055601,0.4158408) (274.8121,309.0649,107.043) (-0.01914166,1.292742,0.1671382) (334.6991,38.11259,357.4864)
compute 0.958272021983644(0.109110236167908,1.06293451786041,0.41372349858284) (0.1029633,1.05579,0.4154563) (274.3116,298.5131,118.9573) (-0.01700104,1.2954,0.1610557) (332.637,39.68131,356.1613)
compute 0.861110545780615(0.11580341309309,1.0667325258255,0.409859865903854) (0.1091102,1.062935,0.4137235) (273.7156,289.4512,129.3894) (-0.01339813,1.296447,0.1571216) (331.9798,40.62952,354.8531)
compute 0.564645677072559(0.121258333325386,1.06552839279175,0.409037441015244) (0.1158034,1.066733,0.4098599) (273.4831,288.1088,131.5187) (-0.01105292,1.298834,0.1504501) (329.5831,41.78274,353.4232)
compute 0.772195070504933(0.127423137426376,1.06090116500854,0.409498393535614) (0.1212583,1.065528,0.4090374) (273.5508,290.4758,129.8304) (-0.009665561,1.300094,0.1431945) (327.946,42.96886,351.9518)
compute 0.894135609447345(0.134184136986732,1.06672203540802,0.408903241157532) (0.1274231,1.060901,0.4094984) (273.6312,282.7135,138.8602) (-0.007236723,1.301444,0.1404386) (326.8011,43.9594,350.5117)
compute 0.829998256097597(0.14248363673687,1.06664180755615,0.408942967653275) (0.1341841,1.066722,0.4089032) (273.275,273.0959,149.6758) (-0.004226652,1.30194,0.1405729) (326.1349,45.30305,349.2735)
compute 0.743139561463735(0.146757140755653,1.06221473217011,0.413109958171844) (0.1424836,1.066642,0.408943) (273.1365,269.8806,153.4776) (-0.002168018,1.301548,0.1409394) (326.2787,46.3556,348.9022)
compute 0.315543863754958(0.147178635001183,1.06016564369202,0.415472239255905) (0.1467571,1.062215,0.41311) (273.3391,276.5338,147.237) (0.0005772747,1.300973,0.1379272) (326.4665,46.69044,348.1567)
compute 0.830735957348432(0.147690564393997,1.06842851638794,0.414782971143723) (0.1471786,1.060166,0.4154722) (273.3129,278.0987,146.0211) (0.004072296,1.300533,0.1335269) (326.064,47.59536,346.9774)
compute 0.377102210449325(0.149330794811249,1.07172203063965,0.413956522941589) (0.1476906,1.068429,0.414783) (273.1229,274.2287,150.2113) (0.004990738,1.300569,0.1298743) (326.01,48.01282,346.3428)
compute 0.517904259986966(0.151406958699226,1.06698000431061,0.413797736167908) (0.1493308,1.071722,0.4139565) (273.1404,273.7737,150.7117) (0.006828003,1.30061,0.1276673) (325.8605,48.29359,346.1096)
compute 0.370431517042549(0.15460167825222,1.06518995761871,0.41435581445694) (0.151407,1.06698,0.4137977) (273.2277,273.4561,151.1223) (0.01029048,1.301533,0.1264975) (326.653,48.55194,345.6278)
compute 0.967711768381078(0.158468678593636,1.07400584220886,0.413369357585907) (0.1546017,1.06519,0.4143558) (274.1997,253.209,172.2483) (0.01394207,1.301207,0.1262803) (327.2877,48.96382,345.4919)
compute 1.47624922875255(0.167264863848686,1.08581936359406,0.412369847297668) (0.1584687,1.074006,0.4133694) (275.6127,236.4603,190.0738) (0.01988688,1.299233,0.126031) (329.4331,49.02012,345.5977)
compute 2.85593038205056(0.178600654006004,1.11192190647125,0.409963399171829) (0.1672649,1.085819,0.4123698) (278.9317,227.8808,201.1205) (0.02783552,1.297416,0.1278038) (331.176,49.29329,345.1895)
compute 6.38000707955343(0.209034502506256,1.16766619682312,0.403896749019623) (0.1786007,1.111922,0.4099634) (287.1551,219.8143,216.9078) (0.03772293,1.29446,0.1298732) (333.337,49.50905,345.5239)
compute 9.82927166413693(0.266471177339554,1.24734306335449,0.400143921375275) (0.2090345,1.167666,0.4038967) (295.4805,211.1444,236.643) (0.05124226,1.288448,0.1324542) (335.6563,49.46191,345.474)
compute 10.5816460642181(0.342414319515228,1.32086634635925,0.405052006244659) (0.2664712,1.247343,0.4001439) (304.3183,204.078,255.4057) (0.06553641,1.279577,0.1379295) (338.1104,47.71389,346.5252)
compute 15.9007064242246(0.465611666440964,1.37478995323181,0.489892482757568) (0.3424143,1.320866,0.405052) (289.5473,162.019,298.5504) (0.07897772,1.269143,0.142449) (338.9456,45.92833,345.4681)
compute 8.64764337799472(0.547114312648773,1.37509250640869,0.518795788288116) (0.4656117,1.37479,0.4898925) (293.7855,126.5714,332.6379) (0.08499514,1.261638,0.1472728) (338.8405,43.77345,345.495)
compute 5.09687996656448(0.587665796279907,1.345858335495,0.528733551502228) (0.5471143,1.375093,0.5187958) (296.9677,113.7185,345.2152) (0.09167661,1.257544,0.1518567) (337.834,38.93287,344.8301)
compute 5.86330035172034(0.627407670021057,1.30962002277374,0.552083015441895) (0.5876658,1.345858,0.5287336) (303.7441,96.77283,0.8214663) (0.0934429,1.259826,0.1595079) (334.7444,29.71451,345.6953)
compute 5.47997238890022(0.638982057571411,1.26324439048767,0.578884959220886) (0.6274077,1.30962,0.552083) (308.211,80.34374,14.54912) (0.07990867,1.26392,0.1722993) (334.4452,17.79051,349.4116)
compute 6.71487963981511(0.65143483877182,1.20927548408508,0.616848707199097) (0.6389821,1.263244,0.578885) (313.0248,74.10915,16.23321) (0.07048699,1.252841,0.1870364) (338.7175,11.82992,352.6862)
compute 11.256151104941(0.544945955276489,1.18029010295868,0.638985991477966) (0.6514348,1.209275,0.6168487) (299.2224,65.14612,26.1009) (0.0649341,1.251055,0.1908767) (337.2714,8.496532,354.0225)
compute 20.7797025650828(0.339924275875092,1.14646565914154,0.640259742736816) (0.544946,1.18029,0.638986) (283.6312,19.17328,54.82283) (0.06639376,1.246245,0.190856) (339.7058,7.482315,354.1335)
compute 18.5876630825461(0.158803209662437,1.11782801151276,0.609843194484711) (0.3399243,1.146466,0.6402597) (283.7305,293.2631,128.3462) (0.06610909,1.241211,0.1888656) (343.1023,7.136693,355.1008)
compute 8.54183128406371(0.0849625468254089,1.08438730239868,0.636779487133026) (0.1588032,1.117828,0.6098432) (284.6772,300.1362,118.49) (0.0564172,1.237156,0.1874388) (344.007,6.873152,354.5282)
compute 5.31016286968311(0.0482261888682842,1.04750454425812,0.647262096405029) (0.08496255,1.084387,0.6367795) (286.8947,290.5697,123.8688) (0.0463052,1.251999,0.1801755) (338.071,5.895653,355.2407)
compute 3.76695676531706(0.0240341499447823,1.01886391639709,0.643593847751617) (0.04822619,1.047505,0.6472621) (289.7606,288.2277,124.1886) (0.03985643,1.267492,0.1616202) (331.4664,3.8506,355.6251)
compute 5.44937281832911(-0.00274218153208494,1.0222088098526,0.596250355243683) (0.02403415,1.018864,0.6435938) (293.1915,273.3096,137.0056) (0.04088266,1.266284,0.1583531) (333.2507,4.834358,354.7709)
compute 11.575658747912(0.00997450109571218,1.12942254543304,0.554500043392181) (-0.002742182,1.022209,0.5962504) (289.7245,243.6922,169.7456) (0.04573566,1.264023,0.1609504) (334.5034,6.930869,354.4982)
compute 11.8716558297165(0.0380995124578476,1.23911643028259,0.590135097503662) (0.009974501,1.129423,0.5545) (282.7168,247.771,171.4953) (0.05164323,1.259035,0.1598942) (336.1905,11.38996,353.3273)
compute 3.48242235209487(0.0496857911348343,1.24708116054535,0.621994912624359) (0.03809951,1.239116,0.5901351) (280.8192,275.6811,142.9042) (0.05768695,1.257854,0.1557688) (337.875,18.56056,351.8742)
compute 4.53487687251663(0.0680863484740257,1.20703089237213,0.611322224140167) (0.04968579,1.247081,0.6219949) (280.9549,272.6194,147.7496) (0.06725815,1.251468,0.1539052) (340.3272,23.97948,349.5258)
compute 10.1828710730668(0.150211483240128,1.15287673473358,0.585018694400787) (0.06808635,1.207031,0.6113222) (274.5161,176.972,246.4901) (0.07491384,1.244879,0.1554011) (342.2682,28.2246,348.6953)
compute 13.3923356763415(0.242802441120148,1.07392907142639,0.640961945056915) (0.1502115,1.152877,0.5850187) (291.4143,61.37151,6.113228) (0.08772081,1.232007,0.1532469) (347.635,34.21503,347.4062)
compute 6.84229817119732(0.269753664731979,1.01304447650909,0.656722724437714) (0.2428024,1.073929,0.6409619) (299.138,46.88794,20.96131) (0.1032377,1.2233,0.1486282) (351.0652,41.19659,346.3916)
compute 5.50392275877977(0.278964221477509,0.958821296691895,0.654642105102539) (0.2697537,1.013044,0.6567227) (302.1255,42.26318,26.90965) (0.1130455,1.213415,0.1492534) (355.2062,42.99709,344.8381)
compute 8.00675570961198(0.322297066450119,0.93316388130188,0.592394411563873) (0.2789642,0.9588213,0.6546421) (295.4215,68.03263,7.787495) (0.1272669,1.199131,0.1579923) (359.8683,45.1278,344.8904)
compute 17.3681403599671(0.470342934131622,0.842459082603455,0.596899032592773) (0.3222971,0.9331639,0.5923944) (317.6118,71.90174,15.73359) (0.1477721,1.174035,0.1604656) (5.253429,47.62197,344.2936)
compute 11.6714406976719(0.561216354370117,0.769342184066772,0.60116446018219) (0.4703429,0.8424591,0.596899) (335.6486,69.22243,23.25111) (0.1693685,1.163819,0.1621626) (1.257611,49.2388,341.0163)
compute 2.84741674152364(0.585293173789978,0.754238128662109,0.602882742881775) (0.5612164,0.7693422,0.6011645) (333.5499,62.9147,31.80853) (0.1762827,1.188615,0.152903) (347.7337,49.13718,337.156)
compute 3.10836238310135(0.595741987228394,0.725541770458221,0.608673512935638) (0.5852932,0.7542381,0.6028827) (335.4829,59.81192,35.18591) (0.1582611,1.216636,0.1327037) (337.1082,48.00414,334.4319)
compute 3.28337031854728(0.605345070362091,0.694234549999237,0.611059069633484) (0.595742,0.7255418,0.6086735) (341.7147,59.17599,35.03904) (0.1584313,1.218022,0.1280411) (338.9965,47.45447,333.8151)
compute 2.36830719692537(0.610356509685516,0.672304093837738,0.618463695049286) (0.6053451,0.6942345,0.6110591) (343.2769,57.80962,35.8898) (0.1596937,1.210047,0.1299165) (338.033,47.58717,334.071)
compute 2.14493839983523(0.609335541725159,0.653506875038147,0.628744661808014) (0.6103565,0.6723041,0.6184637) (342.4066,55.68484,37.59092) (0.143413,1.219206,0.1193621) (327.8808,45.35017,332.69)
compute 3.31319381013486(0.576478540897369,0.649247646331787,0.628787159919739) (0.6093355,0.6535069,0.6287447) (338.2467,53.8028,38.22901) (0.1230603,1.231746,0.1034724) (321.8449,42.99738,333.1434)
compute 10.0864601572529(0.493739426136017,0.70592075586319,0.618013799190521) (0.5764785,0.6492476,0.6287872) (323.0181,47.15198,41.28016) (0.10781,1.241859,0.09492445) (319.5935,42.8522,334.4624)
compute 17.5751776374203(0.400464832782745,0.85281503200531,0.593303263187408) (0.4937394,0.7059208,0.6180138) (302.5145,37.82313,42.13988) (0.09816997,1.249461,0.09374393) (320.2859,39.64212,337.7584)
compute 17.8166981673504(0.345447212457657,1.01942574977875,0.562361299991608) (0.4004648,0.852815,0.5933033) (284.9844,40.14094,32.35934) (0.08333995,1.255628,0.1004119) (322.7441,35.56309,342.0467)
compute 9.41931943614378(0.297885626554489,1.09131872653961,0.524392187595367) (0.3454472,1.019426,0.5623613) (270.3427,167.464,263.8867) (0.07486813,1.257683,0.106728) (325.7023,35.09578,342.6584)
compute 7.57018609712473(0.225369319319725,1.09129786491394,0.502663016319275) (0.2978856,1.091319,0.5243922) (275.5375,249.701,175.0572) (0.07051605,1.257488,0.112142) (326.5683,32.61633,344.5033)
compute 9.97772096921183(0.126378923654556,1.07881569862366,0.501895606517792) (0.2253693,1.091298,0.502663) (286.6581,266.923,147.6444) (0.0726319,1.252808,0.1157846) (328.583,30.46273,345.1564)
compute 7.36328724935677(0.105087958276272,1.14711606502533,0.484472781419754) (0.1263789,1.078816,0.5018956) (291.1429,259.044,152.4466) (0.07829756,1.250237,0.1209595) (330.6027,29.8671,345.9689)
compute 14.3100686717447(0.150935932993889,1.28251457214355,0.477914243936539) (0.105088,1.147116,0.4844728) (286.0093,244.951,174.0691) (0.08600817,1.246536,0.1258877) (333.7576,28.9503,346.9091)
compute 10.7238346730814(0.196481183171272,1.37616896629334,0.503498375415802) (0.1509359,1.282515,0.4779142) (278.4965,210.5347,216.8335) (0.09749106,1.242661,0.127141) (336.2509,28.40496,346.1105)
compute 9.32244666925694(0.211443290114403,1.40156078338623,0.59194153547287) (0.1964812,1.376169,0.5034984) (277.0974,331.2865,96.96419) (0.1037676,1.239887,0.1271765) (337.4383,28.62638,344.9427)
compute 2.2597199875958(0.219528272747993,1.38201248645782,0.583996057510376) (0.2114433,1.401561,0.5919415) (280.4536,326.7022,103.6695) (0.1079786,1.241098,0.1332466) (338.6156,26.9564,345.9163)
compute 7.82794784342247(0.238816186785698,1.32082509994507,0.539143443107605) (0.2195283,1.382012,0.5839961) (279.2931,313.2261,115.6099) (0.115349,1.231784,0.1419014) (345.7402,28.96613,344.6586)
compute 16.1839142624976(0.326262056827545,1.18756520748138,0.51109117269516) (0.2388162,1.320825,0.5391434) (277.5484,47.94595,22.82909) (0.1221528,1.221049,0.1532857) (350.8433,32.04808,346.4722)
compute 24.9458856093897(0.419734954833984,0.99120420217514,0.633299589157104) (0.3262621,1.187565,0.5110912) (313.5472,40.60177,35.13455) (0.1361825,1.203981,0.1601499) (355.2419,31.37078,346.5058)
compute 10.5460505004749(0.444991797208786,0.895114541053772,0.668666064739227) (0.419735,0.9912042,0.6332996) (328.505,32.76638,42.35847) (0.150242,1.197715,0.1647896) (357.4486,34.30655,345.4941)
compute 3.00291355430182(0.462930172681808,0.871171057224274,0.666082799434662) (0.4449918,0.8951145,0.6686661) (329.1736,33.07252,43.62984) (0.1547519,1.195884,0.1693057) (359.6525,34.77121,345.1684)
compute 2.61156923543175(0.46185177564621,0.853580236434937,0.646810293197632) (0.4629302,0.8711711,0.6660828) (328.7906,32.37287,46.20074) (0.1437391,1.232459,0.1695683) (345.946,33.45309,344.1789)
compute 5.39193048336391(0.421499967575073,0.869470715522766,0.614771008491516) (0.4618518,0.8535802,0.6468103) (320.1544,33.47883,43.22152) (0.1174302,1.270362,0.1448457) (329.3633,30.55323,342.6783)
compute 6.85861697920177(0.368002146482468,0.906351268291473,0.592819452285767) (0.4215,0.8694707,0.614771) (310.8475,31.03259,44.32307) (0.1094579,1.272563,0.1344839) (327.7999,31.96073,342.1248)
compute 6.88822392131751(0.325707882642746,0.957603633403778,0.574676871299744) (0.3680021,0.9063513,0.5928195) (302.4815,29.39914,43.77172) (0.1026589,1.27337,0.1313793) (327.3622,33.84808,343.1101)
compute 6.55726846036627(0.285896807909012,1.00802624225616,0.561546146869659) (0.3257079,0.9576036,0.5746769) (294.1739,21.72462,47.45273) (0.08907352,1.277113,0.1240689) (321.0588,33.99342,343.3654)
compute 2.99446898372839(0.25713711977005,1.01631820201874,0.560647130012512) (0.2858968,1.008026,0.5615461) (290.3451,9.922297,56.24324) (0.07710558,1.2777,0.1233894) (319.6372,30.50381,345.4495)
compute 3.37225378142415(0.223566845059395,1.01879167556763,0.558615326881409) (0.2571371,1.016318,0.5606471) (287.8105,351.1015,72.91694) (0.05543964,1.278083,0.1327735) (319.2928,19.42547,352.4335)
compute 4.32072766774896(0.185349762439728,1.0385400056839,0.55457466840744) (0.2235668,1.018792,0.5586153) (286.1949,335.337,85.45033) (0.03524511,1.270511,0.1461836) (324.0361,6.10903,359.0482)
compute 9.33471344518969(0.122101955115795,1.10528588294983,0.538500130176544) (0.1853498,1.03854,0.5545747) (282.2262,302.7996,113.9106) (0.02124326,1.255873,0.1620551) (332.063,359.285,3.352652)
compute 12.3466493395262(0.0270705539733171,1.18189215660095,0.519939780235291) (0.122102,1.105286,0.5385001) (285.5053,262.9345,147.8575) (0.0101012,1.250755,0.1665344) (334.6536,354.9774,4.452801)
compute 9.39989941681703(-0.0301094353199005,1.25263452529907,0.543641626834869) (0.02707055,1.181892,0.5199398) (286.6968,266.1352,140.1735) (-0.006582305,1.260948,0.1531196) (329.7342,348.2647,5.792684)
compute 6.81466665955188(-0.0678592473268509,1.26667952537537,0.598611235618591) (-0.03010944,1.252635,0.5436416) (291.2297,287.5826,120.2439) (-0.02327612,1.262247,0.141924) (332.5716,342.9619,8.255424)
compute 2.25165300337144(-0.084296777844429,1.25191128253937,0.594286799430847) (-0.06785925,1.26668,0.5986112) (293.3172,281.4148,125.9344) (-0.0349931,1.265975,0.1397553) (326.7078,337.0047,9.834167)
compute 1.96599368723137(-0.0958671346306801,1.25071132183075,0.610136091709137) (-0.08429678,1.251911,0.5942868) (290.717,271.6688,132.5143) (-0.03448102,1.274403,0.1311958) (323.5464,335.1197,10.17081)
compute 3.58693396319555(-0.116909168660641,1.27929472923279,0.604956209659576) (-0.09586713,1.250711,0.6101361) (289.5591,264.2126,136.8551) (-0.0419762,1.28914,0.1353022) (322.6201,333.272,10.8645)
compute 7.34935315119041(-0.160881534218788,1.33280956745148,0.580381989479065) (-0.1169092,1.279295,0.6049562) (291.1282,247.8024,152.9594) (-0.06818607,1.281651,0.1377042) (323.7567,330.8055,11.56977)
compute 7.88750248026564(-0.191094473004341,1.37641906738281,0.522015392780304) (-0.1608815,1.33281,0.580382) (293.9384,218.6806,180.4619) (-0.08962356,1.280725,0.1290813) (320.1647,329.2117,13.32057)
compute 5.8307448052353(-0.242877930402756,1.38660907745361,0.546802401542664) (-0.1910945,1.376419,0.5220154) (292.5659,252.2803,145.5315) (-0.09496386,1.27967,0.1179951) (319.3331,332.6148,10.03481)
compute 0.890552440412832(-0.249963387846947,1.38304698467255,0.550854086875916) (-0.2428779,1.386609,0.5468024) (293.3488,248.4867,150.27) (-0.1018092,1.281726,0.1097247) (317.1985,332.1844,10.60316)
compute 0.470994896097994(-0.249665826559067,1.38653290271759,0.554007411003113) (-0.2499634,1.383047,0.5508541) (289.1186,253.403,143.0684) (-0.1076163,1.282401,0.1078912) (317.9161,332.1816,10.6238)
compute 2.82976337074529(-0.250620156526566,1.4039933681488,0.531759321689606) (-0.2496658,1.386533,0.5540074) (289.4861,244.968,152.082) (-0.1143628,1.283507,0.1098563) (319.1344,332.0017,10.91668)
compute 4.23563887214459(-0.260665684938431,1.42480576038361,0.496262907981873) (-0.2506202,1.403993,0.5317593) (294.0762,216.0318,180.6122) (-0.1201867,1.284879,0.114263) (320.4448,330.4414,11.54555)
compute 6.37053538439963(-0.308324247598648,1.41095411777496,0.536202430725098) (-0.2606657,1.424806,0.4962629) (296.8054,256.6887,139.1245) (-0.1306485,1.282273,0.1157663) (322.0763,327.9311,12.45275)
compute 3.18759184839066(-0.328252464532852,1.38723266124725,0.54370129108429) (-0.3083242,1.410954,0.5362024) (296.903,256.9658,136.7743) (-0.1436139,1.279852,0.1162169) (323.0475,324.9272,13.15411)
compute 4.06819342019655(-0.365799903869629,1.39038670063019,0.528363049030304) (-0.3282525,1.387233,0.5437013) (295.3679,250.199,141.5143) (-0.1617593,1.279746,0.1165331) (323.2697,323.9473,13.47572)
compute 8.32670470962231(-0.416203796863556,1.41943073272705,0.468787103891373) (-0.3657999,1.390387,0.528363) (299.1424,224.9257,164.6795) (-0.1851869,1.284072,0.1176814) (321.3795,321.3253,15.4009)
compute 8.93854900870023(-0.502978563308716,1.43378162384033,0.484723150730133) (-0.4162038,1.419431,0.4687871) (303.0238,248.7571,140.0884) (-0.1951257,1.286341,0.110282) (319.2496,319.1516,16.4783)
compute 2.84010691336448(-0.522096335887909,1.41285169124603,0.482971161603928) (-0.5029786,1.433782,0.4847232) (307.185,245.6998,146.1333) (-0.1993015,1.280106,0.1156263) (320.0569,324.2413,14.90551)
compute 4.12360531828768(-0.496160924434662,1.38233292102814,0.492788046598434) (-0.5220963,1.412852,0.4829712) (304.0757,249.7038,139.1969) (-0.1669273,1.279688,0.1331722) (317.9565,344.1623,7.385453)
compute 6.82832863288842(-0.449346303939819,1.33400177955627,0.504411280155182) (-0.4961609,1.382333,0.492788) (306.1787,244.909,148.1999) (-0.134729,1.281144,0.1475595) (317.0614,359.2765,0.3769166)
compute 8.8733671035489(-0.367949098348618,1.29871881008148,0.506220161914825) (-0.4493463,1.334002,0.5044113) (306.3758,241.3904,155.8232) (-0.1152605,1.281605,0.1570898) (319.0625,13.17177,354.1645)
compute 9.93678619076396(-0.272197902202606,1.27551877498627,0.519159972667694) (-0.3679491,1.298719,0.5062202) (299.4637,241.072,159.5617) (-0.1013986,1.280854,0.1617915) (322.5936,24.4825,349.5578)
compute 13.7308393474113(-0.135671257972717,1.27126657962799,0.533159613609314) (-0.2721979,1.275519,0.51916) (288.7341,238.8792,172.2638) (-0.09330931,1.276046,0.1711214) (326.5161,27.78865,348.5047)
compute 15.5267299160533(0.0191834848374128,1.26176822185516,0.527017593383789) (-0.1356713,1.271267,0.5331596) (279.76,198.7074,227.5471) (-0.08220614,1.269525,0.1797751) (333.2444,31.20599,347.789)
compute 15.3694507867462(0.157545357942581,1.22234964370728,0.581093192100525) (0.01918348,1.261768,0.5270176) (285.0556,65.95412,11.23038) (-0.0693588,1.262079,0.1871912) (340.1036,33.57309,349.1541)
compute 5.39338700822481(0.176746100187302,1.17735207080841,0.603795886039734) (0.1575454,1.22235,0.5810932) (288.4123,40.23309,37.66932) (-0.06375246,1.261038,0.1903648) (342.7092,35.17613,349.3646)
compute 3.8502169605252(0.190727010369301,1.14444005489349,0.618070006370544) (0.1767461,1.177352,0.6037959) (292.0258,35.76644,42.55776) (-0.06596895,1.28215,0.1799177) (329.2144,35.15524,347.8116)
compute 2.56241727284907(0.181209579110146,1.12072944641113,0.620025455951691) (0.190727,1.14444,0.61807) (293.4279,27.82858,47.92685) (-0.08365144,1.302802,0.1446661) (315.1198,35.92059,346.5292)
compute 2.03049162271381(0.162022784352303,1.12456893920898,0.625449001789093) (0.1812096,1.120729,0.6200255) (290.999,16.98515,57.42059) (-0.08114685,1.300014,0.1405703) (316.8065,34.08512,346.1449)
compute 6.35330892704615(0.138481602072716,1.17428946495056,0.59366637468338) (0.1620228,1.124569,0.625449) (283.0791,4.986669,67.18215) (-0.0693666,1.290912,0.1370975) (319.8608,36.08112,345.8153)
compute 5.09805817209989(0.129073038697243,1.21124184131622,0.559828221797943) (0.1384816,1.174289,0.5936664) (275.9942,333.6318,97.43946) (-0.04525381,1.280552,0.1332767) (328.1431,44.26207,341.9689)
compute 7.37745666365613(0.191203489899635,1.23393785953522,0.527157366275787) (0.129073,1.211242,0.5598282) (276.0521,152.5897,282.3065) (-0.01685773,1.270031,0.1403819) (333.9482,49.38573,339.33)
compute 12.6343412864633(0.317237675189972,1.23992943763733,0.520665526390076) (0.1912035,1.233938,0.5271574) (288.2358,117.2706,324.3172) (0.005920969,1.264135,0.1458836) (336.8752,50.03159,339.9692)
compute 9.88027208626777(0.414314806461334,1.24369394779205,0.538661003112793) (0.3172377,1.239929,0.5206655) (288.9031,103.667,345.0046) (0.03431232,1.260988,0.1509077) (338.182,50.1332,339.0826)
compute 10.162479832648(0.512726187705994,1.26761364936829,0.547066211700439) (0.4143148,1.243694,0.538661) (295.2149,99.83642,352.6077) (0.0590747,1.258414,0.1588627) (339.4376,50.38445,338.7277)
compute 7.3054134734995(0.574646413326263,1.25574862957001,0.583971679210663) (0.5127262,1.267614,0.5470662) (304.5864,77.16988,13.61557) (0.07128225,1.258146,0.1665795) (339.9625,48.2676,338.1608)
compute 4.00229625052564(0.575768828392029,1.22299814224243,0.6069495677948) (0.5746464,1.255749,0.5839717) (306.2319,67.79285,20.77502) (0.06279407,1.269639,0.1780903) (333.6472,38.36708,339.1563)
compute 4.91459437881063(0.575871825218201,1.1805579662323,0.631731510162354) (0.5757688,1.222998,0.6069496) (310.0461,64.97966,21.27316) (0.02139083,1.288181,0.1789233) (321.9973,18.94267,344.6815)
compute 4.80272675276285(0.552188456058502,1.14529919624329,0.654148817062378) (0.5758718,1.180558,0.6317315) (311.2232,61.56977,21.79942) (-0.01349181,1.292937,0.17075) (317.5445,354.7598,355.1269)
compute 4.57243553505167(0.513696432113647,1.12673330307007,0.670408844947815) (0.5521885,1.145299,0.6541488) (310.0367,58.35406,22.33497) (-0.0292092,1.293344,0.1624482) (315.8997,344.5596,0.7250722)
compute 6.06960039192693(0.45332658290863,1.13290345668793,0.671598553657532) (0.5136964,1.126733,0.6704088) (303.38,56.70304,21.7166) (-0.04051684,1.286451,0.1621926) (318.2518,338.1575,4.626067)
compute 11.7936512488472(0.343627244234085,1.17188608646393,0.65274566411972) (0.4533266,1.132903,0.6715986) (289.1714,48.84818,23.80099) (-0.07186643,1.275365,0.1585172) (325.7844,314.5274,13.32518)
compute 12.2824102090822(0.223286673426628,1.18863797187805,0.634765625) (0.3436272,1.171886,0.6527457) (279.0122,22.23547,38.45178) (-0.09914888,1.264248,0.1485838) (331.9056,303.311,16.70271)
compute 11.8699737585402(0.105159461498261,1.19231462478638,0.62371701002121) (0.2232867,1.188638,0.6347656) (277.7898,301.8288,108.1879) (-0.1117026,1.264024,0.1457239) (331.8641,303.779,16.5812)
compute 9.91189781941009(0.0100854458287358,1.2020937204361,0.597451567649841) (0.1051595,1.192315,0.623717) (282.9937,254.7232,148.6746) (-0.1210574,1.271292,0.1498515) (330.706,309.744,14.22486)
compute 4.84005582881699(-0.0324005857110024,1.20894289016724,0.575301170349121) (0.01008545,1.202094,0.5974516) (282.4832,241.5878,155.182) (-0.079776,1.300501,0.162518) (314.5858,343.3671,4.469998)
compute 2.83326105728958(-0.0593731440603733,1.20145213603973,0.570930063724518) (-0.03240059,1.208943,0.5753012) (284.0637,239.6819,155.2167) (-0.02289366,1.309647,0.1538854) (309.8362,21.67574,343.5025)
compute 1.25184338352094(-0.0631030797958374,1.19586384296417,0.560367405414581) (-0.05937314,1.201452,0.5709301) (284.9015,238.1064,157.1326) (-0.01442765,1.304016,0.1495871) (313.4781,21.45185,343.0313)
compute 2.55000099639806(-0.0547293946146965,1.19532585144043,0.536287486553192) (-0.06310308,1.195864,0.5603674) (285.576,235.7633,160.5262) (-0.01920171,1.302543,0.1496792) (312.9365,25.64972,342.1348)
compute 1.80317416216381(-0.0415222272276878,1.18359649181366,0.53266304731369) (-0.05472939,1.195326,0.5362875) (285.4614,240.2593,159.2002) (-0.02146828,1.301283,0.1483285) (314.4348,29.99687,340.8179)
compute 2.1473558455578(-0.0368595719337463,1.16265666484833,0.531715929508209) (-0.04152223,1.183596,0.532663) (285.8645,249.2859,152.6651) (-0.02369826,1.30075,0.1487874) (315.7552,33.1502,340.5609)
compute 1.84637862877977(-0.0339274667203426,1.14452469348907,0.529832899570465) (-0.03685957,1.162657,0.5317159) (285.0489,264.2088,136.6667) (-0.0235554,1.300624,0.1485886) (315.7829,34.39024,340.9)
compute 1.85999683612498(-0.0204353723675013,1.14473950862885,0.517031490802765) (-0.03392747,1.144525,0.5298329) (284.5682,262.0306,143.7877) (-0.03114155,1.302097,0.150109) (315.1799,29.22174,345.1841)
compute 1.75881826277757(-0.0216781217604876,1.14294910430908,0.499578863382339) (-0.02043537,1.14474,0.5170315) (287.3599,252.3923,155.2108) (-0.06818871,1.303969,0.1596666) (316.269,4.450767,358.9307)
compute 4.1024955711594(-0.0557553879916668,1.12619936466217,0.484047174453735) (-0.02167812,1.142949,0.4995789) (294.5297,248.3567,154.5397) (-0.09912359,1.295003,0.1590816) (320.9532,340.9996,9.538085)
compute 4.4631673032782(-0.0878005027770996,1.09712064266205,0.473114430904388) (-0.05575539,1.126199,0.4840472) (300.7763,243.8546,152.7973) (-0.1130649,1.285915,0.1519316) (326.069,328.8229,14.08383)
compute 2.28969896943643(-0.103566706180573,1.09338080883026,0.456936895847321) (-0.0878005,1.097121,0.4731144) (303.3389,240.0978,151.5701) (-0.1213185,1.283944,0.1488149) (328.3738,321.7194,15.74435)
compute 2.21026571671012(-0.116242155432701,1.0982311964035,0.439491719007492) (-0.1035667,1.093381,0.4569369) (306.5388,234.3703,154.4503) (-0.1245441,1.284586,0.1459053) (328.7224,318.2357,16.03053)
compute 1.04469315449991(-0.125671371817589,1.10146296024323,0.436363786458969) (-0.1162422,1.098231,0.4394917) (307.1164,231.4948,154.4729) (-0.1243745,1.286308,0.1456518) (329.3447,318.1609,16.01736)
compute 1.01221870890312(-0.13567952811718,1.10059976577759,0.435118645429611) (-0.1256714,1.101463,0.4363638) (307.6449,230.687,154.2358) (-0.1286509,1.281877,0.1514096) (333.8331,318.1026,15.42533)
compute 1.04368853818725(-0.141214519739151,1.0967720746994,0.427141100168228) (-0.1356795,1.1006,0.4351186) (307.971,229.4396,154.525) (-0.1319161,1.275924,0.1578287) (337.5567,318.7626,14.17217)
compute 1.11454439928436(-0.146041423082352,1.09038102626801,0.419390201568604) (-0.1412145,1.096772,0.4271411) (308.5923,229.3912,153.9319) (-0.1315798,1.280141,0.1591901) (334.8721,319.9434,13.19902)
compute 1.42534796984649(-0.148464292287827,1.0764524936676,0.421203315258026) (-0.1460414,1.090381,0.4193902) (308.8734,231.537,151.0221) (-0.1272423,1.288228,0.1592196) (331.3823,321.0911,12.97437)
compute 1.21244472408055(-0.148345574736595,1.070955991745,0.432009637355804) (-0.1484643,1.076452,0.4212033) (306.5626,235.8136,147.0928) (-0.1221831,1.296864,0.1540812) (326.6751,322.0156,11.88704)
compute 1.03552255135215(-0.140414401888847,1.0689445734024,0.438356399536133) (-0.1483456,1.070956,0.4320096) (304.7666,234.983,149.085) (-0.1197072,1.299382,0.1535479) (324.8972,323.0323,11.36747)
compute 1.4693956658979(-0.131893008947372,1.06166589260101,0.447860032320023) (-0.1404144,1.068945,0.4383564) (302.9453,233.9333,150.6238) (-0.1195309,1.300596,0.1531442) (323.8451,324.8603,10.71452)
compute 1.1897514670479(-0.129869163036346,1.05635511875153,0.458312332630157) (-0.131893,1.061666,0.44786) (301.9728,236.2462,148.2088) (-0.1202329,1.301133,0.1545631) (323.3344,325.7499,10.02495)
compute 1.05969696548852(-0.119465172290802,1.05829501152039,0.457774221897125) (-0.1298692,1.056355,0.4583123) (300.4903,238.1106,146.9898) (-0.1114741,1.301546,0.1622503) (322.545,336.2086,7.156306)
compute 6.0696865097992(-0.0708168745040894,1.06790113449097,0.422771722078323) (-0.1194652,1.058295,0.4577742) (299.3636,233.8028,152.5609) (-0.08809532,1.302298,0.1760515) (321.9908,356.3363,0.8649929)
compute 7.39375945612689(-0.00904685258865356,1.07282829284668,0.382436186075211) (-0.07081687,1.067901,0.4227717) (298.2336,229.8269,157.2244) (-0.06392191,1.302352,0.1793212) (323.2459,13.1331,354.8164)
compute 5.82844189769037(0.0312066543847322,1.07679307460785,0.340471804141998) (-0.009046853,1.072828,0.3824362) (297.3253,228.3591,160.5137) (-0.0485934,1.298456,0.180622) (325.911,23.98584,351.1982)
compute 2.9249963914429(0.0341823771595955,1.07746934890747,0.311381459236145) (0.03120665,1.076793,0.3404718) (296.3801,229.4832,161.8659) (-0.04123561,1.295282,0.1809083) (328.2526,30.71498,349.6027)
compute 1.84233107128858(0.0440788902342319,1.08080244064331,0.296203583478928) (0.03418238,1.077469,0.3113815) (296.188,230.4896,163.7244) (-0.03706005,1.29276,0.1842222) (330.3675,33.44805,349.4758)
compute 0.890718075037053(0.0528259798884392,1.08030390739441,0.294598042964935) (0.04407889,1.080802,0.2962036) (294.9872,234.6635,162.2446) (-0.0326102,1.288505,0.1873062) (332.7078,36.28037,349.5065)
compute 1.52214267717246(0.0635572373867035,1.07106292247772,0.28901806473732) (0.05282598,1.080304,0.294598) (292.8196,240.5713,159.2522) (-0.02542706,1.28213,0.1894328) (337.079,38.75583,349.6707)
compute 1.21258514082804(0.0683043748140335,1.06332552433014,0.280978560447693) (0.06355724,1.071063,0.2890181) (291.5091,246.3896,155.4444) (-0.02037461,1.271944,0.1942587) (343.8031,40.01762,351.0892)
compute 0.800558903687088(0.0686721205711365,1.05879986286163,0.274385184049606) (0.06830437,1.063326,0.2809786) (291.3144,250.7132,152.1973) (-0.01948599,1.267948,0.1955348) (346.7694,41.05856,352.2282)
compute 0.440201223628095(0.0683422610163689,1.05529534816742,0.271741837263107) (0.06867212,1.0588,0.2743852) (291.3469,254.1091,149.342) (-0.01765982,1.263438,0.1938108) (350.9999,40.71811,352.7727)
compute 0.52221726188978(0.0655099675059319,1.05234885215759,0.268491089344025) (0.06834226,1.055295,0.2717418) (291.3684,257.0038,146.5148) (-0.01658562,1.259371,0.1952541) (354.9452,39.77243,353.4908)
compute 1.99837791279741(0.0474464148283005,1.04551064968109,0.273619294166565) (0.06550997,1.052349,0.2684911) (291.5298,257.8114,145.7452) (-0.01584626,1.259864,0.1961374) (354.9046,38.62127,353.8983)
compute 1.50947973446781(0.0351473689079285,1.04627156257629,0.282337516546249) (0.04744641,1.045511,0.2736193) (291.5625,258.8423,144.3692) (-0.02190546,1.260876,0.1977179) (355.1411,36.12466,354.3518)
compute 15.1092468488151(-0.0745345428586006,1.03301465511322,0.385405778884888) (0.03514737,1.046272,0.2823375) (291.7564,260.9991,141.3513) (-0.02190764,1.262735,0.2016864) (355.7671,34.70398,354.859)
compute 0.876878913755799(-0.0755038559436798,1.02430784702301,0.385784715414047) (-0.07453454,1.033015,0.3854058) (291.8075,263.0275,138.6085) (-0.02040686,1.266077,0.2079316) (355.1923,32.04494,355.5981)
compute 0.495356811656679(-0.0743931606411934,1.01948916912079,0.386075466871262) (-0.07550386,1.024308,0.3857847) (291.7676,264.7794,136.1498) (-0.02031257,1.268053,0.212764) (354.4634,29.63729,355.7728)
compute 0.575804377512865(-0.0715917497873306,1.01447010040283,0.386416226625443) (-0.07439316,1.019489,0.3860755) (291.8209,266.4616,133.4518) (-0.02430493,1.269636,0.2186476) (353.5526,26.20763,356.1879)
compute 0.943911501667956(-0.0716095939278603,1.00503718852997,0.386757910251617) (-0.07159175,1.01447,0.3864162) (291.8683,266.6446,132.019) (-0.0250384,1.271529,0.2236343) (353.031,21.60098,356.6755)
compute 0.493041645364073(-0.072434589266777,1.00017631053925,0.386773884296417) (-0.07160959,1.005037,0.3867579) (292.2816,266.3901,130.3551) (-0.02670825,1.274193,0.2275976) (351.3574,17.14448,355.9264)
compute 0.203131742090227(-0.0736564472317696,0.998554706573486,0.386712938547134) (-0.07243459,1.000176,0.3867739) (292.7019,265.7872,129.1838) (-0.02692,1.280452,0.2284979) (347.9547,14.01633,355.5729)
compute 0.594070997388283(-0.0742931962013245,0.992722511291504,0.387646794319153) (-0.07365645,0.9985547,0.3867129) (292.895,264.1488,129.0643) (-0.02526363,1.282938,0.2259523) (345.7104,12.73784,356.1026)
compute 1.40638149840631(-0.0739684626460075,0.978858351707459,0.389985710382462) (-0.0742932,0.9927225,0.3876468) (292.8748,261.5712,130.2945) (-0.02359908,1.283165,0.2261827) (344.926,11.5196,356.4583)
compute 1.06237406474455(-0.0740467831492424,0.968414604663849,0.391931444406509) (-0.07396846,0.9788584,0.3899857) (292.7161,259.637,131.1521) (-0.02356816,1.283291,0.2264614) (344.9147,10.45161,356.8065)
compute 0.465939128037437(-0.0761031806468964,0.964235723018646,0.391796886920929) (-0.07404678,0.9684146,0.3919314) (292.7729,258.58,131.2321) (-0.02370367,1.28232,0.22647) (344.7823,10.0121,356.8889)
compute 0.146422201603885(-0.077009916305542,0.965381145477295,0.391697973012924) (-0.07610318,0.9642357,0.3917969) (293.0444,257.1282,131.9926) (-0.0252598,1.282452,0.2219044) (343.9876,7.258158,357.4075)
compute 0.485085137776611(-0.0744893625378609,0.965632081031799,0.39583495259285) (-0.07700992,0.9653811,0.391698) (292.9619,256.4091,132.4509) (-0.03765897,1.284423,0.2180878) (343.1118,0.01449279,357.9955)
compute 2.40424335302168(-0.0730061531066895,0.966925024986267,0.419796735048294) (-0.07448936,0.9656321,0.395835) (292.9082,254.8419,133.5581) (-0.06320972,1.28516,0.2129216) (343.0889,347.9278,358.959)
compute 3.410328893157(-0.0852812528610229,0.96891576051712,0.45155194401741) (-0.07300615,0.966925,0.4197967) (292.9568,252.6158,134.5749) (-0.07910425,1.285072,0.2077159) (344.1809,336.0188,359.9347)
compute 2.92146358597382(-0.103044450283051,0.968797862529755,0.474745690822601) (-0.08528125,0.9689158,0.4515519) (293.354,250.4366,134.687) (-0.09069607,1.280187,0.2020413) (346.5494,327.923,1.458696)
compute 2.38104244811758(-0.126191198825836,0.969026982784271,0.480323493480682) (-0.1030445,0.9687979,0.4747457) (294.404,246.152,136.1714) (-0.1011822,1.273935,0.199558) (350.0547,322.2977,3.313027)
compute 2.01657811764747(-0.146274283528328,0.970357358455658,0.479075074195862) (-0.1261912,0.969027,0.4803235) (295.4344,242.8911,136.8149) (-0.1062471,1.268488,0.200253) (353.4888,318.8827,3.842262)
compute 1.61867667194465(-0.162015944719315,0.969397604465485,0.475429475307465) (-0.1462743,0.9703574,0.4790751) (296.201,242.1558,135.2454) (-0.1118669,1.262509,0.2019355) (357.2805,317.5222,4.001432)
compute 13.6955360980066(-0.104901142418385,0.988247871398926,0.352387458086014) (-0.1620159,0.9693976,0.4754295) (297.3192,241.3913,134.0572) (-0.1146851,1.262941,0.2043846) (358.5457,317.0446,3.855632)
compute 0.364738157280199(-0.107736684381962,0.987424731254578,0.350246071815491) (-0.1049011,0.9882479,0.3523875) (297.8801,241.7216,132.2572) (-0.1183022,1.261662,0.2053744) (359.5723,316.3718,3.84442)
compute 0.270759824125318(-0.110443092882633,0.987374484539032,0.350308656692505) (-0.1077367,0.9874247,0.3502461) (297.7835,241.9992,131.5153) (-0.1191258,1.26265,0.2064707) (359.2366,317.3563,2.045703)
compute 0.231459267968688(-0.110661543905735,0.989632606506348,0.349849849939346) (-0.1104431,0.9873745,0.3503087) (297.4916,242.1507,131.19) (-0.1164329,1.260824,0.210489) (1.438874,318.5718,2.932413)
compute 0.334853137216798(-0.11042132973671,0.992807686328888,0.350886106491089) (-0.1106615,0.9896326,0.3498498) (296.2025,244.7443,128.8331) (-0.1143421,1.256112,0.218087) (2.110244,319.5002,1.079886)
compute 0.690577128540427(-0.1107442304492,0.993560314178467,0.357743144035339) (-0.1104213,0.9928077,0.3508861) (295.1913,249.1287,125.3312) (-0.1117562,1.255098,0.2219356) (1.735424,323.0549,1.331427)
compute 0.493359046243322(-0.111034378409386,0.991427958011627,0.362182646989822) (-0.1107442,0.9935603,0.3577431) (294.6292,251.3247,123.4687) (-0.1068525,1.255581,0.2265867) (0.5698518,325.2248,1.205665)
compute 1.03877840311332(-0.109796553850174,0.98248302936554,0.367317050695419) (-0.1110344,0.991428,0.3621826) (293.8139,254.4011,120.7087) (-0.102249,1.254619,0.2297148) (359.7508,327.1322,1.604602)
compute 0.858926790714892(-0.105631425976753,0.976570963859558,0.371951133012772) (-0.1097966,0.982483,0.3673171) (293.2823,256.9459,118.5147) (-0.1005166,1.253564,0.2338992) (356.4582,328.6383,1.524302)
compute 0.443533299980784(-0.102028489112854,0.977680444717407,0.374287813901901) (-0.1056314,0.976571,0.3719511) (292.4611,259.9105,115.7531) (-0.09760013,1.253845,0.237044) (353.8575,329.8603,1.522463)
compute 0.933966193186032(-0.100418992340565,0.986876666545868,0.374549180269241) (-0.1020285,0.9776804,0.3742878) (292.059,261.2303,114.5877) (-0.09681575,1.253053,0.241823) (349.6317,330.9448,1.75432)
compute 0.751201638504101(-0.0929195210337639,0.987310290336609,0.374532073736191) (-0.100419,0.9868767,0.3745492) (291.7748,261.8074,114.1258) (-0.0933385,1.251075,0.2442759) (345.5289,331.5095,2.342057)
compute 0.81934985255422(-0.0922186225652695,0.979168236255646,0.375122934579849) (-0.09291952,0.9873103,0.3745321) (291.3659,262.6791,113.3263) (-0.09224886,1.249722,0.2471171) (341.4562,331.9961,2.633267)
compute 1.01841820923527(-0.0938578322529793,0.970330536365509,0.379911005496979) (-0.09221862,0.9791682,0.3751229) (291.0058,263.1967,112.8071) (-0.09099606,1.249966,0.2521243) (335.1195,332.9553,2.889557)
compute 1.8032291998559(-0.0993309020996094,0.964161455631256,0.395946949720383) (-0.09385783,0.9703305,0.379911) (290.8005,263.4638,112.4629) (-0.09190962,1.253991,0.2571943) (328.6862,333.2173,3.356571)
compute 3.73293568570432(-0.111906461417675,0.952021479606628,0.428931146860123) (-0.0993309,0.9641615,0.3959469) (290.569,263.7935,111.9915) (-0.09843215,1.251822,0.2807969) (304.3311,332.36,5.297838)
compute 6.60383175641129(-0.135195180773735,0.94307816028595,0.490076154470444) (-0.1119065,0.9520215,0.4289311) (290.192,264.357,111.3222) (-0.09636451,1.259398,0.2799961) (303.3718,332.2622,5.670052)
compute 1.91680984908269(-0.143490418791771,0.945373952388763,0.507203161716461) (-0.1351952,0.9430782,0.4900762) (289.5316,265.0765,110.4834) (-0.1005193,1.258802,0.2857708) (294.8966,330.6012,7.266114)
compute 1.80340632589343(-0.157007709145546,0.949073910713196,0.518553078174591) (-0.1434904,0.945374,0.5072032) (289.2841,265.681,109.8442) (-0.1028904,1.265657,0.2893066) (285.9584,327.4347,10.74228)
compute 2.47745644585972(-0.161623731255531,0.957553863525391,0.541368901729584) (-0.1570077,0.9490739,0.5185531) (289.1423,266.6676,108.8717) (-0.1013973,1.269475,0.2880236) (282.3644,325.4591,13.30374)
compute 1.03053266690727(-0.164954870939255,0.964657664299011,0.548050165176392) (-0.1616237,0.9575539,0.5413689) (289.1153,267.6391,107.9912) (-0.09980604,1.27399,0.2831481) (278.2795,320.1794,19.40871)
compute 1.05149798406757(-0.166211828589439,0.974711954593658,0.550860166549683) (-0.1649549,0.9646577,0.5480502) (289.1141,267.863,107.8516) (-0.09805381,1.277836,0.2753412) (275.3307,311.4727,29.07544)
Average= 4.42158477730613
Max= 24.9458856093897
Standard Deviation= 8.2844480660862
Right: 11    Wrong: 5
0
