purple 383.0329 390.22 12.25998 (-0.1993257,5,0.7) (-0.1993257,0.07997985,0.7)
blue 383.0329 390.3422 12.43758 (-0.4625121,5,0.7) (-0.4625121,0.07746416,0.7)
purple 383.5422 390.4756 11.88585 (-0.138188,4.998949,0.7) (-0.138188,0.07766999,0.7)
yellow 383.0329 390.5978 16.35325 (0.7571998,5,0.7) (0.7571998,1.310233,0.7)
blue 385.0397 390.8089 10.06558 (-0.9827948,5,0.7) (-0.9827948,0.07508963,0.7)
blue 384.0404 390.8533 11.70702 (0.6591303,5,0.7) (0.6591303,0.08103971,0.7)
purple 385.0397 390.8755 10.17031 (-0.6284888,5,0.7) (-0.6284888,0.07425487,0.7)
purple 384.0404 390.9867 11.90837 (-0.1690248,5,0.7) (-0.1690248,0.08029619,0.7)
yellow 383.5422 390.9978 15.91682 (0.09605634,4.999003,0.7) (0.09605634,1.238186,0.7)
purple 386.5382 391.12 10.43481 (0.09450972,5,0.7) (0.09450972,1.256495,0.7)
yellow 384.0404 391.62 16.54138 (0.04893291,5,0.7) (0.04893291,1.350416,0.7)
blue 383.5422 391.6534 13.62979 (-0.865186,4.998972,0.7) (-0.865186,0.07740667,0.7)
yellow 385.0397 391.9311 14.6278 (0.2900848,5,0.7) (0.2900848,1.156863,0.7)
blue 385.5387 392.9311 12.57011 (-0.4657444,5,0.7) (-0.4657444,0.07740912,0.7)
blue 386.5382 393.0645 11.25666 (0.9006283,5,0.7) (0.9006283,0.07772036,0.7)
yellow 385.5387 393.4978 13.40384 (0.7204387,5,0.7) (0.7204387,0.07729156,0.7)
yellow 386.5382 394.0645 16.84208 (0.2672398,5,0.7) (0.2672398,1.456043,0.7)
blue 387.5345 394.3867 11.75241 (0.6613681,5,0.7) (0.6613681,0.07846364,0.7)
yellow 387.5345 394.4867 14.28923 (0.4647762,5,0.7) (0.4647762,1.01696,0.7)
purple 387.0362 394.52 14.84414 (0.5107491,5,0.7) (0.5107491,0.8981815,0.7)
purple 384.5406 394.6645 16.43398 (0.6679828,5,0.7) (0.6679828,0.07987458,0.7)
blue 384.5406 394.9533 19.91804 (0.3469743,5,0.7) (0.3469743,1.017888,0.7)
yellow 386.0381 394.9533 14.77836 (-0.9775879,5,0.7) (-0.9775879,0.08124298,0.7)
yellow 384.5406 395.0533 16.95197 (-0.4117142,5,0.7) (-0.4117142,0.08026366,0.7)
blue 389.5395 395.42 12.58348 (0.309401,5,0.7) (0.309401,1.09678,0.7)
yellow 387.0362 395.6422 14.33825 (-0.58251,5,0.7) (-0.58251,0.08070619,0.7)
yellow 388.0336 395.8422 16.94024 (-0.05908787,5,0.7) (-0.05908787,1.350563,0.7)
yellow 389.0328 396.4867 16.68139 (-0.2763859,5,0.7) (-0.2763859,1.451584,0.7)
blue 390.0399 396.5756 11.27311 (0.4198377,5,0.7) (0.4198377,0.07735659,0.7)
blue 389.0328 396.6867 12.95436 (-0.946306,5,0.7) (-0.946306,0.07991404,0.7)
purple 388.5334 396.8867 13.96576 (-0.2586144,5,0.7) (-0.2586144,0.07743303,0.7)
yellow 391.0402 397.0089 13.89701 (-0.3649749,5,0.7) (-0.3649749,1.468127,0.7)
blue 386.0381 397.1978 17.80398 (-0.02871931,5,0.7) (-0.02871931,0.08425011,0.7)
yellow 389.5395 397.3422 13.18979 (-0.4690684,5,0.7) (-0.4690684,0.08289303,0.7)
purple 386.0381 397.3978 18.06077 (0.7269721,5,0.7) (0.7269721,0.08414564,0.7)
blue 388.0336 397.6978 15.81199 (-0.05932605,5,0.7) (-0.05932605,0.08295009,0.7)
yellow 388.5334 397.7978 15.26157 (-0.5800359,5,0.7) (-0.5800359,0.08262862,0.7)
purple 385.5387 398.0645 19.51701 (-0.507633,5,0.7) (-0.507633,0.08221054,0.7)
purple 388.0336 398.0645 16.3032 (0.5371251,5,0.7) (0.5371251,0.08107698,0.7)
yellow 391.5371 398.1978 14.4948 (0.2455219,5,0.7) (0.2455219,1.247563,0.7)
blue 387.0362 398.4533 18.13193 (0.9958825,5,0.7) (0.9958825,0.084257,0.7)
purple 390.0399 398.5645 14.22967 (0.4445126,5,0.7) (0.4445126,0.08155139,0.7)
purple 389.0328 398.9644 16.16461 (0.6990702,5,0.7) (0.6990702,0.07966875,0.7)
yellow 392.0363 399.32 15.49777 (0.7042906,5,0.7) (0.7042906,1.208637,0.7)
yellow 390.0399 399.62 15.69605 (0.2851405,5,0.7) (0.2851405,0.07930464,0.7)
purple 389.5395 399.6756 16.4512 (-0.4564468,5,0.7) (-0.4564468,0.08076751,0.7)
blue 390.5398 399.9089 15.4082 (0.06874311,5,0.7) (0.06874311,0.07998323,0.7)
purple 387.5345 400.0089 19.4531 (0.5813351,5,0.7) (0.5813351,0.08355825,0.7)
blue 391.5371 400.0645 14.21923 (-0.716687,5,0.7) (-0.716687,0.07732892,0.7)
purple 390.5398 400.3867 19.77825 (-0.1814741,5,0.7) (-0.1814741,1.2012,0.7)
yellow 390.5398 400.4978 16.21782 (-0.6516814,5,0.7) (-0.6516814,0.08271778,0.7)
blue 388.5334 400.8533 19.257 (0.6816533,5,0.7) (0.6816533,0.08220546,0.7)
purple 391.0402 400.8755 16.05045 (0.4372067,5,0.7) (0.4372067,0.0818688,0.7)
yellow 392.5332 401.3089 14.57738 (-0.9516799,5,0.7) (-0.9516799,0.08214378,0.7)
purple 392.5332 401.6756 15.08071 (-0.6851313,5,0.7) (-0.6851313,0.07815164,0.7)
blue 391.0402 401.72 17.17329 (0.8797727,5,0.7) (0.8797727,0.08097178,0.7)
blue 392.0363 401.8422 16.00175 (-0.8634756,5,0.7) (-0.8634756,0.08053191,0.7)
blue 392.5332 402.9978 16.88038 (0.3879873,5,0.7) (0.3879873,0.08087565,0.7)
purple 392.0363 403.52 18.20837 (-0.9421928,5,0.7) (-0.9421928,0.08137704,0.7)
purple 391.5371 403.9089 19.32802 (-0.796304,5,0.7) (-0.796304,0.08297241,0.7)
0
