compute 26.6987681192048(0.0865656360983849,0.962464451789856,0.235850378870964) (0.1348664,0.9118107,0.4935006) (315.9926,16.12233,324.4086) (0.009483392,1.292897,-0.03402991) (328.1553,2.750902,354.0314)
compute 0.225195642612161(0.0886722505092621,0.962511420249939,0.235055848956108) (0.08656564,0.9624645,0.2358504) (315.963,16.52543,324.6114) (0.009148818,1.293406,-0.03405511) (327.9419,3.157365,354.0795)
compute 0.245558818071374(0.0910032764077187,0.962584376335144,0.234287142753601) (0.08867225,0.9625114,0.2350558) (315.7083,16.8615,324.7563) (0.009609234,1.293614,-0.03433778) (328.1331,3.422455,354.0348)
compute 0.124081337184727(0.0919348821043968,0.962767779827118,0.233488336205482) (0.09100328,0.9625844,0.2342871) (314.9831,17.2923,324.919) (0.01049429,1.293623,-0.03362175) (328.373,2.896962,354.3083)
compute 0.0282016435765923(0.0920017287135124,0.962835788726807,0.233222931623459) (0.09193488,0.9627678,0.2334883) (314.8216,17.33521,325.0696) (0.01048974,1.293744,-0.03156234) (328.7126,2.497591,354.9003)
compute 0.0460283207562445(0.0915514230728149,0.962911784648895,0.233165398240089) (0.09200173,0.9628358,0.2332229) (314.6419,17.21577,325.2866) (0.01008327,1.293716,-0.02925854) (328.9673,2.362625,355.145)
compute 0.0549122726440877(0.0910309180617332,0.963029503822327,0.233294829726219) (0.09155142,0.9629118,0.2331654) (314.4409,17.2447,325.4835) (0.01045374,1.293324,-0.02840116) (328.9807,2.054405,355.3533)
compute 0.102309569534655(0.090264692902565,0.963075280189514,0.233971238136292) (0.09103092,0.9630295,0.2332948) (314.4349,17.51609,325.5577) (0.01028926,1.292975,-0.02802916) (328.9755,1.666499,355.5478)
compute 0.0989536874596118(0.089475691318512,0.963025748729706,0.234566390514374) (0.09026469,0.9630753,0.2339712) (314.4165,17.65947,325.614) (0.009988431,1.291232,-0.02744844) (329.1716,1.726773,355.452)
compute 0.0410829002154535(0.0891852527856827,0.962809383869171,0.234760329127312) (0.08947569,0.9630257,0.2345664) (314.3993,17.72024,325.6399) (0.009688016,1.289374,-0.02720386) (329.3628,1.809759,355.3948)
compute 0.0552563120815545(0.0888081192970276,0.962433874607086,0.234908953309059) (0.08918525,0.9628094,0.2347603) (314.4106,17.75634,325.679) (0.009585421,1.288211,-0.026696) (329.4375,1.743172,355.4936)
compute 0.0561841884552132(0.0884788632392883,0.96201354265213,0.235083818435669) (0.08880812,0.9624339,0.234909) (314.4556,17.79465,325.755) (0.009292598,1.287473,-0.02633023) (329.3619,1.926353,355.3519)
compute 0.0438172219859452(0.0882685855031013,0.961662471294403,0.235240429639816) (0.08847886,0.9620135,0.2350838) (314.5297,17.98248,325.7915) (0.009006199,1.286532,-0.02602317) (328.8197,2.335667,355.0937)
compute 0.0312962014219991(0.0883870050311089,0.961372971534729,0.235251009464264) (0.08826859,0.9616625,0.2352404) (314.5813,18.72257,325.6834) (0.01080821,1.285558,-0.02674469) (327.6208,2.610059,354.5659)
compute 0.0383047601134791(0.088670939207077,0.96111673116684,0.235229849815369) (0.08838701,0.961373,0.235251) (314.6722,19.25106,325.6047) (0.01126053,1.2864,-0.02859771) (326.9832,2.790442,354.3456)
compute 0.0984675471224414(0.0896124988794327,0.960829973220825,0.235201194882393) (0.08867094,0.9611167,0.2352298) (314.7196,19.38539,325.5697) (0.01212524,1.286408,-0.02972329) (326.3232,3.054209,354.0466)
compute 0.133452825025346(0.090906523168087,0.960513830184937,0.235120445489883) (0.0896125,0.96083,0.2352012) (314.6973,19.47553,325.4834) (0.01265438,1.289118,-0.03389669) (324.7343,3.068421,353.6217)
compute 0.0746391160729161(0.0915844365954399,0.960227727890015,0.234995231032372) (0.09090652,0.9605138,0.2351204) (314.5934,19.70514,325.282) (0.01306335,1.289804,-0.03641619) (323.7083,3.072622,353.3958)
compute 0.0656398099436603(0.0920789241790771,0.959882318973541,0.234736323356628) (0.09158444,0.9602277,0.2349952) (314.1267,20.23294,324.7782) (0.01327458,1.289626,-0.03721426) (323.3282,2.913352,353.5215)
compute 0.0414331134316585(0.0923067927360535,0.959746181964874,0.23441818356514) (0.09207892,0.9598823,0.2347363) (313.5005,20.35306,324.3607) (0.01371654,1.28953,-0.03898437) (322.8787,2.537653,353.8242)
compute 0.017683776727721(0.0922044813632965,0.959657907485962,0.234304115176201) (0.09230679,0.9597462,0.2344182) (313.1767,20.10285,324.2772) (0.01379361,1.289519,-0.04123788) (322.2462,2.445466,353.7469)
compute 0.0243279367827491(0.0919713899493217,0.959594428539276,0.234275415539742) (0.09220448,0.9596579,0.2343041) (312.9239,19.8914,324.2742) (0.013782,1.290227,-0.04407534) (321.7523,2.088515,353.8473)
compute 0.204208225378186(0.0899297147989273,0.95956289768219,0.234301269054413) (0.09197139,0.9595944,0.2342754) (312.5262,19.60301,324.2252) (0.01141444,1.290354,-0.04490636) (321.6076,1.333346,354.113)
compute 0.350416199216278(0.086433619260788,0.959562718868256,0.234538897871971) (0.08992971,0.9595629,0.2343013) (312.1756,19.41023,324.1011) (0.008718826,1.290522,-0.04641947) (321.3601,0.6495851,354.3548)
compute 0.378649184926116(0.0827383249998093,0.959519267082214,0.235363781452179) (0.08643362,0.9595627,0.2345389) (312.0518,19.2613,324.0876) (0.007766139,1.290994,-0.04795427) (321.1732,359.9298,354.6365)
compute 0.381074086587275(0.079029306769371,0.959467828273773,0.236236870288849) (0.08273832,0.9595193,0.2353638) (312.037,19.07617,324.1617) (0.006350331,1.291313,-0.04952196) (321.0369,359.1339,354.9962)
compute 0.385408210618254(0.0752784088253975,0.959430515766144,0.237121924757957) (0.07902931,0.9594678,0.2362369) (311.9955,18.6487,324.3693) (0.006084077,1.291515,-0.05007108) (321.1348,358.9255,355.1304)
compute 0.110542139416781(0.0742400512099266,0.959397494792938,0.23749965429306) (0.07527841,0.9594305,0.2371219) (311.9624,18.4807,324.4556) (0.005883459,1.291803,-0.05038037) (321.3408,358.94,355.2085)
compute 0.0302450678705389(0.0739949494600296,0.959358334541321,0.237672477960587) (0.07424005,0.9593975,0.2374997) (311.9685,18.47295,324.4634) (0.005554039,1.291887,-0.05038691) (321.4288,359.2506,355.0311)
compute 0.0354401974915908(0.0738434940576553,0.959253251552582,0.237975165247917) (0.07399495,0.9593583,0.2376725) (312.3738,18.66174,324.6251) (0.006205272,1.292069,-0.04886652) (321.7568,359.7923,354.785)
compute 0.130145841146104(0.0751133039593697,0.95911180973053,0.238222897052765) (0.07384349,0.9592533,0.2379752) (312.9619,19.28297,324.7244) (0.007481575,1.291992,-0.04877906) (321.6244,1.100604,354.3863)
compute 0.440212586968039(0.0795135200023651,0.958984076976776,0.238200634717941) (0.0751133,0.9591118,0.2382229) (313.3978,19.98781,324.714) (0.01076315,1.293115,-0.05042784) (319.8156,3.56799,353.1818)
compute 1.80637984921868(0.0972549468278885,0.958906590938568,0.234804078936577) (0.07951352,0.9589841,0.2382006) (313.5638,20.62925,324.6266) (0.01450477,1.297076,-0.0605142) (316.9542,6.71334,351.4252)
compute 2.02290375298461(0.116220586001873,0.959017813205719,0.227768018841743) (0.09725495,0.9589066,0.2348041) (312.3952,23.19063,323.3134) (0.01816563,1.299464,-0.07369148) (314.2318,11.53335,349.0004)
compute 2.60375639142284(0.139654919505119,0.959396421909332,0.216425910592079) (0.1162206,0.9590178,0.227768) (309.8864,26.56311,321.3214) (0.01994094,1.299511,-0.08466166) (312.1853,15.83988,346.9142)
compute 2.12350999023921(0.157119825482368,0.959667325019836,0.204349771142006) (0.1396549,0.9593964,0.2164259) (308.023,29.07871,319.8488) (0.02004777,1.298577,-0.09311984) (311.2905,19.07538,345.9275)
compute 2.29112835742987(0.173860087990761,0.959812521934509,0.188707858324051) (0.1571198,0.9596673,0.2043498) (306.7505,31.40213,318.8007) (0.02335511,1.296333,-0.1003585) (310.9645,22.32067,344.6328)
compute 1.69865207092819(0.18584518134594,0.959879398345947,0.176670625805855) (0.1738601,0.9598125,0.1887079) (305.1245,33.11454,318.1533) (0.024601,1.29391,-0.103324) (311.243,23.80565,344.3177)
compute 0.595178161199081(0.188796073198318,0.959324359893799,0.171531766653061) (0.1858452,0.9598794,0.1766706) (303.5752,33.37883,317.4102) (0.02244345,1.293225,-0.1052814) (309.403,19.14409,346.6723)
compute 3.03535675036043(0.187070831656456,0.981344759464264,0.192351579666138) (0.1887961,0.9593244,0.1715318) (298.0204,32.75911,315.1357) (0.01989071,1.293772,-0.1052705) (308.1257,11.21521,351.1758)
compute 7.18245275616496(0.187908947467804,1.03661167621613,0.238216906785965) (0.1870708,0.9813448,0.1923516) (291.7741,35.33287,310.4016) (0.02355134,1.292663,-0.1045702) (308.2929,3.594301,356.7071)
compute 8.25502337494064(0.174976408481598,1.09694218635559,0.293057769536972) (0.1879089,1.036612,0.2382169) (288.6687,15.29722,323.6794) (0.02793159,1.287895,-0.09739776) (309.1149,358.2945,359.9238)
compute 18.4765573454133(0.121896184980869,1.26161026954651,0.357905507087708) (0.1749764,1.096942,0.2930578) (288.0503,13.1736,320.7824) (0.03672896,1.285767,-0.08740875) (309.7927,357.4789,0.1579599)
compute 9.36936155231709(0.138795554637909,1.35287630558014,0.370688945055008) (0.1218962,1.26161,0.3579055) (285.2121,34.32313,300.3669) (0.04421948,1.286495,-0.07325625) (309.6723,359.8572,358.5272)
compute 7.61773236740992(0.143401578068733,1.42814600467682,0.381470501422882) (0.1387956,1.352876,0.3706889) (284.1919,47.24886,284.656) (0.04642745,1.285194,-0.04889043) (310.2651,2.983899,354.881)
compute 7.12093524116609(0.153897911310196,1.49560177326202,0.401726812124252) (0.1434016,1.428146,0.3814705) (284.7843,80.45573,251.7906) (0.04952238,1.286518,-0.02693797) (311.3259,3.168304,354.0329)
compute 5.57957784913862(0.15811850130558,1.54415392875671,0.428893774747849) (0.1538979,1.495602,0.4017268) (284.4427,94.26353,242.066) (0.06030824,1.291948,-0.0009017503) (310.9146,2.349877,353.543)
compute 3.32330132999605(0.158240914344788,1.57350766658783,0.444475054740906) (0.1581185,1.544154,0.4288938) (281.5518,99.13711,238.8394) (0.07602869,1.294602,0.02668486) (312.8452,359.7767,354.8282)
compute 2.17917622275619(0.166182965040207,1.58683657646179,0.459776848554611) (0.1582409,1.573508,0.4444751) (278.9337,106.1115,231.4576) (0.09428663,1.293292,0.04807813) (313.2928,356.6423,356.4235)
compute 3.37252994225747(0.192880481481552,1.59475564956665,0.478801220655441) (0.166183,1.586837,0.4597768) (279.7053,99.59572,238.6875) (0.1017402,1.284987,0.06459226) (312.8222,355.9114,357.0935)
compute 4.51515322455935(0.235494628548622,1.60810470581055,0.485471904277802) (0.1928805,1.594756,0.4788012) (287.4482,94.675,246.2992) (0.09607752,1.291919,0.07628773) (314.6723,352.9754,359.9581)
compute 2.68317872792054(0.244258776307106,1.62322592735291,0.505830764770508) (0.2354946,1.608105,0.4854719) (286.6578,87.02344,257.501) (0.0882318,1.292302,0.08934727) (313.8173,353.0576,359.699)
compute 0.777307718555751(0.24006949365139,1.62792026996613,0.510395169258118) (0.2442588,1.623226,0.5058308) (284.0688,90.88904,253.7552) (0.07286249,1.289509,0.1057564) (314.7711,354.8794,357.3662)
compute 2.98876781634218(0.256931185722351,1.62869703769684,0.535059988498688) (0.2400695,1.62792,0.5103952) (287.9803,91.80551,253.1557) (0.05069502,1.286708,0.1191804) (316.3572,357.1995,356.3189)
compute 4.18310407792955(0.279957085847855,1.62297666072845,0.569511711597443) (0.2569312,1.628697,0.53506) (298.6104,85.03256,258.9834) (0.0219189,1.285408,0.1271249) (315.8899,355.8178,357.2178)
compute 4.02924708837266(0.252062737941742,1.62210738658905,0.598574280738831) (0.2799571,1.622977,0.5695117) (304.2693,81.06133,259.7622) (-0.01047176,1.288269,0.1348025) (314.9137,350.338,0.007612773)
compute 11.257257684507(0.142558857798576,1.62810730934143,0.623980700969696) (0.2520627,1.622107,0.5985743) (301.1544,70.41901,265.3489) (-0.05102086,1.29031,0.1433393) (317.9166,345.685,2.052734)
compute 15.2076172163158(-0.00867346301674843,1.6322683095932,0.639428496360779) (0.1425589,1.628107,0.6239807) (290.527,45.5221,282.7039) (-0.08044587,1.290274,0.1444247) (318.9991,345.7346,2.314308)
compute 13.3403233678291(-0.141879320144653,1.63474488258362,0.646246731281281) (-0.008673463,1.632268,0.6394285) (283.4178,18.14683,305.4796) (-0.1004415,1.290205,0.1472932) (319.9152,345.7236,1.724879)
compute 10.2689880367417(-0.241528540849686,1.61081254482269,0.639728426933289) (-0.1418793,1.634745,0.6462467) (283.8546,345.0611,334.4501) (-0.1044222,1.290197,0.1467998) (318.9324,347.3725,1.673794)
compute 6.15313625442168(-0.280446201562881,1.56611299514771,0.623191356658936) (-0.2415285,1.610813,0.6397284) (290.7391,313.532,3.879565) (-0.06513406,1.286814,0.1448982) (315.9908,355.7946,357.9672)
compute 10.6140402757882(-0.174310550093651,1.56616449356079,0.622188329696655) (-0.2804462,1.566113,0.6231914) (288.0839,313.2477,8.916939) (-0.01233283,1.286611,0.1435666) (314.7951,5.671028,353.8204)
compute 19.2928640759256(0.0147764617577195,1.60099649429321,0.638134837150574) (-0.1743106,1.566164,0.6221883) (283.1964,340.2861,349.0928) (0.03806584,1.286027,0.1505767) (315.3431,11.77555,352.7379)
compute 16.1160562521106(0.173359885811806,1.62965619564056,0.636507093906403) (0.01477646,1.600996,0.6381348) (282.0517,13.72608,324.41) (0.07452938,1.287933,0.1536408) (312.8657,11.1611,351.9873)
compute 10.5348220782345(0.276921987533569,1.64893329143524,0.635269284248352) (0.1733599,1.629656,0.6365071) (284.4894,44.47771,297.2782) (0.094616,1.290489,0.1544106) (309.3027,3.443643,355.8121)
compute 7.01102908383778(0.34556919336319,1.65305113792419,0.648909568786621) (0.276922,1.648933,0.6352693) (292.925,63.35453,278.6001) (0.1051773,1.289589,0.1579443) (309.5707,354.9278,0.9060102)
compute 3.77977031788462(0.381832599639893,1.65107274055481,0.659384191036224) (0.3455692,1.653051,0.6489096) (299.4631,69.16528,272.0605) (0.1126436,1.285071,0.1601404) (308.6571,351.7723,1.826709)
compute 1.23354314193756(0.369540929794312,1.65196907520294,0.658860445022583) (0.3818326,1.651073,0.6593842) (298.3506,68.84486,272.476) (0.1136396,1.280038,0.1609045) (307.6273,352.7389,0.1379205)
compute 5.68120917599309(0.312781631946564,1.65435302257538,0.6583012342453) (0.3695409,1.651969,0.6588604) (290.0597,62.54185,278.1947) (0.1054096,1.28058,0.1570659) (307.1257,352.144,1.189682)
compute 4.97929911872375(0.26356115937233,1.64826154708862,0.653876185417175) (0.3127816,1.654353,0.6583012) (285.7832,55.47049,282.3281) (0.08528799,1.282441,0.1548663) (308.2573,347.7852,4.109089)
compute 4.5452333509677(0.22071960568428,1.63475430011749,0.646942913532257) (0.2635612,1.648262,0.6538762) (282.1556,44.15699,292.9831) (0.06797122,1.278928,0.1477942) (307.9402,344.5308,6.118618)
compute 3.27035217589064(0.188957169651985,1.62710082530975,0.645496428012848) (0.2207196,1.634754,0.6469429) (281.1979,35.34383,301.311) (0.05178846,1.278823,0.137744) (307.4111,340.5354,8.617104)
compute 2.26449962855481(0.166385903954506,1.62535381317139,0.646027266979218) (0.1889572,1.627101,0.6454964) (282.3073,31.54176,304.583) (0.04256369,1.277361,0.1310287) (305.8496,342.9945,6.777463)
compute 1.8045496008811(0.149267926812172,1.62606251239777,0.640360474586487) (0.1663859,1.625354,0.6460273) (282.3921,30.51522,305.8395) (0.03019062,1.276867,0.1311115) (306.9821,346.1678,3.63806)
compute 1.83581025987729(0.133786395192146,1.63592863082886,0.640403091907501) (0.1492679,1.626063,0.6403605) (283.009,35.31653,301.0572) (0.002948932,1.277511,0.1354081) (308.9259,345.4704,3.895139)
compute 1.6046519161093(0.124719969928265,1.64398562908173,0.650909066200256) (0.1337864,1.635929,0.6404031) (282.8635,27.34069,313.0936) (-0.02657501,1.275531,0.1411651) (310.522,337.7997,8.187616)
compute 8.64268602474807(0.0450814925134182,1.61213910579681,0.640273571014404) (0.12472,1.643986,0.6509091) (282.466,302.7837,45.10484) (-0.07890755,1.261993,0.1500457) (320.7231,314.1599,22.8759)
compute 21.9255337257019(-0.0970492959022522,1.45095133781433,0.596796631813049) (0.04508149,1.612139,0.6402736) (296.6869,281.8575,47.93568) (-0.1027414,1.213623,0.149943) (332.1267,303.9077,26.05474)
compute 25.7752696734252(-0.29042512178421,1.30178117752075,0.514392077922821) (-0.0970493,1.450951,0.5967966) (308.1698,282.1012,16.78388) (-0.1313588,1.181134,0.1320707) (335.0224,302.64,26.4358)
compute 20.2123701942614(-0.475469261407852,1.26411437988281,0.442323565483093) (-0.2904251,1.301781,0.5143921) (312.1519,276.1416,11.33362) (-0.2031426,1.17509,0.1127713) (330.4836,307.2224,23.89177)
compute 16.1584957164121(-0.632934391498566,1.29920017719269,0.451456904411316) (-0.4754693,1.264114,0.4423236) (309.1296,288.0887,356.345) (-0.2929513,1.187648,0.09485655) (328.6138,308.8438,20.27002)
compute 11.1417841326502(-0.725456416606903,1.31632089614868,0.511126756668091) (-0.6329344,1.2992,0.4514569) (309.6879,312.4666,336.2672) (-0.3471169,1.201695,0.09438684) (331.6949,311.0858,17.16919)
compute 7.41144176300235(-0.775693953037262,1.33407413959503,0.562643349170685) (-0.7254564,1.316321,0.5111268) (308.9732,320.4235,335.0739) (-0.389494,1.200127,0.09543751) (332.3368,311.6489,14.02287)
compute 7.27112333282236(-0.818064630031586,1.30628991127014,0.614793956279755) (-0.775694,1.334074,0.5626433) (315.8542,327.9819,326.879) (-0.4206495,1.199079,0.1023302) (332.6289,311.8038,11.93412)
compute 6.96089189216063(-0.861253082752228,1.25843000411987,0.641053974628448) (-0.8180646,1.30629,0.614794) (322.6612,326.2772,326.9736) (-0.4509023,1.200953,0.1150208) (334.8041,313.8111,12.81839)
compute 2.04621233011993(-0.869925081729889,1.27086293697357,0.654798686504364) (-0.8612531,1.25843,0.641054) (322.0058,325.8722,326.7551) (-0.4705027,1.201815,0.1228773) (336.5036,311.8098,14.1513)
compute 5.84762996733988(-0.863424599170685,1.32859516143799,0.661447882652283) (-0.8699251,1.270863,0.6547987) (317.5733,329.7856,323.7492) (-0.484581,1.216256,0.1302219) (336.1756,311.8824,13.85415)
compute 9.06232456394975(-0.839584708213806,1.41154408454895,0.633812606334686) (-0.8634246,1.328595,0.6614479) (306.14,334.6927,321.6014) (-0.4802258,1.219925,0.1638149) (339.6995,318.7501,14.57411)
compute 5.95200231514815(-0.80086475610733,1.43633544445038,0.596013307571411) (-0.8395847,1.411544,0.6338126) (299.3145,333.9742,323.2503) (-0.4295567,1.236785,0.1936115) (337.8184,335.8042,13.81246)
compute 12.3200806633002(-0.733686447143555,1.33995866775513,0.558904945850372) (-0.8008648,1.436335,0.5960133) (302.0601,326.9625,325.5846) (-0.3113987,1.274431,0.2076067) (334.5502,16.72686,4.800542)
compute 28.0647064482(-0.598274827003479,1.11222791671753,0.466356724500656) (-0.7336864,1.339959,0.5589049) (315.1855,306.4791,334.6655) (-0.2571483,1.275855,0.1740449) (335.0838,38.54227,356.5403)
compute 33.9549074328597(-0.353742241859436,0.882433712482452,0.414472073316574) (-0.5982748,1.112228,0.4663567) (335.5551,316.7261,329.9663) (-0.2495053,1.25374,0.1460003) (337.2023,43.93969,350.2562)
compute 22.1789921702239(-0.13371630012989,0.877942740917206,0.442025393247604) (-0.3537422,0.8824337,0.4144721) (342.9973,349.8784,326.9897) (-0.2519167,1.236739,0.1458323) (337.4961,33.85857,356.3112)
compute 20.0440667492219(-0.119326502084732,1.06969940662384,0.498583137989044) (-0.1337163,0.8779427,0.4420254) (311.8583,352.5551,339.9579) (-0.2371565,1.210915,0.1351775) (341.2772,19.51359,4.584192)
compute 16.8219985852319(-0.149689331650734,1.20027112960815,0.600205421447754) (-0.1193265,1.069699,0.4985831) (304.6157,346.1288,348.5909) (-0.2233969,1.201536,0.1190128) (336.408,13.71006,3.893868)
compute 7.34781965859795(-0.150720208883286,1.26470744609833,0.635503351688385) (-0.1496893,1.200271,0.6002054) (303.0465,351.1253,350.3151) (-0.211803,1.235758,0.1041864) (328.941,23.2159,356.9843)
compute 10.2344003455118(-0.0607408955693245,1.31339061260223,0.638326048851013) (-0.1507202,1.264707,0.6355034) (304.1647,15.07813,323.3955) (-0.1722949,1.232959,0.1009) (327.0838,31.16287,350.7955)
compute 15.5783102377629(0.0836859568953514,1.37177300453186,0.639195740222931) (-0.0607409,1.313391,0.638326) (307.1951,43.2258,299.7726) (-0.1294763,1.222329,0.1109658) (327.7302,32.52965,346.938)
compute 11.3682974221209(0.194735363125801,1.39548170566559,0.644649744033813) (0.08368596,1.371773,0.6391957) (314.4461,56.36845,289.5191) (-0.08388652,1.229771,0.1152769) (329.158,37.47133,345.7975)
compute 8.80832006221882(0.279716432094574,1.40418124198914,0.666124999523163) (0.1947354,1.395482,0.6446497) (312.4652,57.959,298.799) (-0.04988051,1.234523,0.124131) (327.1247,41.3867,340.1234)
compute 9.41500904161574(0.369845330715179,1.38241279125214,0.649780094623566) (0.2797164,1.404181,0.666125) (313.8863,61.9122,302.6453) (-0.03400226,1.239358,0.1371455) (326.6233,40.24096,340.0208)
compute 10.3723625871234(0.467324942350388,1.37198066711426,0.615905523300171) (0.3698453,1.382413,0.6497801) (321.249,74.18031,296.2852) (-0.02491115,1.256842,0.1408388) (321.7297,37.99966,340.8921)
compute 4.25476531376981(0.439818143844604,1.33962941169739,0.618565440177917) (0.4673249,1.371981,0.6159055) (314.3721,69.61151,311.475) (-0.03089792,1.254801,0.1410429) (319.9839,32.09523,342.4077)
compute 27.5835809574265(0.185431256890297,1.2365288734436,0.645823061466217) (0.4398181,1.339629,0.6185654) (308.3106,17.6007,337.7405) (-0.0349011,1.252978,0.1289233) (318.2676,32.44154,345.8138)
compute 19.2374027883683(0.0117456158623099,1.28732621669769,0.58054906129837) (0.1854313,1.236529,0.6458231) (296.4767,351.3606,336.1411) (-0.0253727,1.256999,0.1324332) (317.8929,29.71264,344.5158)
compute 10.0890239447681(0.0217130184173584,1.37202787399292,0.52664989233017) (0.01174562,1.287326,0.5805491) (282.3117,4.197427,316.3164) (-0.0211951,1.258646,0.1430464) (320.1994,25.99459,346.1492)
compute 9.92567688119706(0.0915380045771599,1.44121527671814,0.540415108203888) (0.02171302,1.372028,0.5266499) (281.3004,44.95436,282.4709) (-0.01770341,1.257515,0.1498257) (320.8477,26.80021,344.8799)
compute 10.7824570508636(0.178896754980087,1.4949095249176,0.573754489421844) (0.091538,1.441215,0.5404151) (290.2297,54.2415,282.4241) (-0.008364443,1.263351,0.158024) (320.8175,29.32184,342.3095)
compute 12.0116290183346(0.287816256284714,1.53660833835602,0.602489054203033) (0.1788968,1.49491,0.5737545) (302.7122,72.06357,274.3702) (-0.002676507,1.26908,0.1674059) (319.199,27.40679,343.3468)
compute 3.31092301333495(0.297245919704437,1.5677444934845,0.608640670776367) (0.2878163,1.536608,0.6024891) (299.6278,76.02951,277.7413) (-0.01349193,1.271809,0.1677196) (317.1982,17.12711,348.8807)
compute 12.4943591967033(0.17531444132328,1.54885613918304,0.588972270488739) (0.2972459,1.567744,0.6086407) (287.0799,70.89574,273.45) (-0.0606994,1.270483,0.1445221) (313.6128,353.6351,2.325726)
compute 20.8798117403162(-0.00742532406002283,1.45979773998261,0.541312694549561) (0.1753144,1.548856,0.5889723) (277.4396,291.953,39.58508) (-0.1060818,1.25955,0.1053961) (315.0505,324.1505,18.44245)
compute 14.4751115180605(-0.140156224370003,1.40255177021027,0.533677697181702) (-0.007425324,1.459798,0.5413127) (287.4066,293.2722,26.38698) (-0.133599,1.245114,0.07727747) (316.7064,315.6555,20.71247)
compute 9.26840438069241(-0.232225850224495,1.39416754245758,0.540251970291138) (-0.1401562,1.402552,0.5336777) (289.8358,299.5985,16.43111) (-0.1590433,1.251736,0.06388813) (316.2113,319.4594,18.98141)
compute 8.67138805363751(-0.31524720788002,1.41546261310577,0.553415238857269) (-0.2322259,1.394168,0.540252) (290.3528,310.3502,3.797825) (-0.1943819,1.255931,0.06390877) (317.886,322.6214,16.12467)
compute 10.7076495559485(-0.421252548694611,1.43030786514282,0.550611257553101) (-0.3152472,1.415463,0.5534152) (293.0615,306.8786,5.853761) (-0.2602925,1.253025,0.07292531) (327.9207,318.5824,17.88952)
compute 9.48866234766714(-0.510592579841614,1.45621144771576,0.569341838359833) (-0.4212525,1.430308,0.5506113) (291.1735,311.9014,5.653077) (-0.3486085,1.218096,0.08500919) (342.3585,313.6263,17.18194)
compute 12.4090141122826(-0.633700907230377,1.44088470935822,0.566550016403198) (-0.5105926,1.456211,0.5693418) (290.6127,294.7364,24.9981) (-0.4254699,1.147407,0.1156339) (350.152,309.1245,16.40543)
compute 35.2274370061784(-0.839673399925232,1.15702068805695,0.533477544784546) (-0.6337009,1.440885,0.56655) (323.5712,274.0436,37.91429) (-0.4454828,1.08995,0.1289051) (354.144,313.4751,17.22243)
compute 22.2724624668829(-0.882175445556641,0.946399688720703,0.592117369174957) (-0.8396734,1.157021,0.5334775) (335.7112,297.2079,14.47371) (-0.4623573,1.083232,0.1272349) (350.2727,309.9735,18.06425)
compute 8.35812049907573(-0.8053879737854,0.978973507881165,0.597451090812683) (-0.8821754,0.9463997,0.5921174) (328.4181,305.5818,357.9166) (-0.4345323,1.15641,0.1265182) (342.5418,324.5061,23.03049)
compute 23.6035564347268(-0.628578782081604,1.12543392181396,0.54267293214798) (-0.805388,0.9789735,0.5974511) (310.7721,313.8604,340.4002) (-0.3497608,1.236486,0.1201923) (324.7112,349.2695,15.84018)
compute 19.3670751337701(-0.47369971871376,1.24154555797577,0.536434054374695) (-0.6285788,1.125434,0.5426729) (305.9886,320.4702,337.5364) (-0.2719623,1.270835,0.09569572) (319.8051,14.52965,2.473041)
compute 22.9175410517917(-0.272193938493729,1.34824860095978,0.559482932090759) (-0.4736997,1.241546,0.5364341) (295.9339,349.1964,322.3497) (-0.2221351,1.273203,0.07843813) (319.6444,22.57346,356.6747)
compute 17.9335308554848(-0.096054881811142,1.38145887851715,0.553715288639069) (-0.2721939,1.348249,0.5594829) (296.6178,22.31281,301.6223) (-0.1892022,1.272861,0.07063912) (318.8652,22.82381,353.585)
compute 13.1350717359643(0.0273520220071077,1.36604952812195,0.5114506483078) (-0.09605488,1.381459,0.5537153) (298.5594,47.43172,283.3341) (-0.1685062,1.274765,0.06852147) (316.9017,23.52919,353.7015)
compute 5.08101401072328(0.0469677411019802,1.412917137146,0.510883927345276) (0.02735202,1.36605,0.5114506) (293.4677,39.20862,293.0091) (-0.1405945,1.27569,0.06552789) (315.5785,27.42051,350.2456)
compute 8.50839971561068(0.0376027971506119,1.49584412574768,0.49430987238884) (0.04696774,1.412917,0.5108839) (284.6572,42.38636,287.4229) (-0.113641,1.278431,0.06555553) (315.7375,32.27453,344.5428)
compute 6.21407089159771(0.0926071926951408,1.52332007884979,0.485306739807129) (0.0376028,1.495844,0.4943099) (284.9878,60.23268,272.3952) (-0.08871893,1.273988,0.07876693) (317.3577,32.74372,343.4438)
compute 9.59152173281352(0.188433215022087,1.52737998962402,0.486093699932098) (0.09260719,1.52332,0.4853067) (287.5278,69.11221,273.4626) (-0.05596922,1.268579,0.08794729) (316.6165,34.74406,341.8809)
compute 8.6671707025419(0.273506253957748,1.54388976097107,0.487504571676254) (0.1884332,1.52738,0.4860937) (291.2326,73.95286,275.7513) (-0.01558726,1.273313,0.0970245) (316.702,36.07454,340.7747)
compute 6.601015187157(0.332071453332901,1.57224655151367,0.498610883951187) (0.2735063,1.54389,0.4875046) (295.89,77.45033,275.0098) (0.02048229,1.285463,0.1101378) (317.5049,34.04558,342.566)
compute 5.40169228240261(0.346823811531067,1.59794473648071,0.543775022029877) (0.3320715,1.572247,0.4986109) (294.8524,64.69469,289.6586) (0.05093516,1.297664,0.1238745) (318.9064,31.58664,342.9935)
compute 4.94214362632502(0.375880032777786,1.61211764812469,0.581156075000763) (0.3468238,1.597945,0.543775) (293.2837,64.12865,294.1367) (0.06651583,1.306697,0.1412087) (319.4087,27.57813,343.8595)
compute 6.08475271666932(0.431091845035553,1.60060095787048,0.603991210460663) (0.37588,1.612118,0.5811561) (303.6939,71.23942,285.2885) (0.07024387,1.314452,0.1611165) (319.9134,22.09178,346.8008)
compute 4.47334680470032(0.470382899045944,1.59281182289124,0.623906672000885) (0.4310918,1.600601,0.6039912) (303.9754,62.44693,294.9949) (0.0682748,1.312478,0.1834437) (321.0958,17.12379,348.8544)
compute 7.63490420773818(0.54379814863205,1.58278954029083,0.60549658536911) (0.4703829,1.592812,0.6239067) (310.1146,80.04467,282.4487) (0.04676163,1.312294,0.1950137) (322.2337,9.133713,353.7192)
compute 6.96359667256387(0.598089039325714,1.55939495563507,0.568694949150085) (0.5437981,1.58279,0.6054966) (319.0343,90.41166,281.2867) (0.02196394,1.308766,0.1963315) (322.8989,3.344831,356.2032)
compute 7.11413468994985(0.547353684902191,1.59175407886505,0.530748903751373) (0.598089,1.559395,0.5686949) (313.8372,95.00475,273.1924) (-0.004875556,1.29525,0.1902055) (324.8954,3.586316,356.9037)
compute 28.9526536832883(0.267679810523987,1.64067256450653,0.474046856164932) (0.5473537,1.591754,0.5307489) (282.412,262.2663,118.0715) (-0.02208362,1.283772,0.1828126) (326.6272,5.426294,357.6423)
compute 25.4939993513771(0.0181391853839159,1.59443736076355,0.449835598468781) (0.2676798,1.640673,0.4740469) (315.4544,273.6624,126.3179) (-0.04445329,1.280041,0.1740317) (327.519,4.921872,359.5214)
compute 14.4416800279675(-0.0883327051997185,1.51101005077362,0.500430405139923) (0.01813919,1.594437,0.4498356) (322.6866,282.1749,106.382) (-0.06738562,1.281334,0.1547098) (328.3651,4.41599,359.4702)
compute 12.3176001787969(-0.106375657021999,1.41243231296539,0.572048902511597) (-0.08833271,1.51101,0.5004304) (329.6796,297.633,83.57952) (-0.08897291,1.278765,0.1350144) (325.7788,3.981759,358.2589)
compute 6.57429304047783(-0.100361041724682,1.35092437267303,0.59447056055069) (-0.1063757,1.412432,0.5720489) (335.4543,303.8404,64.91014) (-0.1085314,1.283959,0.1177703) (320.4756,359.9252,1.68674)
compute 8.22386151968336(-0.104042053222656,1.42712068557739,0.563749849796295) (-0.100361,1.350924,0.5944706) (319.0643,301.0445,50.08251) (-0.1224562,1.294417,0.1032369) (312.8016,356.9803,2.216971)
compute 11.9589295124924(-0.101336799561977,1.5444358587265,0.540697038173676) (-0.1040421,1.427121,0.5637498) (291.8123,304.5319,35.38557) (-0.1343627,1.296541,0.1032887) (315.8096,354.6287,3.556171)
compute 6.53390745419531(-0.139494329690933,1.59535467624664,0.525848746299744) (-0.1013368,1.544436,0.540697) (281.9613,306.1027,30.67005) (-0.1549674,1.292638,0.1078553) (317.1512,353.0889,5.436569)
compute 5.14634612226039(-0.184366926550865,1.60904598236084,0.504694879055023) (-0.1394943,1.595355,0.5258487) (276.7901,319.818,11.45737) (-0.1792083,1.292088,0.1136938) (317.104,346.6635,8.648779)
compute 13.6479302272563(-0.296038687229156,1.54724490642548,0.456356018781662) (-0.1843669,1.609046,0.5046949) (284.5983,274.4725,41.44393) (-0.2109411,1.281133,0.1198957) (322.1047,331.1745,17.05492)
compute 20.9193157915509(-0.456838518381119,1.41401743888855,0.443880617618561) (-0.2960387,1.547245,0.456356) (300.0151,272.6363,33.78573) (-0.2656527,1.231375,0.1195244) (327.1452,322.1449,16.6361)
compute 14.9594227257708(-0.594277322292328,1.37435030937195,0.487647354602814) (-0.4568385,1.414017,0.4438806) (300.8803,282.0895,23.30552) (-0.3440872,1.204346,0.1111863) (330.2978,318.6722,16.03204)
compute 10.03443616822(-0.681678891181946,1.4037868976593,0.527187764644623) (-0.5942773,1.37435,0.4876474) (299.621,295.6897,11.3163) (-0.4063838,1.208416,0.1114546) (328.6869,318.2365,20.59014)
compute 6.62816320067807(-0.691874802112579,1.45916712284088,0.562149584293365) (-0.6816789,1.403787,0.5271878) (291.7106,315.4467,354.5338) (-0.4325808,1.221706,0.1310668) (330.2157,323.8481,17.19297)
compute 5.49642373184836(-0.70278126001358,1.47015631198883,0.6148881316185) (-0.6918748,1.459167,0.5621496) (300.8667,323.7191,347.8986) (-0.4351415,1.236318,0.1398423) (329.9646,325.5345,16.48654)
compute 3.80177110359162(-0.683327317237854,1.48613893985748,0.643374025821686) (-0.7027813,1.470156,0.6148881) (299.8119,331.2577,338.3548) (-0.4056181,1.261355,0.1383428) (326.1982,333.1339,12.98302)
compute 7.84022941653972(-0.61424332857132,1.5189323425293,0.626084864139557) (-0.6833273,1.486139,0.643374) (296.5904,329.6644,335.4464) (-0.3616056,1.280691,0.1255872) (321.4299,342.1123,7.999554)
compute 14.2165781006527(-0.486273407936096,1.56377124786377,0.583373248577118) (-0.6142433,1.518932,0.6260849) (286.8952,342.3201,322.3955) (-0.3331162,1.28779,0.1185733) (321.0391,351.135,2.009383)
compute 12.3668103471577(-0.365408658981323,1.58995354175568,0.583393573760986) (-0.4862734,1.563771,0.5833732) (292.1389,17.15359,286.7712) (-0.3148617,1.288311,0.1132032) (320.2177,352.7124,2.532394)
compute 4.65614234339133(-0.373152613639832,1.62070524692535,0.549300611019135) (-0.3654087,1.589954,0.5833936) (290.1448,0.8311632,303.7481) (-0.3084162,1.290473,0.1098088) (317.4548,349.5632,2.818671)
compute 5.40781787956504(-0.421510457992554,1.64491176605225,0.549186885356903) (-0.3731526,1.620705,0.5493006) (288.4811,352.1273,316.6289) (-0.3131379,1.290401,0.1105248) (319.4391,345.8027,4.332977)
compute 5.09929546293584(-0.445041388273239,1.62035167217255,0.587178707122803) (-0.4215105,1.644912,0.5491869) (292.1546,350.284,324.4044) (-0.3200642,1.284868,0.1106763) (320.7833,348.3428,6.232056)
compute 8.16401045084324(-0.48003876209259,1.54804289340973,0.601729691028595) (-0.4450414,1.620352,0.5871787) (298.1475,314.3837,9.381278) (-0.2931492,1.274735,0.1115182) (318.2401,8.113364,354.2278)
compute 9.54113019636949(-0.384719520807266,1.54719364643097,0.597626268863678) (-0.4800388,1.548043,0.6017297) (287.1597,357.4724,321.2019) (-0.2516957,1.272204,0.1105896) (320.9012,25.2248,346.6251)
compute 19.6378902652343(-0.19054126739502,1.51954531669617,0.587876975536346) (-0.3847195,1.547194,0.5976263) (285.6756,40.50267,284.6578) (-0.2109247,1.268124,0.110405) (322.0515,32.45947,346.9955)
compute 20.0459447261024(0.00844869203865528,1.53004193305969,0.609712958335876) (-0.1905413,1.519545,0.587877) (295.9099,40.15384,295.5354) (-0.1520392,1.269126,0.1195612) (322.7621,35.66415,342.3922)
compute 13.3843847274948(0.13117378950119,1.58159685134888,0.595755279064178) (0.008448692,1.530042,0.609713) (296.4945,62.24809,282.8656) (-0.08884504,1.279404,0.1409386) (326.1152,34.7907,344.6839)
compute 5.7739424298529(0.187704637646675,1.57523739337921,0.605637669563293) (0.1311738,1.581597,0.5957553) (297.9219,55.03727,294.0991) (-0.02384033,1.270863,0.1436785) (333.2799,42.20071,342.811)
compute 17.9065662304139(0.248051777482033,1.4073029756546,0.590779483318329) (0.1877046,1.575237,0.6056377) (305.5115,62.65654,277.6769) (0.0130766,1.237949,0.1393717) (345.3697,47.14104,345.0684)
compute 15.4055138161262(0.286835312843323,1.25821149349213,0.590035974979401) (0.2480518,1.407303,0.5907795) (308.7719,45.49204,301.1139) (0.02787006,1.24745,0.1229796) (330.4428,50.25146,340.6001)
compute 5.75857755241549(0.314372062683105,1.24071085453033,0.54258519411087) (0.2868353,1.258211,0.590036) (308.385,42.41008,300.6969) (0.03267641,1.255229,0.1146089) (331.7132,46.94614,340.1962)
compute 16.9157851171044(0.437327295541763,1.12634348869324,0.52217698097229) (0.3143721,1.240711,0.5425852) (328.4095,59.78123,284.3562) (0.0395031,1.22876,0.126268) (336.6594,45.73591,343.5224)
compute 25.4947971770098(0.562891125679016,0.904552817344666,0.528587281703949) (0.4373273,1.126343,0.522177) (356.4631,67.54878,295.5366) (0.04607891,1.21123,0.1213131) (330.0236,47.3283,342.7296)
compute 7.90860213792813(0.577716410160065,0.830247521400452,0.551248550415039) (0.5628911,0.9045528,0.5285873) (4.239139,67.49905,308.3578) (0.05847204,1.216829,0.1155551) (326.2874,46.71385,339.3023)
compute 14.4422068895516(0.583924114704132,0.973674774169922,0.566990911960602) (0.5777164,0.8302475,0.5512486) (347.6338,61.47877,299.4881) (0.08331738,1.228991,0.1116813) (328.6479,45.99012,340.5027)
compute 21.2549221412498(0.613312780857086,1.17953848838806,0.523018062114716) (0.5839241,0.9736748,0.5669909) (322.7585,69.13049,294.4914) (0.1091119,1.240182,0.1078669) (331.0311,47.03805,339.7818)
compute 14.1388072379746(0.639632225036621,1.31053757667542,0.476789146661758) (0.6133128,1.179538,0.5230181) (316.9906,78.20795,287.3008) (0.1382255,1.252186,0.1077024) (332.1816,45.97758,339.5623)
compute 6.25373451214123(0.671145856380463,1.36453330516815,0.475281834602356) (0.6396322,1.310538,0.4767891) (317.2955,79.91734,288.0739) (0.1731146,1.25824,0.1203901) (335.1753,45.77127,337.4631)
compute 4.96701468209908(0.713523149490356,1.37248849868774,0.499939560890198) (0.6711459,1.364533,0.4752818) (319.0092,79.48711,290.3961) (0.1964354,1.261454,0.1377246) (336.3491,42.63064,336.024)
compute 5.73287926692218(0.767825305461884,1.35537135601044,0.506638050079346) (0.7135231,1.372488,0.4999396) (325.7809,82.24252,289.7678) (0.2040595,1.271763,0.1454976) (333.9619,37.72246,335.6219)
compute 4.81289992888003(0.802457809448242,1.32194995880127,0.506660342216492) (0.7678253,1.355371,0.5066381) (333.5718,84.78068,287.712) (0.2065731,1.261103,0.1515548) (333.4152,35.61,332.6473)
compute 4.14185284806388(0.806693553924561,1.28215539455414,0.517334878444672) (0.8024578,1.32195,0.5066603) (337.4927,83.00916,290.0569) (0.2011242,1.260091,0.1542981) (334.3077,33.73249,332.3423)
compute 3.61445360649872(0.774780213832855,1.28165638446808,0.534297108650208) (0.8066936,1.282155,0.5173349) (336.2644,78.07217,289.9586) (0.1597762,1.26713,0.1488743) (331.2865,33.83163,334.6245)
compute 12.2296324436816(0.667741179466248,1.3404084444046,0.5411696434021) (0.7747802,1.281656,0.5342971) (321.8563,71.57085,284.4179) (0.1210587,1.264698,0.1401103) (326.1856,33.829,333.7286)
compute 10.4093126762466(0.569811820983887,1.37374031543732,0.529584884643555) (0.6677412,1.340408,0.5411696) (312.8972,70.71486,281.2207) (0.09562376,1.24882,0.1336054) (324.1834,31.01483,334.8758)
compute 1.39744027307386(0.565150320529938,1.38447713851929,0.537218689918518) (0.5698118,1.37374,0.5295849) (315.2362,70.37977,288.8939) (0.0965894,1.27068,0.1324394) (318.7043,29.37505,339.9367)
compute 4.17510005867446(0.604988992214203,1.39039969444275,0.526220977306366) (0.5651503,1.384477,0.5372187) (323.1006,78.91695,283.9037) (0.1354825,1.266198,0.1566989) (320.6937,28.68114,339.4921)
compute 7.25656758255833(0.597525835037231,1.46087217330933,0.541832149028778) (0.604989,1.3904,0.526221) (312.205,74.27728,279.3122) (0.1882732,1.259776,0.1779697) (317.8802,26.60511,342.7145)
compute 9.94234719707925(0.55267196893692,1.54451739788055,0.571440160274506) (0.5975258,1.460872,0.5418321) (290.6068,61.51467,289.4381) (0.2326931,1.277638,0.192684) (318.2552,26.87204,341.8019)
compute 7.0916307440047(0.562081515789032,1.60635924339294,0.604849278926849) (0.552672,1.544517,0.5714402) (289.1649,62.11115,285.6807) (0.258675,1.291054,0.205107) (318.0893,25.41443,342.382)
compute 4.70216853022294(0.546520054340363,1.64853119850159,0.618648052215576) (0.5620815,1.606359,0.6048493) (289.5899,65.09069,279.606) (0.2693594,1.298842,0.2116031) (318.4556,23.05097,343.6986)
compute 5.44948924580224(0.513174176216125,1.69136822223663,0.613879919052124) (0.5465201,1.648531,0.6186481) (288.8138,71.62751,273.5056) (0.2715191,1.308519,0.2134586) (317.3462,19.35715,345.9409)
compute 2.23147109821396(0.496211558580399,1.70350444316864,0.605947196483612) (0.5131742,1.691368,0.6138799) (289.1322,75.32976,271.277) (0.2744703,1.307197,0.2212298) (317.5176,18.4794,343.6488)
compute 4.57133730289527(0.533504724502563,1.67837262153625,0.597742080688477) (0.4962116,1.703504,0.6059472) (290.2152,84.20358,262.1899) (0.2792743,1.297508,0.2323027) (321.4716,19.8299,344.1663)
compute 16.0410095968074(0.682772040367126,1.6210720539093,0.584807097911835) (0.5335047,1.678373,0.5977421) (305.505,88.47368,265.4924) (0.2764672,1.298473,0.239299) (322.1196,16.79057,346.5133)
compute 12.684993028881(0.795142889022827,1.57089364528656,0.554052829742432) (0.682772,1.621072,0.5848071) (322.5061,95.41976,263.2322) (0.2675358,1.296155,0.2471562) (324.975,7.901279,351.4526)
compute 10.8590521278423(0.702045261859894,1.61726546287537,0.52283763885498) (0.7951429,1.570894,0.5540528) (309.5303,94.34308,256.3458) (0.2547706,1.288742,0.2452115) (330.5441,3.273813,354.914)
compute 26.3319949391195(0.440196663141251,1.62710464000702,0.49683952331543) (0.7020453,1.617265,0.5228376) (278.253,99.77206,238.7137) (0.2364581,1.282582,0.2307398) (330.6976,2.916234,354.8468)
compute 23.5332920055904(0.23885141313076,1.53042566776276,0.570966780185699) (0.4401967,1.627105,0.4968395) (290.2682,323.0305,10.77037) (0.2086187,1.271073,0.2008661) (329.5266,4.338029,355.143)
compute 15.2499380017015(0.151010170578957,1.40864670276642,0.597609996795654) (0.2388514,1.530426,0.5709668) (302.4026,316.9928,11.73091) (0.1318612,1.267207,0.1704736) (323.0653,347.8201,359.8165)
compute 5.97590745636914(0.153544068336487,1.35027468204498,0.610157251358032) (0.1510102,1.408647,0.59761) (300.201,344.4828,337.2784) (0.04564302,1.252469,0.1407642) (322.0942,320.7905,12.93695)
compute 7.75267962911688(0.0818228647112846,1.32088935375214,0.611882328987122) (0.1535441,1.350275,0.6101573) (299.0369,350.9865,325.6387) (-0.02624368,1.247182,0.119259) (322.8439,310.2806,14.27164)
compute 13.4724574191815(-0.0501520819962025,1.31988036632538,0.584821164608002) (0.08182286,1.320889,0.6118823) (295.8386,332.0325,337.9153) (-0.08615711,1.26048,0.1087642) (326.8328,310.9451,14.56758)
compute 13.1633742820137(-0.17499478161335,1.34211730957031,0.549504578113556) (-0.05015208,1.31988,0.5848212) (296.5668,321.666,343.1151) (-0.131554,1.288796,0.1107851) (328.0013,311.1532,12.61366)
compute 12.7316583624871(-0.296576976776123,1.37811577320099,0.538041889667511) (-0.1749948,1.342117,0.5495046) (299.2544,310.2591,346.8544) (-0.1706502,1.271996,0.1202417) (334.1959,312.0864,15.10903)
compute 11.7367624131682(-0.407961308956146,1.38864398002625,0.502575755119324) (-0.296577,1.378116,0.5380419) (298.0567,299.2702,358.8935) (-0.2123619,1.219841,0.1331117) (337.0725,309.2675,14.43071)
compute 11.8350125066963(-0.523868680000305,1.36473524570465,0.501797378063202) (-0.4079613,1.388644,0.5025758) (297.2928,305.151,348.6293) (-0.2965404,1.202911,0.1367386) (336.9548,308.1382,11.5909)
compute 15.9932087768456(-0.675114274024963,1.32351899147034,0.533487498760223) (-0.5238687,1.364735,0.5017974) (304.0913,307.4848,346.5938) (-0.3989973,1.205711,0.1404541) (337.2961,309.2351,10.4523)
compute 12.1309609174307(-0.792236626148224,1.31568157672882,0.564097166061401) (-0.6751143,1.323519,0.5334875) (309.257,313.2928,341.1882) (-0.4617336,1.205572,0.1636681) (340.481,309.7534,7.300069)
compute 4.22771916895207(-0.824928343296051,1.33407151699066,0.583601593971252) (-0.7922366,1.315682,0.5640972) (306.3905,326.7505,326.2462) (-0.4874159,1.208168,0.1801752) (345.7068,312.5205,5.915178)
compute 0.734112436534383(-0.827174782752991,1.34097695350647,0.584678888320923) (-0.8249283,1.334072,0.5836016) (305.4622,327.5256,323.7829) (-0.4881313,1.21677,0.1880231) (345.8275,315.6389,7.311536)
compute 1.16127597376898(-0.822104752063751,1.33802473545074,0.574657142162323) (-0.8271748,1.340977,0.5846789) (304.9009,317.027,338.4637) (-0.4404781,1.222082,0.1886155) (346.5699,321.1278,6.955832)
compute 4.91282933000952(-0.780010759830475,1.32732510566711,0.551696240901947) (-0.8221048,1.338025,0.5746571) (306.8213,317.9821,333.338) (-0.3722212,1.241477,0.1694035) (339.8266,330.0376,7.113544)
compute 12.5166839400852(-0.6709024310112,1.30332946777344,0.495248734951019) (-0.7800108,1.327325,0.5516962) (308.6855,312.7596,329.769) (-0.3067232,1.280384,0.1506346) (328.7855,356.4533,4.172552)
compute 15.6753887497934(-0.521021008491516,1.30072462558746,0.449416905641556) (-0.6709024,1.303329,0.4952487) (305.4737,299.4977,345.2474) (-0.233591,1.286395,0.1232963) (323.8191,21.72311,356.3464)
compute 17.3045192827041(-0.352289706468582,1.32832431793213,0.4227215051651) (-0.521021,1.300725,0.4494169) (298.7735,288.5498,2.771904) (-0.1944384,1.277815,0.1161985) (323.0417,26.81369,352.7538)
compute 13.9617580980306(-0.22287492454052,1.36926865577698,0.455408573150635) (-0.3522897,1.328324,0.4227215) (291.5151,299.6466,8.427143) (-0.1583105,1.260738,0.1198778) (321.6903,24.48244,353.371)
compute 15.5404602968823(-0.0812968760728836,1.4069230556488,0.507258296012878) (-0.2228749,1.369269,0.4554086) (285.8649,345.7346,336.3084) (-0.1275109,1.256033,0.1333395) (320.9223,22.48572,355.1459)
compute 16.0400289528802(0.0497715510427952,1.43835294246674,0.594215095043182) (-0.08129688,1.406923,0.5072583) (299.1607,29.32251,298.2289) (-0.1051978,1.272524,0.1293903) (316.6372,20.08748,354.545)
compute 11.8925132462363(0.129323020577431,1.49670851230621,0.660618245601654) (0.04977155,1.438353,0.5942151) (310.3304,42.95687,287.6047) (-0.09593368,1.296489,0.107254) (310.0847,14.79706,353.1661)
compute 7.6152036690391(0.151482924818993,1.56688582897186,0.680194139480591) (0.129323,1.496709,0.6606182) (308.2289,49.13162,285.3667) (-0.09296871,1.303041,0.098203) (306.431,6.407263,356.4359)
compute 4.85013294612669(0.125939235091209,1.6028196811676,0.659978866577148) (0.1514829,1.566886,0.6801941) (302.6939,50.23741,284.8605) (-0.0918432,1.294712,0.1002441) (307.0455,4.343387,357.1102)
compute 4.58448653640452(0.086408369243145,1.59929037094116,0.637030959129334) (0.1259392,1.60282,0.6599789) (296.6487,47.45994,283.6552) (-0.09522095,1.291059,0.102846) (305.4761,7.437875,354.9391)
compute 4.47485881603231(0.0582149624824524,1.56462597846985,0.634592115879059) (0.08640837,1.59929,0.637031) (294.137,33.9598,292.6245) (-0.09899339,1.294009,0.1057614) (303.1428,8.643754,351.7017)
compute 7.72255970950427(0.0360901243984699,1.49642539024353,0.605904757976532) (0.05821496,1.564626,0.6345921) (291.3937,28.52776,292.0759) (-0.1059956,1.2968,0.1153838) (306.9517,9.61131,352.7888)
compute 9.56758377872036(0.0224157702177763,1.40563571453094,0.578995406627655) (0.03609012,1.496425,0.6059048) (293.3934,21.85712,292.3169) (-0.1104539,1.29783,0.1259597) (311.3829,12.19268,352.706)
compute 5.58887735283431(0.00785659626126289,1.35607886314392,0.557648181915283) (0.02241577,1.405636,0.5789954) (295.5338,14.4927,296.4575) (-0.1121314,1.297766,0.1313684) (312.9399,12.581,352.675)
compute 2.39413533169319(0.0027315360493958,1.33323931694031,0.562675833702087) (0.007856596,1.356079,0.5576482) (297.201,10.28536,299.5057) (-0.1130592,1.298869,0.134445) (314.046,13.4249,352.5861)
compute 1.55024300835551(-0.000424857309553772,1.31925642490387,0.568578481674194) (0.002731536,1.333239,0.5626758) (298.223,7.369299,301.131) (-0.1133316,1.300076,0.1353824) (314.9751,14.09965,352.1853)
compute 1.58149966974262(-0.00588701106607914,1.30477941036224,0.571848809719086) (-0.0004248573,1.319256,0.5685785) (298.2728,3.307526,304.5696) (-0.1124804,1.300525,0.1357658) (316.1808,13.97419,352.5139)
compute 2.36879501499769(-0.0150145580992103,1.28984200954437,0.555890083312988) (-0.005887011,1.304779,0.5718488) (298.3481,359.9785,307.1702) (-0.1091924,1.29834,0.1361564) (317.6495,15.06752,352.1638)
compute 2.7965934197656(-0.0236276108771563,1.27215850353241,0.536010384559631) (-0.01501456,1.289842,0.5558901) (298.4153,356.8438,309.5394) (-0.1053747,1.298023,0.1375938) (319.4324,16.97326,351.3784)
compute 3.02681260015192(-0.0284260120242834,1.24616098403931,0.521270513534546) (-0.02362761,1.272159,0.5360104) (298.8336,354.5923,311.4201) (-0.1014904,1.293966,0.1424981) (323.4782,20.88373,349.7701)
compute 5.55162990910399(-0.0368089824914932,1.19546413421631,0.500255882740021) (-0.02842601,1.246161,0.5212705) (297.6384,352.4548,317.3334) (-0.09334292,1.284834,0.1493256) (331.5343,26.48135,347.3039)
compute 9.16919602341874(-0.0554938800632954,1.11139738559723,0.46877458691597) (-0.03680898,1.195464,0.5002559) (298.778,351.8022,322.8708) (-0.08116204,1.277551,0.155942) (337.8777,33.27121,345.6362)
compute 8.85240814000213(-0.0645651072263718,1.02685725688934,0.444133311510086) (-0.05549388,1.111397,0.4687746) (302.5507,354.1574,326.3408) (-0.06613652,1.270596,0.1617711) (343.145,40.2927,344.9609)
compute 5.46252343621191(-0.0557376183569431,0.97649872303009,0.42489767074585) (-0.06456511,1.026857,0.4441333) (305.2198,2.12866,329.8175) (-0.05223259,1.263462,0.1687556) (348.6981,45.97747,345.6501)
compute 4.18061311788325(-0.0413934737443924,0.939699053764343,0.411194294691086) (-0.05573762,0.9764987,0.4248977) (312.4489,10.59975,327.9726) (-0.04466864,1.254317,0.1713745) (353.5222,50.68263,346.7418)
compute 2.62042521975214(-0.0340534187853336,0.917740821838379,0.398921459913254) (-0.04139347,0.9396991,0.4111943) (315.5181,9.846414,333.4857) (-0.0393049,1.249858,0.1740546) (355.2268,53.23252,348.9579)
compute 2.35844450110073(-0.029348423704505,0.898233473300934,0.386529833078384) (-0.03405342,0.9177408,0.3989215) (318.981,6.933931,337.0961) (-0.03424046,1.248578,0.1771627) (354.5064,51.60075,348.5039)
compute 1.72378725554443(-0.021037258207798,0.884667634963989,0.379893809556961) (-0.02934842,0.8982335,0.3865298) (321.7145,3.328021,341.1075) (-0.02778472,1.247441,0.1913603) (354.183,43.32308,350.0242)
compute 2.06200930293318(-0.00134121277369559,0.878564417362213,0.379962921142578) (-0.02103726,0.8846676,0.3798938) (322.1205,4.770258,340.6125) (-0.02779477,1.246937,0.2146559) (354.3053,29.45175,353.0335)
compute 2.57688316551763(0.0227457508444786,0.875814199447632,0.388697177171707) (-0.001341213,0.8785644,0.3799629) (322.4516,13.33258,334.355) (-0.03220766,1.244007,0.2336188) (354.5854,15.34307,355.0654)
compute 3.10208728321854(0.0455130748450756,0.862670242786407,0.40516471862793) (0.02274575,0.8758142,0.3886972) (325.045,24.41171,325.102) (-0.02306072,1.242301,0.2443903) (353.8897,6.346465,356.8979)
compute 2.28871570761364(0.0601316578686237,0.859818696975708,0.42254251241684) (0.04551307,0.8626702,0.4051647) (325.3784,22.79058,321.9478) (-0.005632736,1.239344,0.2505413) (351.9075,1.734613,356.6545)
compute 1.52349326202145(0.0464693270623684,0.866151928901672,0.424852073192596) (0.06013166,0.8598187,0.4225425) (321.0133,1.952168,330.4976) (-0.009862818,1.241309,0.2534887) (349.6046,359.0126,357.3399)
compute 2.76202876778267(0.0196602512151003,0.862548828125,0.419268935918808) (0.04646933,0.8661519,0.4248521) (323.3621,341.451,339.3523) (0.003781315,1.240303,0.2563908) (348.6077,356.1421,357.63)
compute 1.27922883430999(0.00854883622378111,0.864288628101349,0.413173675537109) (0.01966025,0.8625488,0.4192689) (325.3895,334.1867,341.1329) (0.008981746,1.241344,0.2576624) (348.9261,354.2455,357.6859)
compute 2.29527906040936(0.00906459428369999,0.886185646057129,0.420035541057587) (0.008548836,0.8642886,0.4131737) (321.6908,341.8076,336.8984) (0.008812692,1.240866,0.2601481) (349.3681,354.2902,357.3203)
compute 1.99351221931674(0.0180141888558865,0.892845928668976,0.436556875705719) (0.009064594,0.8861856,0.4200355) (320.1595,358.7036,327.4174) (0.0003347732,1.242454,0.2605194) (348.8932,355.6484,357.2147)
compute 2.11052500537701(0.0356758236885071,0.887882769107819,0.446990728378296) (0.01801419,0.8928459,0.4365569) (320.5461,16.45717,319.4655) (-0.006556395,1.242039,0.2623857) (349.438,356.3983,356.3542)
compute 1.82458279466407(0.0456313043832779,0.880392730236053,0.460321068763733) (0.03567582,0.8878828,0.4469907) (319.5347,19.7438,321.6036) (-0.01840002,1.241192,0.2606704) (349.4836,357.8483,357.1321)
compute 0.572563050569669(0.0424193404614925,0.879192233085632,0.464906364679337) (0.0456313,0.8803927,0.4603211) (318.921,13.43589,324.3997) (-0.02939659,1.245313,0.255455) (349.334,358.5552,357.8829)
compute 1.91505862248444(0.0235618241131306,0.876726448535919,0.462657153606415) (0.04241934,0.8791922,0.4649064) (319.3505,4.491568,332.5402) (-0.0403852,1.245678,0.2463526) (349.192,359.1912,358.2726)
compute 2.08199533823612(0.00747618637979031,0.877066314220428,0.449443250894547) (0.02356182,0.8767264,0.4626572) (319.651,2.667988,334.4512) (-0.04552586,1.24841,0.2396823) (348.5907,359.463,358.6941)
compute 1.13497775165739(0.00261731306090951,0.876726150512695,0.43919175863266) (0.007476186,0.8770663,0.4494433) (323.9001,11.90924,327.0007) (-0.04713945,1.24861,0.2349277) (348.3631,0.004176788,358.8562)
compute 1.30118773798116(0.00143230054527521,0.887491345405579,0.431979596614838) (0.002617313,0.8767262,0.4391918) (323.086,12.10772,326.6505) (-0.04568607,1.248032,0.2293719) (349.2973,0.8763434,358.3246)
compute 0.920286629314674(0.00419031688943505,0.891459882259369,0.424147814512253) (0.001432301,0.8874913,0.4319796) (319.8583,9.862794,329.2957) (-0.04389162,1.248155,0.2207773) (349.6143,1.489957,359.0197)
compute 1.17957506764096(0.00209937989711761,0.890276908874512,0.412599295377731) (0.004190317,0.8914599,0.4241478) (319.9364,7.567096,330.6195) (-0.03798791,1.248093,0.217573) (348.1596,1.238159,359.0187)
compute 1.50288046695937(-0.00555727910250425,0.882739007472992,0.402091175317764) (0.00209938,0.8902769,0.4125993) (321.0604,4.059042,330.8943) (-0.03293992,1.252859,0.2187902) (345.8047,0.7121714,359.328)
compute 0.984201305671173(-0.0117740388959646,0.880482256412506,0.394802540540695) (-0.005557279,0.882739,0.4020912) (318.9742,358.612,335.1339) (-0.03191347,1.252033,0.2167016) (345.8956,359.8525,357.3188)
compute 2.09224419290432(-0.0254119895398617,0.869982779026031,0.382906496524811) (-0.01177404,0.8804823,0.3948025) (319.6234,353.5358,337.8628) (-0.04323803,1.245791,0.2049066) (348.2278,0.6220492,358.5018)
compute 2.92210706493686(-0.0420525074005127,0.871309876441956,0.358923107385635) (-0.02541199,0.8699828,0.3829065) (317.806,351.64,339.3741) (-0.06012718,1.244135,0.1912539) (349.3669,2.459043,357.2035)
compute 1.758958909862(-0.0512062087655067,0.87857574224472,0.345777362585068) (-0.04205251,0.8713099,0.3589231) (318.5358,357.3983,336.5531) (-0.08523938,1.244604,0.1778416) (349.2767,4.275838,356.2985)
compute 0.663933282277626(-0.0462158247828484,0.87895405292511,0.350140124559402) (-0.05120621,0.8785757,0.3457774) (320.6204,6.718401,333.1891) (-0.1118019,1.247009,0.1687696) (349.1697,5.627101,355.0285)
compute 0.131135890791198(-0.0464398004114628,0.878386080265045,0.351300686597824) (-0.04621582,0.8789541,0.3501401) (324.142,15.17996,330.8192) (-0.1301275,1.252318,0.161012) (350.2426,7.175997,354.4128)
compute 4.14691085792966(-0.0675700381398201,0.8848717212677,0.316213130950928) (-0.0464398,0.8783861,0.3513007) (324.2181,18.85327,329.9417) (-0.1389695,1.25494,0.1520085) (351.0297,6.939073,356.1656)
compute 0.958506610453876(-0.0648573413491249,0.887156128883362,0.307308286428452) (-0.06757004,0.8848717,0.3162131) (323.3883,18.47332,330.3942) (-0.1407993,1.256709,0.141515) (351.4031,5.705789,357.2193)
compute 0.411205736380656(-0.0680691748857498,0.888894498348236,0.305418521165848) (-0.06485734,0.8871561,0.3073083) (321.8476,13.67057,332.1714) (-0.1343553,1.257713,0.1301069) (349.7787,5.112105,357.5983)
compute 1.28835049182915(-0.0803388580679893,0.892763793468475,0.304734319448471) (-0.06806917,0.8888945,0.3054185) (321.225,7.403866,332.3563) (-0.1178525,1.26028,0.1199912) (347.7786,5.090597,358.4638)
compute 2.05278281676327(-0.0919268280267715,0.90325665473938,0.291429787874222) (-0.08033886,0.8927638,0.3047343) (317.3874,359.144,334.3865) (-0.1009981,1.262866,0.1141456) (346.5462,4.775841,358.5107)
compute 1.28336364362121(-0.0914989039301872,0.906512439250946,0.279023379087448) (-0.09192683,0.9032567,0.2914298) (315.8615,354.3376,335.9709) (-0.08735755,1.263103,0.1111855) (346.1217,4.839335,358.2622)
compute 1.75844325922758(-0.0743984058499336,0.902554571628571,0.280081927776337) (-0.0914989,0.9065124,0.2790234) (316.3829,354.2653,337.7938) (-0.07851928,1.263606,0.1104796) (346.4075,4.997965,358.0548)
compute 2.31416083828763(-0.0548848286271095,0.893823981285095,0.288943707942963) (-0.07439841,0.9025546,0.2800819) (318.5785,358.922,335.6151) (-0.0719739,1.263259,0.1087768) (346.0762,4.929199,357.6539)
compute 1.83666733227354(-0.0369657389819622,0.894441604614258,0.292926102876663) (-0.05488483,0.893824,0.2889437) (318.3907,1.605143,334.7844) (-0.06768917,1.262552,0.1075578) (345.6877,5.37137,356.6994)
compute 1.16317023931653(-0.0263636503368616,0.894275367259979,0.297707796096802) (-0.03696574,0.8944416,0.2929261) (319.0433,3.687873,334.1181) (-0.06657886,1.262902,0.1081953) (345.8891,5.817686,356.7231)
Average= 7.74974600212307
Max= 35.2274370061784
Standard Deviation= 7.16499150598416
Right: 27    Wrong: 3
0
