red 238.5269 243.9889 13.67985 (0.1616098,5,0.7) (0.1616098,1.713356,0.7)
red 239.0254 244.3222 13.24121 (-0.2962717,5,0.7) (-0.2962717,1.691799,0.7)
red 239.5224 244.9667 14.03563 (0.2945723,5,0.7) (0.2945723,1.823624,0.7)
black 239.0254 246.1222 12.12247 (0.9051633,5,0.7) (0.9051633,0.07824441,0.7)
black 239.5224 246.6889 12.22543 (-0.6907434,5,0.7) (-0.6907434,0.0794611,0.7)
red 240.5239 246.8778 14.31919 (-0.9811678,5,0.7) (-0.9811678,1.372424,0.7)
black 241.0326 247.1111 10.5638 (-0.743993,5,0.7) (-0.743993,0.07777533,0.7)
red 241.0326 247.1778 14.50548 (-0.9110768,5,0.7) (-0.9110768,1.540772,0.7)
red 240.0325 247.8889 16.72927 (-0.07772577,5,0.7) (-0.07772577,1.26774,0.7)
red 242.5301 248.2333 13.32201 (0.2336553,5,0.7) (0.2336553,1.457091,0.7)
red 241.5318 248.4667 15.73019 (0.4811301,5,0.7) (0.4811301,1.453102,0.7)
red 243.5272 249.2333 13.84932 (0.2242101,5,0.7) (0.2242101,1.61373,0.7)
red 243.029 249.2444 14.86815 (0.3026871,5,0.7) (0.3026871,1.603722,0.7)
black 242.0309 249.3 16.79679 (0.4103615,5,0.7) (0.4103615,1.565824,0.7)
black 240.5239 249.4 14.71327 (0.8652163,5,0.7) (0.8652163,0.08017319,0.7)
black 243.5272 249.6556 10.63357 (0.8289111,5,0.7) (0.8289111,0.07770607,0.7)
black 242.5301 249.7667 12.33893 (0.4637406,5,0.7) (0.4637406,0.0779624,0.7)
red 244.5264 250.2222 13.6236 (-0.6858401,5,0.7) (-0.6858401,1.554953,0.7)
red 242.0309 250.3556 16.81726 (-0.9676511,5,0.7) (-0.9676511,1.070193,0.7)
red 244.0271 250.3667 13.06089 (-0.9689865,5,0.7) (-0.9689865,0.9682651,0.7)
black 238.5269 250.4778 18.80361 (-0.2982036,5,0.7) (-0.2982036,0.08315526,0.7)
black 244.0271 250.6778 11.45055 (0.4907136,5,0.7) (0.4907136,0.08044043,0.7)
red 245.5226 251.7889 15.40591 (0.4191262,5,0.7) (0.4191262,1.721018,0.7)
red 245.0266 251.8778 16.69812 (0.4723437,5,0.7) (0.4723437,1.743018,0.7)
red 246.0327 251.9889 14.7456 (0.5705431,5,0.7) (0.5705431,1.712381,0.7)
black 244.5264 252.0556 12.77253 (0.4093601,5,0.7) (0.4093601,0.07941521,0.7)
black 240.0325 252.0889 18.94302 (0.6901357,5,0.7) (0.6901357,0.08335797,0.7)
black 241.5318 252.1222 17.06359 (-0.4616758,5,0.7) (-0.4616758,0.08351537,0.7)
black 246.5229 252.4111 10.23573 (0.131338,5,0.7) (0.131338,0.07149941,0.7)
red 246.5229 252.6778 13.95246 (-0.03880107,5,0.7) (-0.03880107,1.378951,0.7)
black 245.0266 252.7556 16.94839 (0.04084599,5,0.7) (0.04084599,1.389232,0.7)
red 248.0283 253.7444 13.61036 (-0.7969236,5,0.7) (-0.7969236,1.537444,0.7)
black 247.5283 254 11.16595 (0.2024015,5,0.7) (0.2024015,0.07531597,0.7)
red 247.5283 254.1889 15.97357 (-0.2796253,5,0.7) (-0.2796253,1.658413,0.7)
black 245.5226 254.2556 14.50873 (0.7432501,5,0.7) (0.7432501,0.07972941,0.7)
red 248.5248 254.4111 14.61367 (-0.4743773,5,0.7) (-0.4743773,1.720952,0.7)
red 247.0333 254.7778 13.09365 (-0.5957737,4.998965,0.7) (-0.5957737,0.07655709,0.7)
black 248.0283 254.8333 11.68768 (0.3463299,5,0.7) (0.3463299,0.07989196,0.7)
red 249.5276 254.9667 13.46693 (0.1692864,5,0.7) (0.1692864,1.666525,0.7)
black 249.0226 255.3667 10.95587 (-0.9012549,5,0.7) (-0.9012549,0.07371417,0.7)
red 249.0226 255.6445 13.12258 (0.6251681,5,0.7) (0.6251681,0.8128464,0.7)
black 243.029 255.7444 19.75588 (-0.3094965,5,0.7) (-0.3094965,0.08462597,0.7)
black 247.0333 256.3 15.26917 (-0.206205,4.998994,0.7) (-0.206205,0.07953982,0.7)
black 246.0327 256.9778 17.52837 (-0.141059,5,0.7) (-0.141059,0.08348664,0.7)
red 251.0309 257.5111 16.37562 (0.5552008,5,0.7) (0.5552008,1.844498,0.7)
black 250.5325 257.6222 17.44909 (0.3763575,5,0.7) (0.3763575,1.8032,0.7)
red 252.5333 257.8556 13.32508 (0.8204701,4.998968,0.7) (0.8204701,1.694994,0.7)
red 250.0246 257.9778 13.3902 (-0.8629336,5,0.7) (-0.8629336,0.07835065,0.7)
black 248.5248 258.0222 15.57733 (0.7997365,5,0.7) (0.7997365,0.08041912,0.7)
red 251.532 258.2222 15.14869 (0.2134906,5,0.7) (0.2134906,1.421049,0.7)
red 250.5325 258.2667 13.0761 (0.9275632,5,0.7) (0.9275632,0.07599498,0.7)
black 251.0309 258.9222 13.30441 (-0.1933941,5,0.7) (-0.1933941,0.07629182,0.7)
red 252.03 259.3 16.29305 (-0.9148655,5,0.7) (-0.9148655,1.436133,0.7)
black 253.0313 259.7444 11.54922 (-0.2209448,5,0.7) (-0.2209448,0.07866116,0.7)
black 252.03 260.1 13.57288 (0.3450222,5,0.7) (0.3450222,0.08049984,0.7)
black 251.532 260.1889 14.41281 (-0.8135762,5,0.7) (-0.8135762,0.07904191,0.7)
red 253.0313 260.2556 16.91784 (0.115095,5,0.7) (0.115095,1.616673,0.7)
black 249.5276 261.1778 18.42313 (-0.8042901,5,0.7) (-0.8042901,0.08232529,0.7)
black 250.0246 261.4556 18.14378 (-0.2609373,5,0.7) (-0.2609373,0.0834045,0.7)
black 252.5333 262.1667 15.78259 (0.3393607,4.999002,0.7) (0.3393607,0.08327118,0.7)
0
