red 191.7384 198.5667 16.58902 (-0.303821,5,0.7) (-0.303821,1.727636,0.7)
red 191.2334 199.5667 16.87933 (0.7543335,5,0.7) (0.7543335,1.087867,0.7)
red 193.2369 199.6667 13.03862 (0.8363798,5,0.7) (0.8363798,0.9030946,0.7)
red 192.7389 199.9778 15.84286 (0.8313644,5,0.7) (0.8313644,1.33038,0.7)
red 192.2375 201.1 14.69948 (0.9253078,5,0.7) (0.9253078,0.0808863,0.7)
red 194.7371 201.3 14.50139 (-0.5521667,5,0.7) (-0.5521667,1.30633,0.7)
red 194.2371 201.6333 16.50567 (-0.1263045,5,0.7) (-0.1263045,1.432464,0.7)
red 193.7392 202.3111 14.29117 (-0.8304858,5,0.7) (-0.8304858,0.08083497,0.7)
red 196.7337 202.5889 13.90507 (-0.7879143,5,0.7) (-0.7879143,1.543446,0.7)
red 196.2375 203.4667 15.55643 (0.396461,5,0.7) (0.396461,1.254772,0.7)
red 197.2437 203.7556 13.16524 (0.6013706,5,0.7) (0.6013706,0.8922161,0.7)
red 195.7408 204.1111 13.99832 (0.5760202,5,0.7) (0.5760202,0.07772101,0.7)
red 197.7339 204.3778 14.24106 (0.6774468,5,0.7) (0.6774468,1.181466,0.7)
red 195.2363 204.5444 15.32266 (0.8999712,5,0.7) (0.8999712,0.08242553,0.7)
red 199.2422 205.0889 14.26792 (0.2818052,5,0.7) (0.2818052,1.646346,0.7)
red 198.2439 205.4222 14.66871 (0.2199374,5,0.7) (0.2199374,1.007818,0.7)
red 199.7423 206.5222 16.55429 (0.3906147,5,0.7) (0.3906147,1.740756,0.7)
red 198.742 206.7778 13.52905 (-0.2056416,5,0.7) (-0.2056416,0.08245024,0.7)
red 201.2386 206.8556 13.76042 (0.6726806,5,0.7) (0.6726806,1.641876,0.7)
red 200.7383 207.1556 15.50805 (0.2909095,5,0.7) (0.2909095,1.665467,0.7)
red 200.2413 207.4222 16.95042 (-0.0407697,5,0.7) (-0.0407697,1.645504,0.7)
red 202.2371 207.6111 13.44952 (-0.134837,5,0.7) (-0.134837,1.702933,0.7)
red 202.7347 208.3333 13.48293 (-0.5975866,5,0.7) (-0.5975866,1.574945,0.7)
red 201.7388 208.7 16.2266 (-0.6487617,5,0.7) (-0.6487617,1.572632,0.7)
red 203.2341 209.4778 13.54309 (0.7386429,5,0.7) (0.7386429,1.196019,0.7)
red 204.2336 210.0889 14.42628 (0.08798921,5,0.7) (0.08798921,1.68968,0.7)
red 205.2433 210.3445 13.08268 (0.05305469,5,0.7) (0.05305469,1.766393,0.7)
red 204.7424 211.3778 16.77961 (-0.03950322,5,0.7) (-0.03950322,1.862752,0.7)
red 205.7422 212.0667 15.14131 (-0.6778274,5,0.7) (-0.6778274,1.616631,0.7)
red 206.2403 212.6111 15.13053 (-0.05513108,5,0.7) (-0.05513108,1.589736,0.7)
red 207.2362 213.4 14.57009 (0.6721261,5,0.7) (0.6721261,1.552643,0.7)
red 203.7345 213.7667 16.30788 (-0.8276644,5,0.7) (-0.8276644,0.08286875,0.7)
red 206.7369 214.1111 16.72758 (-0.2642366,5,0.7) (-0.2642366,1.500654,0.7)
red 207.7367 214.8111 16.47899 (-0.8380473,5,0.7) (-0.8380473,1.582173,0.7)
red 209.2439 215.2444 13.65412 (-0.3168679,5,0.7) (-0.3168679,1.3743,0.7)
red 208.7342 215.2556 14.54646 (-0.2386829,5,0.7) (-0.2386829,1.344974,0.7)
red 208.2356 215.9667 15.811 (0.8108821,5,0.7) (0.8108821,1.071445,0.7)
red 209.7432 216.3111 15.13217 (0.3507473,5,0.7) (0.3507473,1.482321,0.7)
red 210.2412 217.0222 15.41777 (0.993865,5,0.7) (0.993865,1.448727,0.7)
red 210.7423 217.2333 15.31678 (0.7709329,5,0.7) (0.7709329,1.574263,0.7)
0
