yellow 279.9273 287.0889 16.37483 (0.8133965,5,0.7) (0.8133965,1.512152,0.7)
purple 281.4257 287.2 10.07465 (0.6812479,5,0.7) (0.6812479,0.08001506,0.7)
purple 280.9267 287.3556 11.10323 (0.3382194,5,0.7) (0.3382194,0.07833642,0.7)
yellow 280.4265 287.4333 16.95208 (0.3710766,5,0.7) (0.3710766,1.729426,0.7)
blue 279.9273 287.4889 12.82604 (0.264673,5,0.7) (0.264673,0.08124655,0.7)
yellow 281.4257 287.6333 15.50534 (0.4942407,5,0.7) (0.4942407,1.775234,0.7)
purple 281.9237 287.7667 10.16729 (0.1661021,5,0.7) (0.1661021,0.07264052,0.7)
purple 280.4265 288.1111 12.99423 (0.08500016,5,0.7) (0.08500016,0.07591169,0.7)
yellow 282.433 288.5667 14.8014 (-0.268433,5,0.7) (-0.268433,1.628594,0.7)
blue 280.4265 288.6222 18.56263 (-0.1179737,5,0.7) (-0.1179737,1.578193,0.7)
blue 283.4322 289.3778 10.35649 (0.7157795,5,0.7) (0.7157795,0.07950819,0.7)
yellow 280.9267 289.5556 14.37601 (-0.7878616,5,0.7) (-0.7878616,0.08324236,0.7)
yellow 281.9237 289.6222 13.02513 (-0.8204288,5,0.7) (-0.8204288,0.08226967,0.7)
purple 279.9273 289.9445 16.29467 (-0.7149899,5,0.7) (-0.7149899,0.08345245,0.7)
yellow 284.4291 290.0111 13.24582 (-0.4442431,5,0.7) (-0.4442431,1.510668,0.7)
yellow 283.4322 290.1444 15.37891 (-0.233338,5,0.7) (-0.233338,1.473207,0.7)
yellow 283.9312 290.3889 13.88273 (-0.1501964,5,0.7) (-0.1501964,1.171692,0.7)
purple 284.4291 290.7222 10.89345 (-0.06358683,5,0.7) (-0.06358683,0.07713377,0.7)
purple 283.9312 291.1889 12.38168 (0.9819393,5,0.7) (0.9819393,0.08229221,0.7)
blue 283.9312 291.5556 12.91407 (-0.5968623,5,0.7) (-0.5968623,0.07661071,0.7)
blue 281.4257 292.0556 17.09875 (0.8214421,5,0.7) (0.8214421,0.08039586,0.7)
blue 280.9267 292.0667 17.76896 (0.3904721,5,0.7) (0.3904721,0.08206017,0.7)
purple 282.433 292.1667 15.9201 (0.05015099,5,0.7) (0.05015099,0.08382455,0.7)
yellow 284.9284 292.1889 16.89388 (0.3467772,5,0.7) (0.3467772,1.595117,0.7)
yellow 282.932 292.3889 15.53579 (-0.9690473,5,0.7) (-0.9690473,0.08198388,0.7)
yellow 286.4264 292.8111 14.90642 (0.6681809,5,0.7) (0.6681809,1.522581,0.7)
yellow 285.9274 292.9778 16.68201 (0.6081917,5,0.7) (0.6081917,1.643342,0.7)
blue 284.4291 293.0111 14.30008 (0.3965718,5,0.7) (0.3965718,0.07805437,0.7)
blue 282.932 293.0778 16.47403 (0.6562335,5,0.7) (0.6562335,0.08360034,0.7)
blue 281.9237 293.1555 17.88195 (0.9060779,5,0.7) (0.9060779,0.08154064,0.7)
purple 282.932 293.4333 16.94016 (0.1386501,5,0.7) (0.1386501,0.08130452,0.7)
yellow 286.9255 293.4556 15.89033 (0.6650946,5,0.7) (0.6650946,1.705068,0.7)
purple 284.9284 293.9333 14.90766 (-0.5038698,5,0.7) (-0.5038698,0.08313331,0.7)
yellow 285.4284 293.9556 14.221 (-0.5839355,5,0.7) (-0.5839355,0.07804914,0.7)
yellow 288.4331 293.9889 14.06092 (0.7858005,5,0.7) (0.7858005,1.758386,0.7)
blue 285.4284 294.2222 14.60476 (-0.811044,5,0.7) (-0.811044,0.08049721,0.7)
blue 284.9284 294.2333 15.32401 (-0.9464226,5,0.7) (-0.9464226,0.08299752,0.7)
purple 283.4322 294.3667 17.50894 (-0.2317413,5,0.7) (-0.2317413,0.0817068,0.7)
blue 286.4264 294.5445 13.6338 (0.8576384,5,0.7) (0.8576384,0.07911682,0.7)
blue 282.433 294.6111 19.08917 (0.003936648,5,0.7) (0.003936648,0.08135647,0.7)
purple 286.4264 294.6778 13.82836 (0.4733605,5,0.7) (0.4733605,0.08002117,0.7)
yellow 287.9278 294.9 15.65355 (-0.3444837,5,0.7) (-0.3444837,1.414993,0.7)
blue 287.4257 294.9222 12.725 (-0.3763949,5,0.7) (-0.3763949,0.08022362,0.7)
purple 287.4257 294.9222 16.60119 (-0.3687707,5,0.7) (-0.3687707,1.409259,0.7)
purple 286.9255 295.1 13.71899 (-0.02890241,5,0.7) (-0.02890241,0.0811534,0.7)
yellow 288.9319 295.7 15.68472 (-0.7364628,5,0.7) (-0.7364628,1.526837,0.7)
yellow 287.4257 295.7556 13.93485 (-0.4042472,5,0.7) (-0.4042472,0.07781486,0.7)
purple 285.9274 295.8 16.09863 (-0.2791473,5,0.7) (-0.2791473,0.08300179,0.7)
purple 289.4333 296.2444 11.69468 (0.08945048,4.998946,0.7) (0.08945048,0.07515332,0.7)
blue 286.9255 296.2444 15.32793 (-0.9741099,5,0.7) (-0.9741099,0.07856184,0.7)
purple 288.9319 296.7 13.13015 (-0.006549954,5,0.7) (-0.006549954,0.07823247,0.7)
yellow 289.4333 296.7444 15.17529 (0.6354592,4.998993,0.7) (0.6354592,1.094143,0.7)
blue 288.9319 296.8222 13.30606 (0.6481934,5,0.7) (0.6481934,0.07700719,0.7)
purple 288.4331 297.0445 14.35284 (-0.6017106,5,0.7) (-0.6017106,0.08027101,0.7)
blue 285.9274 297.6333 18.49849 (-0.8039777,5,0.7) (-0.8039777,0.08403686,0.7)
purple 285.4284 297.8 19.32313 (0.1345881,5,0.7) (0.1345881,0.08138937,0.7)
blue 287.9278 299.5778 18.42679 (0.9966691,5,0.7) (0.9966691,0.08358133,0.7)
blue 289.4333 299.7778 16.73046 (-0.6127951,4.999014,0.7) (-0.6127951,0.07998395,0.7)
purple 287.9278 299.8889 18.81769 (-0.3381902,5,0.7) (-0.3381902,0.08326933,0.7)
blue 288.4331 300.8556 19.3949 (-0.6774106,5,0.7) (-0.6774106,0.08251457,0.7)
0
