red 68.22479 73.46 13.81356 (-0.3452395,5,0.7) (-0.3452395,1.884015,0.7)
red 68.723 74.39333 13.00173 (0.7872379,5,0.7) (0.7872379,1.377389,0.7)
black 68.723 74.90444 10.71619 (-0.9936159,5,0.7) (-0.9936159,0.0753352,0.7)
black 70.71859 75.12667 10.87618 (0.5771317,5,0.7) (0.5771317,1.566221,0.7)
red 69.22209 75.12667 14.15393 (0.5933337,5,0.7) (0.5933337,1.582136,0.7)
black 69.72249 75.84889 10.63578 (-0.7680337,5,0.7) (-0.7680337,0.07885663,0.7)
red 70.71859 76.39333 14.85613 (0.8429425,5,0.7) (0.8429425,1.900635,0.7)
black 68.22479 77.20444 14.86335 (-0.1242353,5,0.7) (-0.1242353,0.07794385,0.7)
red 70.2205 77.21555 15.65874 (-0.3434819,5,0.7) (-0.3434819,1.40488,0.7)
red 71.21765 77.48222 14.67997 (-0.3825327,5,0.7) (-0.3825327,1.527205,0.7)
red 69.72249 77.82667 13.62664 (-0.6817048,5,0.7) (-0.6817048,0.08284992,0.7)
red 71.71786 77.96 13.82537 (-0.8297451,5,0.7) (-0.8297451,1.2866,0.7)
red 72.21693 78.27111 13.95868 (-0.4224287,5,0.7) (-0.4224287,1.440204,0.7)
black 69.22209 78.51556 15.30527 (-0.7560866,5,0.7) (-0.7560866,0.08167411,0.7)
red 72.72617 78.93778 15.06441 (-0.1432525,5,0.7) (-0.1432525,1.656232,0.7)
black 72.72617 79.00445 10.88019 (0.2482535,5,0.7) (0.2482535,0.07920577,0.7)
red 73.72535 79.10445 13.79784 (-0.01740229,5,0.7) (-0.01740229,1.792963,0.7)
black 70.2205 79.17111 14.82535 (-0.02707088,5,0.7) (-0.02707088,0.08134761,0.7)
black 72.21693 79.27111 12.05874 (-0.04656613,5,0.7) (-0.04656613,0.07983412,0.7)
black 71.21765 79.34889 13.65961 (-0.7426794,5,0.7) (-0.7426794,0.08316887,0.7)
red 74.2244 79.38223 13.23046 (-0.1546687,5,0.7) (-0.1546687,1.773015,0.7)
red 73.22496 81.02666 13.1831 (0.2353505,5,0.7) (0.2353505,0.08002777,0.7)
red 74.72366 81.61555 16.7608 (-0.6680815,5,0.7) (-0.6680815,1.736717,0.7)
red 76.21982 81.62667 13.89538 (-0.669852,5,0.7) (-0.669852,1.805923,0.7)
red 75.22179 81.73778 16.52579 (-0.7302315,5,0.7) (-0.7302315,1.863167,0.7)
black 75.72076 81.81556 15.55214 (-0.7905545,5,0.7) (-0.7905545,1.844889,0.7)
red 75.72076 82.36 15.56729 (-0.06977999,5,0.7) (-0.06977999,1.564839,0.7)
red 76.71806 82.37111 13.42934 (-0.09717643,5,0.7) (-0.09717643,1.524461,0.7)
black 71.71786 82.50445 17.30798 (-0.6929691,5,0.7) (-0.6929691,0.08229909,0.7)
black 76.21982 82.97112 11.59033 (0.3285606,5,0.7) (0.3285606,0.0739192,0.7)
black 73.22496 83.23778 16.28992 (0.3123846,5,0.7) (0.3123846,0.08171466,0.7)
red 77.71827 83.54889 14.79428 (0.7141795,5,0.7) (0.7141795,1.79907,0.7)
black 77.21835 83.58222 10.99725 (-0.02585065,5,0.7) (-0.02585065,0.07716031,0.7)
black 73.72535 83.63778 16.15718 (0.8135774,5,0.7) (0.8135774,0.08243035,0.7)
red 77.21835 83.71555 16.63906 (0.4502907,5,0.7) (0.4502907,1.899855,0.7)
red 78.7254 84.14889 14.08846 (-0.02659786,5,0.7) (-0.02659786,1.844092,0.7)
black 76.71806 84.61555 13.31471 (0.1764027,5,0.7) (0.1764027,0.08071288,0.7)
black 74.72366 84.78223 16.34483 (-0.4746858,5,0.7) (-0.4746858,0.07994071,0.7)
red 79.22591 85.23778 14.62422 (-0.7807219,5,0.7) (-0.7807219,1.648861,0.7)
black 74.2244 85.39333 17.81441 (0.1803344,5,0.7) (0.1803344,0.08287315,0.7)
red 78.21783 85.94889 13.07527 (-0.7287774,5,0.7) (-0.7287774,0.0827677,0.7)
red 79.72476 86.09334 15.82356 (0.3091988,5,0.7) (0.3091988,1.76779,0.7)
black 75.22179 86.17111 17.52004 (0.8579795,5,0.7) (0.8579795,0.08055174,0.7)
black 77.71827 86.31556 14.31676 (0.9434648,5,0.7) (0.9434648,0.07844263,0.7)
red 80.22421 87.02666 16.92437 (0.8660288,5,0.7) (0.8660288,1.817015,0.7)
red 80.72296 87.04889 16.24774 (0.8915217,5,0.7) (0.8915217,1.891401,0.7)
red 81.22217 87.84889 15.34579 (-0.1761388,5,0.7) (-0.1761388,1.511257,0.7)
black 79.22591 88.00445 14.58803 (0.4540419,5,0.7) (0.4540419,0.08005446,0.7)
black 78.21783 88.08222 16.08714 (-0.5135725,5,0.7) (-0.5135725,0.08429477,0.7)
red 81.72137 88.17111 15.68053 (-0.2809714,5,0.7) (-0.2809714,1.692169,0.7)
red 82.71911 88.27111 14.14382 (-0.4715654,5,0.7) (-0.4715654,1.787099,0.7)
black 78.7254 89.01556 16.66315 (0.7013392,5,0.7) (0.7013392,0.08229446,0.7)
black 82.71911 89.30444 11.34767 (0.4271118,5,0.7) (0.4271118,0.0803002,0.7)
red 82.22015 89.89333 14.68385 (0.7319944,5,0.7) (0.7319944,0.7393529,0.7)
black 79.72476 89.96 16.59503 (0.6383307,5,0.7) (0.6383307,0.08443969,0.7)
black 81.72137 90.26 14.24392 (0.3894903,5,0.7) (0.3894903,0.08091284,0.7)
black 82.22015 91.76 15.64591 (-0.06315839,5,0.7) (-0.06315839,0.08331023,0.7)
black 80.22421 92.47112 19.17456 (0.01806939,5,0.7) (0.01806939,0.0822531,0.7)
black 81.22217 93.18222 18.81839 (0.6475308,5,0.7) (0.6475308,0.08345759,0.7)
black 80.72296 93.42667 19.74465 (0.07261026,5,0.7) (0.07261026,0.08541836,0.7)
0
black 237.0899 243.4044 10.92987 (-0.7726572,5,0.7) (-0.7726572,0.0780448,0.7)
red 237.0899 246.06 14.85779 (-0.8827164,5,0.7) (-0.8827164,0.08187392,0.7)
red 237.5882 246.1933 14.33747 (0.9363861,5,0.7) (0.9363861,0.08042848,0.7)
red 238.0864 246.26 13.70844 (-0.8488183,5,0.7) (-0.8488183,0.0767616,0.7)
black 237.5882 246.3711 14.5895 (0.3735652,5,0.7) (0.3735652,0.08072171,0.7)
red 239.5833 247.4822 13.30486 (0.6720252,5,0.7) (0.6720252,0.07648817,0.7)
red 240.0925 247.8267 13.07698 (-0.08429611,5,0.7) (-0.08429611,0.07637633,0.7)
red 239.0853 248.2156 15.07257 (0.3365504,5,0.7) (0.3365504,0.08103645,0.7)
black 240.0925 248.5267 14.09526 (-0.8953788,5,0.7) (-0.8953788,0.07841592,0.7)
red 242.0906 248.5489 15.10821 (0.2682585,5,0.7) (0.2682585,1.535695,0.7)
red 240.5847 248.6933 13.6163 (0.7996728,5,0.7) (0.7996728,0.07850445,0.7)
red 238.5856 248.9378 16.73045 (-0.2380551,5,0.7) (-0.2380551,0.07998395,0.7)
black 238.5856 248.9711 16.78186 (-0.1956025,5,0.7) (-0.1956025,0.08251953,0.7)
red 242.5899 249.2045 16.22127 (0.5499678,5,0.7) (0.5499678,1.742031,0.7)
red 244.0872 250.1822 15.12207 (0.4076404,5,0.7) (0.4076404,1.737401,0.7)
black 241.5915 250.3711 14.5917 (-0.00933969,5,0.7) (-0.00933969,0.08153711,0.7)
black 239.5833 250.3933 17.33279 (0.6717205,5,0.7) (0.6717205,0.08083134,0.7)
black 238.0864 250.6711 19.58766 (-0.2626365,5,0.7) (-0.2626365,0.0830534,0.7)
red 241.5915 250.8267 15.2308 (0.8455002,5,0.7) (0.8455002,0.0826056,0.7)
red 241.083 251.1044 16.29265 (-0.7161288,5,0.7) (-0.7161288,0.08270876,0.7)
black 242.5899 251.2045 14.35695 (-0.5024617,5,0.7) (-0.5024617,0.08193684,0.7)
black 243.0889 251.2711 13.72747 (0.6821144,5,0.7) (0.6821144,0.07801035,0.7)
red 244.5861 251.6711 15.74412 (-0.5296674,5,0.7) (-0.5296674,1.382645,0.7)
black 239.0853 251.8044 19.75559 (0.9174795,5,0.7) (0.9174795,0.08457899,0.7)
black 242.0906 251.9156 16.02965 (0.09947765,5,0.7) (0.09947765,0.07969962,0.7)
black 240.5847 252.66 18.95748 (0.7809381,5,0.7) (0.7809381,0.08357835,0.7)
red 243.0889 252.66 15.68814 (-0.5411699,5,0.7) (-0.5411699,0.08202979,0.7)
red 245.5833 252.6822 16.82867 (-0.5197551,5,0.7) (-0.5197551,1.657987,0.7)
black 244.5861 253.0045 14.06312 (-0.3495291,5,0.7) (-0.3495291,0.07825626,0.7)
red 247.5907 253.0933 13.62846 (-0.3903428,5,0.7) (-0.3903428,1.671764,0.7)
black 243.5884 253.3044 15.88425 (0.4464185,5,0.7) (0.4464185,0.08173427,0.7)
black 241.083 253.36 19.21211 (-0.8819358,5,0.7) (-0.8819358,0.08548912,0.7)
black 245.0852 253.8711 14.59568 (0.6820879,5,0.7) (0.6820879,0.08315006,0.7)
red 243.5884 253.9044 16.68512 (-0.9246018,5,0.7) (-0.9246018,0.07955939,0.7)
black 247.0933 254.1267 12.04424 (-0.7671516,4.998951,0.7) (-0.7671516,0.08088239,0.7)
red 245.0852 254.36 15.27235 (0.9174912,5,0.7) (0.9174912,0.08081321,0.7)
black 247.5907 254.46 11.78843 (0.7847149,5,0.7) (0.7847149,0.07950419,0.7)
red 246.5826 254.7267 13.66121 (0.4162521,5,0.7) (0.4162521,0.07708657,0.7)
black 246.5826 254.8044 13.77898 (-0.09489071,5,0.7) (-0.09489071,0.07941562,0.7)
red 247.0933 255.1044 13.49114 (-0.9958925,4.998971,0.7) (-0.9958925,0.0800313,0.7)
red 246.0926 256.0378 16.20311 (0.0689162,5,0.7) (0.0689162,0.08277327,0.7)
black 244.0872 256.9711 19.95098 (-0.2457985,5,0.7) (-0.2457985,0.08228981,0.7)
red 249.0886 257.3044 13.78518 (-0.9366841,5,0.7) (-0.9366841,0.08202226,0.7)
red 248.5901 257.3378 14.54708 (0.819109,5,0.7) (0.819109,0.08249409,0.7)
black 246.0926 257.6378 18.29284 (0.5373986,5,0.7) (0.5373986,0.08126874,0.7)
red 249.5867 257.7489 15.91117 (-0.3201135,5,0.7) (-0.3201135,0.8813044,0.7)
black 245.5833 257.9044 19.25887 (-0.3754886,5,0.7) (-0.3754886,0.08284028,0.7)
red 250.5858 257.9156 15.05856 (-0.3439621,5,0.7) (-0.3439621,1.052006,0.7)
red 251.5832 258.1489 13.71076 (-0.1783606,5,0.7) (-0.1783606,1.054829,0.7)
black 248.5901 258.4822 16.12185 (0.4112839,5,0.7) (0.4112839,0.08046443,0.7)
red 248.0899 258.5489 16.88835 (0.7670226,5,0.7) (0.7670226,0.0837701,0.7)
black 249.5867 258.7044 15.05797 (0.8817093,5,0.7) (0.8817093,0.08130246,0.7)
red 250.0869 258.9267 14.66896 (-0.2259179,5,0.7) (-0.2259179,0.08117664,0.7)
red 251.0861 258.9489 15.74672 (-0.7652497,5,0.7) (-0.7652497,0.983515,0.7)
black 251.5832 259.2933 13.02701 (0.4278252,5,0.7) (0.4278252,0.07594647,0.7)
black 248.0899 260.0045 18.7583 (0.466768,5,0.7) (0.466768,0.08208524,0.7)
black 249.0886 260.2378 17.77822 (0.5858896,5,0.7) (0.5858896,0.08030292,0.7)
black 250.0869 261.8711 18.59165 (-0.3361722,5,0.7) (-0.3361722,0.08237708,0.7)
black 250.5858 263.16 19.57297 (0.6146011,5,0.7) (0.6146011,0.08263776,0.7)
black 251.0861 263.2822 19.10248 (-0.4839221,5,0.7) (-0.4839221,0.08121994,0.7)
0
red 278.5905 283.7711 13.54536 (0.2553799,5,0.7) (0.2553799,1.846201,0.7)
red 279.0902 284.9933 15.81138 (0.05538595,5,0.7) (0.05538595,2.003497,0.7)
red 281.5828 286.6156 13.34919 (0.8138342,5,0.7) (0.8138342,1.889683,0.7)
red 281.0847 286.6489 14.44334 (0.8652468,5,0.7) (0.8652468,1.858948,0.7)
red 280.0871 286.7489 16.78713 (0.9155884,5,0.7) (0.9155884,1.853877,0.7)
black 280.5855 287.0156 11.09623 (-0.1231178,5,0.7) (-0.1231178,0.07483673,0.7)
red 282.0927 287.2378 13.83291 (0.7549021,5,0.7) (0.7549021,1.942495,0.7)
red 282.5929 287.9933 13.74719 (0.1123871,5,0.7) (0.1123871,1.765738,0.7)
black 280.0871 288.3044 13.77687 (0.7549889,5,0.7) (0.7549889,0.07854631,0.7)
red 280.5855 288.3044 13.05626 (-0.9528177,5,0.7) (-0.9528177,0.08160922,0.7)
black 282.0927 288.8489 11.60966 (0.4584045,5,0.7) (0.4584045,0.07506111,0.7)
black 283.0919 288.8822 10.0958 (0.01500833,5,0.7) (0.01500833,0.07226673,0.7)
red 279.5878 289.4933 16.13889 (-0.7889969,5,0.7) (-0.7889969,0.08122724,0.7)
black 279.0902 289.5156 16.83708 (-0.7103043,5,0.7) (-0.7103043,0.08120263,0.7)
red 283.0919 289.7711 14.18154 (-0.7079954,5,0.7) (-0.7079954,1.136684,0.7)
black 279.5878 290.46 17.42789 (-0.3791872,5,0.7) (-0.3791872,0.08368681,0.7)
black 278.5905 290.46 18.70309 (0.4244334,5,0.7) (0.4244334,0.08226572,0.7)
red 284.0895 291.0267 13.49566 (-0.1759962,5,0.7) (-0.1759962,0.7479727,0.7)
black 281.0847 291.6045 16.95497 (0.3249781,5,0.7) (0.3249781,0.08131557,0.7)
red 283.5902 291.6711 13.59132 (-0.1062864,5,0.7) (-0.1062864,0.08151044,0.7)
red 284.5897 291.9489 16.08604 (0.2090534,5,0.7) (0.2090534,1.335994,0.7)
black 282.5929 292.4044 16.0184 (-0.4417001,5,0.7) (-0.4417001,0.08111569,0.7)
red 286.0869 293.0934 16.09397 (0.6163068,5,0.7) (0.6163068,1.516147,0.7)
red 287.0854 293.6045 16.50543 (0.5165567,5,0.7) (0.5165567,1.858478,0.7)
black 288.0836 293.6156 14.15973 (0.5040531,5,0.7) (0.5040531,1.804282,0.7)
black 284.0895 293.8044 15.87945 (-0.4093033,5,0.7) (-0.4093033,0.07992592,0.7)
black 284.5897 293.8267 15.2242 (0.03165162,5,0.7) (0.03165162,0.08002758,0.7)
black 281.5828 294.0822 19.47796 (0.7629504,5,0.7) (0.7629504,0.08276816,0.7)
black 287.0854 294.1267 12.04277 (-0.6110706,5,0.7) (-0.6110706,0.08022305,0.7)
red 286.5861 294.2156 16.40447 (-0.2489225,5,0.7) (-0.2489225,1.291632,0.7)
red 285.5869 294.6267 16.1445 (-0.555274,5,0.7) (-0.555274,0.5154748,0.7)
black 287.5841 294.6378 12.04709 (0.932163,5,0.7) (0.932163,0.07436551,0.7)
red 285.0888 294.8156 15.89988 (-0.446309,5,0.7) (-0.446309,0.08188811,0.7)
red 288.5825 295.0934 13.10991 (-0.7821925,5,0.7) (-0.7821925,0.8791728,0.7)
red 287.5841 295.6933 16.41246 (-0.4188834,5,0.7) (-0.4188834,1.060287,0.7)
red 289.5898 295.8044 13.42868 (-0.3866698,5,0.7) (-0.3866698,1.172112,0.7)
black 285.0888 295.9378 17.39387 (0.4619434,5,0.7) (0.4619434,0.08194032,0.7)
black 283.5902 296.1156 19.52442 (-0.04895723,5,0.7) (-0.04895723,0.08456564,0.7)
red 289.0933 296.1156 14.85147 (-0.642818,5,0.7) (-0.642818,1.151809,0.7)
black 286.0869 296.3156 16.56683 (0.9635453,5,0.7) (0.9635453,0.079616,0.7)
red 290.0885 296.6267 14.60069 (-0.7857902,5,0.7) (-0.7857902,1.348558,0.7)
black 289.5898 296.7822 12.27888 (-0.6493807,5,0.7) (-0.6493807,0.0810135,0.7)
black 292.5825 297.0378 10.79895 (-0.5770302,5,0.7) (-0.5770302,1.503259,0.7)
black 285.5869 297.0378 18.16474 (-0.04597509,5,0.7) (-0.04597509,0.08095022,0.7)
red 288.0836 297.6711 15.69513 (-0.02734601,5,0.7) (-0.02734601,0.078967,0.7)
black 292.0862 297.6933 12.57505 (0.1165477,5,0.7) (0.1165477,1.28022,0.7)
red 291.5872 297.7378 14.22875 (0.03119957,5,0.7) (0.03119957,1.461367,0.7)
black 288.5825 298.2822 15.84728 (0.5248609,5,0.7) (0.5248609,0.07918818,0.7)
red 291.0871 298.5489 16.36041 (0.6396549,5,0.7) (0.6396549,1.361308,0.7)
red 292.0862 298.76 15.35671 (0.476566,5,0.7) (0.476566,1.49068,0.7)
red 293.0924 299.0934 13.14643 (0.9152305,5,0.7) (0.9152305,1.211064,0.7)
black 286.5861 299.26 19.6931 (0.3457997,5,0.7) (0.3457997,0.08197133,0.7)
black 291.5872 299.3378 13.10444 (-0.3359474,5,0.7) (-0.3359474,0.08120606,0.7)
black 289.0933 299.5934 16.94422 (0.6936834,5,0.7) (0.6936834,0.08268779,0.7)
red 292.5825 299.6045 16.69218 (0.2939579,5,0.7) (0.2939579,1.661797,0.7)
red 290.5895 300.1378 15.66354 (0.9663749,5,0.7) (0.9663749,0.0842063,0.7)
black 290.5895 300.36 15.95629 (-0.5045874,5,0.7) (-0.5045874,0.08046554,0.7)
black 290.0885 302.5378 19.43075 (-0.2620333,5,0.7) (-0.2620333,0.0852091,0.7)
black 291.0871 303.0378 18.80796 (-0.02002275,5,0.7) (-0.02002275,0.08463199,0.7)
black 293.0924 303.86 17.29016 (0.08908904,5,0.7) (0.08908904,0.0811241,0.7)
0
