compute 160.135888862204(0.388725101947784,1.55317735671997,-0.0297192167490721) (0,0,0) (311.9111,166.2493,203.8011) (0.08710415,1.58876,0.003139422) (337.3866,1.609832,0.2987649)
compute 7.48063208108411(0.347077518701553,1.49743461608887,-0.00225630984641612) (0.3887251,1.553177,-0.02971922) (308.8426,158.8976,205.3204) (0.05257298,1.56221,0.007418417) (336.9008,359.9026,2.760556)
compute 11.1384304841679(0.304261833429337,1.41562807559967,0.0600411258637905) (0.3470775,1.497435,-0.00225631) (303.2737,127.7192,224.0436) (0.01246507,1.574605,0.01159651) (335.7213,358.8454,4.065531)
compute 14.1952701976256(0.230764582753181,1.33475625514984,0.1506417542696) (0.3042618,1.415628,0.06004113) (303.8156,63.65403,283.9679) (-0.01689767,1.602827,0.002012805) (334.0466,359.9442,4.290355)
compute 6.63796354632689(0.17108878493309,1.30676853656769,0.158499404788017) (0.2307646,1.334756,0.1506418) (311.3824,42.27451,295.8945) (-0.04801691,1.599182,-0.001348189) (331.475,358.8531,8.504362)
compute 4.29232509919289(0.142154678702354,1.33761239051819,0.15115912258625) (0.1710888,1.306769,0.1584994) (300.4828,42.36106,299.7309) (-0.08110636,1.592286,0.001363778) (331.9068,358.1762,11.99743)
compute 6.81389856215818(0.164834156632423,1.39783656597137,0.128762438893318) (0.1421547,1.337612,0.1511591) (290.6204,81.27291,271.7878) (-0.1027941,1.584486,0.001536571) (331.9963,358.0671,12.97482)
compute 6.92259214332541(0.165726467967033,1.44260215759277,0.075965903699398) (0.1648342,1.397837,0.1287624) (292.2935,141.0753,220.7319) (-0.1198223,1.576733,-0.001121691) (333.2719,357.9832,13.3556)
compute 3.98597402854786(0.148135960102081,1.46223425865173,0.0460668466985226) (0.1657265,1.442602,0.0759659) (296.916,175.0465,199.6829) (-0.1287224,1.579548,-0.01092138) (335.2776,-0.002940313,12.66653)
compute 35.674400346862(0.269857734441757,1.79251384735107,0.10407967120409) (0.148136,1.462234,0.04606685) (298.7975,186.0547,198.24) (-0.1251533,1.575228,-0.01997682) (332.2487,2.630661,12.34568)
compute 8.20471503230548(0.2918441593647,1.87078535556793,0.115120641887188) (0.2698577,1.792514,0.1040797) (291.4073,190.2915,206.6177) (-0.1199251,1.569635,-0.02762394) (331.39,7.689579,11.72124)
compute 3.11022732267182(0.265486836433411,1.85457146167755,0.111997723579407) (0.2918442,1.870785,0.1151206) (292.1063,192.5512,206.1171) (-0.1244639,1.584463,-0.03203569) (330.2189,11.81882,13.04271)
compute 9.81508162451564(0.214744970202446,1.77111744880676,0.121707201004028) (0.2654868,1.854571,0.1119977) (293.7422,210.229,185.9839) (-0.1218253,1.591524,-0.03990577) (327.1531,12.70779,13.37194)
compute 8.68669621140424(0.14710733294487,1.72354531288147,0.14831380546093) (0.214745,1.771117,0.1217072) (295.4311,221.7505,172.2411) (-0.08290509,1.579786,-0.05463666) (324.8628,19.93232,4.304442)
compute 6.90502698902925(0.0852168202400208,1.74398922920227,0.171107456088066) (0.1471073,1.723545,0.1483138) (296.8286,223.1986,167.9318) (-0.03360244,1.576955,-0.07518622) (325.3285,33.37611,352.4213)
compute 5.02654613262708(0.0436096154153347,1.76942980289459,0.183282613754272) (0.08521682,1.743989,0.1711075) (296.0148,222.9814,166.9884) (-0.0182664,1.595043,-0.08329461) (325.3986,33.52661,352.7814)
compute 0.690145858576101(0.0369614847004414,1.76764178276062,0.18376787006855) (0.04360962,1.76943,0.1832826) (298.1237,228.945,159.7342) (-0.02586332,1.600008,-0.07167726) (323.4199,22.99738,358.5267)
compute 5.67387983572919(0.0914429053664207,1.75259149074554,0.178812578320503) (0.03696148,1.767642,0.1837679) (298.8047,226.8653,162.3302) (-0.06522822,1.590807,-0.04777937) (323.746,4.633857,11.11103)
compute 9.36409828974481(0.182839721441269,1.73872292041779,0.193743035197258) (0.09144291,1.752591,0.1788126) (289.5563,209.8185,176.468) (-0.05842778,1.583854,-0.04344572) (326.0576,359.4638,13.68831)
compute 4.60182228050744(0.213385686278343,1.73027288913727,0.227107957005501) (0.1828397,1.738723,0.193743) (282.3454,201.9262,183.4061) (0.008806296,1.601911,-0.05231389) (322.0742,9.572153,2.368995)
compute 2.49263804986779(0.190081253647804,1.72142910957336,0.226983726024628) (0.2133857,1.730273,0.227108) (287.0529,222.1296,160.9037) (0.08415971,1.608066,-0.07294084) (315.2959,29.6541,345.5974)
compute 1.88399711785844(0.187890082597733,1.71317207813263,0.210191920399666) (0.1900813,1.721429,0.2269837) (290.2146,218.6803,158.128) (0.1102013,1.611567,-0.08496165) (311.2191,34.18301,345.8483)
compute 3.32639986729642(0.217569440603256,1.7116219997406,0.195251151919365) (0.1878901,1.713172,0.2101919) (288.746,209.2601,164.6174) (0.114123,1.614891,-0.09584154) (305.9749,35.2727,344.4087)
compute 3.23521013596579(0.248489648103714,1.71971607208252,0.190242633223534) (0.2175694,1.711622,0.1952512) (288.3281,204.3541,171.3179) (0.1038808,1.617526,-0.1056017) (302.1802,32.32658,346.9042)
compute 3.5088655745888(0.27497211098671,1.74266755580902,0.192009657621384) (0.2484896,1.719716,0.1902426) (284.8893,183.8426,189.7696) (0.08922081,1.618313,-0.1117936) (300.9032,31.87932,347.4185)
compute 2.72304854459309(0.290241003036499,1.76495718955994,0.1954056173563) (0.2749721,1.742668,0.1920097) (282.6202,158.9767,210.4384) (0.06875401,1.616505,-0.1174825) (298.7237,29.1745,349.6323)
compute 1.72096562906103(0.296299010515213,1.78025436401367,0.200452327728271) (0.290241,1.764957,0.1954056) (282.5041,138.5379,228.0403) (0.04835264,1.615366,-0.1209549) (297.1397,27.35284,350.2501)
compute 3.10259659100615(0.309615939855576,1.79691159725189,0.22298689186573) (0.296299,1.780254,0.2004523) (282.7981,132.0213,233.8036) (0.02816949,1.616096,-0.1144055) (297.6578,25.50679,352.3775)
compute 0.789173362204241(0.308363020420074,1.80358779430389,0.227004110813141) (0.3096159,1.796912,0.2229869) (282.9421,135.9178,231.6102) (0.006984982,1.616985,-0.102563) (298.7855,20.91629,357.3448)
compute 0.749690374989843(0.301539987325668,1.80596101284027,0.229008510708809) (0.308363,1.803588,0.2270041) (282.9342,136.2651,231.6851) (-0.01225776,1.617452,-0.08986072) (300.0987,16.56547,2.019904)
compute 1.5610638692846(0.287169754505157,1.80590963363647,0.235106527805328) (0.30154,1.805961,0.2290085) (281.2208,136.6111,234.3527) (-0.02149395,1.618709,-0.07606592) (300.4413,14.86825,4.165048)
compute 1.79659384731006(0.276745587587357,1.80467844009399,0.249687194824219) (0.2871698,1.80591,0.2351065) (278.8537,122.415,250.5423) (-0.02667158,1.620415,-0.06538839) (301.1416,13.99459,5.414461)
compute 3.44670100894914(0.27454999089241,1.80223822593689,0.283997535705566) (0.2767456,1.804678,0.2496872) (276.881,85.49834,288.0428) (-0.02340267,1.620691,-0.05563681) (301.8022,14.26558,5.234627)
compute 4.97521181056215(0.25337889790535,1.79252088069916,0.32795923948288) (0.27455,1.802238,0.2839975) (282.0048,41.89039,327.0262) (-0.01280511,1.621143,-0.05148226) (301.9962,15.09997,5.493449)
compute 7.24015010917498(0.189090967178345,1.78566741943359,0.36054864525795) (0.2533789,1.792521,0.3279592) (281.5503,2.481489,5.130215) (0.01078733,1.620304,-0.05192562) (303.1838,19.73455,1.327206)
compute 5.90909989563025(0.1306032538414,1.78766322135925,0.368730962276459) (0.189091,1.785667,0.3605486) (285.4481,299.8521,71.98276) (0.03034497,1.620919,-0.0520663) (303.2917,20.69223,359.2967)
compute 5.37655393105253(0.154477253556252,1.83127391338348,0.348264575004578) (0.1306033,1.787663,0.368731) (283.6891,282.3964,97.60933) (0.04148382,1.621859,-0.05048703) (302.4816,18.41528,0.5614347)
compute 11.230094984897(0.241702169179916,1.88664662837982,0.304251164197922) (0.1544773,1.831274,0.3482646) (276.3133,233.5313,155.6956) (0.05218705,1.62195,-0.04689174) (302.2167,17.87849,0.6232205)
compute 9.16892228603507(0.320335537195206,1.91741561889648,0.268516361713409) (0.2417022,1.886647,0.3042512) (279.0982,156.2945,238.3459) (0.05811391,1.622147,-0.04397536) (301.8602,17.63077,0.9013247)
compute 1.70783367767866(0.331428945064545,1.92934584617615,0.263390392065048) (0.3203355,1.917416,0.2685164) (282.5577,142.5615,250.7851) (0.06083104,1.622079,-0.04226898) (301.974,18.10151,1.389308)
compute 5.19084664423651(0.285852074623108,1.93645870685577,0.287194699048996) (0.3314289,1.929346,0.2633904) (277.6416,185.8136,209.4772) (0.06129931,1.621551,-0.04155835) (301.4834,17.84981,1.495362)
compute 7.17422687395563(0.216970413923264,1.94226694107056,0.306391954421997) (0.2858521,1.936459,0.2871947) (280.9001,228.1099,165.1312) (0.05002321,1.621041,-0.03903089) (300.4572,12.66917,4.567204)
compute 8.09646605739681(0.13845919072628,1.94233703613281,0.326172232627869) (0.2169704,1.942267,0.306392) (285.5861,245.2181,145.9625) (0.0270649,1.618835,-0.03327765) (300.0438,2.445545,11.87144)
compute 6.65434748917746(0.0725513324141502,1.93911385536194,0.334762901067734) (0.1384592,1.942337,0.3261722) (289.6923,251.5931,137.5672) (0.006888304,1.617311,-0.02750759) (301.2531,356.0072,16.47047)
compute 2.6937310864121(0.0460185296833515,1.93870985507965,0.33939602971077) (0.07255133,1.939114,0.3347629) (290.6782,249.004,137.9024) (-0.006713197,1.615279,-0.022535) (301.6384,352.4796,18.33968)
compute 1.34802704288455(0.0548661760985851,1.94631910324097,0.346144080162048) (0.04601853,1.93871,0.339396) (287.231,241.7708,143.4331) (-0.01697006,1.615515,-0.01821031) (302.3439,351.2378,19.98528)
compute 3.74821968341536(0.0869563668966293,1.95427691936493,0.363802164793015) (0.05486618,1.946319,0.3461441) (283.1624,238.8036,148.3984) (-0.0166648,1.615132,-0.01229165) (302.2838,353.5058,19.51398)
compute 4.02762646692225(0.126048251986504,1.95701289176941,0.373103588819504) (0.08695637,1.954277,0.3638022) (279.8536,238.4917,151.4756) (-0.004773308,1.615806,-0.008256285) (301.679,358.0073,17.42209)
compute 3.5767904577652(0.161467343568802,1.95299315452576,0.376048535108566) (0.1260483,1.957013,0.3731036) (278.2858,241.5889,150.1755) (0.01760517,1.618224,-0.003095168) (301.6815,3.686872,13.65429)
compute 3.16822837084365(0.192430451512337,1.94683480262756,0.378718316555023) (0.1614673,1.952993,0.3760485) (279.0713,246.9474,147.3592) (0.0466509,1.619948,0.00365267) (303.1771,10.14482,9.300384)
compute 3.07973147821381(0.222656294703484,1.94215929508209,0.375111013650894) (0.1924305,1.946835,0.3787183) (279.2406,239.0577,153.6527) (0.07341672,1.61958,0.009162058) (304.3763,13.18405,6.627872)
compute 2.20757987559692(0.244263276457787,1.94042372703552,0.370931655168533) (0.2226563,1.942159,0.375111) (281.8167,226.0588,165.7879) (0.09777113,1.618633,0.01242461) (304.8837,13.96691,4.995059)
compute 1.38572870588102(0.256513476371765,1.93463146686554,0.368032217025757) (0.2442633,1.940424,0.3709317) (284.2411,223.199,165.8601) (0.1183514,1.617308,0.01448802) (305.3864,13.89027,4.464072)
compute 0.98799103832075(0.263840287923813,1.92865967750549,0.370907664299011) (0.2565135,1.934631,0.3680322) (285.4422,225.1196,163.0047) (0.1345379,1.615958,0.01625467) (305.2695,12.36895,5.078537)
compute 1.21377574942078(0.268026322126389,1.92512631416321,0.381738990545273) (0.2638403,1.92866,0.3709077) (285.903,234.4642,153.4693) (0.1468843,1.615246,0.01860594) (305.1483,9.367697,6.16634)
compute 1.08477983192586(0.266296923160553,1.92064261436462,0.391464233398438) (0.2680263,1.925126,0.381739) (286.6015,239.0918,148.9207) (0.1507939,1.614511,0.02180141) (305.3937,7.439343,6.52055)
compute 1.96646816011563(0.261963844299316,1.91528713703156,0.409882783889771) (0.2662969,1.920643,0.3914642) (285.9442,238.8073,147.4954) (0.1457056,1.613176,0.02939877) (306.0583,6.123108,5.771942)
compute 3.07648667694565(0.249437227845192,1.90822887420654,0.437080979347229) (0.2619638,1.915287,0.4098828) (284.9754,251.9151,135.4833) (0.1250053,1.610577,0.04002472) (305.7505,5.528306,6.29003)
compute 3.41855039089461(0.225667595863342,1.89875900745392,0.45975199341774) (0.2494372,1.908229,0.437081) (284.5059,257.282,128.6471) (0.09476001,1.608359,0.05480203) (305.8907,5.000338,6.357067)
compute 5.31682879391294(0.191861644387245,1.89189302921295,0.500210404396057) (0.2256676,1.898759,0.459752) (284.8137,265.4743,119.6112) (0.05802759,1.613913,0.07629801) (306.637,2.738018,7.913187)
compute 6.11251178021212(0.149220287799835,1.88436007499695,0.543352603912354) (0.1918616,1.891893,0.5002104) (286.61,277.2011,108.5855) (0.02839416,1.615322,0.1064734) (308.7839,2.080277,9.389715)
compute 5.82115514592358(0.105120591819286,1.87778067588806,0.580776035785675) (0.1492203,1.88436,0.5433526) (290.9519,279.4873,106.6766) (0.004471384,1.615583,0.1381917) (310.6302,1.913817,9.584065)
compute 4.96276103055359(0.0714870169758797,1.86896944046021,0.616188526153564) (0.1051206,1.877781,0.580776) (293.2269,283.1725,101.7396) (-0.0089139,1.61361,0.1699043) (313.4701,4.47789,7.589199)
compute 4.05906441109708(0.0471224114298821,1.85717439651489,0.646434903144836) (0.07148702,1.868969,0.6161885) (295.2667,286.1434,99.27806) (-0.02109131,1.608782,0.1979785) (316.7193,6.79954,7.185519)
compute 3.35333539628494(0.031418964266777,1.84834110736847,0.674716711044312) (0.04712241,1.857174,0.6464349) (295.8474,287.9547,98.20986) (-0.03117548,1.606326,0.2190011) (318.7213,8.063745,6.935565)
compute 2.98797895568382(0.0193911995738745,1.84490036964417,0.701851487159729) (0.03141896,1.848341,0.6747167) (297.3917,291.3285,97.64385) (-0.04636686,1.605839,0.2356607) (319.9718,6.674167,7.173281)
compute 5.77261883206068(-0.0252484884113073,1.8251678943634,0.732677459716797) (0.0193912,1.8449,0.7018515) (299.7074,295.066,94.13165) (-0.06605396,1.602561,0.2476883) (321.1601,5.705906,7.44285)
compute 11.1790198374386(-0.123659379780293,1.78255617618561,0.764246225357056) (-0.02524849,1.825168,0.7326775) (304.1601,292.8377,89.54723) (-0.09353787,1.597399,0.2573042) (321.1105,4.492848,8.217293)
compute 14.0488436962854(-0.248079225420952,1.71786034107208,0.772681415081024) (-0.1236594,1.782556,0.7642462) (312.6442,286.7256,88.31876) (-0.1148717,1.590397,0.2663119) (320.9422,4.876545,9.656547)
compute 10.3646203473598(-0.328657507896423,1.65745842456818,0.748160302639008) (-0.2480792,1.71786,0.7726814) (317.261,278.6642,83.54208) (-0.1044232,1.587713,0.2762903) (321.8757,12.46622,7.273805)
compute 4.32267618298643(-0.306195676326752,1.63373076915741,0.776462554931641) (-0.3286575,1.657458,0.7481603) (318.4051,278.3025,83.19444) (-0.0602383,1.588964,0.2734083) (325.7294,25.36396,1.810505)
compute 16.9320019197589(-0.143697828054428,1.6407356262207,0.823522627353668) (-0.3061957,1.633731,0.7764626) (315.1616,296.3172,77.50881) (0.002378788,1.58968,0.2532673) (328.1812,40.83245,354.7012)
compute 27.4972932978495(0.129015430808067,1.67111921310425,0.80579024553299) (-0.1436978,1.640736,0.8235226) (304.7302,325.4938,63.02241) (0.06685306,1.589625,0.234264) (328.6347,45.65419,352.4135)
compute 25.2279406653102(0.377174884080887,1.69103157520294,0.764982342720032) (0.1290154,1.671119,0.8057902) (299.1894,358.4273,43.34446) (0.1351833,1.588688,0.2193144) (327.9206,46.25525,350.9347)
compute 20.6640907121515(0.573715269565582,1.67368817329407,0.703569412231445) (0.3771749,1.691032,0.7649823) (301.5131,31.5546,17.00475) (0.2034298,1.595964,0.2065622) (327.6719,45.66513,348.512)
compute 17.2231540234773(0.724811613559723,1.60864114761353,0.652554869651794) (0.5737153,1.673688,0.7035694) (310.0742,44.40873,9.445818) (0.256824,1.597858,0.1943967) (326.947,45.59302,347.7328)
compute 13.1333373218667(0.825875163078308,1.53266215324402,0.617032945156097) (0.7248116,1.608641,0.6525549) (317.2444,50.81818,6.771844) (0.2958621,1.600439,0.1867394) (326.5332,44.88575,346.6521)
compute 8.68691116983693(0.890001177787781,1.47826266288757,0.595243215560913) (0.8258752,1.532662,0.6170329) (322.2044,55.04708,5.290932) (0.3260213,1.600645,0.184299) (325.7582,43.68248,346.1199)
compute 3.30543370062233(0.920396149158478,1.46794104576111,0.587356567382813) (0.8900012,1.478263,0.5952432) (323.1219,57.56179,2.690687) (0.3506225,1.599179,0.1862996) (326.2788,42.75371,346.0538)
compute 2.62297304068707(0.918585896492004,1.49410533905029,0.587745845317841) (0.9203961,1.467941,0.5873566) (319.6009,57.08588,1.831063) (0.3753622,1.595772,0.1900574) (325.8956,42.53,344.7464)
compute 4.68252899898004(0.924143195152283,1.53685164451599,0.606034576892853) (0.9185859,1.494105,0.5877458) (314.6761,56.80414,0.7746442) (0.3933554,1.597801,0.1975662) (325.2742,40.49046,344.6656)
compute 5.35932804809335(0.932986497879028,1.58353018760681,0.63083678483963) (0.9241432,1.536852,0.6060346) (309.5279,55.16148,1.234261) (0.4036477,1.602335,0.2084307) (324.0072,38.49609,344.9279)
compute 5.42875691515657(0.935291647911072,1.6327109336853,0.65370774269104) (0.9329865,1.58353,0.6308368) (304.92,54.31584,1.515064) (0.4154008,1.604335,0.2236364) (323.6334,36.39423,346.6205)
compute 4.94167861626555(0.931723713874817,1.67573022842407,0.677762448787689) (0.9352916,1.632711,0.6537077) (302.3138,53.45597,1.603628) (0.4277099,1.60977,0.2408352) (323.5871,33.27205,348.2171)
compute 3.9469760455741(0.922021627426147,1.70390820503235,0.703641653060913) (0.9317237,1.67573,0.6777624) (299.3397,49.72283,4.785349) (0.4325657,1.611436,0.2580947) (324.4471,30.28329,349.2048)
compute 3.85616055813599(0.903997182846069,1.71557199954987,0.735674023628235) (0.9220216,1.703908,0.7036417) (298.4206,45.33266,7.616669) (0.4258432,1.614854,0.274123) (325.6173,24.89006,351.2976)
compute 6.58613976719537(0.851293981075287,1.73200869560242,0.771589636802673) (0.9039972,1.715572,0.735674) (298.8381,46.09691,359.1172) (0.4001023,1.617506,0.2905591) (326.584,14.09047,355.1355)
compute 14.2201282784663(0.716337084770203,1.7687178850174,0.797285497188568) (0.851294,1.732009,0.7715896) (289.2398,29.35849,1.24056) (0.3580787,1.617712,0.2959295) (329.4012,357.0506,2.727086)
compute 16.4709634629872(0.552256524562836,1.78306651115417,0.798261284828186) (0.7163371,1.768718,0.7972855) (284.8943,334.3352,48.38738) (0.3027797,1.609217,0.2865192) (334.1324,339.8065,9.805092)
compute 16.3784566943091(0.388515621423721,1.77960336208344,0.796741664409637) (0.5522565,1.783067,0.7982613) (288.2237,313.2489,58.58665) (0.2479712,1.59682,0.2703259) (339.718,327.9236,15.01731)
compute 16.6188383298535(0.227539122104645,1.73831033706665,0.796922743320465) (0.3885156,1.779603,0.7967417) (295.5016,300.1641,65.32749) (0.1949446,1.580847,0.263377) (346.6935,323.5525,16.3104)
compute 19.2358496663733(0.0615629218518734,1.64350521564484,0.818502426147461) (0.2275391,1.73831,0.7969227) (309.4062,292.6256,66.4224) (0.1374835,1.565857,0.2615951) (349.7028,323.3254,15.49829)
compute 23.6399202873058(-0.100873209536076,1.472207903862,0.805999636650085) (0.06156292,1.643505,0.8185024) (326.9034,289.0029,62.09253) (0.07304159,1.557383,0.254378) (350.7635,322.7349,15.35425)
compute 24.6964326464407(-0.223351866006851,1.27149605751038,0.730467438697815) (-0.1008732,1.472208,0.8059996) (346.3744,281.8034,59.80898) (0.001533896,1.553995,0.2441305) (348.3141,320.3912,16.11199)
compute 20.445471573848(-0.316847175359726,1.1121609210968,0.642873644828796) (-0.2233519,1.271496,0.7304674) (1.814964,272.231,56.53332) (-0.07524885,1.551237,0.2380604) (345.5839,317.4458,17.67501)
compute 10.3109962366662(-0.39617931842804,1.05205357074738,0.615944445133209) (-0.3168472,1.112161,0.6428736) (8.754138,267.5872,54.63201) (-0.1483323,1.54208,0.2398583) (344.0863,315.5014,18.30071)
compute 10.6249321025345(-0.498798191547394,1.07042515277863,0.636457145214081) (-0.3961793,1.052054,0.6159444) (8.295797,267.3172,59.46919) (-0.205586,1.533975,0.2460496) (344.4015,315.4986,18.93202)
compute 14.3192715086542(-0.59977400302887,1.1658970117569,0.670999348163605) (-0.4987982,1.070425,0.6364571) (1.057863,269.8667,65.626) (-0.2499205,1.532785,0.2494578) (343.7797,315.8154,20.45734)
compute 15.0565192462783(-0.677993953227997,1.29173767566681,0.697750866413116) (-0.599774,1.165897,0.6709993) (351.0266,272.8424,68.88297) (-0.2812153,1.532926,0.2506977) (341.1678,317.5315,21.51394)
compute 12.5297800721717(-0.737858653068542,1.39980864524841,0.718641579151154) (-0.677994,1.291738,0.6977509) (343.7731,272.7386,76.1796) (-0.3068026,1.531874,0.2514619) (338.2579,319.2603,21.91476)
compute 8.66465000137498(-0.777296423912048,1.47566974163055,0.732690513134003) (-0.7378587,1.399809,0.7186416) (336.8329,275.1855,78.31789) (-0.335224,1.523352,0.248417) (337.9657,317.0388,24.03054)
compute 2.94262716231305(-0.791861712932587,1.49988973140717,0.724496006965637) (-0.7772964,1.47567,0.7326905) (332.5064,278.044,75.48622) (-0.3492503,1.520193,0.2471629) (338.0626,317.6237,25.79082)
compute 3.45278829346585(-0.799914300441742,1.47217047214508,0.705549418926239) (-0.7918617,1.49989,0.724496) (334.2664,276.5873,71.58519) (-0.3440743,1.530315,0.2522763) (337.5171,319.1957,25.83864)
compute 3.35561825588975(-0.804792702198029,1.44094276428223,0.694277822971344) (-0.7999143,1.47217,0.7055494) (338.9789,273.0975,75.70159) (-0.3316785,1.533932,0.2510461) (338.0645,315.9263,24.74437)
compute 1.62486614524045(-0.81718647480011,1.43236708641052,0.688205659389496) (-0.8047927,1.440943,0.6942778) (338.8471,272.9327,76.67846) (-0.3376893,1.515659,0.2412003) (336.8617,313.0274,23.18115)
compute 4.69548487014412(-0.86087429523468,1.41637444496155,0.681852102279663) (-0.8171865,1.432367,0.6882057) (338.607,274.5645,71.94115) (-0.3731764,1.486362,0.2331752) (338.3779,306.9952,24.74345)
compute 5.6672741952922(-0.905161678791046,1.40330922603607,0.648992896080017) (-0.8608743,1.416374,0.6818521) (337.2882,272.8724,69.33905) (-0.4046921,1.454332,0.2311672) (342.3343,305.0043,24.65027)
compute 5.13783065337083(-0.942006349563599,1.39937949180603,0.613401353359222) (-0.9051617,1.403309,0.6489929) (333.8289,267.7452,71.34978) (-0.429711,1.434759,0.2228445) (342.9362,305.2253,26.20314)
compute 3.30047337961568(-0.973453462123871,1.39398109912872,0.604960441589355) (-0.9420063,1.399379,0.6134014) (329.3434,265.8678,78.50766) (-0.4499967,1.420231,0.2110186) (342.2173,304.2566,28.62806)
compute 1.95457714522387(-0.992127895355225,1.39215683937073,0.610435366630554) (-0.9734535,1.393981,0.6049604) (325.7332,266.0005,80.67964) (-0.4661037,1.410306,0.2034957) (343.9651,301.1824,29.50302)
compute 1.1766469869408(-0.989447891712189,1.38208413124084,0.61589503288269) (-0.9921279,1.392157,0.6104354) (322.9482,270.8763,76.81358) (-0.4714242,1.409202,0.205709) (341.51,303.6788,29.22701)
compute 3.48700568361654(-0.961303889751434,1.36632001399994,0.629136204719543) (-0.9894479,1.382084,0.615895) (325.6265,271.507,76.82303) (-0.4508685,1.439831,0.2182301) (333.914,313.653,27.74664)
compute 7.40624735304528(-0.908270478248596,1.40456354618073,0.663923263549805) (-0.9613039,1.36632,0.6291362) (329.9068,266.3417,84.15513) (-0.4201549,1.482886,0.2143748) (329.8253,323.4126,25.57241)
compute 16.1555698120602(-0.800157248973846,1.50988435745239,0.721536636352539) (-0.9082705,1.404564,0.6639233) (324.089,275.1194,81.86462) (-0.3729861,1.52514,0.2036454) (326.6367,336.0437,22.77943)
compute 21.5156722813309(-0.631974041461945,1.63794541358948,0.761626422405243) (-0.8001572,1.509884,0.7215366) (319.7095,282.5499,83.6038) (-0.3113688,1.54303,0.1902157) (321.8588,353.0561,12.04009)
compute 21.2025464923203(-0.445055425167084,1.7215656042099,0.816616356372833) (-0.631974,1.637945,0.7616264) (306.3561,305.0453,68.43305) (-0.2716662,1.569014,0.1844601) (323.1538,358.314,15.46852)
compute 17.7911426544891(-0.269183188676834,1.74346089363098,0.832173645496368) (-0.4450554,1.721566,0.8166164) (301.6433,322.91,56.98459) (-0.1947913,1.58982,0.1746805) (325.5701,14.0467,7.081922)
compute 18.4903703820215(-0.0950680747628212,1.77010524272919,0.775929689407349) (-0.2691832,1.743461,0.8321736) (296.6417,314.5342,70.42666) (-0.1072542,1.599006,0.1572625) (329.6481,25.27405,0.2483153)
compute 20.3426574335833(0.0935577377676964,1.74476718902588,0.704091966152191) (-0.09506807,1.770105,0.7759297) (287.8241,330.6474,51.90358) (-0.03370921,1.599336,0.1466833) (335.3314,26.14977,0.9286879)
compute 20.8191934800598(0.213928058743477,1.57835674285889,0.738186419010162) (0.09355774,1.744767,0.704092) (304.4152,343.459,35.18251) (0.05326872,1.569069,0.1399112) (342.8822,26.56508,0.7125965)
compute 25.9036190603231(0.28301015496254,1.33055877685547,0.768576860427856) (0.2139281,1.578357,0.7381864) (332.5464,345.1316,33.73567) (0.1384572,1.538137,0.1505581) (346.0214,26.34711,357.3397)
compute 20.1743182018338(0.453299820423126,1.22249066829681,0.773375630378723) (0.2830102,1.330559,0.7685769) (341.3612,0.5318348,35.0835) (0.1952161,1.527839,0.1759102) (350.5711,21.9079,354.1337)
compute 17.8760779516316(0.63008052110672,1.23611748218536,0.750609219074249) (0.4532998,1.222491,0.7733756) (335.5216,33.60843,14.37301) (0.2202663,1.531923,0.2055476) (353.2575,17.22012,352.9902)
compute 4.98255299971476(0.651110172271729,1.27874267101288,0.765556812286377) (0.6300805,1.236117,0.7506092) (326.4154,40.44829,9.949166) (0.2087041,1.54429,0.2434948) (357.0167,8.365294,356.0096)
compute 19.4164111008206(0.467462867498398,1.26474785804749,0.827018320560455) (0.6511102,1.278743,0.7655568) (324.4546,10.29738,25.01542) (0.1637072,1.537488,0.2781483) (4.469802,354.5224,359.3387)
compute 31.796281602368(0.171270862221718,1.15042066574097,0.809699058532715) (0.4674629,1.264748,0.8270183) (341.9321,331.3087,41.43097) (0.1055004,1.529094,0.2875303) (8.203913,344.5382,1.690791)
compute 27.9593232951546(-0.0644327104091644,1.02082085609436,0.733409523963928) (0.1712709,1.150421,0.8096991) (357.4128,313.9736,27.33572) (0.04219739,1.540604,0.2907144) (3.784227,336.0902,2.152974)
compute 13.1829146612512(-0.191146776080132,1.02690231800079,0.697555840015411) (-0.06443271,1.020821,0.7334095) (353.3485,309.2899,29.88322) (-0.02272638,1.564645,0.286288) (356.6083,326.584,4.229349)
compute 9.82259094679068(-0.260865330696106,1.09568238258362,0.690008938312531) (-0.1911468,1.026902,0.6975558) (341.7755,304.073,34.46078) (-0.07410114,1.573117,0.278146) (356.102,320.5847,6.821055)
compute 9.9924350043525(-0.355511069297791,1.12630701065063,0.680564761161804) (-0.2608653,1.095682,0.6900089) (341.5847,294.2747,42.78234) (-0.1271623,1.562592,0.2720122) (1.572093,315.5742,8.664322)
compute 14.2994284257232(-0.489829927682877,1.09737193584442,0.640959560871124) (-0.3555111,1.126307,0.6805648) (348.8894,281.131,53.35544) (-0.2049456,1.541397,0.2805073) (5.933273,311.3265,10.04079)
compute 18.5965915353258(-0.633720636367798,0.987385034561157,0.598749756813049) (-0.4898299,1.097372,0.6409596) (3.069647,270.7394,56.57605) (-0.3230872,1.473704,0.3058906) (9.878876,308.1953,10.47571)
compute 18.3320265159193(-0.76430732011795,0.858802974224091,0.594267308712006) (-0.6337206,0.987385,0.5987498) (12.44624,263.8663,59.6358) (-0.4390751,1.372189,0.3371039) (9.61017,304.3112,9.501987)
compute 16.7431835706576(-0.87689596414566,0.737029552459717,0.617255389690399) (-0.7643073,0.858803,0.5942673) (16.73709,263.0025,69.5802) (-0.5146356,1.282118,0.3596498) (10.00495,303.0008,7.453733)
compute 8.26854267370654(-0.918489217758179,0.667716383934021,0.634649813175201) (-0.876896,0.7370296,0.6172554) (15.09888,266.4346,64.22602) (-0.5502382,1.235096,0.3695025) (12.8966,302.5435,6.728222)
compute 0.969227258652798(-0.913505852222443,0.674240529537201,0.629497945308685) (-0.9184892,0.6677164,0.6346498) (9.191358,270.0287,67.21931) (-0.5578986,1.246375,0.3724709) (14.45199,305.1446,7.00777)
compute 11.3918602103952(-0.852287590503693,0.738309621810913,0.557909369468689) (-0.9135059,0.6742405,0.6294979) (359.9644,261.7808,61.56863) (-0.5369194,1.320898,0.3616722) (13.39304,309.6761,11.60923)
compute 19.9037185687063(-0.739170074462891,0.874863147735596,0.46750271320343) (-0.8522876,0.7383096,0.5579094) (347.8843,254.2769,49.33438) (-0.4939803,1.408826,0.3398794) (4.835465,314.89,13.94496)
compute 20.5109627106527(-0.615208685398102,1.02996230125427,0.416046053171158) (-0.7391701,0.8748631,0.4675027) (338.1631,251.0219,44.702) (-0.4114743,1.501143,0.3077518) (351.0298,327.673,13.07698)
compute 20.4660850938732(-0.496680200099945,1.19569134712219,0.435306072235107) (-0.6152087,1.029962,0.4160461) (329.8181,251.0062,52.98495) (-0.3229703,1.552347,0.2732928) (342.899,345.2374,11.35892)
compute 21.3002810859673(-0.387134224176407,1.36460208892822,0.504869282245636) (-0.4966802,1.195691,0.4353061) (324.4947,259.6081,71.3331) (-0.2464209,1.574929,0.2317598) (340.4594,358.0053,9.350714)
compute 16.8077414582677(-0.290354907512665,1.47608697414398,0.58521169424057) (-0.3871342,1.364602,0.5048693) (316.9452,277.4957,71.93552) (-0.177816,1.579177,0.1900102) (339.5181,3.105154,6.682965)
compute 16.1587493159502(-0.167908534407616,1.56836676597595,0.63621997833252) (-0.2903549,1.476087,0.5852117) (308.286,290.0164,73.58531) (-0.1081857,1.574648,0.1542556) (337.9704,5.303098,5.237432)
compute 15.1726312888752(-0.0358468107879162,1.62797498703003,0.681247055530548) (-0.1679085,1.568367,0.63622) (303.0379,312.5725,61.76009) (-0.05957945,1.577915,0.1364535) (334.2156,6.456986,2.776266)
compute 12.2752858333529(0.0782746225595474,1.66557800769806,0.65613579750061) (-0.03584681,1.627975,0.6812471) (298.3566,322.2513,65.99487) (-0.01996079,1.5897,0.1173085) (332.6778,14.08603,359.5513)
compute 12.442933706151(0.186767071485519,1.69768333435059,0.604354560375214) (0.07827462,1.665578,0.6561358) (291.8768,330.7231,59.17345) (0.01605665,1.596793,0.1038922) (330.2288,20.97332,356.6184)
compute 14.0619070428902(0.323077350854874,1.72481763362885,0.582977890968323) (0.1867671,1.697683,0.6043546) (289.4884,349.325,50.44269) (0.04846871,1.598237,0.09663424) (329.0576,26.30884,353.905)
compute 11.232185065222(0.435129374265671,1.72958409786224,0.576827824115753) (0.3230774,1.724818,0.5829779) (295.0187,6.836432,33.88995) (0.07047541,1.601672,0.09305487) (328.2192,30.81429,353.06)
compute 6.27102695443349(0.495017409324646,1.71384823322296,0.566908955574036) (0.4351294,1.729584,0.5768278) (301.1935,7.217511,43.04133) (0.08462337,1.608739,0.09931905) (327.1681,33.39412,353.2316)
compute 3.93496813843659(0.525451600551605,1.68907332420349,0.564017355442047) (0.4950174,1.713848,0.566909) (303.2591,8.808026,42.13683) (0.09482624,1.608355,0.1093974) (330.0057,36.92602,352.47)
compute 7.88736314968355(0.564324736595154,1.62060451507568,0.568702578544617) (0.5254516,1.689073,0.5640174) (308.3714,17.71128,34.59172) (0.1001627,1.583688,0.1242133) (338.1356,41.12523,352.2515)
compute 15.524592614345(0.61934894323349,1.47744083404541,0.592739939689636) (0.5643247,1.620605,0.5687026) (323.8732,22.90479,33.92154) (0.1250244,1.560336,0.1416873) (348.6193,44.33968,354.3608)
compute 15.4730017536905(0.67481142282486,1.33391666412354,0.609052658081055) (0.6193489,1.477441,0.5927399) (338.0137,24.10309,39.09597) (0.1906278,1.543892,0.1626648) (356.5022,46.953,353.8189)
compute 9.76832862367389(0.733171999454498,1.2562814950943,0.619485676288605) (0.6748114,1.333917,0.6090527) (342.3871,28.54722,38.49784) (0.254472,1.53643,0.185241) (357.6562,46.35549,350.5742)
compute 5.85137070107581(0.777244746685028,1.22764372825623,0.645201921463013) (0.733172,1.256281,0.6194857) (342.0753,29.93116,35.62074) (0.3049255,1.537194,0.2023248) (356.2583,43.96241,351.3421)
compute 5.61641630841183(0.803831338882446,1.24460780620575,0.691675424575806) (0.7772447,1.227644,0.6452019) (338.9595,25.10061,36.77641) (0.3439275,1.5578,0.2142736) (348.5803,39.11504,353.9746)
compute 9.30084800935651(0.814300298690796,1.32655394077301,0.734404921531677) (0.8038313,1.244608,0.6916754) (332.4841,20.36099,40.13829) (0.3736151,1.572473,0.2209751) (344.9657,33.5744,354.0474)
compute 11.4248742380622(0.797085165977478,1.43729734420776,0.75659304857254) (0.8143003,1.326554,0.7344049) (324.4866,15.4985,45.11273) (0.3745998,1.595546,0.2293649) (339.4636,21.47846,355.5126)
compute 12.7047787672409(0.729278206825256,1.54463922977448,0.761183977127075) (0.7970852,1.437297,0.756593) (312.6542,6.670817,45.75843) (0.3362543,1.612174,0.2269187) (334.2314,3.284471,1.70961)
compute 15.6039899061035(0.593500554561615,1.62079679965973,0.750558316707611) (0.7292782,1.544639,0.761184) (306.3276,343.7494,60.55882) (0.287109,1.616101,0.2104678) (333.1154,346.3973,8.255775)
compute 19.735004666092(0.402350276708603,1.65838873386383,0.719007432460785) (0.5935006,1.620797,0.7505583) (307.3643,311.446,80.24831) (0.2432091,1.608091,0.1965019) (335.1148,337.245,12.1525)
compute 19.8073157104653(0.207775667309761,1.6533055305481,0.682294249534607) (0.4023503,1.658389,0.7190074) (318.1361,287.3096,94.64468) (0.1969219,1.600234,0.184762) (335.8861,332.36,14.80347)
compute 18.3912535422767(0.0295544378459454,1.62836706638336,0.644358932971954) (0.2077757,1.653306,0.6822942) (328.1222,273.368,97.37612) (0.1450371,1.596307,0.1774676) (336.0912,329.9654,15.506)
compute 14.4819877855495(-0.113139398396015,1.61233019828796,0.625541746616364) (0.02955444,1.628367,0.6443589) (334.4022,269.2848,97.95869) (0.09271324,1.594561,0.173393) (335.0855,328.2138,16.39075)
compute 7.61170514873417(-0.188598111271858,1.62207925319672,0.623363614082336) (-0.1131394,1.61233,0.6255417) (336.6958,268.2993,96.34001) (0.04951407,1.594571,0.1708868) (331.8597,327.8986,16.01081)
compute 7.85131130406327(-0.182807102799416,1.69467651844025,0.652696371078491) (-0.1885981,1.622079,0.6233636) (328.4543,274.2753,97.30228) (0.01403848,1.597506,0.1669682) (331.43,325.1097,17.38853)
compute 10.15252204029(-0.142274126410484,1.7788017988205,0.692538380622864) (-0.1828071,1.694677,0.6526964) (307.4622,283.9467,86.50672) (-0.02326994,1.595362,0.1551946) (333.9966,319.4196,19.62152)
compute 3.25297516599214(-0.16116002202034,1.76811099052429,0.66830587387085) (-0.1422741,1.778802,0.6925384) (307.8802,276.1371,87.25278) (-0.04982073,1.592584,0.1491689) (337.223,314.809,20.17295)
compute 14.866928554345(-0.252102255821228,1.66207182407379,0.617435812950134) (-0.16116,1.768111,0.6683059) (326.7217,265.3387,83.69929) (-0.06604505,1.588502,0.1545146) (341.6882,310.7411,20.72718)
compute 13.5506766828824(-0.342176884412766,1.56781303882599,0.580504417419434) (-0.2521023,1.662072,0.6174358) (338.1585,259.2725,75.39685) (-0.07333277,1.579309,0.1623863) (345.3177,309.6756,20.64723)
compute 14.5782880584592(-0.442228853702545,1.47541737556458,0.528491973876953) (-0.3421769,1.567813,0.5805044) (348.2144,253.5418,74.97332) (-0.08775248,1.564692,0.1838808) (345.6558,307.3591,21.01059)
compute 11.2925878847533(-0.530457615852356,1.41290330886841,0.495935380458832) (-0.4422289,1.475417,0.528492) (352.081,251.731,76.30813) (-0.1326772,1.554453,0.1988353) (342.2289,308.8011,16.7481)
compute 9.6877943365646(-0.621847689151764,1.38111543655396,0.500702142715454) (-0.5304576,1.412903,0.4959354) (355.2648,251.8723,84.04213) (-0.1846084,1.522441,0.2045574) (342.4357,310.0688,16.6002)
compute 7.97723263516383(-0.697722792625427,1.37554538249969,0.524693131446838) (-0.6218477,1.381115,0.5007021) (352.7277,256.9171,83.6188) (-0.223589,1.535136,0.2028473) (341.3076,309.0956,17.87785)
compute 9.32686424762552(-0.768212020397186,1.34157729148865,0.575452148914337) (-0.6977228,1.375545,0.5246931) (355.4145,264.6088,76.79365) (-0.2497913,1.540726,0.2001644) (338.6736,307.4601,18.42559)
compute 7.38798537087472(-0.805272281169891,1.29970288276672,0.623735725879669) (-0.768212,1.341577,0.5754521) (357.1813,270.3564,75.17133) (-0.2704301,1.537727,0.2044234) (337.8062,306.3076,18.55574)
compute 1.99687910736191(-0.805918157100677,1.30051517486572,0.643677532672882) (-0.8052723,1.299703,0.6237357) (357.8703,271.8306,80.40323) (-0.2774612,1.543762,0.2147663) (336.9659,307.6448,18.93596)
compute 9.06429082809215(-0.781454205513,1.38514935970306,0.665001392364502) (-0.8059182,1.300515,0.6436775) (348.9272,275.2996,78.09343) (-0.2687522,1.558082,0.2237501) (334.5657,310.7362,19.01757)
compute 13.4967974829435(-0.722815990447998,1.50157999992371,0.699955940246582) (-0.7814542,1.385149,0.6650014) (339.9866,281.6704,79.98753) (-0.2423098,1.579777,0.2277288) (330.5718,315.3355,18.99114)
compute 10.0563360089495(-0.678482472896576,1.5901654958725,0.717280447483063) (-0.722816,1.50158,0.6999559) (331.9327,282.8104,79.49213) (-0.2336165,1.587439,0.2279609) (329.1884,317.8211,18.62849)
compute 5.57702845465372(-0.657069563865662,1.63929295539856,0.732717573642731) (-0.6784825,1.590165,0.7172804) (331.8877,282.1755,82.70334) (-0.2340799,1.592395,0.2263778) (327.6429,320.8635,17.57398)
compute 7.47786865231681(-0.619606554508209,1.70035111904144,0.75417160987854) (-0.6570696,1.639293,0.7327176) (327.5826,287.4042,83.67997) (-0.2431211,1.595828,0.2289149) (326.7846,322.5813,16.28386)
compute 7.10312796701648(-0.58586323261261,1.75858068466187,0.776890516281128) (-0.6196066,1.700351,0.7541716) (318.4355,295.6548,78.21873) (-0.2566674,1.596435,0.2317517) (326.2574,322.2336,15.77317)
compute 2.16390635088887(-0.602544724941254,1.7586498260498,0.763107478618622) (-0.5858632,1.758581,0.7768905) (320.1861,289.9995,82.31155) (-0.2744418,1.595807,0.2326264) (326.3846,320.2589,17.44096)
compute 8.19627741990848(-0.667123973369598,1.71711099147797,0.734437942504883) (-0.6025447,1.75865,0.7631075) (326.8496,284.3359,84.28752) (-0.2954003,1.589357,0.2359614) (326.6909,318.3058,18.98984)
compute 10.465513719075(-0.751791298389435,1.66116166114807,0.708868145942688) (-0.667124,1.717111,0.7344379) (332.6323,277.9238,85.49915) (-0.3237535,1.581582,0.2394398) (326.9888,315.6267,20.7346)
compute 10.0276478756513(-0.832148671150208,1.60409986972809,0.690374433994293) (-0.7517913,1.661162,0.7088681) (337.6559,273.2293,85.03108) (-0.3525868,1.569658,0.2447475) (328.5577,312.1874,23.33177)
compute 9.28502002368732(-0.896463692188263,1.54010927677155,0.670627474784851) (-0.8321487,1.6041,0.6903744) (342.3007,269.7491,84.16477) (-0.380332,1.552654,0.2526612) (331.5695,309.5277,23.79)
compute 8.26072947440679(-0.934451162815094,1.47085726261139,0.646439135074615) (-0.8964637,1.540109,0.6706275) (345.7213,268.3114,81.44806) (-0.4009075,1.541866,0.2606081) (332.072,308.3224,23.37717)
compute 2.72419287761201(-0.937300801277161,1.44417095184326,0.641765475273132) (-0.9344512,1.470857,0.6464391) (346.3546,267.3207,78.63845) (-0.4034253,1.545708,0.271663) (331.9781,311.5941,22.52981)
compute 7.422875866214(-0.906727135181427,1.492023229599,0.689570486545563) (-0.9373008,1.444171,0.6417655) (342.1345,270.7635,78.16557) (-0.3922733,1.561281,0.2818434) (331.261,315.394,22.96463)
compute 14.5232090843058(-0.822516560554504,1.58802223205566,0.758745133876801) (-0.9067271,1.492023,0.6895705) (333.5824,279.0777,78.15746) (-0.3569136,1.582982,0.2895634) (328.1373,323.5998,20.69171)
compute 16.2150938263089(-0.697387754917145,1.6786082983017,0.808038890361786) (-0.8225166,1.588022,0.7587451) (324.6446,285.1345,76.49131) (-0.2878739,1.613823,0.2988457) (323.9214,340.6409,14.18226)
compute 17.2312815710211(-0.537894368171692,1.73972690105438,0.830800354480743) (-0.6973878,1.678608,0.8080389) (317.8844,284.9795,78.38279) (-0.2150463,1.632857,0.3013491) (322.0613,358.8582,4.877028)
compute 20.9383428899186(-0.331360578536987,1.77321755886078,0.822825908660889) (-0.5378944,1.739727,0.8308004) (312.2595,287.8647,79.06638) (-0.1285962,1.634963,0.2974962) (324.3241,17.17877,356.308)
compute 20.9256232881224(-0.123821288347244,1.78578817844391,0.799212455749512) (-0.3313606,1.773218,0.8228259) (306.9831,294.5733,79.63866) (-0.05381354,1.630241,0.2888925) (327.0364,27.52896,352.2582)
compute 20.0069487315048(0.0757239386439323,1.78625547885895,0.784745872020721) (-0.1238213,1.785788,0.7992125) (301.5686,314.7727,69.22739) (0.01441622,1.620923,0.2838422) (330.177,32.16932,350.2722)
compute 16.1820525362851(0.224230274558067,1.72214221954346,0.780137360095978) (0.07572394,1.786255,0.7847459) (301.9541,340.7248,44.087) (0.0666174,1.612427,0.285496) (333.4716,29.30885,351.7252)
compute 16.9580876759468(0.304044634103775,1.57297205924988,0.791782319545746) (0.2242303,1.722142,0.7801374) (319.0291,346.1526,46.76963) (0.09532896,1.60785,0.2840291) (336.3717,26.91793,353.26)
compute 12.1857299057326(0.287223428487778,1.45347476005554,0.774851739406586) (0.3040446,1.572972,0.7917823) (325.9456,344.7601,52.33328) (0.1026465,1.599694,0.2859859) (342.5215,17.84486,356.6812)
compute 22.5638623651004(0.114249892532825,1.33939230442047,0.685531318187714) (0.2872234,1.453475,0.7748517) (335.6219,315.2833,55.98378) (0.08122274,1.577039,0.2948509) (352.8717,6.771253,359.5613)
compute 14.444789329603(0.0164492130279541,1.29569017887115,0.588627517223358) (0.1142499,1.339392,0.6855313) (340.1252,291.2653,66.31268) (0.05857922,1.563082,0.2891175) (357.441,0.2579693,1.464124)
compute 1.56255082610134(0.00461973808705807,1.30516242980957,0.592434942722321) (0.01644921,1.29569,0.5886275) (342.0206,288.2952,69.66053) (0.02986983,1.577022,0.2745693) (348.1593,351.0435,4.6634)
compute 11.5749104898802(0.00374155049212277,1.40122854709625,0.656997978687286) (0.004619738,1.305162,0.5924349) (336.5579,290.8606,78.54055) (0.01224858,1.596018,0.2537928) (337.7297,347.3121,7.742672)
compute 17.1640254932262(-0.0113233914598823,1.54239666461945,0.753460347652435) (0.00374155,1.401229,0.656998) (335.8832,295.8801,88.79278) (0.001179136,1.597691,0.2491897) (336.7626,347.5309,9.035788)
compute 14.9842791832409(0.0134388264268637,1.67411398887634,0.820469617843628) (-0.01132339,1.542397,0.7534603) (323.7771,310.1251,91.84653) (-0.02419821,1.595819,0.2545881) (338.6136,342.4683,9.121593)
compute 7.69765472734621(-0.0160910598933697,1.73252165317535,0.779949009418488) (0.01343883,1.674114,0.8204696) (310.1625,306.3426,96.4119) (-0.09013477,1.58244,0.2505668) (345.2343,323.4431,14.27238)
compute 20.351893179435(-0.187765598297119,1.64053404331207,0.720905900001526) (-0.01609106,1.732522,0.779949) (322.1499,288.7576,94.16683) (-0.1326583,1.565852,0.2406205) (352.3154,314.8313,16.33323)
compute 26.7800408821673(-0.3942591547966,1.48209273815155,0.657867610454559) (-0.1877656,1.640534,0.7209059) (342.5537,272.904,85.92117) (-0.1786544,1.555242,0.2335243) (353.8823,311.2305,16.89646)
compute 22.0141401645553(-0.565679132938385,1.3554835319519,0.602663099765778) (-0.3942592,1.482093,0.6578676) (355.9124,263.2203,81.04589) (-0.2523746,1.537678,0.2331549) (354.0559,307.7705,17.67911)
compute 17.3334844378953(-0.708751738071442,1.26093542575836,0.577446937561035) (-0.5656791,1.355484,0.6026631) (2.199928,260.2819,75.20104) (-0.3138243,1.51476,0.2370884) (352.0281,305.7103,16.795)
compute 12.6986005941182(-0.812319397926331,1.18810153007507,0.58716344833374) (-0.7087517,1.260935,0.5774469) (9.367532,262.0254,75.99586) (-0.3577918,1.497325,0.2402014) (348.3319,306.2115,16.75782)
compute 7.33572172813898(-0.874205410480499,1.17321240901947,0.623628735542297) (-0.8123194,1.188102,0.5871634) (10.75168,267.3501,80.83549) (-0.3880867,1.492234,0.2361589) (344.5184,306.9058,17.36002)
compute 7.77750420849914(-0.918230354785919,1.23167026042938,0.64996200799942) (-0.8742054,1.173212,0.6236287) (5.06566,269.6357,86.04294) (-0.3986056,1.499039,0.23305) (339.5551,310.6042,18.16708)
compute 14.2141809017607(-0.927513062953949,1.37350821495056,0.649614453315735) (-0.9182304,1.23167,0.649962) (352.196,267.4679,86.78069) (-0.4026295,1.517764,0.2230396) (336.4221,312.0214,21.93002)
compute 14.3512315208821(-0.911540925502777,1.5160573720932,0.654132664203644) (-0.9275131,1.373508,0.6496145) (338.9097,270.2321,83.8085) (-0.4020267,1.532237,0.2134358) (333.5934,312.5673,23.60502)
compute 10.5753591873865(-0.874489843845367,1.61500108242035,0.658735036849976) (-0.9115409,1.516057,0.6541327) (329.0075,271.55,87.27762) (-0.4025707,1.544271,0.2098891) (332.1018,312.6741,25.27871)
compute 8.47623783255099(-0.822166681289673,1.66603899002075,0.701654493808746) (-0.8744898,1.615001,0.658735) (323.457,277.5618,83.47938) (-0.3805875,1.570915,0.2260208) (328.1187,327.4674,21.42914)
compute 10.3644972440117(-0.73132997751236,1.7056736946106,0.731987059116364) (-0.8221667,1.666039,0.7016545) (315.6772,280.4344,81.91575) (-0.3397263,1.595196,0.2383646) (324.4005,349.3213,12.69383)
compute 13.2825694534711(-0.607904076576233,1.74398815631866,0.76265811920166) (-0.73133,1.705674,0.7319871) (316.6898,273.3777,96.89239) (-0.303743,1.607819,0.2436105) (322.7188,3.972061,5.941779)
compute 18.9911962266426(-0.452770262956619,1.84010982513428,0.81520026922226) (-0.6079041,1.743988,0.7626581) (308.3066,289.9851,88.63878) (-0.2644583,1.617248,0.2481134) (322.5182,13.62092,3.441931)
compute 15.6212621089548(-0.314502090215683,1.91242396831512,0.822613835334778) (-0.4527703,1.84011,0.8152003) (301.3517,301.0838,77.82171) (-0.1998793,1.61987,0.2508458) (324.7188,32.66491,354.8355)
compute 13.9597301111832(-0.175685942173004,1.92462730407715,0.814333558082581) (-0.3145021,1.912424,0.8226138) (296.051,306.3664,76.81982) (-0.1348801,1.615917,0.2440554) (331.1591,45.13377,351.6193)
compute 21.0340889277003(-0.00672664167359471,1.81458711624146,0.754440307617188) (-0.1756859,1.924627,0.8143336) (295.5458,315.5545,66.87057) (-0.06442969,1.596593,0.2401799) (340.1927,50.24927,351.6929)
compute 26.3799180580592(0.141664400696754,1.60471129417419,0.695091784000397) (-0.006726642,1.814587,0.7544403) (308.1901,328.5032,56.03318) (0.004795667,1.570383,0.2442254) (351.953,49.82209,353.7583)
compute 25.5714706674347(0.243212059140205,1.37614893913269,0.641825139522552) (0.1416644,1.604711,0.6950918) (323.6418,340.1123,45.1233) (0.06630966,1.536446,0.2584178) (5.470539,43.89954,355.2605)
compute 18.7876935583273(0.320403158664703,1.20778322219849,0.610324919223785) (0.2432121,1.376149,0.6418251) (336.3882,353.0266,31.73339) (0.1285501,1.496295,0.2706895) (19.13609,41.42765,354.1191)
compute 20.8895973429459(0.467631816864014,1.05964076519012,0.614206194877625) (0.3204032,1.207783,0.6103249) (351.9403,6.340011,29.41747) (0.2252288,1.478841,0.2982262) (23.18218,45.66083,352.8337)
compute 22.8590167203723(0.658994853496552,0.942552089691162,0.658068418502808) (0.4676318,1.059641,0.6142062) (4.477066,19.0593,37.74632) (0.3493035,1.446945,0.3405366) (20.33415,47.61688,353.9502)
compute 20.7646953776726(0.835357785224915,0.853898048400879,0.722518682479858) (0.6589949,0.9425521,0.6580684) (12.03321,27.52248,39.34434) (0.5034215,1.371356,0.3928804) (18.2849,48.38272,354.1752)
compute 13.3710132858526(0.953677117824554,0.798749685287476,0.751459896564484) (0.8353578,0.853898,0.7225187) (15.49669,33.85895,48.78489) (0.5829182,1.308937,0.429005) (16.12167,48.56162,351.3297)
compute 4.3082591079954(0.990816354751587,0.783098340034485,0.766685605049133) (0.9536771,0.7987497,0.7514599) (9.761818,34.69579,48.49833) (0.6095043,1.29398,0.4389663) (15.85391,43.40189,352.5891)
compute 2.76050120050948(0.963450610637665,0.786544263362885,0.765554964542389) (0.9908164,0.7830983,0.7666856) (4.141114,31.42995,48.50438) (0.5880518,1.356292,0.456003) (3.00586,29.10841,349.8268)
compute 17.7536243502864(0.806377768516541,0.86899346113205,0.758528411388397) (0.9634506,0.7865443,0.765555) (352.8307,13.90872,31.94293) (0.5234447,1.440887,0.424224) (352.3248,19.48331,353.2867)
compute 21.0617694065844(0.740961611270905,1.06895625591278,0.748760044574738) (0.8063778,0.8689935,0.7585284) (333.7982,2.905572,41.95104) (0.4822733,1.482009,0.3735589) (353.4796,20.90151,353.0466)
compute 13.5882097665574(0.808105111122131,1.18685781955719,0.741349518299103) (0.7409616,1.068956,0.74876) (337.7835,14.59163,56.6473) (0.4192438,1.521747,0.327578) (350.2665,19.6305,354.8083)
compute 14.0542865211207(0.84644478559494,1.31722903251648,0.705492675304413) (0.8081051,1.186858,0.7413495) (332.1509,23.96409,62.85291) (0.3392268,1.553437,0.2965741) (347.0004,11.30584,358.3592)
compute 20.472358451707(0.774392068386078,1.50320219993591,0.659295976161957) (0.8464448,1.317229,0.7054927) (312.9833,20.24988,64.84657) (0.240827,1.582082,0.259213) (340.3959,1.530588,4.546999)
compute 19.5485140739562(0.6409592628479,1.64345014095306,0.632081210613251) (0.7743921,1.503202,0.659296) (299.6935,1.612432,77.87532) (0.153548,1.589477,0.2264129) (336.4123,354.2729,8.976143)
compute 18.5062828378002(0.482337653636932,1.73743164539337,0.616115152835846) (0.6409593,1.64345,0.6320812) (289.5396,327.8372,90.81705) (0.07612633,1.592959,0.2032749) (335.1464,349.3804,12.95016)
compute 11.6837107079446(0.408811748027802,1.81917417049408,0.655650079250336) (0.4823377,1.737432,0.6161152) (291.1724,343.9652,59.47232) (0.03337735,1.596509,0.194388) (332.0146,354.8061,10.60651)
compute 7.09177224742879(0.429261028766632,1.87084305286407,0.69971227645874) (0.4088117,1.819174,0.6556501) (293.8013,11.89472,48.43079) (0.01346191,1.611201,0.1977072) (325.9012,358.122,10.07458)
compute 4.50699163789786(0.455667912960052,1.86793720722198,0.736120104789734) (0.429261,1.870843,0.6997123) (301.9895,31.26444,25.98451) (0.01561842,1.616445,0.2097228) (325.3914,4.081179,5.837894)
compute 20.0108622688915(0.276006132364273,1.81347990036011,0.80539858341217) (0.4556679,1.867937,0.7361201) (305.145,343.4113,61.16551) (0.002245225,1.605017,0.2277829) (333.0325,351.2429,12.09045)
compute 31.2372486917603(-0.00720483204349875,1.68294441699982,0.787270843982697) (0.2760061,1.81348,0.8053986) (325.3307,300.8912,87.24484) (-0.03118645,1.582337,0.2312641) (340.9788,336.1854,16.85493)
compute 26.0080974007371(-0.234440997242928,1.56605637073517,0.738866031169891) (-0.007204832,1.682944,0.7872708) (343.7714,281.1579,98.03813) (-0.07437707,1.57198,0.2305252) (347.792,326.3718,18.20826)
compute 18.1214126552393(-0.394603103399277,1.50892996788025,0.676230311393738) (-0.234441,1.566056,0.738866) (344.6925,273.4099,93.15456) (-0.1420918,1.563965,0.2195942) (353.3555,316.7183,20.74149)
compute 15.9841248580398(-0.522206664085388,1.44770240783691,0.601948797702789) (-0.3946031,1.50893,0.6762303) (348.4346,265.9706,89.32351) (-0.202737,1.548973,0.2059872) (358.5179,309.3318,21.17741)
compute 15.5418769512885(-0.630984246730804,1.350252866745,0.548788487911224) (-0.5222067,1.447702,0.6019488) (357.4504,261.9948,86.97546) (-0.2563753,1.521122,0.1938341) (6.148445,306.2498,21.38089)
compute 18.3258986459618(-0.705345332622528,1.18649756908417,0.513596296310425) (-0.6309842,1.350253,0.5487885) (15.4789,259.373,82.8102) (-0.3174959,1.474957,0.1923358) (11.87767,305.0767,20.52848)
compute 21.2952190537023(-0.747951209545136,0.97789192199707,0.509465754032135) (-0.7053453,1.186498,0.5135963) (34.49896,258.7917,73.37439) (-0.3813456,1.4079,0.2075049) (14.81407,303.7813,18.37755)
compute 19.3239085044243(-0.775830984115601,0.788831114768982,0.538102686405182) (-0.7479512,0.9778919,0.5094658) (45.16078,262.2051,68.69114) (-0.4404418,1.332477,0.2295361) (14.32522,299.9181,15.47342)
compute 8.31167167450905(-0.778658032417297,0.707006096839905,0.552422702312469) (-0.775831,0.7888311,0.5381027) (45.04991,266.8973,65.97231) (-0.4749612,1.273165,0.2518325) (13.27655,298.9747,13.24344)
compute 5.34255522645341(-0.795640110969543,0.661903440952301,0.575480222702026) (-0.778658,0.7070061,0.5524227) (38.62682,268.7107,62.36499) (-0.4749004,1.239962,0.2739186) (13.48,300.6418,10.08354)
compute 4.8583063514359(-0.817139685153961,0.654426097869873,0.618400752544403) (-0.7956401,0.6619034,0.5754802) (25.93137,275.1459,66.69274) (-0.4682008,1.231145,0.2775842) (8.042665,298.3394,11.34769)
compute 3.18351217114006(-0.795547425746918,0.67780327796936,0.617530822753906) (-0.8171397,0.6544261,0.6184008) (18.98415,278.0635,63.6563) (-0.4308078,1.306036,0.2807878) (355.1357,307.7394,18.19308)
compute 11.3699222443795(-0.750852048397064,0.777983903884888,0.587636351585388) (-0.7955474,0.6778033,0.6175308) (16.23738,268.3561,61.16994) (-0.3718899,1.41513,0.2503947) (344.576,310.8391,21.2221)
compute 18.6641682810229(-0.715026497840881,0.960740327835083,0.575318098068237) (-0.750852,0.7779839,0.5876364) (10.79396,262.5369,63.54182) (-0.2943587,1.504289,0.2169736) (335.0678,316.5131,20.66643)
compute 24.3124752062347(-0.682299554347992,1.20164811611176,0.576742768287659) (-0.7150265,0.9607403,0.5753181) (359.3204,262.1894,67.77641) (-0.2246658,1.556934,0.197214) (331.2352,322.5819,18.58573)
compute 15.9222284680989(-0.676258683204651,1.36065649986267,0.57112330198288) (-0.6822996,1.201648,0.5767428) (353.7989,261.1963,77.04459) (-0.1994318,1.572696,0.1823204) (333.0479,319.4068,17.57237)
compute 7.99992236317879(-0.722334384918213,1.42569887638092,0.564311921596527) (-0.6762587,1.360656,0.5711233) (351.5989,261.5126,78.30312) (-0.2189022,1.560289,0.1666861) (335.1822,315.4943,18.24546)
compute 4.48550051637298(-0.767008244991302,1.42399489879608,0.560663044452667) (-0.7223344,1.425699,0.5643119) (348.3613,269.2669,71.987) (-0.2533505,1.535613,0.1536664) (338.1175,311.3509,17.83247)
compute 5.37314736174003(-0.781623363494873,1.37455034255981,0.545540034770966) (-0.7670082,1.423995,0.560663) (346.3723,272.0325,64.22468) (-0.2651991,1.538613,0.138836) (344.0907,308.61,17.745)
compute 4.28475579962495(-0.792158186435699,1.33453345298767,0.556656658649445) (-0.7816234,1.37455,0.54554) (348.1148,275.2172,69.53766) (-0.2771222,1.502125,0.1336697) (346.4475,304.5205,17.94184)
compute 4.82155417938318(-0.830212116241455,1.31613898277283,0.579857528209686) (-0.7921582,1.334533,0.5566567) (349.6542,278.6691,67.73525) (-0.3373443,1.469515,0.1388967) (340.7843,305.4761,13.5957)
compute 6.01479953068129(-0.887584090232849,1.29998564720154,0.587938845157623) (-0.8302121,1.316139,0.5798575) (347.783,276.8786,71.06899) (-0.4162602,1.447132,0.1515011) (339.6157,307.5123,17.13851)
compute 7.88237662356614(-0.958911061286926,1.26773416996002,0.597185015678406) (-0.8875841,1.299986,0.5879388) (350.0382,277.519,74.04175) (-0.4827538,1.432937,0.1676068) (340.0421,307.4565,21.04937)
compute 7.4966173318148(-1.01698017120361,1.22331786155701,0.613771080970764) (-0.9589111,1.267734,0.597185) (355.3842,274.2848,77.78854) (-0.5126697,1.42913,0.1855546) (341.457,311.1647,20.67326)
compute 1.15487826974829(-1.00819253921509,1.21593546867371,0.615056455135345) (-1.01698,1.223318,0.6137711) (350.5966,275.8973,74.33413) (-0.4940132,1.475028,0.2055653) (336.2588,325.2521,20.13023)
compute 9.8532265172368(-0.921504497528076,1.24905896186829,0.5819411277771) (-1.008193,1.215935,0.6150565) (349.875,265.1654,76.95419) (-0.414173,1.539708,0.1985089) (329.6248,350.3275,14.57965)
compute 20.3119146463901(-0.745210587978363,1.34991157054901,0.584509670734406) (-0.9215045,1.249059,0.5819411) (346.9716,263.2537,78.36813) (-0.3307014,1.580693,0.1702988) (330.0843,13.45743,5.443858)
compute 27.9838645931661(-0.50344580411911,1.48791193962097,0.613064110279083) (-0.7452106,1.349912,0.5845097) (336.6725,278.158,77.53149) (-0.2567943,1.597945,0.1325221) (331.5767,27.3203,358.4435)
compute 29.4632051212364(-0.230564191937447,1.59901261329651,0.612512469291687) (-0.5034458,1.487912,0.6130641) (322.062,303.4803,67.77872) (-0.1807876,1.59801,0.09390846) (337.2983,36.88971,356.1857)
compute 26.7321396820079(0.0327594988048077,1.62215614318848,0.572691142559052) (-0.2305642,1.599013,0.6125125) (308.9857,334.1073,43.23364) (-0.09828755,1.579777,0.05344483) (343.5155,47.41825,351.501)
compute 23.3778628438983(0.246438980102539,1.53426051139832,0.537083745002747) (0.0327595,1.622156,0.5726911) (309.183,2.509271,23.6666) (-0.006726436,1.548838,0.01921083) (350.3997,50.33002,353.0878)
compute 22.3322670788979(0.374574154615402,1.3567271232605,0.49308043718338) (0.246439,1.534261,0.5370837) (321.0351,15.2856,12.99061) (0.08593032,1.509738,0.01099821) (1.720247,45.49007,354.0222)
compute 25.6371425973973(0.40747857093811,1.11079108715057,0.428589552640915) (0.3745742,1.356727,0.4930804) (341.5411,17.06571,7.26527) (0.1410147,1.486409,0.002785311) (16.52625,37.49567,354.9193)
compute 22.6265824776391(0.387071251869202,0.902078986167908,0.343624711036682) (0.4074786,1.110791,0.4285896) (4.74735,12.7824,13.80409) (0.1797559,1.478875,-0.01123609) (20.02285,33.21353,353.0839)
compute 8.884666932997(0.396716743707657,0.813757538795471,0.343492269515991) (0.3870713,0.902079,0.3436247) (9.678996,14.74111,15.97346) (0.220052,1.468869,0.005990193) (16.49532,31.62299,350.2751)
compute 10.0765016430678(0.413936018943787,0.736216843128204,0.405496507883072) (0.3967167,0.8137575,0.3434923) (11.26459,8.879046,25.55805) (0.2670275,1.415576,0.06259867) (11.20581,34.10973,350.748)
compute 14.6793418755449(0.456611782312393,0.622109293937683,0.487390071153641) (0.413936,0.7362168,0.4054965) (18.36891,2.858191,47.02357) (0.2997014,1.266661,0.1255659) (7.223583,33.30664,352.8585)
compute 15.7570247696435(0.523637294769287,0.514546692371368,0.581018328666687) (0.4566118,0.6221093,0.4873901) (21.6678,4.387172,67.88902) (0.3038182,1.057009,0.1654391) (11.66572,30.23718,353.3475)
compute 10.2311971263454(0.576621055603027,0.476112723350525,0.659652233123779) (0.5236373,0.5145467,0.5810183) (11.89515,10.99056,77.13628) (0.2986246,0.9057903,0.2029776) (13.91649,34.79236,356.4345)
compute 3.83956897697504(0.583588361740112,0.474142074584961,0.697359025478363) (0.5766211,0.4761127,0.6596522) (358.9629,10.79089,75.92519) (0.2784307,0.8676434,0.2333772) (12.53662,28.61232,359.0578)
compute 4.56255468671533(0.573210537433624,0.511166930198669,0.721918165683746) (0.5835884,0.4741421,0.697359) (354.3733,0.9406807,83.20036) (0.2672274,0.928966,0.2563384) (15.04561,21.05813,357.0044)
compute 6.76392282686158(0.518373489379883,0.505754113197327,0.682692348957062) (0.5732105,0.5111669,0.7219182) (355.4651,353.0887,77.68383) (0.2807391,1.095054,0.2602845) (12.48198,15.77218,351.0542)
compute 19.052571256986(0.407974690198898,0.474921405315399,0.530503332614899) (0.5183735,0.5057541,0.6826923) (7.089275,356.883,36.11124) (0.3307962,1.212162,0.2528974) (7.730382,7.358773,349.3089)
compute 20.7803963494289(0.303929537534714,0.450057625770569,0.35234922170639) (0.4079747,0.4749214,0.5305033) (26.77208,352.3634,359.0016) (0.3703616,1.301254,0.2316601) (357.8862,356.6868,349.0522)
compute 12.9156755987096(0.278291314840317,0.497289776802063,0.234904453158379) (0.3039295,0.4500576,0.3523492) (34.91084,342.004,350.2641) (0.386637,1.394834,0.182859) (355.9194,350.8882,351.2563)
compute 10.2006659333118(0.343759804964066,0.553297936916351,0.180293813347816) (0.2782913,0.4972898,0.2349045) (36.21381,345.6115,346.6754) (0.3720486,1.510516,0.1187567) (351.1075,347.2796,356.6467)
compute 7.40829110864905(0.405142724514008,0.592743813991547,0.167470484972) (0.3437598,0.5532979,0.1802938) (33.25524,345.2778,353.1357) (0.3527882,1.581138,0.07186799) (345.3151,344.4034,1.902704)
compute 4.98667584541705(0.450914114713669,0.612420380115509,0.169593274593353) (0.4051427,0.5927438,0.1674705) (31.42259,342.5339,5.497561) (0.3308643,1.600824,0.03535559) (341.2566,345.1126,3.058943)
compute 4.1666639658304(0.457172811031342,0.606372892856598,0.128845691680908) (0.4509141,0.6124204,0.1695933) (38.75748,336.9028,23.17948) (0.2938767,1.594465,0.009507068) (338.9647,348.3888,4.973773)
compute 8.99750317444732(0.520045816898346,0.586791336536407,0.0675345659255981) (0.4571728,0.6063729,0.1288457) (50.71938,345.558,61.05106) (0.2384197,1.577158,-0.002913914) (337.8271,356.5322,1.404383)
compute 3.9139938498115(0.531209111213684,0.588557064533234,0.0300619397312403) (0.5200458,0.5867913,0.06753457) (47.10749,13.33222,79.60398) (0.1632338,1.576152,-0.009260832) (338.3041,2.504917,359.7094)
compute 9.99375187261438(0.437995880842209,0.580896079540253,-0.00515327136963606) (0.5312091,0.5885571,0.03006194) (42.6362,23.6359,59.61754) (0.08490676,1.563665,-0.01926415) (340.3423,3.759779,2.829764)
compute 5.29899181466253(0.385117143392563,0.583265125751495,-0.00763486698269844) (0.4379959,0.5808961,-0.005153271) (41.65586,21.74266,41.75154) (0.02703715,1.557413,-0.02710502) (341.6359,1.336826,7.369142)
compute 4.22919347537103(0.342841416597366,0.58226877450943,-0.00824969913810492) (0.3851171,0.5832651,-0.007634867) (44.43803,25.66183,35.56627) (-0.006030284,1.559903,-0.03459205) (342.4399,359.265,8.809198)
compute 3.19105821841943(0.310988038778305,0.583586692810059,-0.00963196158409119) (0.3428414,0.5822688,-0.008249699) (43.33091,18.55353,34.85923) (-0.02231342,1.560501,-0.03906832) (342.1168,359.0197,7.709991)
compute 1.50476643847308(0.296773582696915,0.587640225887299,-0.0124515928328037) (0.310988,0.5835867,-0.009631962) (37.13106,23.07156,31.69726) (-0.02581037,1.561605,-0.04241142) (341.6376,359.5602,8.654967)
Average= 11.7185313004266
Max= 35.674400346862
Standard Deviation= 11.3512064086398
Right: 39    Miss: 1
0
