yellow 97.12587 102.7044 13.45546 (0.1341306,5,0.7) (0.1341306,1.573698,0.7)
yellow 96.61721 103.3933 15.0562 (-0.6831646,5,0.7) (-0.6831646,1.352653,0.7)
blue 97.12587 104.6044 12.70805 (-0.7803135,5,0.7) (-0.7803135,0.08000755,0.7)
yellow 98.62397 104.8378 13.97631 (0.3295855,5,0.7) (0.3295855,1.346675,0.7)
black 97.22594 104.8822 12.97597 (-0.1869656,5,0.7) (-0.1869656,0.08225369,0.7)
red 96.71589 104.9711 13.82944 (0.9616587,5,0.7) (0.9616587,0.08045724,0.7)
purple 99.62226 105.4156 10.10419 (0.3479519,5,0.7) (0.3479519,0.0767861,0.7)
yellow 97.62456 105.4822 15.50734 (0.8226376,5,0.7) (0.8226376,0.9089055,0.7)
black 99.72136 105.7044 10.40736 (-0.6059215,5,0.7) (-0.6059215,0.07847275,0.7)
yellow 98.12392 105.7711 15.24377 (0.9686649,5,0.7) (0.9686649,0.9369317,0.7)
black 98.72309 105.9156 12.27762 (0.6041305,5,0.7) (0.6041305,0.08042574,0.7)
purple 98.62397 106.0156 12.57139 (0.7472041,5,0.7) (0.7472041,0.07800295,0.7)
blue 100.1204 106.0933 10.39352 (-0.4185416,5,0.7) (-0.4185416,0.08046688,0.7)
purple 100.1204 106.4044 10.881 (-0.7094073,5,0.7) (-0.7094073,0.07961495,0.7)
purple 100.6206 106.4489 10.15644 (0.1024703,5,0.7) (0.1024703,0.07631898,0.7)
purple 99.12223 106.6822 12.81678 (-0.7098079,5,0.7) (-0.7098079,0.0771253,0.7)
blue 96.61721 106.7044 16.37417 (-0.1148349,5,0.7) (-0.1148349,0.07980592,0.7)
blue 98.62397 106.7156 13.6111 (-0.914386,5,0.7) (-0.914386,0.0831006,0.7)
black 100.7194 106.7489 10.47225 (0.7841301,5,0.7) (0.7841301,0.07571106,0.7)
purple 96.61721 106.7822 16.48557 (-0.8820693,5,0.7) (-0.8820693,0.08244431,0.7)
yellow 99.12223 106.7822 16.8136 (0.9495521,5,0.7) (0.9495521,1.385443,0.7)
yellow 99.62226 106.8044 16.07562 (0.8256295,5,0.7) (0.8256295,1.422191,0.7)
blue 100.6206 107.0822 11.16087 (-0.7975843,5,0.7) (-0.7975843,0.08133152,0.7)
red 97.22594 107.1044 16.11604 (0.5300136,5,0.7) (0.5300136,0.0839029,0.7)
red 98.72309 107.1822 14.12884 (-0.08490479,5,0.7) (-0.08490479,0.07918975,0.7)
blue 99.12223 107.2378 13.63993 (-0.2239815,5,0.7) (-0.2239815,0.08166938,0.7)
red 97.72453 107.2822 15.674 (-0.6067224,5,0.7) (-0.6067224,0.0824762,0.7)
red 98.22392 107.3267 15.03635 (-0.1954266,5,0.7) (-0.1954266,0.07894824,0.7)
purple 98.12392 107.6933 15.6855 (-0.1700667,5,0.7) (-0.1700667,0.08105126,0.7)
purple 97.62456 107.8822 16.6112 (0.2384914,5,0.7) (0.2384914,0.07955375,0.7)
black 98.22392 107.9378 15.87794 (-0.3175231,5,0.7) (-0.3175231,0.07930953,0.7)
red 100.2203 108.0378 13.20231 (0.4426131,5,0.7) (0.4426131,0.08129794,0.7)
yellow 100.6206 108.3156 16.77531 (0.7188463,5,0.7) (0.7188463,1.35951,0.7)
black 97.72453 108.3933 17.16787 (0.8702741,5,0.7) (0.8702741,0.08424367,0.7)
blue 98.12392 108.4044 16.65426 (0.2011813,5,0.7) (0.2011813,0.08443987,0.7)
black 102.217 108.6156 11.0433 (-0.5424452,5,0.7) (-0.5424452,0.07425642,0.7)
purple 97.12587 108.76 18.41211 (-0.4552554,5,0.7) (-0.4552554,0.08336142,0.7)
black 96.71589 108.76 18.92055 (-0.3752795,5,0.7) (-0.3752795,0.08508623,0.7)
red 99.22344 108.8711 15.79294 (-0.5067823,5,0.7) (-0.5067823,0.08149686,0.7)
red 103.226 109.2267 13.53255 (-0.2046479,5,0.7) (-0.2046479,1.336301,0.7)
yellow 101.1193 109.26 13.6751 (-0.6416049,5,0.7) (-0.6416049,0.08293872,0.7)
red 102.217 109.2711 15.28787 (-0.2767361,5,0.7) (-0.2767361,1.270554,0.7)
black 100.2203 109.3378 15.05316 (-0.3259791,5,0.7) (-0.3259791,0.07948406,0.7)
black 103.226 109.3822 10.68463 (0.7876337,5,0.7) (0.7876337,0.0770279,0.7)
red 101.2177 109.5044 16.68889 (-0.5851169,5,0.7) (-0.5851169,1.054569,0.7)
yellow 100.1204 109.6156 15.57389 (-0.7704446,5,0.7) (-0.7704446,0.07908112,0.7)
red 99.72136 109.7933 16.35889 (-0.9651532,5,0.7) (-0.9651532,0.07962418,0.7)
blue 97.62456 110.0156 19.3549 (0.6849115,5,0.7) (0.6849115,0.08279359,0.7)
blue 101.1193 110.1044 14.87298 (-0.4484447,5,0.7) (-0.4484447,0.08174697,0.7)
red 101.7164 110.4933 14.56709 (0.3934393,5,0.7) (0.3934393,0.07797503,0.7)
black 101.2177 110.5044 15.29382 (0.3197779,5,0.7) (0.3197779,0.08316176,0.7)
purple 101.1193 110.6156 15.57506 (-0.1044334,5,0.7) (-0.1044334,0.07949734,0.7)
red 100.7194 110.7489 16.3092 (0.008738399,5,0.7) (0.008738399,0.08332913,0.7)
blue 99.62226 111.7267 18.99631 (0.2763352,5,0.7) (0.2763352,0.08269215,0.7)
black 99.22344 111.8156 19.59808 (0.1226231,5,0.7) (0.1226231,0.08197697,0.7)
red 103.7251 111.9267 13.76703 (-0.5573773,5,0.7) (-0.5573773,0.08118117,0.7)
black 103.7251 111.9822 13.84315 (0.2023357,5,0.7) (0.2023357,0.07950062,0.7)
red 102.7172 112.3156 15.7137 (0.9343319,5,0.7) (0.9343319,0.08020386,0.7)
black 101.7164 112.66 17.50925 (0.7227883,5,0.7) (0.7227883,0.08182624,0.7)
black 102.7172 113.0267 16.68421 (0.2871728,5,0.7) (0.2871728,0.08457914,0.7)
0
yellow 159.7 164.8711 13.50148 (0.5951338,5,0.7) (0.5951338,1.84112,0.7)
yellow 160.1976 165.86 13.86134 (0.9261084,5,0.7) (0.9261084,1.643753,0.7)
blue 160.1976 167.2711 12.08657 (0.7043474,5,0.7) (0.7043474,0.0771381,0.7)
yellow 160.6967 167.2933 15.05802 (-0.5096719,5,0.7) (-0.5096719,1.449644,0.7)
purple 160.1976 168.3267 13.65507 (0.8014081,5,0.7) (0.8014081,0.08127803,0.7)
blue 160.6967 168.4378 13.07829 (-0.5230715,5,0.7) (-0.5230715,0.0769554,0.7)
yellow 162.7042 168.4378 14.08797 (-0.005539536,5,0.7) (-0.005539536,1.661226,0.7)
yellow 161.2018 168.4489 16.98222 (0.08292234,5,0.7) (0.08292234,1.621977,0.7)
purple 159.7 168.5044 19.73039 (-0.1371557,5,0.7) (-0.1371557,1.594797,0.7)
purple 164.2005 168.5933 11.08119 (0.1105181,5,0.7) (0.1105181,1.645797,0.7)
blue 161.7009 169.0044 12.43513 (-0.01734579,5,0.7) (-0.01734579,0.07634929,0.7)
yellow 163.2023 169.1044 13.52846 (-0.3289214,5,0.7) (-0.3289214,1.396649,0.7)
purple 161.2018 169.5933 14.0384 (-0.3802239,5,0.7) (-0.3802239,0.08114406,0.7)
yellow 163.7014 169.8489 13.9269 (0.2548535,5,0.7) (0.2548535,1.371168,0.7)
yellow 161.7009 170.1822 14.16066 (0.6778502,5,0.7) (0.6778502,0.07923564,0.7)
yellow 162.1943 170.1933 16.61124 (0.8082678,5,0.7) (0.8082678,1.171101,0.7)
blue 162.7042 170.2378 15.93577 (0.8678265,5,0.7) (0.8678265,1.204162,0.7)
blue 159.7 170.4044 17.20697 (-0.2249209,5,0.7) (-0.2249209,0.08254921,0.7)
blue 162.1943 170.4711 13.8628 (-0.4610938,5,0.7) (-0.4610938,0.08104075,0.7)
yellow 164.6989 170.66 13.78151 (0.2792272,5,0.7) (0.2792272,1.440162,0.7)
blue 161.2018 171.0933 16.12617 (-0.04668677,5,0.7) (-0.04668677,0.08210737,0.7)
purple 162.1943 171.1156 14.77925 (0.7454083,5,0.7) (0.7454083,0.08161777,0.7)
purple 165.1996 171.1933 10.41199 (-0.2121216,5,0.7) (-0.2121216,0.07167421,0.7)
blue 164.6989 172.1489 12.66096 (-0.5714536,5,0.7) (-0.5714536,0.08108142,0.7)
blue 166.2025 172.2711 10.54236 (-0.8449547,5,0.7) (-0.8449547,0.07572158,0.7)
purple 160.6967 172.46 18.56717 (-0.1289076,5,0.7) (-0.1289076,0.08355277,0.7)
blue 165.701 172.5378 17.31073 (0.3595047,5,0.7) (0.3595047,1.888698,0.7)
blue 163.2023 172.7711 15.68641 (0.9751706,5,0.7) (0.9751706,0.08138219,0.7)
purple 162.7042 172.9711 16.62872 (0.7107882,5,0.7) (0.7107882,0.08050254,0.7)
yellow 168.2024 173.0933 13.06722 (0.6326728,5,0.7) (0.6326728,1.897499,0.7)
yellow 164.2005 173.0933 14.74575 (-0.2207686,5,0.7) (-0.2207686,0.08071548,0.7)
yellow 165.701 173.1711 16.70968 (0.5521476,5,0.7) (0.5521476,1.448326,0.7)
purple 164.6989 173.4044 14.4818 (-0.5738001,5,0.7) (-0.5738001,0.08153784,0.7)
purple 163.2023 173.5156 16.69089 (-0.2034675,5,0.7) (-0.2034675,0.08163974,0.7)
yellow 166.6934 173.7156 16.85478 (0.3001339,5,0.7) (0.3001339,1.701092,0.7)
purple 167.2028 173.9489 16.40977 (-0.001081824,5,0.7) (-0.001081824,1.72219,0.7)
yellow 168.7025 174.0045 13.73158 (0.2885542,5,0.7) (0.2885542,1.821974,0.7)
yellow 167.7023 174.0822 16.51275 (0.2707445,5,0.7) (0.2707445,1.924815,0.7)
blue 168.2024 174.1711 10.38983 (0.8812776,5,0.7) (0.8812776,0.07849908,0.7)
purple 161.7009 174.1933 19.47614 (-0.01251209,5,0.7) (-0.01251209,0.08222339,0.7)
blue 163.7014 174.3489 17.13313 (0.2375718,5,0.7) (0.2375718,0.08228188,0.7)
blue 165.1996 174.4267 15.21307 (0.5382812,5,0.7) (0.5382812,0.08167018,0.7)
blue 167.2028 174.6156 12.60559 (-0.0371989,5,0.7) (-0.0371989,0.07852805,0.7)
blue 164.2005 174.76 17.02045 (0.1199442,5,0.7) (0.1199442,0.08377294,0.7)
yellow 165.1996 174.7711 15.6903 (-0.9841409,5,0.7) (-0.9841409,0.08284366,0.7)
yellow 167.2028 174.9489 13.10495 (-0.4575223,5,0.7) (-0.4575223,0.08148593,0.7)
purple 166.6934 175.1489 14.1129 (0.5680969,5,0.7) (0.5680969,0.07913473,0.7)
yellow 169.2034 175.2489 15.17282 (0.8096089,5,0.7) (0.8096089,1.774254,0.7)
blue 167.7023 175.6711 13.42444 (-0.9126637,5,0.7) (-0.9126637,0.07916292,0.7)
purple 163.7014 175.6933 18.85786 (0.4991619,5,0.7) (0.4991619,0.08270143,0.7)
purple 168.7025 175.6933 11.96568 (-0.7645681,5,0.7) (-0.7645681,0.07557237,0.7)
purple 165.701 176.2489 16.9996 (0.6910343,5,0.7) (0.6910343,0.08152777,0.7)
yellow 166.2025 176.3378 16.45585 (-0.5910239,5,0.7) (-0.5910239,0.08246046,0.7)
blue 169.2034 177.7378 14.23659 (0.8389261,5,0.7) (0.8389261,0.07793204,0.7)
purple 166.2025 178.0711 18.70724 (0.6898973,5,0.7) (0.6898973,0.08362237,0.7)
purple 168.2024 178.9933 17.3169 (-0.5257683,5,0.7) (-0.5257683,0.08038289,0.7)
blue 168.7025 179.2045 16.93833 (-0.03196537,5,0.7) (-0.03196537,0.08060997,0.7)
blue 166.6934 179.6044 19.98473 (-0.02713144,5,0.7) (-0.02713144,0.08443473,0.7)
purple 167.7023 179.6156 18.75622 (-0.6188357,5,0.7) (-0.6188357,0.08132879,0.7)
purple 169.2034 180.8933 18.47844 (0.2714107,5,0.7) (0.2714107,0.08206207,0.7)
0
purple 548.9643 553.3156 11.09635 (-0.3885435,5,0.7) (-0.3885435,1.685359,0.7)
blue 549.4643 554.9156 14.2008 (-0.466848,5,0.7) (-0.466848,1.860441,0.7)
blue 548.9643 555.5045 15.98388 (-0.3837658,5,0.7) (-0.3837658,1.722708,0.7)
blue 550.9711 556.3711 12.18657 (-0.8864512,4.998953,0.7) (-0.8864512,1.283339,0.7)
purple 550.9711 556.4378 12.17803 (-0.9341419,4.998953,0.7) (-0.9341419,1.233884,0.7)
purple 551.9604 556.4933 10.54128 (-0.9388041,5,0.7) (-0.9388041,1.344088,0.7)
purple 549.9625 556.8489 15.5075 (-0.8937008,5,0.7) (-0.8937008,1.420958,0.7)
yellow 548.9643 556.9378 13.43309 (0.4089038,5,0.7) (0.4089038,0.08286757,0.7)
yellow 550.4605 556.9711 15.09311 (-0.8279822,5,0.7) (-0.8279822,1.507547,0.7)
purple 550.4605 557.1044 11.42399 (0.9300795,5,0.7) (0.9300795,0.07584567,0.7)
yellow 549.4643 557.4822 13.48866 (0.6056163,5,0.7) (0.6056163,0.07898511,0.7)
purple 551.4684 558.1934 15.12729 (-0.8653493,5,0.7) (-0.8653493,1.397092,0.7)
blue 550.4605 558.2822 13.19681 (0.7267141,5,0.7) (0.7267141,0.07891411,0.7)
purple 549.4643 558.5378 14.99132 (0.6870539,5,0.7) (0.6870539,0.07954252,0.7)
yellow 550.9711 558.7378 16.65915 (-0.08784568,4.999013,0.7) (-0.08784568,1.291191,0.7)
yellow 549.9625 559.0267 14.9794 (0.8919468,5,0.7) (0.8919468,0.08088183,0.7)
blue 549.9625 559.0933 15.07516 (0.1575934,5,0.7) (0.1575934,0.08203644,0.7)
blue 552.9677 559.3267 10.99771 (0.2130107,5,0.7) (0.2130107,0.07736048,0.7)
blue 553.9679 559.3489 10.93218 (0.1213845,5,0.7) (0.1213845,0.8150018,0.7)
blue 551.4684 559.7378 13.8552 (0.6807365,5,0.7) (0.6807365,0.07788172,0.7)
blue 551.9604 559.9156 13.39871 (0.9250553,5,0.7) (0.9250553,0.08201122,0.7)
yellow 551.4684 560.0156 14.26478 (0.8492875,5,0.7) (0.8492875,0.0829553,0.7)
yellow 554.4674 560.1267 13.75764 (-0.2899932,5,0.7) (-0.2899932,1.614195,0.7)
yellow 552.9677 560.66 13.01208 (0.9881728,5,0.7) (0.9881728,0.07656129,0.7)
purple 554.9651 560.7267 13.45691 (-0.4378535,5,0.7) (-0.4378535,1.463864,0.7)
yellow 554.9651 561.1155 13.87165 (-0.1691428,5,0.7) (-0.1691428,1.354241,0.7)
blue 552.4683 561.3934 19.29206 (0.008917689,5,0.7) (0.008917689,1.447412,0.7)
blue 554.9651 561.3934 15.01823 (-0.07308209,5,0.7) (-0.07308209,1.529109,0.7)
purple 552.9677 561.8823 19.79285 (-0.3675483,5,0.7) (-0.3675483,1.565673,0.7)
yellow 552.4683 561.8934 15.48268 (0.8856082,5,0.7) (0.8856082,0.07921633,0.7)
purple 556.4632 562.2156 10.02241 (-0.8010802,5,0.7) (-0.8010802,0.07089166,0.7)
purple 553.9679 562.3823 17.51174 (0.03743804,5,0.7) (0.03743804,1.220688,0.7)
yellow 551.9604 562.4378 16.90352 (0.7544956,5,0.7) (0.7544956,0.08391404,0.7)
yellow 553.9679 562.5378 14.28793 (0.5930736,5,0.7) (0.5930736,0.07951362,0.7)
purple 555.9646 562.6711 15.35304 (0.003507018,5,0.7) (0.003507018,1.471998,0.7)
yellow 553.4687 562.8044 15.36891 (-0.6570168,5,0.7) (-0.6570168,0.08253902,0.7)
yellow 556.4632 562.9045 15.18071 (-0.1014827,5,0.7) (-0.1014827,1.56737,0.7)
purple 554.4674 563.0711 14.34508 (0.08721769,5,0.7) (0.08721769,0.0835449,0.7)
blue 556.9622 563.2156 10.81625 (-0.9936724,5,0.7) (-0.9936724,0.07317279,0.7)
purple 552.4683 563.2378 17.29246 (0.5981245,5,0.7) (0.5981245,0.08199095,0.7)
blue 554.4674 563.3267 14.69563 (0.6683962,5,0.7) (0.6683962,0.07938045,0.7)
purple 557.4606 563.3934 10.32313 (0.7991009,5,0.7) (0.7991009,0.080484,0.7)
blue 555.4654 563.5267 18.78068 (-0.5153193,5,0.7) (-0.5153193,1.683095,0.7)
blue 553.4687 563.6711 16.55068 (0.4120192,5,0.7) (0.4120192,0.08448599,0.7)
yellow 555.9646 563.7045 13.07819 (0.5416811,5,0.7) (0.5416811,0.07687419,0.7)
yellow 556.9622 564.0045 16.39164 (-0.4558953,5,0.7) (-0.4558953,1.576337,0.7)
yellow 557.4606 564.46 15.56327 (0.01327837,5,0.7) (0.01327837,1.378372,0.7)
blue 557.4606 564.6823 12.2989 (0.6490426,5,0.7) (0.6490426,0.07486998,0.7)
purple 556.9622 564.9378 17.95976 (0.08755291,5,0.7) (0.08755291,1.531429,0.7)
blue 557.9708 565.6934 13.07301 (-0.8638871,5,0.7) (-0.8638871,0.08178622,0.7)
yellow 555.4654 565.8823 16.81951 (0.4463629,5,0.7) (0.4463629,0.08014692,0.7)
purple 555.4654 565.9156 16.87106 (0.448586,5,0.7) (0.448586,0.0828234,0.7)
yellow 557.9708 565.9711 13.47091 (0.1988076,5,0.7) (0.1988076,0.07836013,0.7)
blue 556.4632 566.0489 15.70147 (-0.9919922,5,0.7) (-0.9919922,0.0813407,0.7)
yellow 558.4699 566.1823 13.04522 (0.3965869,5,0.7) (0.3965869,0.07675081,0.7)
purple 553.4687 566.2378 19.81823 (0.4062762,5,0.7) (0.4062762,0.08299674,0.7)
blue 555.9646 566.4822 16.95836 (0.3235414,5,0.7) (0.3235414,0.08253165,0.7)
purple 558.4699 569.5045 17.63547 (0.9286914,5,0.7) (0.9286914,0.08061112,0.7)
purple 557.9708 569.8156 18.67836 (0.8195887,5,0.7) (0.8195887,0.08329013,0.7)
blue 558.4699 570.9489 19.46507 (0.9916971,5,0.7) (0.9916971,0.08305228,0.7)
0
