red 173.8896 178.9978 14.08961 (0.5394471,5,0.7) (0.5394471,2.033634,0.7)
red 174.3881 180.4311 15.76288 (-0.4680978,5,0.7) (-0.4680978,1.923931,0.7)
red 174.8892 181.2867 15.63599 (-0.6980104,5,0.7) (-0.6980104,1.709633,0.7)
red 175.3884 181.3311 14.37545 (-0.8881018,5,0.7) (-0.8881018,1.624879,0.7)
black 173.8896 181.8311 13.3767 (-0.5527081,5,0.7) (-0.5527081,0.07946503,0.7)
red 175.8978 182.2422 14.06547 (-0.08490407,4.998978,0.7) (-0.08490407,1.295339,0.7)
red 176.3967 182.8978 16.5182 (-0.05912888,5,0.7) (-0.05912888,1.866735,0.7)
black 175.3884 183.1756 13.14864 (0.256541,5,0.7) (0.256541,0.07921109,0.7)
red 177.3939 183.22 13.67662 (-0.573029,5,0.7) (-0.573029,1.489404,0.7)
red 178.3933 183.8311 13.73852 (-0.08950889,5,0.7) (-0.08950889,1.743168,0.7)
black 174.3881 184.1311 15.91824 (-0.6066751,5,0.7) (-0.6066751,0.08312479,0.7)
red 176.8949 184.3422 15.7053 (0.809031,5,0.7) (0.809031,1.182809,0.7)
black 174.8892 184.5089 15.75045 (-0.2983848,5,0.7) (-0.2983848,0.08263063,0.7)
black 175.8978 184.9867 15.02952 (-0.8258145,4.998991,0.7) (-0.8258145,0.08234626,0.7)
red 178.8913 185.0089 14.39326 (0.4386398,5,0.7) (0.4386398,1.527992,0.7)
black 176.3967 185.62 15.21014 (-0.7454803,5,0.7) (-0.7454803,0.08050555,0.7)
red 179.8895 185.7645 13.91345 (0.8003142,5,0.7) (0.8003142,1.532621,0.7)
black 177.3939 186.3311 14.80524 (-0.5096295,5,0.7) (-0.5096295,0.07953674,0.7)
black 180.3886 186.5089 10.60634 (0.6531043,5,0.7) (0.6531043,0.07260977,0.7)
red 179.3903 186.6311 15.97726 (-0.4182252,5,0.7) (-0.4182252,1.367554,0.7)
black 180.8877 186.7978 10.28798 (-0.2402526,5,0.7) (-0.2402526,0.08055256,0.7)
red 180.8877 186.8644 14.15546 (-0.1567899,5,0.7) (-0.1567899,1.543633,0.7)
black 176.8949 186.9089 16.29473 (-0.3676935,5,0.7) (-0.3676935,0.08346345,0.7)
red 177.894 186.9311 14.95329 (-0.9265373,5,0.7) (-0.9265373,0.08281332,0.7)
red 180.3886 187.12 15.17104 (-0.6637642,5,0.7) (-0.6637642,1.409449,0.7)
red 181.3872 188.0311 16.5922 (-0.04760921,5,0.7) (-0.04760921,1.819489,0.7)
red 181.8921 188.12 16.2214 (-0.2455393,5,0.7) (-0.2455393,1.934827,0.7)
black 179.3903 188.2978 14.76917 (0.3121686,5,0.7) (0.3121686,0.08378758,0.7)
black 178.3933 188.5645 16.4952 (0.01033056,5,0.7) (0.01033056,0.08053643,0.7)
red 182.39 188.6422 16.23993 (0.2597334,5,0.7) (0.2597334,1.928038,0.7)
red 182.8923 189.02 15.19388 (0.5723052,5,0.7) (0.5723052,1.737865,0.7)
red 184.3936 189.3311 13.22611 (0.1939701,5,0.7) (0.1939701,1.912372,0.7)
black 177.894 189.9644 18.95423 (0.5176034,5,0.7) (0.5176034,0.0825371,0.7)
black 182.39 190.0089 12.91146 (-0.9706986,5,0.7) (-0.9706986,0.0826983,0.7)
black 179.8895 190.0422 16.47402 (-0.9720829,5,0.7) (-0.9720829,0.08357775,0.7)
red 183.3922 190.2978 15.38548 (-0.5628192,5,0.7) (-0.5628192,1.375174,0.7)
red 184.8917 190.9867 13.97865 (0.1720229,5,0.7) (0.1720229,1.419806,0.7)
red 185.3909 191.2645 13.50015 (0.3785493,5,0.7) (0.3785493,1.408447,0.7)
black 178.8913 191.4644 19.57803 (0.0491749,5,0.7) (0.0491749,0.08425444,0.7)
red 183.8956 191.8756 16.65682 (0.9839287,5,0.7) (0.9839287,1.18923,0.7)
black 181.8921 191.8867 16.25862 (0.7819209,5,0.7) (0.7819209,0.08120225,0.7)
black 185.3909 191.9978 11.36953 (0.887269,5,0.7) (0.887269,0.07426132,0.7)
black 184.3936 192.1533 13.12273 (0.5323896,5,0.7) (0.5323896,0.08211143,0.7)
red 185.8911 192.3089 13.89771 (0.8672907,5,0.7) (0.8672907,1.203101,0.7)
black 184.8917 192.4644 15.98281 (0.8261938,5,0.7) (0.8261938,1.200824,0.7)
black 183.3922 193.6644 16.63819 (0.5065219,5,0.7) (0.5065219,0.08395618,0.7)
black 187.397 193.6756 10.86767 (-0.788244,5,0.7) (-0.788244,0.07286803,0.7)
red 187.397 193.72 15.51228 (-0.2606107,5,0.7) (-0.2606107,1.713075,0.7)
black 181.3872 193.9756 19.59098 (-0.4264551,5,0.7) (-0.4264551,0.08412455,0.7)
red 186.8877 194.0645 14.98592 (-0.6671193,5,0.7) (-0.6671193,1.114069,0.7)
red 186.3898 194.22 15.58203 (-0.8080261,5,0.7) (-0.8080261,0.9498508,0.7)
black 186.8877 194.2978 12.59145 (-0.9341474,5,0.7) (-0.9341474,0.07959335,0.7)
black 183.8956 194.5089 17.09441 (0.312907,5,0.7) (0.312907,0.08404651,0.7)
black 186.3898 194.5978 13.76136 (0.2302531,5,0.7) (0.2302531,0.07878345,0.7)
red 187.8872 194.9644 13.92581 (0.1377958,5,0.7) (0.1377958,0.8216807,0.7)
black 182.8923 194.9978 18.99347 (-0.6197872,5,0.7) (-0.6197872,0.08171406,0.7)
red 188.3972 195.3645 14.72519 (-0.2637659,5,0.7) (-0.2637659,1.143562,0.7)
black 185.8911 195.6867 15.99533 (-0.9083779,5,0.7) (-0.9083779,0.08376688,0.7)
black 188.3972 197.4756 15.01788 (0.2427732,5,0.7) (0.2427732,0.08380574,0.7)
black 187.8872 199.2645 18.06601 (0.4310751,5,0.7) (0.4310751,0.08117257,0.7)
0
red 206.41 211.9867 15.25146 (0.2166077,5,0.7) (0.2166077,2.049381,0.7)
black 206.9173 212.8311 10.29177 (0.1248921,5,0.7) (0.1248921,0.07317491,0.7)
red 206.9173 212.9089 13.14862 (-0.7588952,5,0.7) (-0.7588952,1.218884,0.7)
black 207.4165 213.2756 10.21532 (0.5816634,5,0.7) (0.5816634,0.07947969,0.7)
red 207.4165 213.42 13.48988 (-0.5598128,5,0.7) (-0.5598128,1.322809,0.7)
black 207.9165 213.9867 10.53907 (-0.4811939,5,0.7) (-0.4811939,0.07398111,0.7)
red 207.9165 214.1756 13.79601 (0.5726602,5,0.7) (0.5726602,1.26395,0.7)
red 208.4157 215.1089 16.85276 (0.2695069,5,0.7) (0.2695069,1.853052,0.7)
black 209.4129 215.3422 10.31563 (-0.8656659,5,0.7) (-0.8656659,0.07650246,0.7)
black 206.41 215.4422 14.93169 (-0.7537425,5,0.7) (-0.7537425,0.08043665,0.7)
red 209.4129 215.7978 14.27466 (-0.6548994,5,0.7) (-0.6548994,1.339782,0.7)
red 208.9138 216.7422 16.231 (0.8812246,5,0.7) (0.8812246,1.144384,0.7)
red 209.912 216.9533 15.70935 (0.88555,5,0.7) (0.88555,1.395879,0.7)
red 210.9102 217.9422 14.86601 (-0.04973781,5,0.7) (-0.04973781,1.156266,0.7)
black 209.912 218.0422 13.65666 (0.5876422,5,0.7) (0.5876422,0.0819599,0.7)
red 210.4112 218.6089 15.74842 (-0.6919723,5,0.7) (-0.6919723,0.812819,0.7)
black 208.4157 218.9089 16.93221 (0.4781565,5,0.7) (0.4781565,0.08367735,0.7)
black 211.9195 219.1756 12.38106 (-0.2105359,5,0.7) (-0.2105359,0.08199018,0.7)
red 211.4193 219.4644 16.68929 (-0.1650358,5,0.7) (-0.1650358,1.16632,0.7)
black 211.4193 219.5311 13.63223 (-0.1217009,5,0.7) (-0.1217009,0.07843617,0.7)
black 210.9102 219.5867 14.43959 (-0.3255509,5,0.7) (-0.3255509,0.08349496,0.7)
red 212.4195 220.02 16.81953 (-0.007874608,5,0.7) (-0.007874608,1.413318,0.7)
black 212.9177 220.02 12.14583 (0.1028785,5,0.7) (0.1028785,0.08133689,0.7)
black 212.4195 220.0533 12.94006 (0.1724097,5,0.7) (0.1724097,0.08086383,0.7)
black 213.9167 220.3089 11.04315 (0.2482494,5,0.7) (0.2482494,0.0741549,0.7)
black 208.9138 220.3867 18.19708 (0.141127,5,0.7) (0.141127,0.0822897,0.7)
red 213.4175 220.4089 14.02202 (0.3296184,5,0.7) (0.3296184,0.9012501,0.7)
red 212.9177 220.7089 16.36195 (0.06036031,5,0.7) (0.06036031,1.198124,0.7)
red 211.9195 221.1978 15.2894 (0.9420924,5,0.7) (0.9420924,0.08144929,0.7)
black 214.914 221.4422 11.25718 (0.5372047,5,0.7) (0.5372047,0.07798524,0.7)
red 214.914 221.5978 14.76521 (0.4262573,5,0.7) (0.4262573,1.316386,0.7)
red 213.9167 222.1756 16.87767 (-0.5628302,5,0.7) (-0.5628302,1.118878,0.7)
red 214.4156 222.2422 15.35789 (-0.5736642,5,0.7) (-0.5736642,0.8788105,0.7)
red 215.4127 222.3311 13.24836 (-0.8541703,5,0.7) (-0.8541703,0.6694641,0.7)
black 210.4112 222.6422 19.15035 (-0.7853413,5,0.7) (-0.7853413,0.08334032,0.7)
black 215.4127 222.9422 12.77165 (0.227594,5,0.7) (0.227594,0.0789991,0.7)
black 214.4156 223.32 14.763 (-0.04246414,5,0.7) (-0.04246414,0.08135915,0.7)
black 215.9129 223.3533 12.63338 (0.01752579,5,0.7) (0.01752579,0.07617706,0.7)
red 216.4122 223.5533 15.76423 (-0.1104642,5,0.7) (-0.1104642,1.359647,0.7)
red 216.9092 223.5867 15.1899 (-0.1298345,5,0.7) (-0.1298345,1.444559,0.7)
black 216.9092 224.0089 12.12502 (-0.29522,5,0.7) (-0.29522,0.07943426,0.7)
black 217.9095 224.2756 10.99905 (-0.07793987,5,0.7) (-0.07793987,0.0780223,0.7)
red 215.9129 224.3311 14.65376 (0.8616428,5,0.7) (0.8616428,0.3117855,0.7)
black 217.4094 224.5645 12.20883 (-0.066903,5,0.7) (-0.066903,0.07951297,0.7)
black 213.4175 225.4644 18.93417 (-0.1841294,5,0.7) (-0.1841294,0.08498956,0.7)
red 217.4094 225.4756 16.55356 (0.2249466,5,0.7) (0.2249466,1.122673,0.7)
red 218.9176 226.1089 13.56901 (-0.4781584,5,0.7) (-0.4781584,0.6178321,0.7)
red 217.9095 226.3645 14.11988 (-0.6489944,5,0.7) (-0.6489944,0.08199504,0.7)
red 218.4186 226.5089 16.0582 (-0.7405658,5,0.7) (-0.7405658,0.9603001,0.7)
red 219.418 226.9422 15.81995 (-0.5724487,5,0.7) (-0.5724487,1.176313,0.7)
black 218.4186 227.1089 14.46389 (0.93187,5,0.7) (0.93187,0.08061846,0.7)
black 220.416 227.4089 11.96932 (0.1516737,5,0.7) (0.1516737,0.0773176,0.7)
red 220.9141 227.8756 16.36934 (0.06736529,5,0.7) (0.06736529,1.608809,0.7)
black 218.9176 228.2089 15.30777 (-0.3438598,5,0.7) (-0.3438598,0.08262829,0.7)
red 219.9168 228.2867 16.49955 (0.4621806,5,0.7) (0.4621806,0.9561074,0.7)
red 220.416 228.8533 14.10313 (0.6793838,5,0.7) (0.6793838,0.08164103,0.7)
black 219.9168 229.1311 15.1942 (0.6739976,5,0.7) (0.6739976,0.08032994,0.7)
black 216.4122 229.22 19.86209 (0.9200633,5,0.7) (0.9200633,0.0840092,0.7)
black 219.418 230.1533 17.2446 (0.9297726,5,0.7) (0.9297726,0.08043421,0.7)
black 220.9141 230.8533 16.18066 (-0.4897829,5,0.7) (-0.4897829,0.08005372,0.7)
0
red 238.7267 243.6978 13.2284 (-0.2832984,5,0.7) (-0.2832984,1.891906,0.7)
red 239.2249 244.5311 14.43895 (-0.589601,5,0.7) (-0.589601,2.003637,0.7)
red 239.723 245.5533 15.29175 (-0.9633739,5,0.7) (-0.9633739,1.922537,0.7)
black 238.7267 245.5978 11.78269 (-0.4864651,5,0.7) (-0.4864651,0.07677118,0.7)
red 240.2221 246.02 14.76808 (-0.6049693,5,0.7) (-0.6049693,1.810886,0.7)
red 240.7222 246.8311 16.05975 (0.02233112,5,0.7) (0.02233112,1.958805,0.7)
black 241.2212 247.0867 10.20322 (-0.2518545,5,0.7) (-0.2518545,0.07295118,0.7)
red 242.2296 247.7089 14.88808 (0.07353556,5,0.7) (0.07353556,2.012391,0.7)
red 241.2212 248.1978 16.51767 (0.632298,5,0.7) (0.632298,1.640427,0.7)
red 241.7311 248.3756 15.68567 (0.8469553,4.999,0.7) (0.8469553,1.590156,0.7)
red 242.729 249.1089 13.94405 (-0.5888748,5,0.7) (-0.5888748,1.237683,0.7)
black 239.2249 249.5533 16.70256 (-0.3270427,5,0.7) (-0.3270427,0.08053439,0.7)
red 243.7268 249.9644 14.66821 (0.4430563,5,0.7) (0.4430563,1.536367,0.7)
black 240.7222 250.3311 15.73012 (-0.8206611,5,0.7) (-0.8206611,0.08071694,0.7)
red 243.228 250.3645 16.78458 (0.8947539,5,0.7) (0.8947539,1.62614,0.7)
red 244.7242 250.9867 14.28208 (0.1581022,5,0.7) (0.1581022,1.412704,0.7)
red 244.2262 251.0422 15.78161 (0.3000264,5,0.7) (0.3000264,1.529656,0.7)
black 240.2221 251.6756 18.16995 (0.9784284,5,0.7) (0.9784284,0.08263266,0.7)
red 245.2228 251.7089 14.38952 (-0.1403595,5,0.7) (-0.1403595,1.31694,0.7)
black 245.2228 251.7645 11.26637 (-0.8127596,5,0.7) (-0.8127596,0.07403644,0.7)
red 245.722 252.2867 15.03384 (-0.4140927,5,0.7) (-0.4140927,1.460977,0.7)
red 246.2212 252.4867 15.09798 (-0.4699017,5,0.7) (-0.4699017,1.641054,0.7)
black 243.228 252.4867 15.25684 (0.1414372,5,0.7) (0.1414372,0.08071917,0.7)
black 239.723 252.6422 19.99548 (-0.1296881,5,0.7) (-0.1296881,0.08363537,0.7)
red 247.2285 253.0533 14.68451 (-0.5734527,5,0.7) (-0.5734527,1.770696,0.7)
black 247.2285 253.2756 10.51426 (-0.3994771,5,0.7) (-0.3994771,0.07932993,0.7)
black 247.7309 253.6311 10.28244 (0.8149951,5,0.7) (0.8149951,0.07760122,0.7)
black 244.7242 253.7089 14.87791 (-0.3201314,5,0.7) (-0.3201314,0.08370847,0.7)
black 244.2262 253.7756 15.66116 (-0.3014699,5,0.7) (-0.3014699,0.08335379,0.7)
black 245.722 253.8533 13.65571 (0.24761,5,0.7) (0.24761,0.08156403,0.7)
black 241.7311 254.0867 19.31985 (0.4738025,4.999049,0.7) (0.4738025,0.08476385,0.7)
red 247.7309 254.2756 15.24179 (0.434272,5,0.7) (0.434272,1.524377,0.7)
black 242.2296 254.5089 19.21513 (-0.3162988,5,0.7) (-0.3162988,0.08203422,0.7)
black 242.729 254.5089 18.59163 (-0.1131631,5,0.7) (-0.1131631,0.082377,0.7)
red 246.7291 254.8533 16.31456 (0.9920945,5,0.7) (0.9920945,1.020617,0.7)
black 243.7268 254.9422 17.8688 (0.43193,5,0.7) (0.43193,0.08188246,0.7)
black 248.7297 255.1867 11.14774 (0.5482016,5,0.7) (0.5482016,0.07480909,0.7)
red 248.2307 255.5756 15.64962 (-0.7391706,5,0.7) (-0.7391706,1.218212,0.7)
red 248.7297 255.62 14.40923 (-0.9213557,5,0.7) (-0.9213557,1.087858,0.7)
black 246.7291 255.6867 14.83521 (0.2220978,5,0.7) (0.2220978,0.07912835,0.7)
red 249.726 256.2645 15.13939 (-0.6600552,5,0.7) (-0.6600552,1.502324,0.7)
black 249.726 256.8644 12.1848 (-0.1907405,5,0.7) (-0.1907405,0.07612942,0.7)
red 250.2261 256.9867 16.51073 (-0.1806847,5,0.7) (-0.1806847,1.741089,0.7)
red 250.7273 257.2867 15.63941 (0.2139996,5,0.7) (0.2139996,1.624121,0.7)
red 251.2262 257.5422 13.72084 (0.5091608,5,0.7) (0.5091608,1.206367,0.7)
black 251.7247 257.5867 10.20197 (-0.2786885,5,0.7) (-0.2786885,0.07230802,0.7)
black 246.2212 257.6978 18.19165 (0.7319555,5,0.7) (0.7319555,0.08049178,0.7)
black 251.2262 257.9756 11.60531 (0.3870198,5,0.7) (0.3870198,0.08114792,0.7)
red 252.7208 258.3755 13.55194 (-0.221758,5,0.7) (-0.221758,1.561004,0.7)
red 249.2288 258.6756 15.51205 (0.5311108,5,0.7) (0.5311108,0.07876891,0.7)
red 251.7247 258.82 16.68366 (0.6639247,5,0.7) (0.6639247,1.622462,0.7)
red 253.2207 259.2422 13.93002 (-0.4518865,5,0.7) (-0.4518865,1.451474,0.7)
black 250.7273 259.3422 14.34966 (-0.4068509,5,0.7) (-0.4068509,0.07900681,0.7)
red 252.2225 259.5422 13.30161 (-0.9056325,5,0.7) (-0.9056325,0.4382505,0.7)
black 252.7208 259.6978 11.92982 (0.7243085,5,0.7) (0.7243085,0.07454222,0.7)
black 248.2307 259.8089 18.34121 (0.988807,5,0.7) (0.988807,0.08321384,0.7)
black 249.2288 260.0645 17.38633 (0.07685339,5,0.7) (0.07685339,0.08428465,0.7)
black 250.2261 260.9867 17.28616 (0.7057498,5,0.7) (0.7057498,0.08483557,0.7)
black 253.2207 261.12 13.31962 (-0.9500744,5,0.7) (-0.9500744,0.08282375,0.7)
black 252.2225 264.8867 19.68505 (0.6917109,5,0.7) (0.6917109,0.08374166,0.7)
0
