yellow 273.0065 278.5756 14.68894 (-0.434657,5,0.7) (-0.434657,1.914724,0.7)
yellow 274.5056 279.6422 13.83942 (0.2604625,5,0.7) (0.2604625,1.950811,0.7)
yellow 273.5042 279.8644 16.65377 (0.4206805,5,0.7) (0.4206805,1.967164,0.7)
purple 273.0065 280.0645 12.07413 (0.99965,5,0.7) (0.99965,0.07916699,0.7)
yellow 274.0043 280.8311 15.98183 (-0.8828337,5,0.7) (-0.8828337,1.576405,0.7)
blue 273.0065 280.8311 13.21621 (-0.6585693,5,0.7) (-0.6585693,0.08024148,0.7)
yellow 275.0048 281.1534 15.13918 (-0.7717412,5,0.7) (-0.7717412,1.711832,0.7)
purple 275.0048 281.3644 10.99461 (-0.847182,5,0.7) (-0.847182,0.07582803,0.7)
yellow 275.5017 281.9533 15.00295 (0.007414699,5,0.7) (0.007414699,1.512823,0.7)
purple 274.0043 282.0867 13.59334 (0.5455453,5,0.7) (0.5455453,0.08238639,0.7)
yellow 276.0008 282.6645 16.07563 (-0.5917871,5,0.7) (-0.5917871,1.684036,0.7)
yellow 276.501 283.0089 15.77077 (-0.2972759,5,0.7) (-0.2972759,1.686393,0.7)
blue 273.5042 283.1534 15.79352 (0.0935427,5,0.7) (0.0935427,0.0817585,0.7)
purple 275.5017 283.4311 13.35568 (0.2541334,5,0.7) (0.2541334,0.07743649,0.7)
blue 276.9991 283.5089 11.21863 (-0.4092189,5,0.7) (-0.4092189,0.07587051,0.7)
yellow 276.9991 283.6534 15.61589 (0.1010541,5,0.7) (0.1010541,1.571872,0.7)
blue 274.0043 283.8644 16.081 (-0.6598563,5,0.7) (-0.6598563,0.08202744,0.7)
purple 278.0088 284.0311 10.47777 (0.5929751,5,0.7) (0.5929751,0.07860141,0.7)
yellow 277.5089 284.12 13.48253 (0.8654561,4.998971,0.7) (0.8654561,0.9424602,0.7)
purple 274.5056 284.1756 15.82122 (-0.09415925,5,0.7) (-0.09415925,0.08076432,0.7)
purple 277.5089 284.3422 11.74126 (-0.4500023,4.998947,0.7) (-0.4500023,0.08121936,0.7)
yellow 279.0071 285.1756 14.39976 (-0.1618448,5,0.7) (-0.1618448,1.498084,0.7)
blue 276.501 285.3311 14.64951 (0.7583628,5,0.7) (0.7583628,0.07966626,0.7)
yellow 278.5085 285.4867 13.60773 (-0.2437757,5,0.7) (-0.2437757,0.7615653,0.7)
blue 275.0048 285.72 19.46511 (-0.3492323,5,0.7) (-0.3492323,0.7808541,0.7)
purple 278.5085 285.7978 12.42264 (-0.6893578,5,0.7) (-0.6893578,0.07823401,0.7)
purple 276.501 285.9089 15.46039 (-0.8632419,5,0.7) (-0.8632419,0.08238691,0.7)
blue 278.0088 286.0422 13.52232 (0.2341329,5,0.7) (0.2341329,0.0796208,0.7)
yellow 278.0088 286.0978 16.37 (-0.5313268,5,0.7) (-0.5313268,1.053352,0.7)
purple 273.5042 286.2867 19.82885 (0.06227505,5,0.7) (0.06227505,0.08213806,0.7)
purple 276.0008 286.7533 17.27156 (-0.3650819,5,0.7) (-0.3650819,0.08485536,0.7)
blue 280.0035 286.7533 11.60339 (0.7782423,5,0.7) (0.7782423,0.08020149,0.7)
yellow 280.0035 286.8644 15.0331 (-0.3188866,5,0.7) (-0.3188866,1.29765,0.7)
blue 280.5049 286.8978 14.05532 (-0.4306124,5,0.7) (-0.4306124,1.266046,0.7)
blue 274.5056 287.3089 19.86373 (-0.8143249,5,0.7) (-0.8143249,0.08455276,0.7)
purple 276.9991 287.3422 16.7265 (0.6033394,5,0.7) (0.6033394,0.08383814,0.7)
yellow 280.5049 287.4867 13.9965 (-0.827502,5,0.7) (-0.827502,0.8990664,0.7)
blue 277.5089 287.5867 16.37718 (-0.02712762,4.999009,0.7) (-0.02712762,0.08085416,0.7)
blue 275.5017 287.8089 19.25279 (0.4415579,5,0.7) (0.4415579,0.08535159,0.7)
blue 276.0008 288.3533 19.3002 (0.9201348,5,0.7) (0.9201348,0.08287089,0.7)
yellow 279.5045 288.4422 15.54625 (0.3592183,5,0.7) (0.3592183,0.3585794,0.7)
purple 281.506 288.6422 12.18252 (-0.1995617,5,0.7) (-0.1995617,0.07506221,0.7)
yellow 281.0049 288.6534 13.00534 (0.5773067,5,0.7) (0.5773067,0.1022895,0.7)
purple 279.5045 288.7978 15.30015 (-0.8825688,5,0.7) (-0.8825688,0.07970147,0.7)
yellow 281.506 288.8089 13.37261 (0.5845144,5,0.7) (0.5845144,0.4733191,0.7)
blue 278.5085 288.8867 16.77892 (-0.8878467,5,0.7) (-0.8878467,0.0814852,0.7)
blue 279.5045 288.9978 15.5818 (-0.05480373,5,0.7) (-0.05480373,0.08210909,0.7)
yellow 282.5083 289.02 13.34061 (0.5080471,5,0.7) (0.5080471,0.9548001,0.7)
blue 279.0071 289.12 16.4193 (-0.5655344,5,0.7) (-0.5655344,0.07998121,0.7)
blue 281.506 289.3978 13.30879 (-0.1429907,5,0.7) (-0.1429907,0.07815728,0.7)
yellow 282.007 289.7645 16.48205 (0.6177623,5,0.7) (0.6177623,1.248032,0.7)
purple 279.0071 290.0422 17.64543 (-0.6841483,5,0.7) (-0.6841483,0.08405361,0.7)
purple 282.5083 290.2533 13.09459 (-0.6690352,5,0.7) (-0.6690352,0.07692112,0.7)
purple 280.5049 290.8422 16.72461 (0.8825905,5,0.7) (0.8825905,0.08313513,0.7)
blue 281.0049 291.7089 17.20159 (0.1208555,5,0.7) (0.1208555,0.08068796,0.7)
purple 280.0035 292.7756 19.82378 (-0.3760289,5,0.7) (-0.3760289,0.08479324,0.7)
purple 281.0049 293.6978 19.72776 (-0.2074465,5,0.7) (-0.2074465,0.0843471,0.7)
blue 282.007 294.2978 19.22633 (-0.7711885,5,0.7) (-0.7711885,0.08115672,0.7)
blue 282.5083 294.6089 18.99777 (-0.01151097,5,0.7) (-0.01151097,0.08312099,0.7)
purple 282.007 294.62 19.63198 (-0.590111,5,0.7) (-0.590111,0.08408467,0.7)
0
yellow 301.121 306.6867 15.00816 (-0.2604376,5,0.7) (-0.2604376,1.998412,0.7)
yellow 302.1308 307.72 14.24532 (-0.91486,5,0.7) (-0.91486,1.78818,0.7)
blue 301.6206 308.2978 11.48697 (0.6908698,5,0.7) (0.6908698,0.0815613,0.7)
yellow 302.6289 308.3867 15.03632 (-0.4621288,5,0.7) (-0.4621288,1.896378,0.7)
yellow 303.6281 309.02 14.68892 (-0.0109514,5,0.7) (-0.0109514,2.014076,0.7)
purple 302.6289 309.0867 11.15353 (-0.031721,5,0.7) (-0.031721,0.07766777,0.7)
purple 302.1308 309.1978 12.0908 (-0.7640235,5,0.7) (-0.7640235,0.07916099,0.7)
yellow 301.6206 309.5978 15.51724 (0.6536369,5,0.7) (0.6536369,0.85394,0.7)
yellow 304.1271 310.2867 15.1504 (0.4092817,5,0.7) (0.4092817,1.708788,0.7)
yellow 304.6245 310.42 15.13794 (0.3868606,5,0.7) (0.3868606,1.903171,0.7)
blue 302.6289 311.2645 14.38169 (0.8161833,5,0.7) (0.8161833,0.07920551,0.7)
blue 304.1271 311.2978 12.23346 (-0.6076968,5,0.7) (-0.6076968,0.07547913,0.7)
blue 301.121 311.3311 16.54392 (-0.6865442,5,0.7) (-0.6865442,0.08209455,0.7)
blue 303.1279 311.4978 17.01755 (-0.7327125,5,0.7) (-0.7327125,1.105979,0.7)
yellow 303.1279 311.4978 16.40673 (-0.6050282,5,0.7) (-0.6050282,0.928211,0.7)
blue 303.6281 311.5311 13.3292 (-0.5737829,5,0.7) (-0.5737829,0.07998006,0.7)
yellow 305.6246 311.9978 13.82951 (-0.1327811,5,0.7) (-0.1327811,1.207863,0.7)
purple 301.121 312.0089 17.4327 (0.7201941,5,0.7) (0.7201941,0.08026695,0.7)
purple 301.6206 312.3978 17.28977 (0.470921,5,0.7) (0.470921,0.08106566,0.7)
yellow 305.1246 312.4089 15.26054 (0.1686867,5,0.7) (0.1686867,1.138041,0.7)
purple 306.1238 312.4422 13.7757 (0.2469755,5,0.7) (0.2469755,1.223963,0.7)
purple 305.6246 312.5089 11.80725 (-0.5605359,5,0.7) (-0.5605359,0.08042938,0.7)
blue 306.1238 312.5978 11.17571 (0.6988227,5,0.7) (0.6988227,0.08013327,0.7)
yellow 306.1238 312.7533 13.01944 (0.4729681,5,0.7) (0.4729681,0.7672409,0.7)
blue 305.6246 312.7645 12.19254 (-0.2570189,5,0.7) (-0.2570189,0.07971504,0.7)
purple 303.1279 312.8867 15.95058 (0.7955992,5,0.7) (0.7955992,0.0839785,0.7)
purple 303.6281 312.9089 15.29622 (0.9007101,5,0.7) (0.9007101,0.08407744,0.7)
yellow 306.6209 313.4644 14.78301 (0.4374137,5,0.7) (0.4374137,1.235456,0.7)
blue 307.131 313.4756 10.97126 (0.539875,5,0.7) (0.539875,0.07274364,0.7)
purple 307.131 313.6645 11.27474 (-0.5503798,5,0.7) (-0.5503798,0.07816787,0.7)
purple 304.6245 313.9089 15.28989 (0.05080092,5,0.7) (0.05080092,0.08167249,0.7)
blue 302.1308 314.0867 18.81231 (-0.2926592,5,0.7) (-0.2926592,0.08153285,0.7)
yellow 307.131 314.2089 15.52999 (-0.2592517,5,0.7) (-0.2592517,1.322622,0.7)
blue 304.6245 314.2867 15.80776 (0.5505123,5,0.7) (0.5505123,0.08140579,0.7)
yellow 307.6232 314.2978 15.15513 (-0.5213699,5,0.7) (-0.5213699,1.434861,0.7)
yellow 309.1256 314.8089 13.31392 (-0.1760312,5,0.7) (-0.1760312,1.468559,0.7)
yellow 308.1216 315.0645 16.21774 (0.02466834,5,0.7) (0.02466834,1.581397,0.7)
blue 307.6232 315.12 12.72493 (0.03171742,5,0.7) (0.03171742,0.08021462,0.7)
yellow 310.1251 315.3755 13.05089 (-0.2687413,5,0.7) (-0.2687413,1.664497,0.7)
purple 308.1216 315.8422 13.04341 (0.4187662,5,0.7) (0.4187662,0.07596411,0.7)
yellow 310.626 315.9089 13.48121 (-0.6535246,5,0.7) (-0.6535246,1.766871,0.7)
yellow 308.6266 316.0089 16.76718 (-0.8242388,5,0.7) (-0.8242388,1.50544,0.7)
purple 304.1271 316.0422 18.76336 (-0.3582925,5,0.7) (-0.3582925,0.08366632,0.7)
purple 309.6266 316.32 11.50912 (0.3919401,5,0.7) (0.3919401,0.07578394,0.7)
blue 305.1246 316.5867 18.18491 (0.4204547,5,0.7) (0.4204547,0.08297129,0.7)
purple 308.6266 316.9089 13.87696 (0.9714289,5,0.7) (0.9714289,0.08030888,0.7)
blue 308.6266 317.0533 14.08107 (0.9620183,5,0.7) (0.9620183,0.07908395,0.7)
yellow 309.6266 317.3755 16.10997 (0.7113793,5,0.7) (0.7113793,1.14818,0.7)
purple 309.1256 317.4311 13.9157 (-0.2767326,5,0.7) (-0.2767326,0.08310077,0.7)
purple 307.6232 317.6756 16.33965 (-0.8971078,5,0.7) (-0.8971078,0.08350699,0.7)
purple 305.1246 317.8978 19.8218 (0.8654201,5,0.7) (0.8654201,0.08412085,0.7)
blue 309.6266 318.3311 14.48686 (0.7177455,5,0.7) (0.7177455,0.08359303,0.7)
blue 306.6209 318.8311 19.12003 (-0.3053528,5,0.7) (-0.3053528,0.08245128,0.7)
purple 306.6209 318.8867 19.18929 (-0.3893977,5,0.7) (-0.3893977,0.08258709,0.7)
purple 310.626 320.2089 15.7069 (0.0133611,5,0.7) (0.0133611,0.08337852,0.7)
blue 308.1216 320.9756 19.91101 (0.004926085,5,0.7) (0.004926085,0.08243562,0.7)
blue 309.1256 321.3311 19.11843 (-0.2047123,5,0.7) (-0.2047123,0.08192962,0.7)
blue 310.1251 321.5756 18.17002 (-0.4998125,5,0.7) (-0.4998125,0.08273678,0.7)
purple 310.1251 321.5756 18.17152 (0.9227726,5,0.7) (0.9227726,0.08323178,0.7)
blue 310.626 323.4089 19.83092 (0.04576647,5,0.7) (0.04576647,0.08273838,0.7)
0
yellow 330.9985 337.1645 15.55574 (0.3135218,5,0.7) (0.3135218,1.810981,0.7)
yellow 330.5003 337.2089 16.56913 (0.50401,5,0.7) (0.50401,1.78194,0.7)
yellow 331.4986 337.2311 14.56493 (0.5595617,5,0.7) (0.5595617,1.795819,0.7)
yellow 332.0089 337.2867 14.33931 (0.5854557,5,0.7) (0.5854557,1.991897,0.7)
purple 331.4986 337.6867 10.72431 (-0.1183664,5,0.7) (-0.1183664,0.07953696,0.7)
yellow 332.5069 338.2311 13.78622 (-0.4470841,5,0.7) (-0.4470841,1.582242,0.7)
purple 332.5069 338.3978 10.2684 (-0.1066395,5,0.7) (-0.1066395,0.07951572,0.7)
blue 331.4986 338.4978 11.97062 (0.3478589,5,0.7) (0.3478589,0.07791233,0.7)
blue 332.5069 339.0089 11.22465 (0.8826201,5,0.7) (0.8826201,0.07886502,0.7)
yellow 333.0062 339.22 15.39776 (-0.9878581,5,0.7) (-0.9878581,1.742386,0.7)
yellow 333.5052 339.72 14.12621 (-0.7806768,5,0.7) (-0.7806768,1.39213,0.7)
purple 332.0089 340.0089 13.4778 (-0.228676,5,0.7) (-0.228676,0.08125303,0.7)
yellow 335.0025 340.5645 13.44632 (-0.3705004,5,0.7) (-0.3705004,1.584741,0.7)
purple 333.5052 340.8422 12.48285 (0.3997528,5,0.7) (0.3997528,0.07540452,0.7)
blue 330.9985 341.1311 19.54157 (0.09057033,5,0.7) (0.09057033,1.033296,0.7)
yellow 334.5034 341.1534 13.62405 (0.1350383,5,0.7) (0.1350383,0.9712036,0.7)
purple 333.0062 341.1867 13.72813 (0.7738004,5,0.7) (0.7738004,0.07825369,0.7)
blue 333.5052 341.2089 13.03553 (0.1197804,5,0.7) (0.1197804,0.07966609,0.7)
yellow 334.0053 341.5311 14.48848 (-0.002337098,5,0.7) (-0.002337098,0.7532961,0.7)
blue 334.0053 341.7978 13.16459 (0.7892728,5,0.7) (0.7892728,0.0790637,0.7)
yellow 336.0028 342.4867 13.88377 (-0.2551736,5,0.7) (-0.2551736,1.158766,0.7)
blue 330.5003 342.5645 18.93842 (-0.6054735,5,0.7) (-0.6054735,0.08182441,0.7)
purple 330.5003 342.7533 19.18088 (0.013219,5,0.7) (0.013219,0.08430603,0.7)
blue 333.0062 343.0089 16.27904 (-0.9112332,5,0.7) (-0.9112332,0.0832203,0.7)
yellow 335.5025 343.1756 15.04145 (-0.5908852,5,0.7) (-0.5908852,0.8595312,0.7)
purple 335.0025 343.3089 16.16911 (-0.5382841,5,0.7) (-0.5382841,0.8886945,0.7)
purple 334.0053 343.6756 15.82282 (0.3251409,5,0.7) (0.3251409,0.08134156,0.7)
blue 332.0089 343.82 18.64145 (-0.9279838,5,0.7) (-0.9279838,0.08494855,0.7)
purple 330.9985 343.8867 19.95609 (-0.0470134,5,0.7) (-0.0470134,0.08392727,0.7)
blue 334.5034 343.9867 15.55806 (-0.4519852,5,0.7) (-0.4519852,0.07883766,0.7)
yellow 336.4988 344.0422 16.58266 (-0.3929487,5,0.7) (-0.3929487,1.382918,0.7)
purple 335.5025 344.4867 14.87155 (0.3205077,5,0.7) (0.3205077,0.08120033,0.7)
blue 337.9982 344.6867 11.49777 (0.4721319,5,0.7) (0.4721319,0.07851523,0.7)
yellow 336.998 344.7645 16.01324 (0.5095294,5,0.7) (0.5095294,1.114447,0.7)
yellow 338.5077 344.9533 14.2631 (0.736146,5,0.7) (0.736146,1.297697,0.7)
blue 338.5077 345.4533 11.89901 (0.09486234,5,0.7) (0.09486234,0.07588881,0.7)
yellow 337.4991 345.9089 16.22153 (-0.6744051,5,0.7) (-0.6744051,0.855203,0.7)
blue 336.998 345.9644 14.84327 (0.8109603,5,0.7) (0.8109603,0.08229186,0.7)
yellow 339.0075 346.3755 15.72118 (-0.6245651,5,0.7) (-0.6245651,1.227487,0.7)
blue 335.0025 346.5311 18.26742 (-0.6713593,5,0.7) (-0.6713593,0.08214241,0.7)
purple 334.5034 346.9089 19.37426 (-0.4917303,5,0.7) (-0.4917303,0.08466394,0.7)
yellow 339.5056 347.1645 16.13562 (-0.771646,5,0.7) (-0.771646,1.199893,0.7)
blue 336.0028 347.3644 18.06268 (-0.0990423,5,0.7) (-0.0990423,0.08486573,0.7)
purple 339.0075 347.3755 14.00832 (-0.5070918,5,0.7) (-0.5070918,0.08192115,0.7)
purple 336.998 347.4533 16.87272 (-0.8798714,5,0.7) (-0.8798714,0.08341694,0.7)
blue 336.4988 347.4756 17.55851 (0.1952442,5,0.7) (0.1952442,0.08383802,0.7)
purple 337.4991 347.5645 16.35303 (0.1110128,5,0.7) (0.1110128,0.08293559,0.7)
yellow 340.0048 347.72 13.0563 (0.79182,5,0.7) (0.79182,0.08162809,0.7)
blue 335.5025 347.9089 19.3722 (0.2893498,5,0.7) (0.2893498,0.08397062,0.7)
blue 339.0075 348.2311 15.20583 (0.4437484,5,0.7) (0.4437484,0.07889396,0.7)
blue 337.4991 348.3533 17.39734 (0.2465285,5,0.7) (0.2465285,0.08314302,0.7)
yellow 337.9982 348.3867 16.77397 (0.6574445,5,0.7) (0.6574445,0.07962561,0.7)
purple 336.4988 348.4533 18.8049 (-0.1291589,5,0.7) (-0.1291589,0.08361603,0.7)
purple 336.0028 348.5089 19.49389 (0.3915739,5,0.7) (0.3915739,0.08352932,0.7)
blue 339.5056 348.5645 14.97528 (0.2214051,5,0.7) (0.2214051,0.07927454,0.7)
purple 337.9982 349.3089 17.98866 (-0.8418975,5,0.7) (-0.8418975,0.0838602,0.7)
purple 338.5077 351.2978 19.85173 (0.6394475,5,0.7) (0.6394475,0.08501005,0.7)
blue 340.0048 351.82 18.63636 (-0.9483356,5,0.7) (-0.9483356,0.08324088,0.7)
purple 339.5056 352.1422 19.65317 (-0.6378076,5,0.7) (-0.6378076,0.08219807,0.7)
purple 340.0048 352.2311 19.14483 (-0.5479813,5,0.7) (-0.5479813,0.08156949,0.7)
0
