compute 50.5951029718955(0.0610338971018791,0.369633197784424,0.425979465246201) (0.07292468,0.8590277,0.2981589) (348.163,334.9977,58.54782) (0.01106353,0.8958935,0.2105438) (15.89145,355.7301,7.460896)
compute 0.427479375873287(0.0569655932486057,0.368529617786407,0.425268918275833) (0.0610339,0.3696332,0.4259795) (348.0801,333.8973,58.86098) (0.01159798,0.8893209,0.2128227) (17.00146,355.0333,6.688803)
compute 0.0495247235027231(0.056487038731575,0.36845999956131,0.425375729799271) (0.05696559,0.3685296,0.4252689) (348.1438,334.9302,57.58467) (0.01157905,0.8855209,0.2130986) (17.52739,354.5974,6.494821)
compute 0.432326385148164(0.0556468814611435,0.372661024332047,0.42479595541954) (0.05648704,0.36846,0.4253757) (348.1664,335.8742,56.72074) (0.01102869,0.8844985,0.212662) (16.8176,354.7048,5.993847)
compute 0.728609089202528(0.0539508461952209,0.365575402975082,0.424863457679749) (0.05564688,0.372661,0.424796) (348.1374,335.855,56.68642) (0.01094015,0.8851698,0.211732) (16.64361,354.7522,5.696082)
compute 0.162107218869823(0.0523956306278706,0.36597529053688,0.424641489982605) (0.05395085,0.3655754,0.4248635) (348.0083,336.083,56.30421) (0.009421736,0.8790678,0.209792) (20.16048,354.1403,6.848914)
compute 2.12815553768905(0.0353226661682129,0.367210030555725,0.411996573209763) (0.05239563,0.3659753,0.4246415) (348.1454,328.2562,64.25066) (0.002245817,0.8615471,0.2067923) (26.41979,351.0924,7.492641)
compute 2.69083809103289(0.0226867981255054,0.379759669303894,0.391824752092361) (0.03532267,0.36721,0.4119966) (348.333,318.1411,70.58374) (-0.01094399,0.8563128,0.2066923) (27.1319,347.6367,6.621086)
compute 0.369592683123115(0.0245541371405125,0.382945120334625,0.391664057970047) (0.0226868,0.3797597,0.3918248) (348.459,317.791,70.78968) (-0.01977542,0.8564164,0.2045019) (26.4821,345.996,6.285783)
compute 0.73068314447966(0.0293828547000885,0.382323890924454,0.397112667560577) (0.02455414,0.3829451,0.3916641) (349.1614,321.8956,67.72952) (-0.02452207,0.8607798,0.204091) (26.05995,345.6516,6.398659)
compute 0.0506581688302971(0.0294069610536098,0.381931275129318,0.396793454885483) (0.02938285,0.3823239,0.3971127) (349.3394,321.3725,68.13322) (-0.02449441,0.8625858,0.2042874) (26.37936,345.71,6.226985)
compute 0.359392410683634(0.0326997116208076,0.380753576755524,0.397622376680374) (0.02940696,0.3819313,0.3967935) (349.4955,320.7366,68.56822) (-0.02451549,0.8622438,0.2046329) (26.90308,345.6973,6.578116)
compute 0.389950868371394(0.0365153178572655,0.381533414125443,0.397820293903351) (0.03269971,0.3807536,0.3976224) (349.9114,321.5003,68.05202) (-0.02570569,0.8618328,0.2053449) (26.56798,344.6546,6.646905)
compute 0.12067136906687(0.0374773666262627,0.382249742746353,0.397688031196594) (0.03651532,0.3815334,0.3978203) (350.327,321.2536,68.07161) (-0.02862444,0.8638896,0.2059453) (25.91844,343.7589,6.604725)
compute 0.193444016917819(0.0381526798009872,0.380459874868393,0.39797505736351) (0.03747737,0.3822497,0.397688) (350.6088,321.1635,68.01183) (-0.02847601,0.8660537,0.205689) (25.43165,343.2343,6.344488)
compute 0.346909144089017(0.0378500409424305,0.377004593610764,0.39791151881218) (0.03815268,0.3804599,0.3979751) (350.9625,320.7521,68.3557) (-0.02866128,0.8660845,0.2045201) (24.94953,343.6482,6.470345)
compute 0.0978086511564586(0.0371571518480778,0.376399844884872,0.397578597068787) (0.03785004,0.3770046,0.3979115) (351.1002,320.2545,68.88329) (-0.02590772,0.8665674,0.2039573) (24.68113,344.1719,6.485529)
compute 0.465411370439431(0.0330579876899719,0.376716256141663,0.395397424697876) (0.03715715,0.3763998,0.3975786) (350.7625,319.4446,70.06389) (-0.02337148,0.8671152,0.2036802) (23.9482,344.0973,6.357832)
compute 0.571009014187468(0.0287494454532862,0.37684953212738,0.391652584075928) (0.03305799,0.3767163,0.3953974) (350.3835,317.8723,70.79634) (-0.02205157,0.8678504,0.2035945) (23.46259,343.808,6.134212)
compute 0.339965908345417(0.0260315854102373,0.37608391046524,0.389759242534637) (0.02874945,0.3768495,0.3916526) (350.7032,316.5799,70.90327) (-0.02134673,0.8675732,0.2037711) (23.33128,343.4333,6.008352)
compute 0.284102615865156(0.026455057784915,0.37338450551033,0.390537261962891) (0.02603159,0.3760839,0.3897592) (350.9802,317.3095,69.89299) (-0.02091701,0.8670762,0.2035659) (22.98722,343.2225,5.869812)
compute 0.104078340642444(0.0267050229012966,0.373502939939499,0.391540616750717) (0.02645506,0.3733845,0.3905373) (351.1195,318.7365,69.22407) (-0.02074794,0.8674197,0.2034371) (22.66691,343.1932,5.747468)
compute 0.0230420251851672(0.0264906845986843,0.373469740152359,0.391462832689285) (0.02670502,0.3735029,0.3915406) (351.2572,318.7313,69.3332) (-0.02042772,0.8679467,0.2036428) (22.7275,343.0361,5.660531)
compute 0.0233095915219133(0.0264861062169075,0.373599261045456,0.391269087791443) (0.02649068,0.3734697,0.3914628) (351.4471,318.4763,69.58352) (-0.02036037,0.868246,0.2036204) (22.67824,343.0587,5.593223)
compute 0.0538857733783219(0.0263036675751209,0.373519420623779,0.390768378973007) (0.02648611,0.3735993,0.3912691) (351.6413,318.316,69.71031) (-0.02062595,0.8699644,0.2033497) (22.23153,343.3207,5.676547)
compute 0.139482283965646(0.0253720432519913,0.373406380414963,0.389736473560333) (0.02630367,0.3735194,0.3907684) (352.0962,317.8991,69.89137) (-0.0203958,0.8734464,0.2035679) (21.8465,343.2098,5.624406)
compute 0.0892539704722437(0.0245523974299431,0.373599648475647,0.38944074511528) (0.02537204,0.3734064,0.3897365) (352.1648,317.7977,69.93278) (-0.02007229,0.8741878,0.2029876) (22.13865,342.961,5.58747)
compute 0.0139771002634196(0.0244650188833475,0.373708635568619,0.389435976743698) (0.0245524,0.3735996,0.3894407) (352.1643,317.7844,69.9364) (-0.02002328,0.8750526,0.2018381) (22.36898,342.6616,5.447534)
compute 0.345754180946217(0.02439952082932,0.377149254083633,0.389100641012192) (0.02446502,0.3737086,0.389436) (352.0613,317.4968,70.14081) (-0.02267979,0.8748013,0.2008787) (22.64403,342.5423,5.775707)
compute 0.509923754654522(0.0244062710553408,0.382233202457428,0.388706117868423) (0.02439952,0.3771493,0.3891006) (351.7757,316.7812,70.74184) (-0.02337702,0.8732721,0.1986678) (22.89051,342.8539,5.980844)
compute 0.216240048925337(0.0248481370508671,0.384270280599594,0.38928148150444) (0.02440627,0.3822332,0.3887061) (351.5363,317.343,70.56577) (-0.02288955,0.8781925,0.1964678) (21.50949,342.5232,5.979319)
compute 0.062879259640076(0.0252251271158457,0.384746789932251,0.389119625091553) (0.02484814,0.3842703,0.3892815) (350.4905,318.3627,69.92642) (-0.02180017,0.8765254,0.2004313) (22.60718,342.9276,5.009993)
compute 0.156992866037583(0.0239828359335661,0.38397616147995,0.389691919088364) (0.02522513,0.3847468,0.3891196) (350.3657,318.5065,69.75294) (-0.02056381,0.8749337,0.2011039) (22.64117,342.7849,5.574903)
compute 0.340685765630454(0.020651999861002,0.38431641459465,0.389062285423279) (0.02398284,0.3839762,0.3896919) (350.4934,317.7593,70.03316) (-0.01983627,0.8738053,0.2027224) (21.94207,342.5808,5.839458)
compute 0.19336241534646(0.0208518728613853,0.383144348859787,0.390587151050568) (0.020652,0.3843164,0.3890623) (350.7548,317.6329,70.03842) (-0.02013442,0.8763743,0.2039865) (21.70167,342.8429,5.658765)
compute 0.248053518408528(0.020983574911952,0.380785554647446,0.391343325376511) (0.02085187,0.3831443,0.3905872) (351.4988,317.81,70.13268) (-0.01935356,0.8805434,0.2037112) (20.20393,342.2247,5.751601)
compute 0.119867252479063(0.0220246333628893,0.380740135908127,0.391935735940933) (0.02098357,0.3807856,0.3913433) (351.3417,317.667,70.30479) (-0.01888907,0.8813447,0.2035667) (20.63157,342.0642,4.993844)
compute 0.34885604112747(0.0236286986619234,0.379762262105942,0.394875258207321) (0.02202463,0.3807401,0.3919357) (351.368,318.1675,70.29227) (-0.01907752,0.8801734,0.2030858) (20.87114,342.3368,5.252865)
compute 0.0442444079159103(0.0237714685499668,0.379378437995911,0.39504274725914) (0.0236287,0.3797623,0.3948753) (351.3349,317.9495,70.45507) (-0.01928543,0.8801103,0.2028582) (20.97532,342.4712,5.694653)
compute 0.10800466207609(0.0239309091120958,0.380323827266693,0.395540058612823) (0.02377147,0.3793784,0.3950427) (351.251,317.7392,70.58846) (-0.01951106,0.8803632,0.2022969) (21.33222,342.5914,5.280268)
compute 0.190770423214723(0.0237176474183798,0.382216989994049,0.395639002323151) (0.02393091,0.3803238,0.3955401) (351.2006,317.8001,70.61884) (-0.01991819,0.8798789,0.2009736) (21.55222,343.0393,5.246343)
compute 0.194436509723503(0.0223313327878714,0.383579790592194,0.395677238702774) (0.02371765,0.382217,0.395639) (350.9454,317.8389,70.80215) (-0.01980249,0.8801118,0.2008099) (21.65817,343.1381,5.349493)
compute 0.204161544625149(0.0203078258782625,0.383851081132889,0.395681083202362) (0.02233133,0.3835798,0.3956772) (350.8401,317.9168,70.86304) (-0.01952147,0.8804002,0.2006868) (21.78157,342.8551,5.539699)
compute 0.0578097030963248(0.0199627876281738,0.384133547544479,0.395313173532486) (0.02030783,0.3838511,0.3956811) (350.7754,317.9459,70.89747) (-0.02062631,0.8802945,0.2003113) (21.71067,342.5351,5.471053)
compute 0.0343397567231697(0.0199771225452423,0.3843674659729,0.395062178373337) (0.01996279,0.3841335,0.3953132) (350.759,317.9529,70.91692) (-0.02088745,0.8803342,0.1999276) (21.70635,342.6676,5.514097)
compute 0.058568977695432(0.0200446173548698,0.384704172611237,0.394587725400925) (0.01997712,0.3843675,0.3950622) (350.7484,317.9591,70.93306) (-0.02195501,0.8804978,0.1998093) (21.74438,342.7977,5.65485)
compute 0.248878407645574(0.0204128455370665,0.384163439273834,0.392186462879181) (0.02004462,0.3847042,0.3945877) (351.2336,317.8741,71.48507) (-0.02860371,0.8809767,0.2037723) (22.12165,342.8838,6.347055)
compute 0.812723993246675(0.018172312527895,0.379277408123016,0.386090666055679) (0.02041285,0.3841634,0.3921865) (355.6382,315.3089,73.29621) (-0.04742472,0.8757373,0.225294) (23.17954,343.396,8.003688)
compute 2.08926393592336(-0.000723781646229327,0.370896726846695,0.389124512672424) (0.01817231,0.3792774,0.3860907) (357.5082,308.9674,72.22384) (-0.07479201,0.8569498,0.2563985) (25.31565,343.2773,9.356631)
compute 5.81305885661956(-0.0459251888096333,0.354104101657867,0.421589970588684) (-0.0007237816,0.3708967,0.3891245) (359.905,305.7886,69.31175) (-0.1052886,0.8416157,0.2954223) (26.78145,343.4266,10.1494)
compute 8.61936337296475(-0.114214196801186,0.336390495300293,0.471109479665756) (-0.04592519,0.3541041,0.42159) (2.545599,301.8919,66.68562) (-0.1365322,0.8236229,0.3342339) (28.38567,343.0536,10.88327)
compute 9.3489148513293(-0.180556029081345,0.335791260004044,0.536977708339691) (-0.1142142,0.3363905,0.4711095) (0.9368312,298.5072,67.75732) (-0.168063,0.7964847,0.380338) (29.75651,342.9863,11.32345)
compute 12.0145389448655(-0.244940862059593,0.321174055337906,0.637356221675873) (-0.180556,0.3357913,0.5369777) (1.279946,298.5059,73.36896) (-0.2013337,0.7603752,0.4238751) (31.08281,343.047,12.27963)
compute 13.1237357561215(-0.281782537698746,0.26050990819931,0.747745513916016) (-0.2449409,0.3211741,0.6373562) (12.15239,303.9798,77.19664) (-0.2400823,0.7201955,0.465683) (31.1311,342.3378,13.55403)
compute 10.0203019856549(-0.296785950660706,0.227256745100021,0.841071665287018) (-0.2817825,0.2605099,0.7477455) (13.08069,315.8203,86.89115) (-0.2620866,0.68953,0.4823062) (32.89932,341.6183,15.25181)
compute 7.17102654395029(-0.29808634519577,0.158967480063438,0.86291766166687) (-0.296786,0.2272567,0.8410717) (28.75775,318.4611,82.01086) (-0.2808111,0.6607533,0.4955021) (33.66487,339.7323,15.18179)
compute 4.48644642886668(-0.297108292579651,0.121710613369942,0.837941884994507) (-0.2980863,0.1589675,0.8629177) (41.29279,311.815,71.95033) (-0.2869676,0.6434389,0.4972546) (34.4081,339.7326,15.86064)
compute 3.56334327293788(-0.282912790775299,0.111154794692993,0.807009637355804) (-0.2971083,0.1217106,0.8379419) (43.4344,308.5595,75.60087) (-0.2844466,0.6470668,0.4908836) (35.024,339.4967,16.12483)
compute 3.17883385460757(-0.267646759748459,0.110508605837822,0.779134392738342) (-0.2829128,0.1111548,0.8070096) (42.7009,305.0788,75.63283) (-0.2738879,0.677864,0.4777619) (33.42935,339.6662,15.70792)
compute 4.55449849232711(-0.257470816373825,0.127925142645836,0.73829984664917) (-0.2676468,0.1105086,0.7791344) (35.67575,303.9109,72.8547) (-0.2567577,0.7260953,0.4598103) (29.24456,342.5581,17.20397)
compute 7.64551690860795(-0.231269404292107,0.159464046359062,0.673769414424896) (-0.2574708,0.1279251,0.7382998) (29.95153,303.2216,66.79358) (-0.2405439,0.7633775,0.4538261) (26.13585,346.416,17.93738)
compute 9.19097132292306(-0.201711401343346,0.194715142250061,0.594201326370239) (-0.2312694,0.159464,0.6737694) (28.10448,300.0595,60.19681) (-0.2152271,0.801234,0.4206981) (23.66959,348.4734,17.17765)
compute 8.87825623095469(-0.168159946799278,0.232272833585739,0.521084547042847) (-0.2017114,0.1947151,0.5942013) (30.30267,297.6057,53.58037) (-0.1920356,0.8216401,0.3853912) (23.52589,350.6441,17.0493)
compute 6.68907224087342(-0.133569657802582,0.250216901302338,0.466716438531876) (-0.1681599,0.2322728,0.5210845) (31.03526,297.566,51.71782) (-0.1745366,0.8356008,0.3470303) (24.22906,351.4835,17.13645)
compute 5.02100271644154(-0.105157792568207,0.27080112695694,0.430798441171646) (-0.1335697,0.2502169,0.4667164) (30.78669,299.0999,52.07863) (-0.1514374,0.8477031,0.3088976) (26.13844,352.4963,17.30324)
compute 3.90545741765576(-0.0779536589980125,0.287969917058945,0.40865284204483) (-0.1051578,0.2708011,0.4307984) (29.79963,303.4635,55.33059) (-0.1339538,0.8581095,0.2891717) (26.7744,352.7085,15.8722)
compute 2.98662201773826(-0.0547668896615505,0.300663113594055,0.394751489162445) (-0.07795366,0.2879699,0.4086528) (28.02058,308.519,56.56347) (-0.1144259,0.866713,0.2739218) (25.82453,353.1559,14.27047)
compute 2.05393245167277(-0.0380720943212509,0.301955431699753,0.38285705447197) (-0.05476689,0.3006631,0.3947515) (26.03863,309.0909,59.4435) (-0.09557808,0.8670537,0.2659979) (26.05959,354.2193,13.0402)
compute 1.37668062088931(-0.0256364233791828,0.299390465021133,0.377537280321121) (-0.03807209,0.3019554,0.3828571) (24.36431,311.37,59.74718) (-0.08019593,0.8677967,0.2595372) (25.7768,355.7896,12.69244)
compute 1.0593621571775(-0.0174046941101551,0.29362627863884,0.374185025691986) (-0.02563642,0.2993905,0.3775373) (22.24929,314.2419,58.63162) (-0.06813243,0.8717477,0.2559474) (23.94922,357.0425,11.89959)
compute 0.641729868543701(-0.0121881803497672,0.289888918399811,0.374228000640869) (-0.01740469,0.2936263,0.374185) (20.72862,316.5305,57.61494) (-0.05536006,0.8734971,0.2498491) (23.42042,356.7004,10.92976)
compute 0.14121265551052(-0.0120948776602745,0.291287958621979,0.374060422182083) (-0.01218818,0.2898889,0.374228) (18.53674,315.9031,58.58816) (-0.0442488,0.8756309,0.2430179) (22.88292,355.2022,9.743165)
compute 0.329618701675638(-0.0108053823933005,0.294283092021942,0.374541282653809) (-0.01209488,0.291288,0.3740604) (16.80621,316.418,58.38928) (-0.03083638,0.8777267,0.2362334) (23.21319,357.054,9.441631)
compute 0.398217961870741(-0.00842111185193062,0.297363579273224,0.373714476823807) (-0.01080538,0.2942831,0.3745413) (16.10629,316.9464,58.22159) (0.001439318,0.8753241,0.2303941) (24.22208,8.736994,10.91767)
compute 0.294572748740442(-0.00871063116937876,0.298784017562866,0.371150135993958) (-0.008421112,0.2973636,0.3737145) (18.16858,315.4307,59.24099) (0.0361211,0.8715539,0.2293277) (24.09445,19.7916,13.05349)
compute 1.11759053331887(-0.0181222315877676,0.300380021333694,0.3653384745121) (-0.008710631,0.298784,0.3711501) (18.16426,312.8889,59.62001) (0.0596024,0.871318,0.2279315) (24.67583,26.87548,13.22373)
compute 1.16470558572731(-0.0296640954911709,0.300024211406708,0.363817721605301) (-0.01812223,0.30038,0.3653385) (17.60614,310.9999,61.50021) (0.06967545,0.8712648,0.2225295) (23.60972,27.98772,11.60065)
compute 1.14377212162946(-0.0395937822759151,0.294741004705429,0.36589390039444) (-0.0296641,0.3000242,0.3638177) (17.50386,311.0283,61.54992) (0.07199112,0.8748576,0.2222709) (23.11367,28.35147,11.05351)
compute 1.08587237247624(-0.0476903654634953,0.292634129524231,0.372816205024719) (-0.03959378,0.294741,0.3658939) (16.03949,313.1014,60.95861) (0.07124447,0.8785829,0.2226724) (22.49484,28.37487,9.5735)
compute 0.746500888260835(-0.0501020401716232,0.299139201641083,0.375571966171265) (-0.04769037,0.2926341,0.3728162) (15.22944,314.1718,59.92074) (0.07397057,0.8799469,0.224921) (22.82109,29.88252,9.114203)
compute 4.46722328065269(-0.0345839224755764,0.336328595876694,0.394852668046951) (-0.05010204,0.2991392,0.375572) (11.12963,317.7715,57.36641) (0.09428231,0.8779494,0.2417784) (23.2304,33.13279,8.08523)
compute 8.92771432056218(0.0318268276751041,0.379189401865005,0.436361372470856) (-0.03458392,0.3363286,0.3948527) (4.30244,326.33,57.07564) (0.1232533,0.8663753,0.2730054) (24.31867,35.41353,5.904313)
compute 12.2445489436195(0.140982568264008,0.39154776930809,0.490446418523788) (0.03182683,0.3791894,0.4363614) (0.3978037,339.6457,58.33198) (0.1642448,0.8453749,0.3168449) (25.39603,37.24608,3.291532)
compute 16.1657643762809(0.277997046709061,0.329112589359283,0.54928582906723) (0.1409826,0.3915478,0.4904464) (8.399353,353.726,65.44355) (0.2116271,0.8169742,0.3630023) (28.20746,39.47997,1.378899)
compute 13.4815149669499(0.37784668803215,0.272425651550293,0.619938254356384) (0.277997,0.3291126,0.5492858) (14.53672,3.135242,72.25706) (0.2563682,0.7795063,0.4037985) (29.57606,40.01357,359.4632)
compute 10.6139064647417(0.440765529870987,0.252512335777283,0.703065752983093) (0.3778467,0.2724257,0.6199383) (13.96911,6.538008,80.63229) (0.2978409,0.7387879,0.4407289) (30.91471,39.78536,357.682)
compute 9.51547223072753(0.49707767367363,0.232873901724815,0.777212202548981) (0.4407655,0.2525123,0.7030658) (10.61415,9.046105,84.0714) (0.3322585,0.6904589,0.4744564) (31.53048,40.64711,355.456)
compute 5.69599468996489(0.525020360946655,0.18580687046051,0.792970895767212) (0.4970777,0.2328739,0.7772122) (21.40709,12.39838,86.87032) (0.3411443,0.653412,0.485989) (34.61199,40.78051,351.6799)
compute 5.30108244341314(0.501250982284546,0.142428323626518,0.773906111717224) (0.5250204,0.1858069,0.7929709) (33.0289,5.218346,76.04405) (0.3361216,0.6293454,0.4879023) (35.92156,40.38422,353.1663)
compute 6.92524329663788(0.475059032440186,0.100081823766232,0.725774466991425) (0.501251,0.1424283,0.7739061) (44.4598,359.768,72.31949) (0.3264948,0.6307422,0.4725283) (36.72772,41.40484,354.3925)
compute 5.38200605683643(0.437160551548004,0.100119397044182,0.687560558319092) (0.475059,0.1000818,0.7257745) (42.36715,355.2715,63.51363) (0.3085188,0.6761165,0.4495712) (33.2299,40.82177,355.0954)
compute 8.85145019155605(0.37507638335228,0.14085528254509,0.639384210109711) (0.4371606,0.1001194,0.6875606) (29.50039,351.5644,54.2825) (0.2849614,0.7358271,0.437894) (28.68747,36.61055,352.9664)
compute 10.9412776932502(0.313430279493332,0.200948104262352,0.571858167648315) (0.3750764,0.1408553,0.6393842) (20.55902,351.8183,42.94868) (0.2591945,0.7773427,0.423017) (27.76313,31.64522,353.4045)
compute 10.8087095243691(0.25821441411972,0.269514888525009,0.509147524833679) (0.3134303,0.2009481,0.5718582) (16.2211,355.0334,25.78935) (0.2262389,0.8082022,0.4031812) (29.87654,25.0627,354.0668)
compute 9.3337336542771(0.202676147222519,0.327357560396194,0.461381584405899) (0.2582144,0.2695149,0.5091475) (9.39302,350.258,30.14447) (0.1972473,0.8336475,0.3743795) (30.98888,24.10775,356.7967)
compute 3.63288786739033(0.175377875566483,0.330425620079041,0.4376080930233) (0.2026761,0.3273576,0.4613816) (14.4284,342.9969,32.44136) (0.1733929,0.8434657,0.346992) (31.55584,25.33076,359.522)
compute 0.760633931556254(0.176949203014374,0.328193634748459,0.444707781076431) (0.1753779,0.3304256,0.4376081) (11.41036,337.1158,49.22544) (0.1637013,0.841915,0.337546) (30.64311,27.15535,1.046768)
compute 8.42312039649146(0.234010070562363,0.314462065696716,0.505126297473907) (0.1769492,0.3281936,0.4447078) (12.13293,344.312,54.70265) (0.1827869,0.8012038,0.3680546) (32.07821,28.54767,0.6177943)
compute 13.8404828778541(0.313082188367844,0.293468117713928,0.61676299571991) (0.2340101,0.3144621,0.5051263) (14.17902,353.8922,54.96543) (0.227526,0.7542194,0.4512557) (32.33755,30.10157,359.7912)
compute 16.3237247821661(0.372039496898651,0.270167291164398,0.767187416553497) (0.3130822,0.2934681,0.616763) (10.0099,358.3492,61.32834) (0.259641,0.7117935,0.5240951) (32.41879,27.87064,357.6436)
compute 12.8006793494996(0.366421014070511,0.239103868603706,0.891240775585175) (0.3720395,0.2701673,0.7671874) (5.378343,350.6888,68.86665) (0.2805983,0.6833825,0.5563342) (32.98919,24.95662,351.7361)
compute 12.3446163013658(0.329919457435608,0.121177658438683,0.891206741333008) (0.366421,0.2391039,0.8912408) (40.00851,339.0371,77.21034) (0.2845508,0.6676575,0.5643198) (32.53991,24.14756,348.174)
compute 3.45971376080591(0.316844016313553,0.107736088335514,0.862132370471954) (0.3299195,0.1211777,0.8912067) (39.38781,339.4822,70.02951) (0.281675,0.6615525,0.562384) (32.95833,22.8672,348.8083)
compute 8.16398221683616(0.325732856988907,0.0909666046500206,0.782729387283325) (0.316844,0.1077361,0.8621324) (50.28295,334.2346,62.2587) (0.2728238,0.6734073,0.5349655) (34.97919,23.90709,351.8777)
compute 5.65028974117782(0.333140254020691,0.0992335081100464,0.727327525615692) (0.3257329,0.0909666,0.7827294) (50.61934,338.1302,58.6213) (0.2632718,0.7158812,0.5018403) (33.92192,24.75306,353.9166)
compute 8.78176187423436(0.313472360372543,0.166000306606293,0.67378032207489) (0.3331403,0.09923351,0.7273275) (31.58395,343.9146,57.88684) (0.2149103,0.7599888,0.4778385) (33.3443,17.80121,354.2021)
compute 12.6681769527923(0.255881637334824,0.234461426734924,0.584088325500488) (0.3134724,0.1660003,0.6737803) (20.62326,342.0358,52.90062) (0.162933,0.7915938,0.4504934) (35.44063,4.247302,351.6424)
compute 11.9850885165871(0.192629799246788,0.293078541755676,0.500856876373291) (0.2558816,0.2344614,0.5840883) (17.3858,335.7861,45.52121) (0.119921,0.8183222,0.4192382) (36.19997,353.379,351.4648)
compute 8.97696424837564(0.144927203655243,0.350142359733582,0.450589865446091) (0.1926298,0.2930785,0.5008569) (10.91438,329.7498,45.94141) (0.08808249,0.8401716,0.3876804) (34.66631,349.3225,353.692)
compute 6.58533829745774(0.108806021511555,0.392759263515472,0.415722578763962) (0.1449272,0.3501424,0.4505899) (359.2353,320.4388,53.53972) (0.06137821,0.8573204,0.3557855) (34.0199,348.3467,356.5898)
compute 3.0103386157805(0.0838990435004234,0.388617873191834,0.399330347776413) (0.108806,0.3927593,0.4157226) (4.985984,311.1597,52.97675) (0.04054163,0.864087,0.335337) (32.25826,347.6439,358.9939)
compute 1.47138948820078(0.0699254423379898,0.384105622768402,0.400266706943512) (0.08389904,0.3886179,0.3993303) (4.50474,311.1932,50.42335) (0.02791152,0.8666544,0.3258385) (32.33621,349.8189,0.4652246)
compute 0.870746523358626(0.0636720582842827,0.37808558344841,0.399578034877777) (0.06992544,0.3841056,0.4002667) (6.786637,315.5154,48.45629) (0.06525462,0.8589847,0.3250983) (32.79892,12.9245,8.496562)
compute 2.20239943562192(0.0617889165878296,0.358319669961929,0.390048146247864) (0.06367206,0.3780856,0.399578) (5.574139,315.4407,54.23218) (0.1122515,0.8546234,0.3218714) (30.21385,35.62864,15.39171)
compute 1.24635650405699(0.0733818933367729,0.361291468143463,0.393528342247009) (0.06178892,0.3583197,0.3900481) (3.788993,319.0211,56.48008) (0.1474042,0.8487642,0.3170897) (29.7127,46.02913,17.15293)
compute 3.19964631720161(0.0985387042164803,0.36862114071846,0.411890923976898) (0.07338189,0.3612915,0.3935283) (3.298732,326.7345,54.69827) (0.1795979,0.8380396,0.3328338) (30.65269,48.95517,14.64359)
compute 6.66578334650075(0.15121303498745,0.375246584415436,0.452199548482895) (0.0985387,0.3686211,0.4118909) (1.824813,333.1864,58.49259) (0.227328,0.8204093,0.3593796) (31.20815,49.7992,11.86739)
compute 16.0079563145071(0.298922657966614,0.366575717926025,0.513290882110596) (0.151213,0.3752466,0.4521995) (0.6685334,354.6797,55.26453) (0.2836375,0.793053,0.3899091) (31.42665,50.08864,9.180623)
compute 18.6306170026997(0.476624101400375,0.328327685594559,0.554147660732269) (0.2989227,0.3665757,0.5132909) (8.903042,14.16558,62.09067) (0.3382437,0.7577719,0.4243856) (32.06498,51.92167,7.916968)
compute 15.8475250912476(0.629037916660309,0.304853141307831,0.590663135051727) (0.4766241,0.3283277,0.5541477) (10.41507,30.78727,67.62005) (0.3819486,0.7193839,0.4494433) (33.08844,51.04122,5.887044)
compute 10.997905401115(0.721015512943268,0.25331899523735,0.621964037418365) (0.6290379,0.3048531,0.5906631) (14.20941,37.02524,80.29028) (0.419022,0.6704587,0.4676684) (33.92653,52.49541,3.405327)
compute 8.18805973619526(0.735831916332245,0.17300046980381,0.616146743297577) (0.7210155,0.253319,0.621964) (38.16,38.58638,89.86823) (0.4299754,0.6333116,0.4724934) (35.1812,52.48646,0.6361037)
compute 5.62719700269811(0.727516293525696,0.121224544942379,0.595735013484955) (0.7358319,0.1730005,0.6161467) (42.58261,39.47986,75.48957) (0.4317338,0.606639,0.4743196) (38.20612,52.87799,0.06477477)
compute 8.78774116591072(0.671450674533844,0.0728009194135666,0.54846727848053) (0.7275163,0.1212245,0.595735) (58.34933,30.56146,71.93327) (0.4241196,0.6016684,0.4692828) (40.14109,55.47802,3.089819)
compute 5.30270377129235(0.623086810112,0.0624025985598564,0.529370725154877) (0.6714507,0.07280092,0.5484673) (55.51704,18.77084,58.49401) (0.4043175,0.6309854,0.4570954) (38.45021,55.74323,3.455803)
compute 9.62754124963069(0.532768309116364,0.0938386544585228,0.51826673746109) (0.6230868,0.0624026,0.5293707) (47.73512,8.087217,42.36878) (0.3780983,0.6740689,0.4527029) (37.24105,52.89888,2.145761)
compute 14.2853905676338(0.42112272977829,0.182177096605301,0.506484389305115) (0.5327683,0.09383865,0.5182667) (32.75207,4.234449,32.41204) (0.3249518,0.7206575,0.4538754) (36.95786,38.54901,356.9825)
compute 15.8741456556695(0.296946406364441,0.278766304254532,0.485280215740204) (0.4211227,0.1821771,0.5064844) (17.85553,358.1186,22.70015) (0.2600582,0.7648726,0.448657) (35.49871,17.55719,348.5315)
compute 13.6100041452819(0.187145411968231,0.352659553289413,0.45355087518692) (0.2969464,0.2787663,0.4852802) (9.200199,345.4858,9.148025) (0.2064342,0.806218,0.4173885) (32.76842,1.189572,344.0222)
compute 9.98520264873424(0.118864171206951,0.420499235391617,0.426982522010803) (0.1871454,0.3526596,0.4535509) (356.01,339.4364,8.405066) (0.1593234,0.8384479,0.3814108) (30.13521,352.9108,345.6919)
compute 7.23773333408333(0.0623967722058296,0.439381033182144,0.385831713676453) (0.1188642,0.4204992,0.4269825) (344.8364,322.5063,30.79623) (0.1294979,0.8573046,0.3529208) (30.8487,349.5596,348.6338)
compute 5.78580959469819(0.0310766752809286,0.40789806842804,0.348744869232178) (0.06239677,0.439381,0.3858317) (355.8653,309.8409,27.83132) (0.1029377,0.8657795,0.3359763) (30.93922,348.373,353.4796)
compute 3.5792074265972(0.0282033607363701,0.37566065788269,0.333461999893188) (0.03107668,0.4078981,0.3487449) (354.4517,301.2573,44.61905) (0.07720818,0.8710569,0.32469) (30.206,347.3834,356.7763)
compute 4.73573393706055(0.0391446202993393,0.331402748823166,0.34627777338028) (0.02820336,0.3756607,0.333462) (2.570422,299.1366,52.70988) (0.05058566,0.872295,0.3169189) (28.77111,345.4828,359.0618)
compute 4.78528901005836(0.0594961456954479,0.303317427635193,0.379246383905411) (0.03914462,0.3314027,0.3462778) (5.479495,304.6147,53.08193) (0.02920449,0.8743953,0.3072219) (27.34441,343.2849,0.3931462)
compute 1.28890399720217(0.0627802759408951,0.299121737480164,0.390982568264008) (0.05949615,0.3033174,0.3792464) (7.430265,301.9021,53.88874) (0.01204319,0.875931,0.2996653) (26.10261,341.054,2.009909)
compute 1.13075681662955(0.0682894811034203,0.293330609798431,0.398980855941772) (0.06278028,0.2991217,0.3909826) (7.87523,299.6394,55.43018) (0.0002505481,0.8764392,0.290486) (25.05929,339.2154,3.599679)
compute 2.43806308438041(0.0752506777644157,0.316296219825745,0.403286397457123) (0.06828948,0.2933306,0.3989809) (6.235054,299.1903,55.65168) (-0.007934202,0.8785686,0.2815148) (24.43753,337.5852,4.281206)
compute 1.85246307659816(0.0748990327119827,0.332932829856873,0.395146280527115) (0.07525068,0.3162962,0.4032864) (3.362258,294.9874,60.34602) (-0.0117979,0.8808044,0.2731333) (23.55845,336.7068,5.146522)
compute 1.25313883263762(0.0741847231984138,0.333871394395828,0.382670521736145) (0.07489903,0.3329328,0.3951463) (4.816269,292.3349,62.42059) (-0.01223777,0.8869139,0.2656712) (21.91269,337.2096,5.988186)
compute 0.40364435802935(0.0748815312981606,0.330782890319824,0.380166828632355) (0.07418472,0.3338714,0.3826705) (7.261051,293.6122,63.15308) (-0.00795079,0.8896231,0.2589923) (20.64499,338.3911,6.849663)
compute 0.266475944174128(0.074746273458004,0.329092741012573,0.382222563028336) (0.07488153,0.3307829,0.3801668) (8.938212,298.0477,60.84717) (-0.006424304,0.890604,0.2532921) (19.52621,339.4034,7.35802)
compute 0.465555175409339(0.0739178583025932,0.324572026729584,0.381480246782303) (0.07474627,0.3290927,0.3822226) (9.871593,299.1156,63.8635) (-0.006718829,0.8932078,0.2494497) (19.17527,339.9166,7.362899)
compute 0.255801732990654(0.0722924917936325,0.323467016220093,0.37984299659729) (0.07391786,0.324572,0.3814802) (9.412081,298.2617,67.98037) (-0.009215664,0.8930994,0.2458943) (18.80276,340.0404,7.501699)
compute 0.411510649258952(0.0686280801892281,0.323922365903854,0.381659269332886) (0.07229249,0.323467,0.379843) (8.097523,299.7003,70.21446) (-0.01044614,0.8931041,0.2446412) (18.39055,339.8254,7.767023)
compute 0.433852844030696(0.0679518654942513,0.3221655189991,0.385568112134933) (0.06862808,0.3239224,0.3816593) (8.243657,300.9053,71.09638) (-0.01337762,0.8920805,0.2402149) (18.96112,339.7822,7.759621)
compute 0.398227371475902(0.0669990926980972,0.322877287864685,0.381767570972443) (0.06795187,0.3221655,0.3855681) (6.467654,298.5801,71.41621) (-0.01617546,0.8911938,0.2389182) (18.52596,339.927,7.84947)
compute 0.707883931636262(0.0640346109867096,0.324793547391891,0.375631630420685) (0.06699909,0.3228773,0.3817676) (4.54084,297.6497,71.66392) (-0.01766204,0.8916333,0.237976) (18.09579,340.5855,7.771407)
compute 0.321270084192363(0.0617376044392586,0.326787292957306,0.374597132205963) (0.06403461,0.3247935,0.3756316) (2.867224,298.083,71.0448) (-0.01921505,0.8915956,0.2379325) (17.31674,342.0149,7.920684)
compute 0.514381507623711(0.0573973245918751,0.326831191778183,0.37183690071106) (0.0617376,0.3267873,0.3745971) (2.013459,298.2063,71.97706) (-0.01414458,0.8939888,0.2384705) (18.32126,344.9633,8.155298)
compute 1.46372168805597(0.0478895306587219,0.324973165988922,0.36086431145668) (0.05739732,0.3268312,0.3718369) (3.902553,294.2868,75.33157) (-0.002860717,0.8872097,0.2386551) (21.92058,350.8415,9.325263)
compute 1.01813028611043(0.0417723655700684,0.320380568504334,0.354145139455795) (0.04788953,0.3249732,0.3608643) (6.14993,291.6606,76.78175) (-0.005714603,0.8800726,0.2364966) (24.64276,348.3688,10.97903)
compute 0.384147443155518(0.0389141961932182,0.31781393289566,0.354131877422333) (0.04177237,0.3203806,0.3541451) (6.145306,291.4119,76.38914) (-0.04878622,0.8768358,0.2208175) (24.81778,328.3621,4.099708)
compute 0.639192330783936(0.0325900502502918,0.318486034870148,0.353491455316544) (0.0389142,0.3178139,0.3541319) (5.42321,290.3497,74.95856) (-0.07685456,0.8835917,0.1948428) (23.49567,308.9963,357.4859)
compute 0.423194172421202(0.0285727959126234,0.319595664739609,0.352756798267365) (0.03259005,0.318486,0.3534915) (6.039819,287.6318,73.69976) (-0.08773652,0.886487,0.1818451) (23.40891,304.1927,357.9573)
compute 0.341628605025167(0.0252472776919603,0.319462954998016,0.353527724742889) (0.0285728,0.3195957,0.3527568) (7.020685,285.1493,72.43166) (-0.0905132,0.8848197,0.1806402) (24.26378,306.2615,0.2499773)
compute 0.565754513740341(0.0206286795437336,0.316350907087326,0.354523479938507) (0.02524728,0.319463,0.3535277) (8.672902,283.4398,71.36858) (-0.0971389,0.8843261,0.1889068) (23.72232,308.6221,2.669616)
compute 1.7103570041224(0.0144459055736661,0.314089804887772,0.370309323072433) (0.02062868,0.3163509,0.3545235) (11.12637,284.2292,68.35483) (-0.1220321,0.8815456,0.2027217) (24.02783,309.5388,3.809722)
compute 5.96322584616237(-0.0208405815064907,0.335189700126648,0.413502663373947) (0.01444591,0.3140898,0.3703093) (9.823012,291.6251,62.77399) (-0.1677696,0.8618028,0.2196328) (27.20644,307.5891,5.695551)
compute 9.39478907437626(-0.107166357338429,0.363757133483887,0.437124013900757) (-0.02084058,0.3351897,0.4135027) (8.086541,288.9689,64.50249) (-0.2315752,0.8411391,0.2376812) (29.17182,306.7631,7.297456)
compute 13.9465777365401(-0.245010167360306,0.368474453687668,0.416447162628174) (-0.1071664,0.3637571,0.437124) (10.32502,270.9033,64.11681) (-0.2957483,0.819038,0.2505544) (31.3437,306.4859,9.536724)
compute 13.4225306132487(-0.376560240983963,0.357006043195724,0.392374634742737) (-0.2450102,0.3684745,0.4164472) (10.40566,257.676,62.90481) (-0.3590017,0.7942328,0.2713701) (33.03743,306.2268,10.98445)
compute 13.4304444171569(-0.508005619049072,0.329450219869614,0.393062174320221) (-0.3765602,0.357006,0.3923746) (9.135523,253.4387,61.65561) (-0.4135471,0.7578021,0.2958093) (34.19865,307.191,11.53696)
compute 12.4384772361105(-0.628715753555298,0.3041872382164,0.409261465072632) (-0.5080056,0.3294502,0.3930622) (7.795409,253.8489,61.44848) (-0.451695,0.7176638,0.3118344) (34.67668,306.5927,12.40485)
compute 11.5539013025867(-0.686616599559784,0.211022183299065,0.445552349090576) (-0.6287158,0.3041872,0.4092615) (21.90085,258.6355,68.62218) (-0.4701871,0.6803768,0.3230191) (34.54729,306.7956,13.09246)
compute 10.5284926460284(-0.645257294178009,0.114934772253037,0.433655560016632) (-0.6866166,0.2110222,0.4455523) (45.97565,247.2289,68.27982) (-0.4784412,0.6520379,0.3296646) (35.95119,307.0275,12.34042)
compute 8.60473313688982(-0.57439249753952,0.0681042149662972,0.419899731874466) (-0.6452573,0.1149348,0.4336556) (56.78513,240.4938,54.81757) (-0.471207,0.64467,0.3305509) (37.73995,307.3915,13.03742)
compute 12.7862721587728(-0.452150970697403,0.0557071305811405,0.384513318538666) (-0.5743925,0.06810421,0.4198997) (61.16361,198.816,8.824739) (-0.4455677,0.6685805,0.3264903) (37.77399,310.6463,15.15833)
compute 7.96810417318161(-0.379666447639465,0.0880459472537041,0.377494513988495) (-0.452151,0.05570713,0.3845133) (58.85192,221.9007,26.309) (-0.4175259,0.7212135,0.3276447) (33.12242,317.332,17.701)
compute 8.74872927244692(-0.3224276304245,0.154078736901283,0.373321354389191) (-0.3796664,0.08804595,0.3774945) (46.15657,247.1978,26.24513) (-0.387877,0.7617682,0.3206675) (33.23975,315.3882,16.87103)
compute 7.54406618304077(-0.268946975469589,0.207274824380875,0.372185736894608) (-0.3224276,0.1540787,0.3733214) (43.66437,259.7909,29.23933) (-0.361481,0.7885602,0.3054215) (35.21669,307.2556,10.86466)
compute 4.83119496417977(-0.246564775705338,0.25007963180542,0.373096823692322) (-0.268947,0.2072748,0.3721857) (41.36608,262.6489,33.83494) (-0.3352029,0.8098844,0.2783917) (35.53424,303.6701,9.576836)
compute 2.74364564699581(-0.237976238131523,0.27521538734436,0.37996631860733) (-0.2465648,0.2500796,0.3730968) (39.39748,271.3638,35.69734) (-0.3110515,0.8285211,0.2598157) (33.88311,301.9947,9.192406)
compute 1.89014131704506(-0.236236542463303,0.294036567211151,0.379958152770996) (-0.2379762,0.2752154,0.3799663) (35.7345,274.4784,43.77871) (-0.290995,0.8378478,0.2417149) (32.78088,300.7902,10.24298)
compute 2.97726137164237(-0.258729070425034,0.294956296682358,0.360473573207855) (-0.2362365,0.2940366,0.3799582) (33.46494,264.5001,51.73082) (-0.2876608,0.8378978,0.2268473) (32.01601,297.1495,9.450114)
compute 7.80411765611185(-0.332535654306412,0.29828742146492,0.335335612297058) (-0.2587291,0.2949563,0.3604736) (30.69258,252.7483,56.6519) (-0.322943,0.8204851,0.2210553) (32.53948,294.545,8.73309)
compute 11.5733933085979(-0.442051708698273,0.309181690216064,0.29953208565712) (-0.3325357,0.2982874,0.3353356) (26.64409,242.4529,56.85234) (-0.3840349,0.7829056,0.2185417) (33.44442,292.2508,9.886039)
compute 13.5824718393089(-0.571214616298676,0.288507044315338,0.262955367565155) (-0.4420517,0.3091817,0.2995321) (22.4412,235.3226,64.04684) (-0.4461607,0.7335946,0.2175182) (34.61866,290.1726,10.4549)
compute 13.0165056793583(-0.695772647857666,0.270856469869614,0.22953836619854) (-0.5712146,0.288507,0.2629554) (15.38599,232.5701,67.76306) (-0.4966978,0.6830061,0.2195) (35.64924,287.3813,10.53093)
compute 10.9801362345055(-0.78727775812149,0.211474269628525,0.217012032866478) (-0.6957726,0.2708565,0.2295384) (15.70877,237.4444,65.78833) (-0.524284,0.6441411,0.2282223) (36.10299,286.4336,9.791248)
compute 10.0434456235078(-0.771572828292847,0.114856138825417,0.239492520689964) (-0.7872778,0.2114743,0.217012) (37.17219,241.2965,68.96853) (-0.5382622,0.6158119,0.2328047) (36.93335,286.2912,8.657153)
compute 14.8887658447886(-0.647643744945526,0.0334373041987419,0.25291234254837) (-0.7715728,0.1148561,0.2394925) (61.44105,217.6192,48.01911) (-0.5357932,0.6023129,0.2342562) (39.45673,287.4475,10.30941)
compute 11.3978250070847(-0.53559410572052,0.0153240840882063,0.263296544551849) (-0.6476437,0.0334373,0.2529123) (62.86699,193.4923,20.40723) (-0.5099722,0.6216796,0.240225) (39.34126,291.4988,12.81199)
compute 8.18595041194679(-0.467396378517151,0.0605392158031464,0.265671521425247) (-0.5355941,0.01532408,0.2632965) (54.6976,202.9471,20.68028) (-0.4820365,0.6731254,0.2416406) (37.11429,293.5245,13.97532)
compute 8.23967193725276(-0.428168535232544,0.130115076899529,0.285909980535507) (-0.4673964,0.06053922,0.2656715) (42.23238,226.185,22.2332) (-0.4441836,0.7270153,0.2528383) (34.13797,296.4025,13.52026)
compute 11.053242087244(-0.368915140628815,0.20140552520752,0.346110671758652) (-0.4281685,0.1301151,0.28591) (35.02581,255.1729,24.68203) (-0.4011479,0.7765108,0.2838035) (31.86875,307.2752,14.98651)
compute 10.0890354835703(-0.29918509721756,0.258236914873123,0.391791939735413) (-0.3689151,0.2014055,0.3461107) (37.74962,269.3045,19.40158) (-0.3616179,0.8173439,0.2988527) (29.51651,312.5013,14.72501)
compute 7.60368306403382(-0.237450838088989,0.290313333272934,0.422477185726166) (-0.2991851,0.2582369,0.3917919) (36.68904,283.2383,19.65179) (-0.328117,0.8377664,0.3016723) (29.4079,314.1264,13.9647)
compute 1.12453857516239(-0.237287908792496,0.288080602884293,0.411456882953644) (-0.2374508,0.2903133,0.4224772) (38.3955,280.2145,30.96926) (-0.3126236,0.8366393,0.2856125) (29.69075,310.6315,11.84071)
compute 8.4892874724448(-0.316431671380997,0.283780604600906,0.381050050258636) (-0.2372879,0.2880806,0.4114569) (34.39208,270.5789,39.60555) (-0.3274531,0.8106352,0.2668825) (29.98896,307.1553,11.65437)
compute 12.9154715316743(-0.441090643405914,0.281592667102814,0.34734109044075) (-0.3164317,0.2837806,0.3810501) (27.47032,259.9027,49.0416) (-0.3924007,0.7640173,0.2502092) (33.31459,302.6895,12.35053)
compute 15.3501546999237(-0.593880236148834,0.277956008911133,0.333028823137283) (-0.4410906,0.2815927,0.3473411) (16.95208,254.2321,59.21809) (-0.453243,0.716342,0.2459651) (34.44619,300.9298,13.02696)
compute 14.2288165797432(-0.735071301460266,0.260382115840912,0.334499686956406) (-0.5938802,0.277956,0.3330288) (7.908105,249.7026,72.06963) (-0.4980465,0.6689531,0.2551083) (35.62462,301.524,14.71142)
compute 13.1602912977504(-0.768396556377411,0.143677115440369,0.385378926992416) (-0.7350713,0.2603821,0.3344997) (33.44364,261.4861,71.14526) (-0.518158,0.6420206,0.2724951) (35.74925,303.5331,15.7486)
compute 10.8941772554111(-0.683769881725311,0.0750809758901596,0.386476963758469) (-0.7683966,0.1436771,0.3853789) (57.74525,237.0023,66.38515) (-0.5310833,0.6284102,0.2758562) (36.0942,302.7592,15.12462)
compute 12.1832702266818(-0.567092835903168,0.0401259325444698,0.389273315668106) (-0.6837699,0.07508098,0.386477) (67.83105,218.5792,32.97888) (-0.5228617,0.6309788,0.2732329) (37.14576,304.9058,16.77814)
compute 9.31567241284611(-0.479166805744171,0.0583647862076759,0.364483535289764) (-0.5670928,0.04012593,0.3892733) (60.21437,215.25,26.95539) (-0.4965027,0.6712655,0.2641584) (36.25986,306.394,17.89695)
compute 9.67507135206132(-0.407053589820862,0.120736442506313,0.348046958446503) (-0.4791668,0.05836479,0.3644835) (46.99685,232.1037,27.74248) (-0.4578727,0.7255238,0.2656681) (33.85104,310.1947,18.78957)
compute 11.1966992051608(-0.343233793973923,0.211665347218513,0.362031787633896) (-0.4070536,0.1207364,0.348047) (35.65795,256.1613,37.12552) (-0.4026287,0.7692654,0.2997021) (31.3955,327.4253,24.19951)
compute 11.6704707492096(-0.260177075862885,0.28461617231369,0.399444997310638) (-0.3432338,0.2116653,0.3620318) (33.76668,280.8674,39.87985) (-0.3274318,0.8155758,0.3306559) (26.33641,348.7576,27.65865)
compute 7.99758874615326(-0.195133790373802,0.323016822338104,0.425730049610138) (-0.2601771,0.2846162,0.399445) (34.59247,296.1873,43.07312) (-0.2644545,0.8473184,0.3292678) (23.81323,359.4765,26.25259)
compute 4.47568368888065(-0.156207919120789,0.344518899917603,0.430790841579437) (-0.1951338,0.3230168,0.42573) (30.41101,304.596,47.74287) (-0.2136638,0.8642707,0.3181952) (24.15209,5.440049,24.93299)
compute 3.26748873096872(-0.128580793738365,0.357185691595078,0.418793231248856) (-0.1562079,0.3445189,0.4307908) (24.3038,308.9506,50.8222) (-0.1695672,0.8660027,0.3002283) (25.14712,11.30042,23.64329)
compute 1.58549242737895(-0.11724329739809,0.366152256727219,0.412278592586517) (-0.1285808,0.3571857,0.4187932) (19.76903,312.7893,53.22018) (-0.124344,0.8662179,0.2876447) (24.70517,18.69425,24.03717)
compute 1.11193280546194(-0.108265608549118,0.372449398040771,0.414118856191635) (-0.1172433,0.3661523,0.4122786) (14.94247,317.7573,52.02399) (-0.08621549,0.8725064,0.2793449) (23.13945,24.82005,22.9409)
compute 1.24393070498981(-0.0986647680401802,0.36457359790802,0.413389474153519) (-0.1082656,0.3724494,0.4141189) (12.96879,318.5105,59.85146) (-0.04694962,0.8773076,0.2733255) (22,32.66287,21.60846)
compute 0.856731184878916(-0.0911104679107666,0.365261077880859,0.409407168626785) (-0.09866477,0.3645736,0.4133895) (11.0482,321.9842,57.77608) (-0.01400254,0.8786957,0.2661994) (21.79545,40.12431,21.70921)
compute 1.29008333440711(-0.0896833017468452,0.352445334196091,0.409796297550201) (-0.09111047,0.3652611,0.4094072) (10.248,322.3064,58.11738) (0.01049598,0.8796057,0.2565143) (21.6792,44.08338,19.18464)
compute 2.83324564894485(-0.0649267435073853,0.356097936630249,0.423081606626511) (-0.0896833,0.3524453,0.4097963) (7.868057,325.5254,59.94159) (0.0299451,0.8825392,0.2487646) (21.55579,45.39927,16.33593)
compute 7.73117492245163(0.00638548657298088,0.369665384292603,0.449682295322418) (-0.06492674,0.3560979,0.4230816) (7.882917,334.7807,59.47904) (0.06268306,0.883393,0.2537425) (22.35827,46.65865,13.54055)
compute 12.734129134352(0.126803129911423,0.380541533231735,0.489646106958389) (0.006385487,0.3696654,0.4496823) (9.917888,346.5171,55.47874) (0.1202903,0.8737259,0.2822852) (23.84824,47.5519,11.44136)
compute 16.8472010435099(0.285860925912857,0.370146483182907,0.544193148612976) (0.1268031,0.3805415,0.4896461) (7.165153,0.5544706,62.16142) (0.2058903,0.8503586,0.3283248) (25.66118,48.18116,7.503775)
compute 18.0760473750995(0.454340398311615,0.321263015270233,0.587775528430939) (0.2858609,0.3701465,0.5441931) (12.64383,14.26184,66.03949) (0.2967777,0.8031491,0.3855858) (27.30165,49.92357,3.282083)
compute 15.5446128142187(0.600447773933411,0.288139909505844,0.629236280918121) (0.4543404,0.321263,0.5877755) (11.82548,24.08433,66.33466) (0.372221,0.7458691,0.435779) (29.53462,52.42274,1.661492)
compute 13.7981237617644(0.72097384929657,0.221702948212624,0.639156877994537) (0.6004478,0.2881399,0.6292363) (12.27768,36.80361,74.52969) (0.4158667,0.6895653,0.4584283) (32.02584,52.79385,359.444)
compute 15.5276602072388(0.706387341022491,0.0860266759991646,0.565062284469604) (0.7209738,0.2217029,0.6391569) (54.40699,42.68661,80.46184) (0.4334297,0.6456813,0.4680128) (36.32248,54.38158,357.6668)
compute 13.0294153665114(0.609278380870819,0.0124117378145456,0.518940091133118) (0.7063873,0.08602668,0.5650623) (65.57536,13.83605,55.65973) (0.4247842,0.6338334,0.4687476) (38.61861,54.113,359.907)
compute 12.4368235267831(0.497863411903381,-0.0179204158484936,0.472743511199951) (0.6092784,0.01241174,0.5189401) (65.19678,346.7766,27.98443) (0.4046407,0.6491105,0.4468367) (37.72723,53.03999,359.0172)
compute 10.2172348704615(0.402255862951279,0.00469568045809865,0.444691807031631) (0.4978634,-0.01792042,0.4727435) (59.23273,343.3513,24.7196) (0.3713292,0.6976886,0.4141473) (37.62756,52.69986,359.6526)
compute 12.2376430139768(0.327170312404633,0.0998946949839592,0.428099662065506) (0.4022559,0.00469568,0.4446918) (45.92448,352.6225,27.31874) (0.3359672,0.7447479,0.3980564) (37.25086,47.37671,358.2134)
compute 8.59654027090544(0.300126910209656,0.181185126304626,0.435210973024368) (0.3271703,0.09989469,0.4280997) (34.31774,354.9461,32.43774) (0.3025379,0.7765057,0.3739958) (35.97216,42.3429,357.0694)
compute 12.2477871577189(0.356371402740479,0.245584920048714,0.522903919219971) (0.3001269,0.1811851,0.435211) (27.00383,4.819057,48.43962) (0.2939266,0.7800632,0.3734481) (34.93869,37.36773,354.7473)
compute 17.2696337657024(0.427600175142288,0.318343132734299,0.662391304969788) (0.3563714,0.2455849,0.5229039) (5.621332,10.88909,56.1662) (0.304801,0.7618839,0.4129536) (35.51443,36.1511,354.297)
compute 14.7612630437177(0.473210573196411,0.313028782606125,0.80268007516861) (0.4276002,0.3183431,0.6623913) (2.235003,9.609369,71.47382) (0.3582734,0.704589,0.4724501) (34.12255,34.02018,349.6658)
compute 15.9287776371692(0.49503755569458,0.15567447245121,0.814333438873291) (0.4732106,0.3130288,0.8026801) (43.98618,8.662654,73.11739) (0.3780124,0.6698169,0.5062283) (35.21404,32.90256,346.66)
compute 12.8027934559271(0.445557355880737,0.0568883381783962,0.749648332595825) (0.4950376,0.1556745,0.8143334) (53.18151,333.2388,44.46478) (0.3809097,0.6656904,0.5091507) (36.41361,33.89738,349.8364)
compute 13.5047353497402(0.389598369598389,0.0155283836647868,0.63390839099884) (0.4455574,0.05688834,0.7496483) (62.10307,304.5065,28.63683) (0.3670793,0.673893,0.4951319) (37.05686,33.86948,351.2813)
compute 11.0685159104201(0.323052078485489,0.0498487018048763,0.552392065525055) (0.3895984,0.01552838,0.6339084) (53.18364,314.7129,26.57993) (0.3454399,0.708387,0.4829248) (35.80882,31.0535,351.466)
compute 12.6182408271428(0.254758894443512,0.118564017117023,0.47154501080513) (0.3230521,0.0498487,0.5523921) (40.45515,309.9205,15.60557) (0.320785,0.7481771,0.4575199) (35.70864,29.46936,354.3062)
compute 8.39274750101938(0.2163055986166,0.183262154459953,0.434405863285065) (0.2547589,0.118564,0.471545) (41.08829,316.4131,26.13583) (0.2750026,0.7876568,0.4421182) (33.50815,21.77381,354.9482)
compute 10.6865376153471(0.157744079828262,0.272652983665466,0.434212535619736) (0.2163056,0.1832622,0.4344059) (24.76977,317.6467,36.10254) (0.2178968,0.8244872,0.4211051) (33.16682,8.823805,353.4299)
compute 9.07950301317329(0.091954343020916,0.335211992263794,0.432864010334015) (0.1577441,0.272653,0.4342125) (14.75085,312.3407,44.63401) (0.1625017,0.8470405,0.3967489) (33.00322,354.292,352.0248)
compute 6.35518058754675(0.0387319214642048,0.365718960762024,0.416264891624451) (0.09195434,0.335212,0.432864) (8.351497,302.1094,49.43024) (0.112113,0.8639373,0.3652166) (32.0724,343.6983,351.9772)
compute 3.73975248973224(0.0104185491800308,0.382261633872986,0.398285239934921) (0.03873192,0.365719,0.4162649) (9.527703,294.8204,51.34344) (0.07878562,0.8689101,0.3434171) (32.89098,340.2178,354.8116)
compute 2.17141860401043(0.000247766321990639,0.386272877454758,0.379524350166321) (0.01041855,0.3822616,0.3982852) (12.90666,287.9227,54.83967) (0.04711997,0.871164,0.3263102) (32.27568,337.5203,358.845)
compute 1.15208737656304(-0.00194636732339859,0.376170128583908,0.374439984560013) (0.0002477663,0.3862729,0.3795244) (15.17238,285.4856,54.77539) (0.01591727,0.8723025,0.3071986) (31.35877,333.1113,0.4999369)
compute 2.62811143838755(-0.00949479639530182,0.351408302783966,0.378975421190262) (-0.001946367,0.3761701,0.37444) (16.42385,283.4687,54.6544) (-0.008125275,0.8720705,0.2967111) (29.99811,329.6083,2.181022)
compute 4.88594495775351(-0.0446410663425922,0.345908343791962,0.412467747926712) (-0.009494796,0.3514083,0.3789754) (17.96278,283.1898,61.18716) (-0.04371747,0.8646334,0.3126595) (28.87356,328.4968,4.687006)
compute 8.42098976958453(-0.121003113687038,0.36108335852623,0.444559246301651) (-0.04464107,0.3459083,0.4124677) (14.83099,279.3471,61.20134) (-0.1003719,0.8358536,0.3469083) (30.20575,328.0807,7.305136)
compute 10.874725879909(-0.223196864128113,0.362285256385803,0.481720507144928) (-0.1210031,0.3610834,0.4445592) (15.65417,274.1043,61.83161) (-0.1715658,0.8089783,0.3817222) (31.79258,326.8315,10.12652)
compute 12.7290290750874(-0.338553190231323,0.360783815383911,0.535511612892151) (-0.2231969,0.3622853,0.4817205) (12.78851,273.1705,68.73518) (-0.2469257,0.7752904,0.4109994) (33.40321,324.3492,11.04878)
compute 13.5368902207698(-0.438187927007675,0.331005156040192,0.622177004814148) (-0.3385532,0.3607838,0.5355116) (8.184649,279.4985,68.39529) (-0.3108482,0.7381552,0.4372635) (35.15996,322.8476,11.48365)
compute 12.6474672797651(-0.474581360816956,0.256800055503845,0.717910826206207) (-0.4381879,0.3310052,0.622177) (18.53384,295.713,71.69999) (-0.350943,0.7101454,0.4541347) (36.11682,320.3197,12.23752)
compute 11.504645128136(-0.447429835796356,0.145529329776764,0.728741645812988) (-0.4745814,0.2568001,0.7179108) (31.1137,291.8015,67.01336) (-0.3738394,0.6936543,0.4672831) (37.82723,317.5331,12.09149)
compute 13.0900559604812(-0.364818453788757,0.0703816935420036,0.660454392433167) (-0.4474298,0.1455293,0.7287416) (65.95399,269.9513,67.56) (-0.3813564,0.6962554,0.4770445) (39.88288,318.3594,13.69955)
compute 5.64175079276607(-0.337115585803986,0.0443500839173794,0.618766963481903) (-0.3648185,0.07038169,0.6604544) (61.12701,263.7128,41.41339) (-0.3722665,0.698004,0.4839344) (41.0243,319.9217,13.82689)
compute 7.92493516824292(-0.290113538503647,0.0214672219008207,0.559204876422882) (-0.3371156,0.04435008,0.618767) (65.86642,237.5455,24.38824) (-0.3442171,0.6951777,0.4880986) (40.89296,320.8522,12.28053)
compute 2.62732428798686(-0.28084796667099,0.0210644695907831,0.534622967243195) (-0.2901135,0.02146722,0.5592049) (66.79527,247.7306,31.7446) (-0.3126959,0.6934357,0.4855382) (40.56693,322.7157,10.70123)
compute 5.15081860581857(-0.293026208877563,0.0604979395866394,0.503804385662079) (-0.280848,0.02106447,0.534623) (54.46946,261.1992,35.47217) (-0.2932427,0.7141486,0.4559223) (39.5308,321.2938,9.318314)
compute 7.71893429616854(-0.304149955511093,0.12928931415081,0.470604926347733) (-0.2930262,0.06049794,0.5038044) (41.38119,271.2649,36.17908) (-0.2746633,0.763216,0.4034724) (37.54595,315.9603,6.991638)
compute 8.14908442821732(-0.311164379119873,0.194407120347023,0.422115474939346) (-0.30415,0.1292893,0.4706049) (38.87282,267.9786,36.26551) (-0.2662474,0.7951885,0.3625566) (35.9967,312.64,6.75415)
compute 6.81502095288147(-0.348824143409729,0.246622443199158,0.3997603058815) (-0.3111644,0.1944071,0.4221155) (36.62796,260.6965,51.38337) (-0.2787327,0.8058575,0.3388519) (34.81905,312.8835,7.798047)
compute 10.3605301971805(-0.439513742923737,0.296186536550522,0.407030552625656) (-0.3488241,0.2466224,0.3997603) (25.58233,260.4327,64.45097) (-0.3264555,0.7938715,0.3311123) (33.86645,313.2665,9.092098)
compute 12.7743459802125(-0.560967445373535,0.33226203918457,0.42333847284317) (-0.4395137,0.2961865,0.4070306) (13.01834,258.4507,72.30311) (-0.3869014,0.7504075,0.3292955) (35.1513,312.5057,9.641999)
compute 12.1585369167484(-0.676339566707611,0.345959037542343,0.459180742502213) (-0.5609674,0.332262,0.4233385) (1.235884,262.4181,73.19814) (-0.4347114,0.708576,0.3436491) (36.16235,310.8024,9.620335)
compute 9.58105608522949(-0.725163400173187,0.27196928858757,0.495532006025314) (-0.6763396,0.345959,0.4591807) (9.396371,264.5706,72.75676) (-0.4619668,0.6807079,0.366689) (36.46989,310.8552,8.917233)
compute 20.0255758689203(-0.621672987937927,0.102286644279957,0.52002489566803) (-0.7251634,0.2719693,0.495532) (58.93992,278.0446,72.20039) (-0.4804682,0.6629974,0.3822726) (36.33913,310.7043,8.396909)
compute 17.927051698359(-0.482462227344513,0.0155343962833285,0.447690039873123) (-0.621673,0.1022866,0.5200249) (72.27842,214.206,13.63196) (-0.485244,0.6548834,0.387114) (37.79683,310.54,9.616015)
compute 7.86222150843752(-0.422281295061111,0.000694357440806925,0.399321854114532) (-0.4824622,0.0155344,0.44769) (63.44918,221.5676,17.35) (-0.4625677,0.6745382,0.3863531) (38.10323,313.6292,12.04404)
compute 7.29111618769634(-0.390075534582138,0.0576346702873707,0.367125153541565) (-0.4222813,0.0006943574,0.3993219) (48.81807,239.1785,17.92055) (-0.4204446,0.7251325,0.3749914) (36.07074,316.03,12.91211)
compute 8.46685622402337(-0.340651154518127,0.126236379146576,0.362675279378891) (-0.3900755,0.05763467,0.3671252) (43.70231,249.5382,19.08655) (-0.3902497,0.7682541,0.3593646) (32.8507,319.2756,14.30268)
compute 11.9775897983792(-0.275940299034119,0.223163083195686,0.390315562486649) (-0.3406512,0.1262364,0.3626753) (37.22997,276.1136,28.65243) (-0.337421,0.8193721,0.345653) (25.20043,332.2813,18.91961)
compute 8.60911413563101(-0.215730026364326,0.2782321870327,0.417771011590958) (-0.2759403,0.2231631,0.3903156) (35.43634,292.8913,32.21707) (-0.2930108,0.8432274,0.3309096) (21.52792,341.5595,20.48389)
compute 6.43054713508138(-0.157297432422638,0.303592652082443,0.426584213972092) (-0.21573,0.2782322,0.417771) (35.63352,303.2512,14.84761) (-0.2465128,0.8660517,0.3000498) (19.00374,347.2305,19.34509)
compute 4.20101711502077(-0.123447872698307,0.32843354344368,0.427995592355728) (-0.1572974,0.3035927,0.4265842) (27.56967,314.2296,12.83767) (-0.2141308,0.8811266,0.2741036) (17.84051,348.9103,17.33196)
compute 2.38066667895667(-0.10670567303896,0.333408892154694,0.411818385124207) (-0.1234479,0.3284335,0.4279956) (26.45506,320.209,3.2844) (-0.1896533,0.8854089,0.2532732) (18.01988,350.0635,15.92355)
compute 3.59340427471998(-0.108407966792583,0.328863590955734,0.376213639974594) (-0.1067057,0.3334089,0.4118184) (31.12831,311.6481,358.6873) (-0.1489173,0.887848,0.2401858) (17.70807,356.4526,14.34325)
compute 1.17727693088519(-0.110974498093128,0.327800393104553,0.364773333072662) (-0.108408,0.3288636,0.3762136) (27.4394,307.8005,17.79876) (-0.1110004,0.884927,0.2365313) (18.83956,2.344169,13.3974)
compute 2.19884183462765(-0.0964998379349709,0.312229126691818,0.370386749505997) (-0.1109745,0.3278004,0.3647733) (26.78261,312.8117,26.47352) (-0.07930865,0.8693187,0.2379757) (23.08829,8.12988,12.30112)
compute 5.66341001547571(-0.0613727197051048,0.275267064571381,0.395030468702316) (-0.09649984,0.3122291,0.3703867) (29.66742,313.2162,45.32711) (-0.05748968,0.8516068,0.2754606) (25.50993,11.32383,12.01009)
compute 7.6523472564276(-0.0305062048137188,0.26198399066925,0.463781177997589) (-0.06137272,0.2752671,0.3950305) (27.48964,319.0503,50.98965) (-0.03542936,0.8295109,0.3337107) (27.65684,12.8948,11.55036)
compute 12.767027797691(0.00981863774359226,0.264525830745697,0.58488917350769) (-0.0305062,0.261984,0.4637812) (20.09023,329.6541,59.3666) (-0.01533706,0.8041021,0.4069352) (30.23587,14.32287,9.537646)
compute 13.8980372499861(0.0654920116066933,0.263740926980972,0.712228894233704) (0.009818638,0.2645258,0.5848892) (17.28981,339.7939,68.45016) (0.004885751,0.7754145,0.4748416) (32.9684,17.15104,7.905189)
compute 12.0618118883103(0.119789272546768,0.262173295021057,0.819923281669617) (0.06549201,0.2637409,0.7122289) (13.36472,349.2792,72.38718) (0.02710177,0.7491959,0.5202249) (30.62667,17.91626,4.172326)
compute 7.5613705250248(0.151903212070465,0.257261425256729,0.888202130794525) (0.1197893,0.2621733,0.8199233) (8.543525,350.3027,77.85673) (0.04841864,0.7322608,0.5344697) (28.91124,16.18496,358.7375)
compute 14.5443579952226(0.155631884932518,0.135840803384781,0.808221101760864) (0.1519032,0.2572614,0.8882021) (59.6881,347.1895,56.49826) (0.06385551,0.7100869,0.5401409) (30.43211,16.7095,355.5406)
compute 4.59289822752296(0.138759553432465,0.109638318419456,0.774483501911163) (0.1556319,0.1358408,0.8082211) (54.11006,339.7115,52.18135) (0.06563572,0.704758,0.5380844) (32.32682,17.19987,357.4248)
compute 10.6867058118608(0.11599762737751,0.073081411421299,0.676677286624908) (0.1387596,0.1096383,0.7744835) (62.0715,300.915,23.26511) (0.06850572,0.7115244,0.5191351) (32.7091,18.82028,359.4191)
compute 5.15907819160738(0.102766595780849,0.0669767037034035,0.627187073230743) (0.1159976,0.07308141,0.6766773) (60.07647,309.115,25.79154) (0.0700961,0.7366323,0.496022) (31.94296,19.62126,359.5081)
compute 7.01885610736675(0.0713387355208397,0.098760761320591,0.573071479797363) (0.1027666,0.0669767,0.6271871) (49.73914,308.5674,25.98991) (0.07496333,0.7682681,0.4676383) (30.19195,23.0848,1.85201)
compute 8.37031066699023(0.057252574712038,0.167093619704247,0.526828527450562) (0.07133874,0.09876076,0.5730715) (39.84964,318.5416,24.26654) (0.09837138,0.8020761,0.4321218) (29.19046,32.31435,6.188315)
compute 8.73247993694601(0.0560713410377502,0.246544986963272,0.490611046552658) (0.05725257,0.1670936,0.5268285) (31.41959,325.7669,17.70875) (0.1146772,0.8284798,0.393271) (28.10143,40.02766,9.644197)
compute 5.72093669690866(0.0611057505011559,0.29780176281929,0.465705037117004) (0.05607134,0.246545,0.490611) (24.3094,334.6922,12.21631) (0.1226429,0.8427921,0.3513346) (28.47661,45.87511,10.66329)
compute 3.58709428920834(0.0531994439661503,0.318815797567368,0.437729597091675) (0.06110575,0.2978018,0.465705) (24.2418,334.6264,4.228078) (0.1278426,0.8559102,0.3171487) (27.23585,47.64845,9.944321)
compute 2.49554155994356(0.0389593616127968,0.317664295434952,0.417268246412277) (0.05319944,0.3188158,0.4377296) (22.75102,332.1198,9.782257) (0.1360342,0.8614566,0.296124) (26.89132,48.01281,8.422127)
compute 0.768761202776845(0.0418845005333424,0.310813695192337,0.415367662906647) (0.03895936,0.3176643,0.4172682) (24.00127,336.0435,27.96648) (0.1446366,0.862023,0.2850225) (26.68459,47.86469,7.603609)
compute 1.41711796348813(0.0415034294128418,0.315111607313156,0.428865998983383) (0.0418845,0.3108137,0.4153677) (16.25136,334.9553,34.00338) (0.1547835,0.8620701,0.2791986) (26.48226,47.92111,6.852038)
compute 1.01571641083595(0.0392129123210907,0.308409839868546,0.436146646738052) (0.04150343,0.3151116,0.428866) (18.43361,334.916,37.80217) (0.1620022,0.8620623,0.2785159) (26.14487,47.2628,6.373503)
compute 1.45249584299896(0.0248012151569128,0.306907087564468,0.437156170606613) (0.03921291,0.3084098,0.4361466) (15.37867,328.6373,37.60495) (0.1636053,0.8618197,0.2799056) (26.35703,46.10106,5.605352)
compute 0.967249820520516(0.0204346850514412,0.299830764532089,0.442097455263138) (0.02480122,0.3069071,0.4371562) (14.67808,328.0029,40.99685) (0.1628094,0.8639233,0.2814156) (25.75706,44.66326,5.164048)
compute 0.23118927901177(0.018657922744751,0.299364894628525,0.443501353263855) (0.02043469,0.2998308,0.4420975) (12.99706,328.3675,38.41459) (0.151724,0.8669937,0.2815581) (25.10265,42.92682,4.857293)
compute 0.907878902074806(0.0175419468432665,0.291076511144638,0.439968407154083) (0.01865792,0.2993649,0.4435014) (18.16362,327.8834,37.71616) (0.1385011,0.8690596,0.2829662) (24.93812,38.93137,4.669563)
compute 1.32433777763211(0.00934296287596226,0.285148620605469,0.431423008441925) (0.01754195,0.2910765,0.4399684) (19.71145,324.3456,42.18724) (0.1183752,0.8728049,0.28253) (25.2987,31.52011,4.049919)
compute 1.71948550425591(0.00239575002342463,0.276030719280243,0.418606489896774) (0.009342963,0.2851486,0.431423) (19.987,320.6584,50.82096) (0.09526451,0.8753983,0.2805694) (25.72805,22.94971,3.024847)
compute 2.2039490952665(-0.00390788493677974,0.269254416227341,0.398604363203049) (0.00239575,0.2760307,0.4186065) (21.31873,314.3443,58.70081) (0.04740351,0.8800777,0.2726485) (25.89289,6.674708,1.236685)
compute 1.49827437624381(-0.00333118555136025,0.267624765634537,0.383721679449081) (-0.003907885,0.2692544,0.3986044) (23.03729,310.578,63.67863) (0.0249808,0.8795219,0.2583708) (27.09746,359.4483,1.25276)
compute 1.19582939239881(0.0036202750634402,0.268855541944504,0.374069571495056) (-0.003331186,0.2676248,0.3837217) (23.56641,309.832,63.40499) (0.003988661,0.8796336,0.2488402) (27.183,350.7919,2.406689)
compute 1.23127683300261(0.0136969173327088,0.27581599354744,0.372797697782516) (0.003620275,0.2688555,0.3740696) (23.62556,309.5055,63.38567) (-0.02028029,0.8787059,0.2379597) (26.90265,340.2766,0.3594272)
compute 1.1672636239754(0.0245571862906218,0.279949903488159,0.373900324106216) (0.01369692,0.275816,0.3727977) (24.42695,309.5055,63.36032) (-0.02893397,0.8784959,0.229563) (26.62002,336.8845,0.4432606)
compute 0.869236078041886(0.0332278124988079,0.279378563165665,0.374126046895981) (0.02455719,0.2799499,0.3739003) (26.19226,307.8525,65.39402) (-0.03195752,0.880241,0.2261409) (24.95808,337.1958,2.214921)
Average= 6.25377071604433
Max= 20.0255758689203
Standard Deviation= 5.84396706127112
Right: 13    Wrong: 0
0
