compute 92.8213170844134(0.207098692655563,0.821809649467468,0.37857460975647) (0,0,0) (312.39,293.4221,104.7104) (0.04372125,1.171106,0.1093638) (320.8419,13.63493,355.3613)
compute 0.0974532012233832(0.206930890679359,0.821199059486389,0.377833843231201) (0.2070987,0.8218096,0.3785746) (313.1646,292.3828,106.5439) (0.04289954,1.171381,0.1089361) (320.7068,13.4977,355.2889)
compute 0.0976058189591667(0.206499665975571,0.820384562015533,0.377512395381927) (0.2069309,0.8211991,0.3778338) (314.5872,291.1634,108.203) (0.04169189,1.171218,0.1091515) (320.544,13.14317,355.4171)
compute 0.130762149580743(0.205306053161621,0.819850981235504,0.37749108672142) (0.2064997,0.8203846,0.3775124) (315.3061,290.8608,108.224) (0.04024611,1.171234,0.1093797) (320.5438,12.41403,355.5461)
compute 0.525407519413488(0.200365826487541,0.819536983966827,0.379252016544342) (0.2053061,0.819851,0.3774911) (315.6689,290.7166,108.0476) (0.03875107,1.171615,0.1109868) (320.8449,11.37411,355.9101)
compute 0.640184248355471(0.194829359650612,0.819555938243866,0.382466167211533) (0.2003658,0.819537,0.379252) (315.6243,290.6664,108.0196) (0.03781456,1.171429,0.1148659) (322.4169,9.833226,356.9559)
compute 0.980395810670542(0.186179980635643,0.819013953208923,0.387050062417984) (0.1948294,0.8195559,0.3824662) (317.313,289.4631,109.3121) (0.0359708,1.169442,0.1203912) (324.0568,8.346198,357.478)
compute 0.919416577089799(0.178033828735352,0.818771541118622,0.391306132078171) (0.18618,0.819014,0.3870501) (317.9868,290.039,108.2023) (0.03499321,1.168542,0.1229816) (324.9769,7.050373,357.9843)
compute 0.721451981171237(0.171699851751328,0.818626940250397,0.394757091999054) (0.1780338,0.8187715,0.3913061) (318.7032,290.1508,107.7047) (0.03574269,1.168363,0.1241791) (325.8068,6.327464,358.2604)
compute 0.324791716143003(0.168896168470383,0.818516373634338,0.396392971277237) (0.1716999,0.8186269,0.3947571) (319.1908,290.3979,107.2689) (0.03598442,1.168038,0.1248762) (326.2856,6.117264,358.5204)
compute 0.208898562714987(0.16704922914505,0.81855034828186,0.397368431091309) (0.1688962,0.8185164,0.396393) (319.2286,290.4257,107.2376) (0.03613396,1.167126,0.125301) (325.438,6.060619,358.3917)
compute 0.10225309921528(0.166358634829521,0.818503439426422,0.398121058940887) (0.1670492,0.8185503,0.3973684) (319.5851,291.1443,106.9888) (0.03744836,1.17086,0.1206308) (322.3338,7.103917,358.2532)
compute 0.310845307486187(0.169456601142883,0.81849217414856,0.398375928401947) (0.1663586,0.8185034,0.3981211) (319.9409,292.7155,105.3986) (0.03809316,1.175245,0.1129862) (318.4135,8.628211,357.9745)
compute 0.833559306155473(0.177448555827141,0.818712830543518,0.396017521619797) (0.1694566,0.8184922,0.3983759) (319.7737,293.8589,104.5362) (0.03950618,1.175424,0.1103185) (317.8494,10.06256,357.1648)
compute 0.660932896087995(0.183333575725555,0.81934642791748,0.393076717853546) (0.1774486,0.8187128,0.3960175) (318.61,294.7506,104.1198) (0.03972689,1.176018,0.1104412) (317.283,10.29583,357.0709)
compute 0.297334786979081(0.185937434434891,0.819725751876831,0.391692221164703) (0.1833336,0.8193464,0.3930767) (318.0867,295.1934,104.0321) (0.03936767,1.175787,0.1103941) (316.9853,10.66177,357.0219)
compute 0.187261094978598(0.187575101852417,0.819861054420471,0.390794217586517) (0.1859374,0.8197258,0.3916922) (318.0432,295.3357,104.2013) (0.03943942,1.176175,0.1105757) (316.5331,10.64984,357.0861)
compute 0.0688884513204744(0.188129752874374,0.819762825965881,0.390397638082504) (0.1875751,0.8198611,0.3907942) (318.28,295.1702,104.984) (0.03929048,1.176392,0.1076188) (315.8673,10.87654,357.129)
compute 0.154659900855592(0.188944876194,0.818964719772339,0.389353334903717) (0.1881298,0.8197628,0.3903976) (320.0992,293.3472,106.7363) (0.03893856,1.176667,0.1066448) (315.9705,11.17705,357.1519)
compute 0.140108687747408(0.190043196082115,0.818718135356903,0.388519108295441) (0.1889449,0.8189647,0.3893533) (320.4958,293.3777,106.4731) (0.0388291,1.177034,0.1058121) (316.4124,11.35345,357.1667)
compute 0.177658087509588(0.191590651869774,0.818772196769714,0.387648075819016) (0.1900432,0.8187181,0.3885191) (320.4392,293.591,106.0144) (0.04045737,1.177143,0.1053384) (316.8894,11.87577,356.8424)
compute 0.215295949967112(0.193578794598579,0.818922877311707,0.386835783720016) (0.1915907,0.8187722,0.3876481) (320.4461,294.8612,104.9081) (0.0412876,1.17729,0.1066788) (317.1493,11.89256,356.8653)
compute 0.072295404056286(0.194284915924072,0.819054067134857,0.386753052473068) (0.1935788,0.8189229,0.3868358) (320.4901,295.8906,103.9831) (0.04179286,1.177528,0.1082991) (317.5567,11.86603,356.833)
compute 0.040564703129148(0.19466058909893,0.819198668003082,0.386702954769135) (0.1942849,0.8190541,0.3867531) (320.328,296.4577,103.3821) (0.04187413,1.177635,0.1084246) (317.7406,11.9347,356.7662)
compute 0.0719713257974453(0.195188492536545,0.819644391536713,0.386501371860504) (0.1946606,0.8191987,0.386703) (319.2173,296.5656,103.2698) (0.04181844,1.177504,0.1083709) (317.8832,12.06935,356.5854)
compute 0.10291400711359(0.19585345685482,0.820168912410736,0.385916709899902) (0.1951885,0.8196444,0.3865014) (318.1016,295.8131,104.3756) (0.04194076,1.177537,0.1082473) (318.0072,12.05185,356.6788)
compute 0.050450793077668(0.196136549115181,0.820214629173279,0.385501623153687) (0.1958535,0.8201689,0.3859167) (317.6913,295.1576,105.7276) (0.04235113,1.17704,0.1083471) (317.8952,11.95479,356.6994)
compute 0.0430225080909367(0.196384757757187,0.820386588573456,0.385195165872574) (0.1961365,0.8202146,0.3855016) (316.7696,294.6115,107.2601) (0.04256557,1.177122,0.1082646) (317.915,12.04425,356.7577)
compute 0.0344461193311488(0.196602836251259,0.820556104183197,0.384989351034164) (0.1963848,0.8203866,0.3851952) (316.3223,294.2919,108.107) (0.04246579,1.176744,0.1079237) (317.4512,12.47709,356.8315)
compute 0.264583069638573(0.198998540639877,0.820497691631317,0.383867919445038) (0.1966028,0.8205561,0.3849894) (316.4626,293.9488,109.1105) (0.04335533,1.178088,0.1026531) (315.7944,13.672,356.4272)
compute 0.764539602738752(0.205687716603279,0.81956559419632,0.380284875631332) (0.1989985,0.8204977,0.3838679) (318.8757,294.5392,109.4926) (0.04480377,1.179147,0.09801501) (314.5576,15.34627,355.9051)
compute 0.850136191404327(0.212497889995575,0.819448947906494,0.375197529792786) (0.2056877,0.8195656,0.3802849) (319.0621,294.8416,107.1807) (0.04518145,1.179219,0.09546056) (314.3331,16.30053,355.5726)
compute 0.503951099688914(0.215665370225906,0.818960547447205,0.371308416128159) (0.2124979,0.8194489,0.3751975) (320.4977,294.5329,107.1923) (0.04504991,1.178628,0.09478916) (314.8311,16.50114,355.7863)
compute 0.266055329724883(0.217626512050629,0.818974137306213,0.369510561227798) (0.2156654,0.8189605,0.3713084) (320.6166,294.8071,106.508) (0.04479241,1.177545,0.09478547) (314.6005,17.2563,355.692)
compute 0.485253138802049(0.221532627940178,0.818968772888184,0.36663144826889) (0.2176265,0.8189741,0.3695106) (320.8395,294.9488,106.0082) (0.04459481,1.176926,0.09014808) (313.6506,18.08257,355.1294)
compute 0.402050265227058(0.224707946181297,0.818920910358429,0.364165782928467) (0.2215326,0.8189688,0.3666314) (321.095,295.1874,105.4556) (0.04524709,1.177982,0.08674981) (312.3084,17.95704,354.8257)
compute 0.106248760489087(0.225340306758881,0.818808972835541,0.363319337368011) (0.2247079,0.8189209,0.3641658) (321.7377,294.6526,104.5269) (0.04121151,1.183922,0.07081971) (306.0367,19.03813,354.194)
compute 0.851084509299263(0.23191237449646,0.818620026111603,0.357915014028549) (0.2253403,0.818809,0.3633193) (322.3481,294.4579,104.0528) (0.03917571,1.185143,0.05456132) (301.8663,21.32707,352.7753)
compute 0.915917339562698(0.238744840025902,0.818719446659088,0.35181599855423) (0.2319124,0.81862,0.357915) (321.8527,293.6666,104.7245) (0.03787866,1.185388,0.05003987) (302.1671,20.61746,352.7957)
compute 0.118889688405363(0.237916186451912,0.818514704704285,0.350988417863846) (0.2387448,0.8187194,0.351816) (321.8851,291.0939,106.8615) (0.03632787,1.185334,0.04789981) (302.0895,17.92446,354.6319)
compute 1.04430197945023(0.228501304984093,0.818319141864777,0.355502665042877) (0.2379162,0.8185147,0.3509884) (321.9804,288.7131,108.2713) (0.03756857,1.184033,0.04513153) (301.9127,15.86074,355.5515)
compute 0.884457312159748(0.220616325736046,0.818118751049042,0.359504342079163) (0.2285013,0.8183191,0.3555027) (322.3307,286.1826,108.7044) (0.04385315,1.184111,0.04340107) (302.1895,12.74144,357.0595)
compute 2.14800623929576(0.202453792095184,0.817374646663666,0.370948195457459) (0.2206163,0.8181188,0.3595043) (323.9767,282.132,108.3723) (0.04858648,1.18545,0.04310497) (303.0458,4.412391,1.810882)
compute 5.12646869541723(0.155535221099854,0.817224383354187,0.391604751348495) (0.2024538,0.8173746,0.3709482) (325.4552,276.3014,108.7691) (0.03872743,1.185447,0.04219463) (303.5695,353.0154,8.306808)
compute 5.09726846876804(0.105526939034462,0.815917313098907,0.401386260986328) (0.1555352,0.8172244,0.3916048) (327.8599,272.6685,110.4089) (0.02010942,1.17996,0.04127869) (305.7553,348.6572,9.763595)
compute 4.67780613891768(0.0589511729776859,0.811612069606781,0.401977926492691) (0.1055269,0.8159173,0.4013863) (330.2028,269.9499,110.4933) (-0.0118507,1.173815,0.04070411) (307.1974,346.174,11.24012)
compute 4.02222889301219(0.0188956558704376,0.808046579360962,0.40115612745285) (0.05895117,0.8116121,0.4019779) (330.9903,268.2398,109.5262) (-0.046598,1.171905,0.04255381) (307.4117,345.2112,10.35265)
compute 3.79840294857597(-0.0190629623830318,0.806703805923462,0.40080001950264) (0.01889566,0.8080466,0.4011561) (331.413,266.7819,111.8173) (-0.07739037,1.17829,0.04397964) (307.8597,345.6286,7.520663)
compute 3.17258292169434(-0.05078050121665,0.80625981092453,0.400226563215256) (-0.01906296,0.8067038,0.4008) (331.7158,262.7041,116.4858) (-0.1055611,1.18095,0.05143376) (307.8519,345.1614,6.98843)
compute 2.44276637033619(-0.0744102150201797,0.807841002941132,0.406213819980621) (-0.0507805,0.8062598,0.4002266) (331.8042,262.0371,117.3264) (-0.1173594,1.181614,0.06502849) (310.5844,343.4116,8.202183)
compute 2.25506469990635(-0.0961276292800903,0.807140529155731,0.412246644496918) (-0.07441022,0.807841,0.4062138) (333.7034,256.9026,124.6328) (-0.1194105,1.170515,0.0789953) (313.5439,339.3066,10.29674)
compute 2.01628100717892(-0.114127516746521,0.802213072776794,0.419879674911499) (-0.09612763,0.8071405,0.4122466) (336.4661,253.9337,132.592) (-0.1272137,1.168304,0.09234749) (315.1562,338.943,8.794943)
compute 1.85436869058965(-0.129981592297554,0.799454391002655,0.429094135761261) (-0.1141275,0.8022131,0.4198797) (337.4189,251.518,141.8973) (-0.1469654,1.171277,0.1028287) (314.4135,339.5681,9.710079)
compute 33.6873973131646(-0.195284396409988,1.12961101531982,0.443798720836639) (-0.1299816,0.7994544,0.4290941) (334.943,250.4921,148.4657) (-0.1751338,1.168928,0.1213925) (315.2691,340.7122,8.250057)
compute 8.97494927834661(-0.231832683086395,1.21134352684021,0.43755441904068) (-0.1952844,1.129611,0.4437987) (332.176,249.7349,156.1247) (-0.1998372,1.172386,0.1393432) (317.7792,342.4194,7.0753)
compute 8.93317579101235(-0.284223467111588,1.28363180160522,0.434428006410599) (-0.2318327,1.211344,0.4375544) (330.6806,245.489,163.2166) (-0.218684,1.183228,0.1537863) (318.2865,343.3794,4.03493)
compute 10.5448291013615(-0.36061891913414,1.31953287124634,0.49762761592865) (-0.2842235,1.283632,0.434428) (334.7115,256.8645,159.7023) (-0.2363828,1.185284,0.1691821) (319.0868,341.659,4.583744)
compute 15.0446340457453(-0.406659543514252,1.28581786155701,0.636831283569336) (-0.3606189,1.319533,0.4976276) (345.0951,287.4876,140.4963) (-0.2438562,1.175903,0.1788956) (322.2124,342.8586,2.301559)
compute 7.36459811754425(-0.399976849555969,1.22427821159363,0.676730453968048) (-0.4066595,1.285818,0.6368313) (343.1404,292.806,125.3736) (-0.247424,1.171661,0.1764064) (324.0877,343.3988,3.041138)
compute 14.0877091647553(-0.359375,1.09055280685425,0.694488883018494) (-0.3999768,1.224278,0.6767305) (10.69757,298.3954,122.0219) (-0.2397716,1.173446,0.1645381) (323.3066,344.9586,3.687645)
compute 15.2145652045406(-0.284674495458603,0.961309015750885,0.665091991424561) (-0.359375,1.090553,0.6944889) (28.15973,298.0678,102.8702) (-0.2160221,1.181906,0.1465501) (318.2675,350.2474,2.56989)
compute 13.843645807302(-0.20252351462841,0.867141366004944,0.605524182319641) (-0.2846745,0.961309,0.665092) (41.53519,296.0371,98.85369) (-0.1782129,1.184257,0.1190275) (311.9403,0.7847478,1.128401)
compute 7.95722912664076(-0.156515747308731,0.858297049999237,0.541206121444702) (-0.2025235,0.8671414,0.6055242) (34.44952,285.4195,87.41903) (-0.1499529,1.182258,0.09766103) (307.1909,7.014621,359.7881)
compute 7.29421307654296(-0.128972113132477,0.913327872753143,0.502046048641205) (-0.1565157,0.858297,0.5412061) (16.09514,285.1767,96.29613) (-0.1186807,1.18302,0.09077032) (306.6133,10.29889,358.4957)
compute 8.81012049658985(-0.100916221737862,0.990819454193115,0.470905333757401) (-0.1289721,0.9133279,0.502046) (359.405,284.6521,109.0418) (-0.09289522,1.179111,0.08762583) (307.0687,12.75338,358.1574)
compute 10.3545088699555(-0.0654423758387566,1.08636200428009,0.452607423067093) (-0.1009162,0.9908195,0.4709053) (342.7294,283.7173,124.3758) (-0.0733775,1.177435,0.09477516) (307.6599,15.1458,356.1034)
compute 10.3950283636165(-0.0236750859767199,1.18117654323578,0.444160014390945) (-0.06544238,1.086362,0.4526074) (327.2518,276.9219,142.8421) (-0.06742783,1.177441,0.1048484) (309.2482,17.76834,353.8636)
compute 9.45477405951542(0.00648484937846661,1.27076268196106,0.446154445409775) (-0.02367509,1.181177,0.44416) (317.9986,275.7704,152.7866) (-0.06950536,1.180717,0.1177152) (310.0133,19.80517,352.2823)
compute 7.91038895474417(0.0326080359518528,1.34525036811829,0.451310902833939) (0.006484849,1.270763,0.4461544) (309.0084,274.7396,156.2562) (-0.0702863,1.185062,0.1289646) (311.0753,20.32424,351.2424)
compute 5.29588136229843(0.0451920293271542,1.39104187488556,0.474750548601151) (0.03260804,1.34525,0.4513109) (306.6483,280.685,155.6688) (-0.06842309,1.185267,0.1352467) (312.5092,19.71442,350.5006)
compute 5.39278950715341(0.0444860383868217,1.40917420387268,0.52553379535675) (0.04519203,1.391042,0.4747505) (310.9824,285.9471,155.1488) (-0.05941183,1.185665,0.1368712) (312.1865,18.18973,350.7698)
compute 18.0920256735839(0.0997119024395943,1.29411947727203,0.653770506381989) (0.04448604,1.409174,0.5255338) (335.5973,337.5829,106.8524) (-0.05192246,1.185629,0.1356063) (314.514,18.41216,349.4865)
compute 8.75040946101232(0.108562648296356,1.20706486701965,0.653415381908417) (0.0997119,1.294119,0.6537705) (345.5387,331.8567,108.8103) (-0.04981335,1.179026,0.135276) (317.8516,19.18785,350.5603)
compute 8.89110915075572(0.101637974381447,1.24928152561188,0.575473189353943) (0.1085626,1.207065,0.6534154) (320.0324,309.2762,120.9289) (-0.03758749,1.178455,0.1353997) (320.0286,19.28224,351.5886)
compute 6.380736183811(0.0979550257325172,1.30743670463562,0.549477219581604) (0.101638,1.249282,0.5754732) (312.5214,306.3449,125.7567) (-0.02348475,1.177653,0.1350904) (321.2704,18.74888,351.105)
compute 7.85520137291199(0.124470114707947,1.28281617164612,0.619199514389038) (0.09795503,1.307437,0.5494772) (323.1815,330.4951,100.1647) (-0.0209535,1.179549,0.1327823) (322.4207,17.83126,352.3006)
compute 10.1947274110595(0.127496302127838,1.18344151973724,0.641755402088165) (0.1244701,1.282816,0.6191995) (354.5023,334.9775,103.4231) (-0.0284545,1.180126,0.1202565) (318.8279,19.40528,351.5037)
compute 3.94674656926209(0.106695502996445,1.1610734462738,0.616761863231659) (0.1274963,1.183442,0.6417554) (350.603,326.3109,99.90968) (-0.04329243,1.184323,0.1037664) (311.9278,23.87328,349.0654)
compute 3.67094034600473(0.100314974784851,1.178595662117,0.585141599178314) (0.1066955,1.161073,0.6167619) (343.8557,322.3022,106.9033) (-0.0554949,1.187269,0.09373052) (309.4794,28.04272,347.733)
compute 4.84561645293457(0.0911887660622597,1.18892729282379,0.538687646389008) (0.100315,1.178596,0.5851416) (335.5436,316.067,103.4226) (-0.06443926,1.182763,0.08982259) (311.0863,30.38685,346.3756)
compute 3.14484711409957(0.0886044800281525,1.18328320980072,0.507857918739319) (0.09118877,1.188927,0.5386876) (335.1571,312.7943,120.2134) (-0.06652067,1.177899,0.09022038) (311.9413,32.76772,345.1088)
compute 8.97866136962229(0.131230890750885,1.23898613452911,0.45180606842041) (0.08860448,1.183283,0.5078579) (310.8296,304.5244,124.779) (-0.04653816,1.173958,0.09612808) (313.4624,34.55633,344.3015)
compute 8.43780532046685(0.186000272631645,1.2936635017395,0.418185293674469) (0.1312309,1.238986,0.4518061) (299.63,295.1169,142.1958) (-0.0192064,1.172789,0.1005213) (313.7956,35.83671,342.0338)
compute 6.62930650138256(0.229422047734261,1.34209525585175,0.405391335487366) (0.1860003,1.293664,0.4181853) (292.9563,284.2889,154.0037) (0.0137261,1.172522,0.1081616) (313.5357,35.4843,341.856)
compute 4.7767545228551(0.256292581558228,1.38150751590729,0.407918512821198) (0.229422,1.342095,0.4053913) (292.175,285.9993,153.4778) (0.05100723,1.173444,0.1169295) (312.9231,30.61074,344.5515)
compute 9.83255183224453(0.304917335510254,1.38707613945007,0.493197649717331) (0.2562926,1.381508,0.4079185) (296.1109,292.955,142.9166) (0.08026054,1.179632,0.1263481) (314.6513,23.38853,349.1154)
compute 20.6487207654028(0.379689157009125,1.24222612380981,0.619943916797638) (0.3049173,1.387076,0.4931976) (348.8738,353.079,116.8516) (0.09634431,1.183408,0.130497) (315.2399,22.71699,347.7383)
compute 12.1346738284724(0.328385055065155,1.31836092472076,0.540593981742859) (0.3796892,1.242226,0.6199439) (302.8997,332.3686,101.5512) (0.1043346,1.18451,0.1352083) (316.6126,21.03977,348.5698)
compute 8.92664812551235(0.243289440870285,1.32151198387146,0.51381129026413) (0.3283851,1.318361,0.540594) (310.7077,311.1901,124.0046) (0.1051925,1.177034,0.1358123) (320.653,24.03482,346.4254)
compute 6.71862129123658(0.201014935970306,1.28508794307709,0.551229774951935) (0.2432894,1.321512,0.5138113) (319.6548,309.5145,125.0569) (0.09876145,1.168589,0.1340314) (322.9834,30.22788,345.3583)
compute 13.1920608750839(0.216673463582993,1.17281460762024,0.618702411651611) (0.2010149,1.285088,0.5512298) (351.2641,331.61,116.164) (0.09935895,1.166129,0.1321698) (327.5106,39.93627,343.0847)
compute 5.9269372708838(0.228578478097916,1.11785900592804,0.599967122077942) (0.2166735,1.172815,0.6187024) (354.5062,327.7941,105.4548) (0.1070408,1.161167,0.1265377) (329.4237,46.05143,341.7669)
compute 6.28205392633422(0.283654481172562,1.10308647155762,0.573607563972473) (0.2285785,1.117859,0.5999671) (355.0723,331.1003,111.3391) (0.1296756,1.158561,0.1227459) (331.1333,48.423,341.7184)
compute 9.28167529343975(0.354250907897949,1.13499879837036,0.522493004798889) (0.2836545,1.103086,0.5736076) (333.0281,331.8484,98.71574) (0.1610988,1.151955,0.1200195) (331.8091,49.00344,340.5728)
compute 12.4351018180649(0.476030945777893,1.14542651176453,0.499600619077683) (0.3542509,1.134999,0.522493) (318.9965,347.2089,93.52335) (0.1987523,1.148102,0.1174235) (332.3229,48.01641,341.3911)
compute 10.4784901560183(0.580791175365448,1.14633965492249,0.497518301010132) (0.4760309,1.145427,0.4996006) (303.7476,358.2227,86.60947) (0.2373278,1.155438,0.1227905) (329.8612,45.82199,340.9654)
compute 19.9982988111377(0.712530076503754,1.00934541225433,0.559732735157013) (0.5807912,1.14634,0.4975183) (344.0169,25.69132,72.93311) (0.2652727,1.168747,0.1340913) (322.6496,39.08945,341.1995)
compute 7.37332654639149(0.743786692619324,0.947931826114655,0.585962295532227) (0.7125301,1.009345,0.5597327) (341.9648,26.44227,57.50462) (0.2799532,1.172404,0.145966) (320.673,32.3158,342.1071)
compute 3.88129932580507(0.71959513425827,0.960740804672241,0.613478600978851) (0.7437867,0.9479318,0.5859623) (344.5338,14.45637,73.33356) (0.2859997,1.173486,0.1512383) (322.2125,31.29367,342.6416)
compute 22.7173545111838(0.598299026489258,1.14866387844086,0.573729455471039) (0.7195951,0.9607408,0.6134786) (306.7582,349.1802,91.20103) (0.2858146,1.178245,0.1542996) (321.7383,30.93937,343.4218)
compute 18.7302243923272(0.499880909919739,1.29546225070953,0.511711359024048) (0.598299,1.148664,0.5737295) (294.8894,307.7972,128.446) (0.2876127,1.184146,0.1550678) (321.0936,29.82949,344.1787)
compute 8.7352542732247(0.485302776098251,1.37175440788269,0.551679491996765) (0.4998809,1.295462,0.5117114) (298.2542,324.8537,114.1134) (0.2772924,1.189807,0.1556577) (319.5116,22.32237,348.7166)
compute 12.2879969146459(0.497756272554398,1.29923641681671,0.650094628334045) (0.4853028,1.371754,0.5516795) (334.4755,352.1846,100.6624) (0.2345121,1.18848,0.1635148) (320.5996,0.1634453,357.5114)
compute 4.93558869350566(0.458130151033401,1.27386343479156,0.664993822574615) (0.4977563,1.299236,0.6500946) (332.4651,347.6757,96.96727) (0.1961898,1.177567,0.1671872) (322.7976,348.4008,1.940758)
compute 17.9220211275866(0.283401221036911,1.26415956020355,0.626321852207184) (0.4581302,1.273863,0.6649938) (322.8828,313.3485,116.4698) (0.1747075,1.167128,0.1762291) (325.8906,344.136,5.054218)
compute 21.4974126533268(0.0914239138364792,1.20060288906097,0.553389430046082) (0.2834012,1.26416,0.6263219) (336.2811,277.3397,141.2361) (0.1470855,1.159668,0.1850646) (328.0351,345.7887,3.73936)
compute 11.7833591853024(-0.0232831463217735,1.17644488811493,0.541412889957428) (0.09142391,1.200603,0.5533894) (341.7577,263.772,144.2756) (0.1062823,1.160766,0.1857803) (324.6493,346.0194,3.490682)
compute 15.9789179902233(-0.0169968027621508,1.07817387580872,0.66725355386734) (-0.02328315,1.176445,0.5414129) (10.04248,310.2515,137.0762) (0.06282128,1.164498,0.1794007) (322.8961,348.3056,1.143123)
compute 9.40082872183385(-0.0158969201147556,1.1452009677887,0.601346671581268) (-0.0169968,1.078174,0.6672536) (344.9514,294.2324,108.1107) (0.02784186,1.174927,0.1784949) (321.184,350.1924,2.12442)
compute 14.0621010959604(-0.00511271879076958,1.24461889266968,0.502482891082764) (-0.01589692,1.145201,0.6013467) (324.1373,275.9615,128.6789) (0.008804154,1.175081,0.1748566) (319.9668,350.8446,2.555941)
compute 4.58486868989254(-0.0392692722380161,1.26774227619171,0.482464373111725) (-0.005112719,1.244619,0.5024829) (329.3491,274.3797,135.8085) (-0.004031077,1.176753,0.1663827) (320.7763,351.9581,2.742989)
compute 11.706127506037(-0.0690196081995964,1.21517658233643,0.582739531993866) (-0.03926927,1.267742,0.4824644) (347.5477,295.3168,120.4928) (-0.01173524,1.176341,0.14661) (319.3201,354.2824,3.098946)
compute 4.30611793830415(-0.0474987775087357,1.18324756622314,0.602017939090729) (-0.06901961,1.215177,0.5827395) (0.4982618,310.403,134.6672) (-0.01994604,1.178683,0.1198013) (313.2321,358.7026,1.295638)
compute 6.27190868224939(-0.0392115153372288,1.21908760070801,0.551219344139099) (-0.04749878,1.183248,0.6020179) (348.1523,298.5806,127.9169) (-0.0206365,1.184277,0.1023845) (309.6837,0.7499605,1.583041)
compute 3.32424227832583(-0.00603662058711052,1.21988940238953,0.549259185791016) (-0.03921152,1.219088,0.5512193) (351.0984,304.8025,120.7878) (-0.009340439,1.183282,0.09353487) (309.0935,2.861005,0.7063847)
compute 2.62611037146309(-0.00913005694746971,1.2029275894165,0.52945077419281) (-0.006036621,1.219889,0.5492592) (353.4889,301.5697,128.3609) (0.00217402,1.176283,0.09098513) (312.3262,356.0739,5.439641)
compute 12.5864613097615(-0.103203468024731,1.17780363559723,0.449695646762848) (-0.009130057,1.202928,0.5294508) (350.3429,279.3954,126.9038) (0.001494981,1.170079,0.0994755) (316.8322,342.298,12.79333)
compute 11.8375343213404(-0.208282917737961,1.16611790657043,0.396455854177475) (-0.1032035,1.177804,0.4496956) (354.4884,264.2709,132.6749) (-0.01013545,1.157538,0.1099693) (322.7635,334.5169,13.3309)
compute 10.2777153172248(-0.269284963607788,1.23235440254211,0.445999979972839) (-0.2082829,1.166118,0.3964559) (344.0708,271.2813,135.9399) (-0.04510808,1.155433,0.1093604) (324.0806,334.1033,13.80723)
compute 10.0359493642772(-0.273259967565537,1.24444282054901,0.54554945230484) (-0.269285,1.232354,0.446) (345.7339,297.1447,133.552) (-0.06642954,1.156775,0.109348) (322.8741,336.2403,10.21994)
compute 7.34789792516362(-0.264934986829758,1.18797039985657,0.591817378997803) (-0.27326,1.244443,0.5455495) (4.214642,308.2819,122.5843) (-0.08091191,1.167691,0.1061237) (320.9635,339.7777,10.00382)
compute 3.3251672057624(-0.267536580562592,1.1725652217865,0.562464594841003) (-0.264935,1.18797,0.5918174) (3.172461,298.1368,121.5756) (-0.06910199,1.17806,0.1015603) (316.5835,354.3576,3.899751)
compute 9.93619758206171(-0.267049938440323,1.16439270973206,0.463440477848053) (-0.2675366,1.172565,0.5624646) (359.261,279.7744,127.1683) (-0.04419565,1.179455,0.09628093) (316.2205,9.668999,357.1476)
compute 11.0968160950533(-0.197213903069496,1.13668632507324,0.381775200366974) (-0.2670499,1.164393,0.4634405) (354.0762,267.0624,124.8143) (-0.02561268,1.172948,0.08608851) (317.8359,17.63755,352.8171)
compute 11.0015693961501(-0.0882797092199326,1.12203252315521,0.377078294754028) (-0.1972139,1.136686,0.3817752) (348.6233,273.5375,125.6154) (-0.006147976,1.16947,0.08177086) (318.6068,20.8395,349.6483)
compute 12.0882590571024(0.0296723209321499,1.14740228652954,0.384581208229065) (-0.08827971,1.122033,0.3770783) (332.9619,281.8587,126.4184) (0.02045296,1.170303,0.08272999) (319.6742,22.2204,348.9381)
compute 11.3615019444352(0.131991684436798,1.1931734085083,0.40313184261322) (0.02967232,1.147402,0.3845812) (313.6031,289.3018,131.0593) (0.05014693,1.1691,0.08415392) (321.4306,22.85316,348.4253)
compute 10.1748111964987(0.186439588665962,1.2031147480011,0.488509088754654) (0.1319917,1.193173,0.4031318) (317.2573,310.1857,118.3179) (0.07589863,1.171526,0.08322189) (319.9717,21.67489,348.2685)
compute 16.0253481246024(0.263850927352905,1.17884933948517,0.626711308956146) (0.1864396,1.203115,0.4885091) (328.9247,335.5688,97.16526) (0.09277059,1.17716,0.07672174) (317.0471,18.15846,349.9359)
compute 9.37404315695222(0.311191767454147,1.10380411148071,0.656949162483215) (0.2638509,1.178849,0.6267113) (346.4766,346.9724,100.3151) (0.1031099,1.178597,0.07636406) (315.5842,17.16441,348.4677)
compute 5.06431661636707(0.303559631109238,1.05741584300995,0.638118088245392) (0.3111918,1.103804,0.6569492) (353.0207,338.8164,91.43931) (0.1119858,1.179236,0.0720485) (313.5574,18.67112,348.5099)
compute 3.4818964677966(0.315826714038849,1.06372308731079,0.606147825717926) (0.3035596,1.057416,0.6381181) (343.2069,332.1086,94.10242) (0.1189207,1.17948,0.07097676) (313.6031,22.1031,348.631)
compute 7.20159162149456(0.330333471298218,1.11280500888824,0.555484116077423) (0.3158267,1.063723,0.6061478) (336.2745,328.1823,107.6355) (0.1293548,1.178658,0.07737147) (315.2931,25.11971,347.4874)
compute 12.5270593455352(0.33998715877533,1.21445119380951,0.482906013727188) (0.3303335,1.112805,0.5554841) (316.4923,320.9327,116.2296) (0.1421411,1.178486,0.08096368) (315.3769,27.06282,346.9178)
compute 10.3409175561159(0.339769214391708,1.30575203895569,0.434351235628128) (0.3399872,1.214451,0.482906) (305.0848,300.7252,137.2548) (0.1556508,1.18109,0.08455053) (315.2312,27.28877,346.5516)
compute 6.93393917710592(0.345819532871246,1.37481999397278,0.43337020277977) (0.3397692,1.305752,0.4343512) (301.4853,302.3457,137.6472) (0.1674392,1.183488,0.08658038) (314.9971,26.33622,346.4896)
compute 3.87012520874074(0.347487181425095,1.4005286693573,0.462250471115112) (0.3458195,1.37482,0.4333702) (303.2675,314.8853,127.093) (0.1708545,1.185037,0.08996921) (314.1688,25.12238,346.2829)
compute 1.99180570981879(0.33121794462204,1.41201412677765,0.462604314088821) (0.3474872,1.400529,0.4622505) (301.5381,304.3993,140.6262) (0.1702084,1.185412,0.09652761) (314.2497,25.5022,345.1388)
compute 9.02353374392857(0.37002357840538,1.38204967975616,0.538358330726624) (0.3312179,1.412014,0.4626043) (308.367,335.549,112.6026) (0.1604254,1.180556,0.1030394) (315.3083,27.1139,344.313)
compute 15.6964151827938(0.413163095712662,1.24695479869843,0.60563462972641) (0.3700236,1.38205,0.5383583) (348.5888,353.3762,102.4028) (0.1433077,1.179111,0.1101991) (316.0581,29.41336,345.1184)
compute 1.62180011318107(0.423585921525955,1.23635125160217,0.599157512187958) (0.4131631,1.246955,0.6056346) (335.3962,350.7806,93.49789) (0.1379197,1.174931,0.1163852) (319.4032,31.48908,343.8934)
compute 7.30321691451349(0.405587643384933,1.25904774665833,0.532115519046783) (0.4235859,1.236351,0.5991575) (317.4949,338.3705,106.6136) (0.1497149,1.170482,0.1208253) (321.364,31.53128,345.32)
compute 3.6277808161228(0.390993386507034,1.27990388870239,0.506267726421356) (0.4055876,1.259048,0.5321155) (312.4242,325.9467,113.4586) (0.1743429,1.170381,0.1244278) (322.9344,30.92661,345.9389)
compute 4.27490811864496(0.39914745092392,1.30073952674866,0.542693972587585) (0.3909934,1.279904,0.5062677) (315.5153,331.2022,107.149) (0.1995049,1.168164,0.1292787) (322.7016,28.05818,346.8571)
compute 4.92089197631103(0.390447109937668,1.3385614156723,0.572948336601257) (0.3991475,1.30074,0.542694) (312.985,324.9666,112.3413) (0.2233495,1.174902,0.1402179) (322.4339,24.79358,346.765)
compute 8.30716744595486(0.435084968805313,1.30720627307892,0.635599911212921) (0.3904471,1.338561,0.5729483) (330.6789,350.0719,109.5854) (0.2354185,1.176542,0.1477373) (325.8297,23.19797,347.6709)
compute 11.2466370649271(0.441603243350983,1.20091152191162,0.671760976314545) (0.435085,1.307206,0.6355999) (351.5767,345.4952,92.96347) (0.2385563,1.169459,0.1490958) (330.054,21.49671,349.6377)
compute 10.8165024105319(0.471140712499619,1.09821105003357,0.688488900661469) (0.4416032,1.200912,0.671761) (355.2272,350.7426,89.29239) (0.2424056,1.160606,0.148796) (334.774,22.05315,350.0766)
compute 14.2640248406454(0.480356097221375,0.955870628356934,0.687766015529633) (0.4711407,1.098211,0.6884889) (8.464638,351.5535,87.82415) (0.2459744,1.159423,0.1413751) (334.8555,20.88214,350.9286)
compute 15.8450895707484(0.469549506902695,0.800579249858856,0.658194184303284) (0.4803561,0.9558706,0.687766) (33.19033,342.5692,78.44491) (0.2333297,1.16901,0.1261559) (328.9824,14.26679,350.3854)
compute 6.23390698233015(0.438807874917984,0.853468716144562,0.670186519622803) (0.4695495,0.8005792,0.6581942) (6.702148,337.2733,74.64005) (0.2018976,1.175437,0.1125094) (323.0042,3.28154,355.2099)
compute 16.7098471929047(0.370737165212631,0.997406244277954,0.619488716125488) (0.4388079,0.8534687,0.6701865) (343.7209,326.3047,91.25953) (0.1686474,1.175448,0.0977684) (320.2482,357.1519,357.7097)
compute 18.3183574360793(0.289340525865555,1.13450860977173,0.529301404953003) (0.3707372,0.9974062,0.6194887) (321.9489,310.5435,109.0974) (0.1321941,1.172868,0.08804975) (319.1123,354.0102,359.6864)
compute 16.5065410948854(0.174900025129318,1.21114420890808,0.438323676586151) (0.2893405,1.134509,0.5293014) (317.633,287.5678,131.3099) (0.09330436,1.166885,0.0849753) (320.4041,353.0711,1.337427)
compute 15.5171976677499(0.0300695151090622,1.23996949195862,0.39066269993782) (0.1749,1.211144,0.4383237) (326.543,273.6852,138.8333) (0.05639584,1.169885,0.08373792) (322.7149,353.1099,1.803312)
compute 12.4110223439303(-0.0796028673648834,1.25953853130341,0.445365250110626) (0.03006952,1.239969,0.3906627) (334.1528,284.0379,124.7847) (0.01729356,1.167289,0.08854485) (323.7626,351.4925,1.937228)
compute 12.5959629918026(-0.122242152690887,1.23675096035004,0.561677098274231) (-0.07960287,1.259539,0.4453653) (339.7973,304.3656,110.0975) (-0.01709078,1.164685,0.09303746) (325.3712,342.7956,5.515993)
compute 14.1448633417018(-0.118681669235229,1.11484050750732,0.633321225643158) (-0.1222422,1.236751,0.5616771) (1.105393,317.8751,104.3513) (-0.04400272,1.164086,0.09528772) (327.9882,332.2479,8.895697)
compute 5.36946784269901(-0.105777196586132,1.06586623191834,0.651156961917877) (-0.1186817,1.114841,0.6333212) (11.95936,319.1972,109.5988) (-0.04945716,1.159899,0.0968616) (330.9024,327.5132,11.18762)
compute 3.6093944939061(-0.127121835947037,1.07799243927002,0.624696910381317) (-0.1057772,1.065866,0.651157) (9.721354,304.8539,97.96471) (-0.0449697,1.156675,0.1000629) (332.9146,322.7789,13.22615)
compute 11.9401386655544(-0.196494787931442,1.13744223117828,0.547821640968323) (-0.1271218,1.077992,0.6246969) (351.4993,287.1233,112.6513) (-0.04631172,1.153168,0.1050961) (334.1784,318.1982,12.92515)
compute 12.3153604339062(-0.277764350175858,1.14939665794373,0.456065654754639) (-0.1964948,1.137442,0.5478216) (347.4713,268.8746,124.3052) (-0.07331283,1.143951,0.1056394) (336.6336,318.4753,12.57071)
compute 12.1377104014626(-0.379453718662262,1.1452329158783,0.389926880598068) (-0.2777644,1.149397,0.4560657) (349.61,258.0756,130.3931) (-0.1122413,1.133514,0.1063927) (337.2712,316.7732,12.38357)
compute 13.2110343474641(-0.49945929646492,1.09079873561859,0.380507498979568) (-0.3794537,1.145233,0.3899269) (358.9518,259.3065,133.778) (-0.175507,1.123485,0.1123581) (337.9768,316.5298,10.91059)
compute 17.9103376067118(-0.574921548366547,0.99614542722702,0.51250833272934) (-0.4994593,1.090799,0.3805075) (6.971997,283.0316,121.1774) (-0.2346511,1.101532,0.1297194) (341.0717,317.1853,9.689946)
compute 14.2016694666135(-0.560221016407013,0.879225969314575,0.59177041053772) (-0.5749215,0.9961454,0.5125083) (24.03806,297.6853,122.9843) (-0.2586036,1.088783,0.1400576) (346.9281,318.6075,10.38648)
compute 6.81040207822632(-0.527794539928436,0.819583892822266,0.597202181816101) (-0.560221,0.879226,0.5917704) (38.03393,296.345,121.4884) (-0.2613225,1.099858,0.1408989) (346.8359,319.0646,10.54618)
compute 4.78697438311542(-0.516021907329559,0.838641703128815,0.554897129535675) (-0.5277945,0.8195839,0.5972022) (27.44271,283.5424,112.4095) (-0.2413416,1.112993,0.1416417) (345.7211,322.1157,9.156836)
compute 8.20138423748714(-0.494303435087204,0.873222410678864,0.483772218227386) (-0.5160219,0.8386417,0.5548971) (23.35926,271.673,121.6429) (-0.1988406,1.135349,0.1398177) (338.4496,329.2957,9.033772)
compute 12.8699279099302(-0.440214097499847,0.924322783946991,0.378764599561691) (-0.4943034,0.8732224,0.4837722) (12.73347,250.6636,118.2605) (-0.1427646,1.15825,0.1359426) (328.9306,343.4904,6.685037)
compute 10.1896633504112(-0.365749597549438,0.974050402641296,0.330132037401199) (-0.4402141,0.9243228,0.3787646) (9.138989,243.1178,127.6974) (-0.0934246,1.168935,0.1242873) (323.939,354.4475,5.600092)
compute 8.16249965168907(-0.300079733133316,1.01579117774963,0.305478096008301) (-0.3657496,0.9740504,0.330132) (5.459741,240.1096,137.6203) (-0.05876518,1.173605,0.115869) (321.5079,359.5509,2.840145)
compute 6.55818199853279(-0.246931120753288,1.04954016208649,0.287114918231964) (-0.3000797,1.015791,0.3054781) (1.214809,237.3123,142.4894) (-0.03166141,1.172591,0.1121431) (321.2391,3.474021,0.6899399)
compute 5.33057461837097(-0.203523114323616,1.0803474187851,0.289971590042114) (-0.2469311,1.04954,0.2871149) (357.1181,239.7472,145.206) (-0.01154529,1.170794,0.1094377) (318.5023,6.041611,0.06980222)
compute 4.62965131490694(-0.166685029864311,1.0948783159256,0.313954412937164) (-0.2035231,1.080347,0.2899716) (353.9492,245.2089,147.3399) (-0.001011215,1.172533,0.1057873) (316.6908,0.6917298,1.800904)
compute 3.51008380607468(-0.151089280843735,1.09627389907837,0.345369279384613) (-0.166685,1.094878,0.3139544) (351.7465,251.6669,144.3185) (-0.005621478,1.172088,0.1056839) (317.1719,351.5469,5.55809)
compute 3.18599875201787(-0.137428820133209,1.09625804424286,0.374152094125748) (-0.1510893,1.096274,0.3453693) (354.0121,258.005,144.1221) (-0.01065647,1.171505,0.104361) (317.5652,352.8979,4.317729)
compute 5.27440381113398(-0.104063831269741,1.1271995306015,0.400822967290878) (-0.1374288,1.096258,0.3741521) (348.7472,261.5781,145.1022) (-0.008110318,1.169681,0.1053378) (316.4419,357.1757,1.27919)
compute 8.28534614295562(-0.0637428462505341,1.18317914009094,0.446705400943756) (-0.1040638,1.1272,0.400823) (336.8803,269.0632,144.0316) (-0.006875806,1.169841,0.1137258) (317.3671,0.5620485,359.1851)
compute 7.34318174756353(-0.0270425770431757,1.24235010147095,0.470031768083572) (-0.06374285,1.183179,0.4467054) (325.1891,273.0086,144.9418) (-0.007225778,1.17106,0.1236193) (318.8254,2.452877,357.8987)
compute 6.04022909530824(-0.00556636787950993,1.29726731777191,0.483120262622833) (-0.02704258,1.24235,0.4700318) (318.1136,273.7709,148.786) (-0.006677988,1.172459,0.1376359) (320.0121,1.835807,357.9972)
compute 9.52019888684049(0.0274844076484442,1.35802698135376,0.548536837100983) (-0.005566368,1.297267,0.4831203) (309.9643,282.0722,143.3731) (-0.005512249,1.176419,0.1575213) (322.6277,358.974,359.356)
compute 17.2251611284859(0.113884672522545,1.33396577835083,0.695596933364868) (0.02748441,1.358027,0.5485368) (313.3101,337.4654,92.44656) (-0.02284495,1.176554,0.1747534) (327.1774,349.0367,3.845231)
compute 8.15807945041873(0.109412215650082,1.26080715656281,0.731419265270233) (0.1138847,1.333966,0.6955969) (331.9596,340.502,101.5031) (-0.0654336,1.159367,0.1825789) (335.2813,334.8298,8.092659)
compute 12.638055904907(-0.00248755747452378,1.22746229171753,0.683060109615326) (0.1094122,1.260807,0.7314193) (328.9363,313.7708,112.3574) (-0.09817773,1.140023,0.1770013) (340.0086,329.4648,7.943171)
compute 10.3409720434139(-0.0825436115264893,1.1913001537323,0.628499150276184) (-0.002487557,1.227462,0.6830601) (327.314,297.4369,113.3191) (-0.1276435,1.144501,0.1668658) (339.2136,331.8052,7.259526)
compute 10.5228595019406(-0.148455217480659,1.13552117347717,0.56835412979126) (-0.08254361,1.1913,0.6284992) (333.9799,286.2892,122.6118) (-0.1500369,1.148715,0.161485) (340.8934,334.478,7.315113)
compute 16.7181992177185(-0.254927396774292,1.07078611850739,0.456896215677261) (-0.1484552,1.135521,0.5683541) (341.4401,265.9987,131.5515) (-0.1612226,1.136314,0.156838) (346.0411,334.9347,6.602888)
compute 18.7476809565782(-0.392815798521042,0.949625849723816,0.418757885694504) (-0.2549274,1.070786,0.4568962) (354.9053,253.9797,119.8285) (-0.1795674,1.129237,0.1573412) (350.4601,332.6626,7.240737)
compute 15.9434153722158(-0.441853702068329,0.884054481983185,0.555560410022736) (-0.3928158,0.9496258,0.4187579) (4.949513,284.3883,112.5017) (-0.194935,1.116428,0.1564151) (355.1539,332.6934,4.751787)
compute 2.71836597158691(-0.426831364631653,0.870623528957367,0.573805689811707) (-0.4418537,0.8840545,0.5555604) (9.455362,293.0357,107.7291) (-0.208441,1.126175,0.1518501) (351.6628,334.074,6.146841)
compute 6.84490184888182(-0.392228662967682,0.853758633136749,0.517206251621246) (-0.4268314,0.8706235,0.5738057) (18.00491,283.4514,102.7043) (-0.1932016,1.147157,0.1422599) (342.7301,343.0294,6.117151)
compute 7.38698313330711(-0.352868407964706,0.86748993396759,0.456222862005234) (-0.3922287,0.8537586,0.5172063) (16.11647,275.65,102.2261) (-0.1638115,1.160716,0.1313538) (335.7489,352.803,4.134227)
compute 8.48320760394417(-0.3038389980793,0.905184745788574,0.398156523704529) (-0.3528684,0.8674899,0.4562229) (4.095398,267.8498,102.0386) (-0.13301,1.165631,0.1220731) (332.6136,0.4350864,2.783761)
compute 6.41794018221896(-0.248169362545013,0.931951582431793,0.380737453699112) (-0.303839,0.9051847,0.3981565) (355.9479,267.8864,102.9053) (-0.1121411,1.163054,0.1180961) (332.826,3.170776,1.555148)
compute 6.37984541001665(-0.187045767903328,0.948380947113037,0.38875150680542) (-0.2481694,0.9319516,0.3807375) (345.5048,272.3477,106.6489) (-0.09386538,1.152186,0.1213278) (338.5952,6.156354,0.3752193)
compute 10.5344308823741(-0.105706632137299,0.992252111434937,0.439315229654312) (-0.1870458,0.9483809,0.3887515) (326.0125,282.5804,112.8347) (-0.08129579,1.143595,0.1317319) (342.3951,8.472454,359.8584)
compute 16.0832990733858(-0.0422318503260612,0.97760796546936,0.586365401744843) (-0.1057066,0.9922521,0.4393152) (320.678,310.0092,97.3688) (-0.07325903,1.141662,0.1371048) (344.4268,6.467182,0.4976508)
compute 12.3198512337757(-0.0258531160652637,0.886431276798248,0.667583763599396) (-0.04223185,0.977608,0.5863654) (354.9843,323.9896,94.85722) (-0.07016481,1.145064,0.1464049) (344.5326,4.68575,358.0507)
compute 2.91810932365132(-0.0371254496276379,0.890032649040222,0.640909790992737) (-0.02585312,0.8864313,0.6675838) (348.2319,320.8039,86.11409) (-0.07803997,1.1429,0.1544787) (345.1666,4.20508,358.1601)
compute 4.4493149958093(-0.0387927889823914,0.914392709732056,0.603715062141418) (-0.03712545,0.8900326,0.6409098) (346.0077,317.1282,87.02428) (-0.09787475,1.154944,0.1488334) (337.5755,359.4121,359.0702)
compute 9.76822279455339(-0.0636955946683884,0.998547255992889,0.560823559761047) (-0.03879279,0.9143927,0.6037151) (335.365,306.7589,98.71213) (-0.1158812,1.159873,0.1429967) (335.0138,353.6759,0.3303071)
compute 11.726742863756(-0.141630485653877,1.06059551239014,0.498954206705093) (-0.06369559,0.9985473,0.5608236) (330.5748,286.5362,116.5465) (-0.1251999,1.152122,0.143294) (337.0117,349.9983,2.344066)
compute 11.3467136277187(-0.245625719428062,1.07308125495911,0.455320626497269) (-0.1416305,1.060596,0.4989542) (336.6161,267.1014,131.2074) (-0.1269552,1.151378,0.1461627) (337.3192,348.7826,3.499886)
compute 12.3959549301609(-0.311531186103821,1.02569544315338,0.549006402492523) (-0.2456257,1.073081,0.4553206) (357.3,287.347,121.6518) (-0.1169657,1.155945,0.1444713) (333.9696,353.7639,1.78384)
compute 5.73631797154406(-0.278613656759262,0.993820548057556,0.583516716957092) (-0.3115312,1.025695,0.5490064) (8.694946,301.3907,121.5914) (-0.1102176,1.166012,0.134321) (327.3423,7.216644,356.5404)
compute 5.76523265017217(-0.226379066705704,1.0054749250412,0.562080442905426) (-0.2786137,0.9938205,0.5835167) (6.185181,297.6256,112.3884) (-0.1007025,1.167364,0.1239752) (325.953,16.92758,353.7883)
compute 11.1274721503399(-0.150033459067345,1.07624888420105,0.52278083562851) (-0.2263791,1.005475,0.5620804) (345.2661,294.155,111.0381) (-0.0833821,1.166531,0.1214689) (326.1859,22.49886,351.6897)
compute 12.1688296617169(-0.0528950467705727,1.14592039585114,0.500020086765289) (-0.1500335,1.076249,0.5227808) (327.849,293.9186,119.0194) (-0.05901745,1.164206,0.1249284) (326.9317,24.20421,350.5125)
compute 11.0378218318315(0.0388571359217167,1.20716321468353,0.496251165866852) (-0.05289505,1.14592,0.5000201) (312.6552,298.1934,125.2651) (-0.02959755,1.160408,0.1288975) (326.5705,23.66732,350.0551)
compute 8.08686067471687(0.105956189334393,1.23546481132507,0.53141462802887) (0.03885714,1.207163,0.4962512) (307.6293,305.7826,125.6929) (0.004163402,1.164239,0.1320712) (326.1031,21.22838,350.8176)
compute 19.5351918007007(0.236302688717842,1.17321944236755,0.662935256958008) (0.1059562,1.235465,0.5314146) (333.2966,353.5546,87.28279) (0.02997882,1.168269,0.1333176) (325.4278,17.49644,351.3974)
compute 1.66130006506649(0.24492059648037,1.16188609600067,0.654374957084656) (0.2363027,1.173219,0.6629353) (328.4402,347.7829,84.43272) (0.05425072,1.171597,0.1379078) (328.4622,18.58394,351.963)
compute 6.57208310775403(0.204069435596466,1.13160419464111,0.612740635871887) (0.2449206,1.161886,0.654375) (328.1054,330.137,100.4239) (0.08817262,1.161236,0.1456257) (335.4272,24.21227,349.6105)
compute 9.16836056555272(0.161355897784233,1.09699642658234,0.539366662502289) (0.2040694,1.131604,0.6127406) (321.6994,310.4058,109.5178) (0.1139908,1.157999,0.1456641) (337.9815,29.89111,348.006)
compute 8.27932883227933(0.13737615942955,1.0329110622406,0.492753714323044) (0.1613559,1.096996,0.5393667) (325.6945,298.2794,117.905) (0.1310057,1.15372,0.1430635) (341.6183,35.46514,347.3394)
compute 8.05671997741325(0.119593568146229,0.968321323394775,0.447998613119125) (0.1373762,1.032911,0.4927537) (330.21,292.8636,119.2963) (0.1391902,1.144949,0.1384243) (346.2605,38.66777,347.7822)
compute 6.83241504829607(0.10703456401825,0.908898711204529,0.416703015565872) (0.1195936,0.9683213,0.4479986) (329.6426,292.8661,112.8825) (0.137758,1.136106,0.1395091) (350.735,40.15675,348.687)
compute 5.17576610299955(0.0982505455613136,0.864635407924652,0.391356289386749) (0.1070346,0.9088987,0.416703) (332.6075,294.4962,109.2857) (0.1203209,1.131808,0.1416112) (351.1884,43.06773,348.4111)
compute 2.20923834160325(0.101366102695465,0.851524770259857,0.373849779367447) (0.09825055,0.8646354,0.3913563) (329.8616,301.5282,102.3984) (0.09105076,1.150212,0.1434954) (343.8375,43.09546,347.942)
compute 1.4665137923458(0.109319910407066,0.839370608329773,0.371829986572266) (0.1013661,0.8515248,0.3738498) (332.0453,304.471,101.4928) (0.05995057,1.165606,0.1404792) (335.6055,37.78971,347.9422)
compute 1.21036711625197(0.117160230875015,0.842171788215637,0.380615293979645) (0.1093199,0.8393706,0.37183) (329.2908,309.4337,98.55663) (0.03937216,1.175224,0.138263) (327.5838,30.54166,349.3766)
compute 1.0082858837161(0.115502998232841,0.849601924419403,0.387226700782776) (0.1171602,0.8421718,0.3806153) (327.8921,307.2702,100.8754) (0.02540771,1.17707,0.1345471) (324.4074,23.99039,351.3792)
compute 1.22323052866119(0.11174526065588,0.850767552852631,0.398809015750885) (0.115503,0.8496019,0.3872267) (329.0446,304.6614,103.0512) (0.02054221,1.175546,0.1318514) (321.8834,20.67073,352.2323)
compute 1.51098023237626(0.108735486865044,0.852490663528442,0.413515418767929) (0.1117453,0.8507676,0.398809) (329.2123,302.9185,103.9729) (0.01921333,1.175513,0.1306516) (321.0585,16.75341,352.7548)
compute 1.8073317186622(0.0956916734576225,0.852228999137878,0.426022827625275) (0.1087355,0.8524907,0.4135154) (329.3265,299.2236,103.1754) (0.01034558,1.176671,0.133121) (321.1434,7.152048,355.758)
compute 4.12760673628797(0.0627310499548912,0.848007678985596,0.450507342815399) (0.09569167,0.852229,0.4260228) (331.3425,293.9771,104.1768) (-0.0001012459,1.177279,0.1366358) (321.8914,356.5658,359.407)
compute 4.26990862403777(0.0242337454110384,0.838065028190613,0.466073751449585) (0.06273105,0.8480077,0.4505073) (332.3683,288.7016,102.4626) (-0.006600335,1.172547,0.1364845) (323.2521,350.2471,1.453539)
compute 3.58299268795621(-0.0111956726759672,0.833133518695831,0.464019417762756) (0.02423375,0.838065,0.4660738) (334.6175,283.6816,103.2686) (-0.009432238,1.173454,0.1360046) (323.6106,347.6609,2.31985)
compute 1.78524218413811(-0.0287740230560303,0.830402970314026,0.462517857551575) (-0.01119567,0.8331335,0.4640194) (333.8654,281.3731,102.0531) (-0.01286179,1.172596,0.1363628) (324.4359,345.9824,2.797712)
compute 0.875062022686027(-0.0374109037220478,0.829280376434326,0.461670845746994) (-0.02877402,0.830403,0.4625179) (333.9572,280.7261,101.6453) (-0.0152359,1.171605,0.1358493) (325.6988,347.5847,2.315114)
compute 1.36660977793115(-0.0371842309832573,0.826282203197479,0.448339611291885) (-0.0374109,0.8292804,0.4616708) (334.2336,280.5046,101.5238) (-0.009095456,1.17081,0.1361364) (326.0407,355.1771,0.6109247)
compute 3.01262074252597(-0.016970394179225,0.826294422149658,0.42600154876709) (-0.03718423,0.8262822,0.4483396) (333.6305,283.5849,100.8445) (-0.004558499,1.170476,0.1364369) (327.423,4.018606,357.7066)
compute 2.65304191129911(0.00417441641911864,0.826490759849548,0.40997901558876) (-0.01697039,0.8262944,0.4260015) (333.5855,287.7274,100.4327) (-0.002614126,1.168651,0.1353066) (327.2152,11.59975,355.6448)
compute 2.22566147536006(0.0243656095117331,0.823441445827484,0.401126086711884) (0.004174416,0.8264908,0.409979) (333.6777,293.6836,99.17076) (-0.006030845,1.168719,0.1331152) (328.3942,18.09557,354.1505)
compute 2.05730196054018(0.0435096733272076,0.823109090328217,0.393599897623062) (0.02436561,0.8234414,0.4011261) (333.202,299.3755,98.12881) (-0.01072877,1.164387,0.1358035) (330.4343,22.53594,353.7208)
compute 1.59305729032086(0.0579916946589947,0.817616105079651,0.389874130487442) (0.04350967,0.8231091,0.3935999) (333.8562,304.6031,96.9881) (-0.01506476,1.161524,0.1402722) (332.105,25.50573,353.4518)
compute 1.73031629416405(0.0711120143532753,0.80755752325058,0.384767115116119) (0.05799169,0.8176161,0.3898741) (334.4301,308.0985,95.39749) (-0.01042784,1.157531,0.1394901) (334.1741,26.25932,353.8203)
compute 0.756426923043271(0.0708908885717392,0.803011775016785,0.37872514128685) (0.07111201,0.8075575,0.3847671) (335.2113,307.5719,95.59641) (0.005373674,1.155363,0.1286579) (335.9142,25.54646,353.9208)
compute 1.64149058270824(0.0723106116056442,0.803603947162628,0.362382471561432) (0.07089089,0.8030118,0.3787251) (334.3505,304.945,95.3033) (0.0261694,1.14842,0.1174308) (338.9092,23.70164,354.3703)
compute 2.84550566794938(0.094102256000042,0.818519532680511,0.35178342461586) (0.07231061,0.8036039,0.3623825) (335.0323,298.7702,99.03098) (0.05288107,1.146459,0.1095328) (338.9785,22.08011,354.788)
compute 2.57955962999878(0.0928639099001884,0.793016672134399,0.34811145067215) (0.09410226,0.8185195,0.3517834) (334.6959,296.1644,99.99122) (0.08097538,1.15021,0.1009901) (338.6447,22.63223,355.4011)
compute 3.14206955258899(0.120043531060219,0.800749957561493,0.334373742341995) (0.09286391,0.7930167,0.3481115) (332.6324,296.4037,99.90231) (0.1060177,1.145691,0.09639918) (341.1435,23.85782,354.193)
compute 3.91283666214091(0.159162908792496,0.799925267696381,0.334221005439758) (0.1200435,0.80075,0.3343737) (331.7948,300.9054,99.24993) (0.1238046,1.14295,0.09360193) (343.497,26.82122,353.4835)
compute 3.68881133301849(0.192408755421638,0.81547611951828,0.330530792474747) (0.1591629,0.7999253,0.334221) (329.6316,306.595,97.35536) (0.1344753,1.142587,0.0907537) (343.7333,30.24624,352.8216)
compute 2.17681978587297(0.205165416002274,0.82967346906662,0.320063829421997) (0.1924088,0.8154761,0.3305308) (327.9443,307.1125,100.0997) (0.1360671,1.141033,0.08839773) (344.7769,32.3833,352.4909)
compute 0.81811124412033(0.208714619278908,0.829518675804138,0.312694311141968) (0.2051654,0.8296735,0.3200638) (326.5587,307.1836,99.93176) (0.1275152,1.14012,0.08699927) (343.4044,31.98101,352.1788)
compute 1.20320956215267(0.207919061183929,0.817763268947601,0.310255289077759) (0.2087146,0.8295187,0.3126943) (327.2401,307.321,99.61674) (0.1138967,1.143367,0.08709295) (341.6901,30.31003,351.6764)
compute 2.02630597185503(0.199532881379128,0.799327731132507,0.309627175331116) (0.2079191,0.8177633,0.3102553) (327.4141,305.9763,98.51505) (0.1016065,1.143472,0.08620644) (340.9162,27.98915,351.998)
compute 1.81867768796821(0.183405563235283,0.791011452674866,0.308399170637131) (0.1995329,0.7993277,0.3096272) (326.9625,301.6935,100.2666) (0.09396883,1.143125,0.08902626) (340.7445,25.04247,352.7919)
compute 2.36854325443749(0.169236406683922,0.809864699840546,0.306210607290268) (0.1834056,0.7910115,0.3083992) (326.5709,299.2016,100.7132) (0.08656321,1.143251,0.09292921) (340.9421,21.27951,353.7791)
compute 1.0572478219147(0.161834612488747,0.817158460617065,0.304263353347778) (0.1692364,0.8098647,0.3062106) (326.0439,296.8238,100.8653) (0.0835958,1.143479,0.09424554) (339.7914,17.84593,354.5872)
compute 1.81385093698892(0.161176234483719,0.799477279186249,0.308256834745407) (0.1618346,0.8171585,0.3042634) (326.3558,294.8927,100.9334) (0.08247784,1.14794,0.09601527) (337.7886,14.62856,354.9983)
compute 0.378235980984668(0.162378877401352,0.799325704574585,0.311839699745178) (0.1611762,0.7994773,0.3082568) (326.6035,294.4732,100.8461) (0.07919183,1.148215,0.09675898) (337.1786,10.56686,356.057)
compute 0.775653861425875(0.165224194526672,0.806506216526031,0.312552660703659) (0.1623789,0.7993257,0.3118397) (325.8903,294.663,99.90318) (0.06928253,1.150669,0.09231248) (335.8439,3.255348,357.1077)
compute 1.05468637773418(0.169910475611687,0.797300040721893,0.314679026603699) (0.1652242,0.8065062,0.3125527) (325.7841,294.279,99.51249) (0.05483527,1.153358,0.09269022) (335.5437,352.693,359.9708)
compute 1.65725339557377(0.173951908946037,0.782101988792419,0.319907307624817) (0.1699105,0.7973,0.314679) (325.2458,293.0836,98.95751) (0.02979437,1.149289,0.09003439) (337.8037,337.7533,3.553576)
compute 0.423560975542678(0.173281118273735,0.780762553215027,0.323869168758392) (0.1739519,0.782102,0.3199073) (324.8277,290.9379,99.18547) (0.01186717,1.143235,0.08228673) (340.7298,324.3273,5.305588)
compute 0.87801436382464(0.172861650586128,0.782348453998566,0.332494705915451) (0.1732811,0.7807626,0.3238692) (324.2897,289.6101,99.28983) (0.005263984,1.14312,0.07624248) (341.4848,318.8504,6.237085)
compute 1.51868327704752(0.181867808103561,0.783081293106079,0.344700932502747) (0.1728617,0.7823485,0.3324947) (323.2585,287.4651,99.9871) (0.0003176406,1.142359,0.07334429) (342.2523,316.4079,6.801721)
compute 1.21302680750432(0.170205265283585,0.786399185657501,0.345047473907471) (0.1818678,0.7830813,0.3447009) (322.4529,285.5289,100.3396) (-0.002388515,1.142546,0.07269216) (342.5988,317.0099,6.300963)
compute 0.450478613360697(0.166562914848328,0.788458108901978,0.343377977609634) (0.1702053,0.7863992,0.3450475) (322.4104,284.5973,100.8987) (-0.00450772,1.14123,0.07595616) (341.9882,320.1115,5.625526)
compute 2.10072905798682(0.170891433954239,0.789571285247803,0.322851628065109) (0.1665629,0.7884581,0.343378) (322.078,285.5236,100.8343) (0.007171988,1.146054,0.08144798) (339.881,329.5758,5.081227)
compute 3.87441742218548(0.182673558592796,0.789977133274078,0.285944610834122) (0.1708914,0.7895713,0.3228516) (321.7294,289.7006,100.4018) (0.01807988,1.149454,0.08453164) (338.3853,339.7062,2.380586)
compute 3.31314795617929(0.190599739551544,0.79059499502182,0.253781139850616) (0.1826736,0.7899771,0.2859446) (320.9198,294.1821,99.95322) (0.02322182,1.149382,0.08603518) (337.8815,346.734,0.9872395)
compute 9.3373230585354(0.147764697670937,0.826879143714905,0.328394681215286) (0.1905997,0.790595,0.2537811) (320.7813,298.9683,98.61019) (0.025767,1.149209,0.08502303) (337.1994,351.6706,359.8318)
compute 1.47968067722797(0.162024930119514,0.822933435440063,0.328545182943344) (0.1477647,0.8268791,0.3283947) (321.3204,302.7689,98.08197) (0.0263608,1.150408,0.08312321) (336.5364,355.4191,359.1862)
compute 1.11534016267065(0.173021599650383,0.821552097797394,0.327294766902924) (0.1620249,0.8229334,0.3285452) (321.3979,305.5458,97.85128) (0.02424641,1.150641,0.08190145) (335.9579,357.7647,358.6959)
compute 1.25761015405054(0.178084388375282,0.810082972049713,0.328287571668625) (0.1730216,0.8215521,0.3272948) (321.2723,306.7313,97.50495) (0.02191762,1.151268,0.08058025) (335.5801,359.0842,358.7501)
compute 1.51215189191166(0.180367633700371,0.795925557613373,0.333084940910339) (0.1780844,0.810083,0.3282876) (321.2654,306.7235,97.68621) (0.02200983,1.151363,0.08088619) (335.4237,359.515,358.7705)
compute 0.492527454697286(0.176300376653671,0.795847356319427,0.335861563682556) (0.1803676,0.7959256,0.3330849) (321.4042,306.5017,98.1228) (0.01934835,1.152861,0.07977484) (334.7875,2.463587,358.0915)
compute 1.5387883321032(0.168453827500343,0.809083938598633,0.33575427532196) (0.1763004,0.7958474,0.3358616) (321.4902,306.6603,98.27687) (0.02199407,1.153493,0.07998014) (334.7239,3.758695,357.4778)
compute 0.222419778030837(0.167113333940506,0.81085878610611,0.335747271776199) (0.1684538,0.8090839,0.3357543) (321.4664,307.2716,98.31934) (0.02503521,1.153399,0.08127947) (334.8644,4.664108,357.0885)
compute 0.443351808188849(0.167730584740639,0.806480407714844,0.336071133613586) (0.1671133,0.8108588,0.3357473) (321.3692,308.2094,98.18665) (0.02846428,1.153181,0.08315109) (334.8624,5.046883,356.8205)
compute 0.297467235131225(0.169783726334572,0.808561563491821,0.33662074804306) (0.1677306,0.8064804,0.3360711) (321.0753,310.0748,96.77676) (0.02918262,1.152985,0.08371168) (334.5716,5.328834,356.7586)
Average= 6.8111595596494
Max= 33.6873973131646
Standard Deviation= 7.66292207056215
Right: 20    Wrong: 3
0
