red 269.9434 275.5778 13.10678 (-0.3695275,5,0.7) (-0.3695275,1.432254,0.7)
black 270.4416 276.8556 11.07829 (0.6920953,5,0.7) (0.6920953,0.07451792,0.7)
red 270.9428 276.9889 13.92853 (0.1862434,5,0.7) (0.1862434,1.431214,0.7)
red 270.4416 277.3889 15.35452 (0.2035395,5,0.7) (0.2035395,1.342867,0.7)
black 270.9428 277.4222 11.1887 (-0.577831,5,0.7) (-0.577831,0.07806964,0.7)
black 271.4419 277.4556 10.45456 (0.8481648,5,0.7) (0.8481648,0.07561871,0.7)
red 272.4423 278.8445 14.21511 (0.3190427,5,0.7) (0.3190427,1.308836,0.7)
black 272.9413 279.4778 11.28055 (-0.5896161,5,0.7) (-0.5896161,0.08103758,0.7)
red 271.9432 279.6889 15.46185 (0.8907115,5,0.7) (0.8907115,0.9529171,0.7)
black 271.9432 279.8556 13.34167 (-0.7725854,5,0.7) (-0.7725854,0.0783841,0.7)
red 273.4407 280.0556 14.98872 (0.606401,5,0.7) (0.606401,1.417934,0.7)
black 273.4407 280.4 11.9183 (-0.7791309,5,0.7) (-0.7791309,0.07703471,0.7)
black 273.9408 280.4222 14.0672 (-0.01011288,5,0.7) (-0.01011288,1.217426,0.7)
red 272.9413 280.4333 16.12154 (0.01291454,5,0.7) (0.01291454,1.279222,0.7)
red 273.9408 281 15.36542 (-0.03165805,5,0.7) (-0.03165805,1.28715,0.7)
red 271.4419 281.1555 15.89003 (0.5094872,5,0.7) (0.5094872,0.08384392,0.7)
red 274.4389 281.8222 16.09802 (-0.2879838,5,0.7) (-0.2879838,1.328177,0.7)
black 272.4423 282.2889 16.06958 (-0.2322637,5,0.7) (-0.2322637,0.083397,0.7)
black 269.9434 282.4333 19.48577 (-0.2795533,5,0.7) (-0.2795533,0.08536887,0.7)
red 275.4417 282.6778 15.49094 (0.3257115,5,0.7) (0.3257115,1.229964,0.7)
black 275.9349 282.6778 11.58235 (-0.5686879,5,0.7) (-0.5686879,0.07827343,0.7)
black 276.4438 283.3111 11.78371 (0.03101647,5,0.7) (0.03101647,0.07723106,0.7)
red 275.9349 284.0222 13.59309 (-0.9973474,5,0.7) (-0.9973474,0.08229984,0.7)
black 275.4417 284.2333 14.5985 (0.8742676,5,0.7) (0.8742676,0.07801741,0.7)
red 277.4412 284.3556 15.32738 (0.5392792,5,0.7) (0.5392792,1.352809,0.7)
red 274.9425 284.3778 15.49928 (-0.9552972,5,0.7) (-0.9552972,0.07971328,0.7)
red 276.4438 284.5222 16.38285 (0.5325177,5,0.7) (0.5325177,1.062571,0.7)
red 276.943 284.7444 13.18948 (-0.895963,5,0.7) (-0.895963,0.08276735,0.7)
red 277.9443 285.5222 16.38459 (-0.04755604,5,0.7) (-0.04755604,1.30792,0.7)
black 278.4433 285.7333 12.41844 (0.08354676,5,0.7) (0.08354676,0.07629246,0.7)
black 274.4389 285.8 18.05357 (0.241305,5,0.7) (0.241305,0.08171736,0.7)
black 274.9425 285.8778 17.51412 (-0.6552875,5,0.7) (-0.6552875,0.08345792,0.7)
black 278.9413 286.3445 12.58921 (0.9608219,5,0.7) (0.9608219,0.07859167,0.7)
red 278.9413 286.3445 15.14307 (-0.6200087,5,0.7) (-0.6200087,1.036339,0.7)
red 278.4433 287.4556 14.91269 (-0.4047955,5,0.7) (-0.4047955,0.07904421,0.7)
red 279.9406 287.9333 13.46423 (-0.692728,5,0.7) (-0.692728,0.08236025,0.7)
red 280.4399 288.0445 16.87131 (0.1245545,5,0.7) (0.1245545,1.426831,0.7)
black 276.943 288.1222 17.82846 (0.1195968,5,0.7) (0.1195968,0.08283691,0.7)
black 279.9406 288.2667 13.93299 (0.4310198,5,0.7) (0.4310198,0.07707365,0.7)
black 280.4399 288.7889 13.97264 (0.2192024,5,0.7) (0.2192024,0.08026806,0.7)
red 281.4341 288.8111 14.64513 (-0.4024228,5,0.7) (-0.4024228,0.8942666,0.7)
red 281.9431 288.8333 14.09463 (-0.4675039,5,0.7) (-0.4675039,0.9847484,0.7)
black 280.9351 289.6222 17.29135 (-0.1487271,5,0.7) (-0.1487271,1.038984,0.7)
red 282.4431 289.6222 14.57344 (0.04772127,5,0.7) (0.04772127,0.9769003,0.7)
red 279.4416 289.6555 16.56187 (0.878974,5,0.7) (0.878974,0.08314431,0.7)
black 283.9335 289.8111 12.19265 (-0.1975068,5,0.7) (-0.1975068,0.9608158,0.7)
black 277.9443 289.8333 18.73257 (0.5989072,5,0.7) (0.5989072,0.08271973,0.7)
red 280.9351 290.0889 15.1047 (0.4093749,5,0.7) (0.4093749,0.08146073,0.7)
black 282.4431 290.2667 13.2078 (-0.9412539,5,0.7) (-0.9412539,0.07660364,0.7)
red 283.9335 290.3111 13.34274 (-0.2837018,5,0.7) (-0.2837018,1.045985,0.7)
black 277.4412 290.3222 19.95134 (0.8341184,5,0.7) (0.8341184,0.08243129,0.7)
black 281.9431 290.3445 14.05009 (-0.8002663,5,0.7) (-0.8002663,0.07944732,0.7)
black 282.9334 290.9667 13.50515 (0.2183887,5,0.7) (0.2183887,0.07919399,0.7)
red 283.4434 290.9778 15.99233 (0.2725634,5,0.7) (0.2725634,1.220336,0.7)
red 282.9334 291.2 13.83925 (0.2548961,5,0.7) (0.2548961,0.07789466,0.7)
black 279.4416 291.9667 19.52078 (0.5678625,5,0.7) (0.5678625,0.08345111,0.7)
black 283.4434 292.1 14.42289 (0.7665761,5,0.7) (0.7665761,0.08315814,0.7)
black 284.4426 292.7889 13.9668 (-0.9798687,5,0.7) (-0.9798687,0.07782698,0.7)
black 281.4341 293.0889 18.42719 (0.7063689,5,0.7) (0.7063689,0.08373612,0.7)
red 284.4426 294.6333 16.52136 (-0.5553422,5,0.7) (-0.5553422,0.07926882,0.7)
0
