compute 70.8097707339404(0.0890868902206421,0.621112763881683,0.328153640031815) (0,0,0) (337.3943,306.6196,90.1322) (-0.07420821,1.155086,0.1280178) (335.0337,6.926184,354.4172)
compute 0.540433082467217(0.093598835170269,0.620960354804993,0.325182795524597) (0.08908689,0.6211128,0.3281536) (337.3026,307.043,90.06683) (-0.07305103,1.155598,0.1272611) (335.5386,8.188091,354.2191)
compute 0.822573226096893(0.0987093523144722,0.621016561985016,0.318737477064133) (0.09359884,0.6209604,0.3251828) (337.1643,307.6342,89.92067) (-0.07165787,1.154948,0.1274328) (336.1228,9.513796,354.1997)
compute 0.678388799333111(0.103735350072384,0.621212422847748,0.314185321331024) (0.09870935,0.6210166,0.3187375) (337.0958,308.2357,89.8018) (-0.07022976,1.154141,0.1290686) (336.5266,10.08021,353.8957)
compute 0.195239700665237(0.105300776660442,0.621333241462708,0.31302484869957) (0.1037354,0.6212124,0.3141853) (337.1256,308.7334,89.75901) (-0.07012145,1.153799,0.129858) (336.9254,9.987165,353.9974)
compute 0.0345450601204602(0.105589628219604,0.621419131755829,0.312855958938599) (0.1053008,0.6213332,0.3130248) (337.1369,308.8686,89.77554) (-0.06920414,1.153823,0.1307015) (337.3156,9.500682,354.2658)
compute 0.018128511147136(0.105710670351982,0.621489405632019,0.312740743160248) (0.1055896,0.6214191,0.312856) (337.1383,308.8753,89.77983) (-0.06983548,1.153376,0.1315187) (337.3378,9.066736,354.4571)
compute 0.0167441931694106(0.105592280626297,0.621569573879242,0.312827885150909) (0.1057107,0.6214894,0.3127407) (337.1389,308.8754,89.78127) (-0.07052436,1.152942,0.1325519) (336.2099,8.588097,354.4829)
compute 0.0508785798839905(0.105180114507675,0.621611475944519,0.313123226165771) (0.1055923,0.6215696,0.3128279) (337.1707,308.8259,89.81243) (-0.07047322,1.160893,0.128562) (330.8274,8.440989,353.8831)
compute 0.874109543948879(0.103816956281662,0.621613502502441,0.321757376194) (0.1051801,0.6216115,0.3131232) (337.2583,308.7195,89.91479) (-0.07034639,1.172042,0.1136696) (323.5733,8.197226,353.0361)
compute 0.305817327494414(0.103476546704769,0.621562123298645,0.324796110391617) (0.103817,0.6216135,0.3217574) (337.4341,308.681,90.02444) (-0.070783,1.171872,0.1072439) (322.1874,8.606474,352.7026)
compute 0.0303130502421285(0.103317342698574,0.621559023857117,0.325054049491882) (0.1034765,0.6215621,0.3247961) (337.0182,308.2196,90.74513) (-0.07103296,1.170831,0.1048512) (321.1514,8.950418,352.68)
compute 0.0138130820524155(0.103399500250816,0.621618986129761,0.324960589408875) (0.1033173,0.621559,0.325054) (336.6981,308.0703,91.22955) (-0.07103039,1.170372,0.1033815) (320.8668,8.977863,352.3765)
compute 0.0160688852472166(0.103547960519791,0.621595025062561,0.324903964996338) (0.1033995,0.621619,0.3249606) (336.6705,308.0399,91.35538) (-0.07077813,1.169476,0.10283) (321.2159,8.713081,352.8491)
compute 0.0107089733064085(0.103646539151669,0.621572732925415,0.324868559837341) (0.103548,0.621595,0.324904) (336.6507,308.0218,91.41383) (-0.07087749,1.167588,0.1058609) (322.3565,8.367241,352.9704)
compute 0.0110950322245208(0.103588201105595,0.621554493904114,0.324961155653) (0.1036465,0.6215727,0.3248686) (336.6392,308.0127,91.42792) (-0.07115053,1.167477,0.1066367) (322.7502,8.216086,352.8481)
compute 0.04414136746454(0.103282615542412,0.621532201766968,0.325278908014297) (0.1035882,0.6215545,0.3249612) (336.6491,307.9853,91.43493) (-0.07245255,1.167915,0.1073569) (323.1188,7.556642,353.2044)
compute 0.0879523895475853(0.102547079324722,0.621495842933655,0.325759768486023) (0.1032826,0.6215322,0.3252789) (336.6689,307.8051,91.47132) (-0.07435503,1.168114,0.1078099) (323.3486,7.093851,353.3235)
compute 0.172874657274782(0.101115949451923,0.621489465236664,0.326729506254196) (0.1025471,0.6214958,0.3257598) (336.6509,307.6204,91.52051) (-0.07588935,1.168388,0.1081564) (323.6734,6.932365,353.3959)
compute 0.152182149090467(0.0998836606740952,0.621493339538574,0.327622473239899) (0.1011159,0.6214895,0.3267295) (336.5854,307.446,91.57777) (-0.07621629,1.16734,0.1097759) (324.6611,6.773564,353.8268)
compute 0.327248594794656(0.0972643792629242,0.621504008769989,0.329584211111069) (0.09988366,0.6214933,0.3276225) (336.5244,307.3639,91.61581) (-0.07626851,1.166111,0.1124447) (325.6492,6.958805,353.7215)
compute 0.106209350201(0.0962737575173378,0.621524453163147,0.329966694116592) (0.09726438,0.621504,0.3295842) (336.5186,307.3593,91.61878) (-0.07592903,1.165998,0.1127299) (325.6088,7.093878,353.645)
compute 0.0313651620267628(0.0959846824407578,0.621536135673523,0.330087840557098) (0.09627376,0.6215245,0.3299667) (336.5188,307.361,91.61797) (-0.07528072,1.165427,0.1127847) (325.0685,6.955469,353.5744)
compute 0.0255152589327971(0.0959207266569138,0.62143462896347,0.33031302690506) (0.09598468,0.6215361,0.3300878) (336.5219,307.3689,91.61385) (-0.0743672,1.165656,0.1117029) (325.0914,6.171094,353.7975)
compute 0.0632546745221536(0.0957575365900993,0.621296167373657,0.330908268690109) (0.09592073,0.6214346,0.330313) (336.5151,307.3646,91.61742) (-0.07427929,1.165234,0.1094204) (324.3925,5.089349,354.0382)
compute 0.301986520674519(0.095085971057415,0.62106329202652,0.333843290805817) (0.09575754,0.6212962,0.3309083) (336.4219,307.1805,91.71355) (-0.07315298,1.165484,0.1077371) (323.4543,3.691587,354.1166)
compute 0.588966302345146(0.091983400285244,0.620726883411407,0.338838189840317) (0.09508597,0.6210633,0.3338433) (336.1857,306.5711,92.0585) (-0.07201612,1.166233,0.1064523) (323.1779,1.756528,354.4993)
compute 0.925706488900938(0.0851146206259727,0.620460271835327,0.34503835439682) (0.0919834,0.6207269,0.3388382) (335.6217,305.308,93.09811) (-0.07121103,1.16625,0.1056075) (322.7068,359.281,354.5798)
compute 1.68658268574692(0.0720840841531754,0.619781851768494,0.355724841356277) (0.08511462,0.6204603,0.3450384) (334.9042,303.8904,94.51516) (-0.07081287,1.166709,0.1052573) (322.5834,356.7923,355.0934)
compute 0.954191511181116(0.0646411776542664,0.619432032108307,0.361685454845428) (0.07208408,0.6197819,0.3557248) (334.4383,302.2222,95.94539) (-0.0687971,1.167063,0.1049164) (322.548,354.9384,355.3016)
compute 0.686864728199603(0.0590091347694397,0.619187414646149,0.365609556436539) (0.06464118,0.619432,0.3616855) (334.5281,300.6395,96.60381) (-0.06743974,1.167345,0.1051679) (322.6267,353.6823,355.4051)
compute 0.562539578729276(0.0545415952801704,0.619072377681732,0.369026124477386) (0.05900913,0.6191874,0.3656096) (334.5044,299.1247,96.9641) (-0.06579048,1.167601,0.1058492) (322.7728,352.4147,355.6285)
compute 0.413341167962521(0.0511469319462776,0.619138181209564,0.371383458375931) (0.0545416,0.6190724,0.3690261) (334.3889,298.335,96.99911) (-0.0649444,1.168057,0.1061946) (323.2475,351.6623,355.8509)
compute 0.208521676722197(0.0492829084396362,0.619294404983521,0.372304946184158) (0.05114693,0.6191382,0.3713835) (334.3536,298.0729,97.02028) (-0.064519,1.16772,0.1090488) (323.4727,351.7467,355.8564)
compute 0.16969611904378(0.0488994643092155,0.619496941566467,0.373945564031601) (0.04928291,0.6192944,0.3723049) (334.3637,298.0571,97.01997) (-0.06503528,1.167449,0.1119122) (323.5189,352.4208,355.7503)
compute 0.132496343642216(0.0488934442400932,0.619553089141846,0.375269323587418) (0.04889946,0.6194969,0.3739456) (334.542,298.3294,96.9136) (-0.06590571,1.167963,0.1150235) (323.4366,353.6145,355.5072)
compute 0.441152806522831(0.0532819740474224,0.61958509683609,0.375718057155609) (0.04889344,0.6195531,0.3752693) (334.6903,298.8541,96.882) (-0.06543795,1.168353,0.1170269) (323.6514,354.712,355.5354)
compute 0.422167905697603(0.0574950613081455,0.619668543338776,0.375973999500275) (0.05328197,0.6195851,0.3757181) (334.7808,299.3646,96.97824) (-0.06620177,1.168493,0.1179301) (323.7825,355.4302,355.7333)
compute 0.190955806092466(0.059386245906353,0.61971116065979,0.376234799623489) (0.05749506,0.6196685,0.375974) (335.0158,300.1904,97.01965) (-0.06796482,1.168525,0.1188064) (323.8657,356.0504,355.9273)
compute 0.0646069711693371(0.0600069388747215,0.61967670917511,0.376410752534866) (0.05938625,0.6197112,0.3762348) (335.379,301.0556,96.91451) (-0.07021362,1.168239,0.1186138) (323.6886,356.6896,355.8137)
compute 0.0738431788857241(0.0606424286961555,0.619684994220734,0.376034766435623) (0.06000694,0.6196767,0.3764108) (335.4916,301.3106,96.93958) (-0.07178227,1.168229,0.1183149) (323.7556,357.1261,355.7314)
compute 0.323176708949604(0.0619990117847919,0.619743824005127,0.373102098703384) (0.06064243,0.619685,0.3760348) (335.4988,301.3187,96.95693) (-0.07250506,1.16828,0.1179779) (323.7591,357.1162,355.836)
compute 0.0771399349641751(0.0622688457369804,0.619792759418488,0.372381091117859) (0.06199901,0.6197438,0.3731021) (335.5175,301.2754,96.97894) (-0.07272848,1.168306,0.1163627) (323.665,357.0815,355.8005)
compute 0.0881955879373202(0.0623256601393223,0.619813323020935,0.371501207351685) (0.06226885,0.6197928,0.3723811) (335.5357,301.1755,97.01405) (-0.07285105,1.168152,0.1140403) (323.4025,357.1591,355.6162)
compute 0.0646038498824239(0.0623340085148811,0.619780123233795,0.370856076478958) (0.06232566,0.6198133,0.3715012) (335.5132,300.8833,97.15221) (-0.0715899,1.169799,0.1101022) (321.7248,358.4706,355.7964)
compute 1.57103653619332(0.0757365673780441,0.619800925254822,0.362659335136414) (0.06233401,0.6197801,0.3708561) (335.4005,300.6384,97.35239) (-0.06441477,1.172311,0.1034576) (319.4103,4.221964,355.2917)
compute 2.97789983031185(0.0997411012649536,0.619843363761902,0.34503635764122) (0.07573657,0.6198009,0.3626593) (335.144,300.8184,97.99036) (-0.06090215,1.172199,0.09897994) (319.4005,8.172132,353.4354)
compute 2.12694825410393(0.11658538132906,0.619954884052277,0.332049876451492) (0.0997411,0.6198434,0.3450364) (334.6873,301.9351,98.50839) (-0.06032493,1.172696,0.09695657) (319.5542,11.49828,353.9593)
compute 2.02418747117435(0.132016912102699,0.62009459733963,0.318950951099396) (0.1165854,0.6199549,0.3320499) (334.4683,304.0174,98.41409) (-0.06114398,1.172132,0.09643035) (320.0683,15.1601,353.261)
compute 1.96489458107326(0.145537838339806,0.620030999183655,0.304693967103958) (0.1320169,0.6200946,0.318951) (334.8014,306.7212,97.94289) (-0.06279949,1.171714,0.09732725) (318.362,19.22842,353.161)
compute 2.12597658097928(0.161337867379189,0.619841337203979,0.290470719337463) (0.1455378,0.620031,0.304694) (334.9398,308.8885,97.97395) (-0.06378624,1.175456,0.09109531) (315.222,25.80628,352.7074)
compute 3.02695278854977(0.178961634635925,0.619707465171814,0.265861183404922) (0.1613379,0.6198413,0.2904707) (334.796,310.6597,98.62683) (-0.06417254,1.174665,0.08723503) (314.0196,31.0556,350.8275)
compute 2.1934180552363(0.188174039125443,0.619365632534027,0.245958343148232) (0.1789616,0.6197075,0.2658612) (334.6627,312.0992,99.0888) (-0.06592984,1.174661,0.08677089) (314.1564,33.66333,350.3062)
compute 1.45694748023844(0.192010834813118,0.619341492652893,0.231903165578842) (0.188174,0.6193656,0.2459583) (334.229,313.7666,99.02948) (-0.06773382,1.173023,0.08692116) (314.6566,35.47908,350.2711)
compute 0.956074807295548(0.194839328527451,0.619259059429169,0.222770765423775) (0.1920108,0.6193415,0.2319032) (334.0717,315.1086,99.4073) (-0.06882908,1.172454,0.08822972) (314.0234,37.69448,350.0975)
compute 0.973319189214665(0.199616849422455,0.619344472885132,0.214291200041771) (0.1948393,0.6192591,0.2227708) (333.081,315.9024,101.1421) (-0.06962371,1.173402,0.08565025) (313.1935,39.66573,349.5885)
compute 1.06789506730614(0.201953396201134,0.619771957397461,0.203879773616791) (0.1996168,0.6193445,0.2142912) (331.1286,315.9354,104.8462) (-0.07424845,1.174077,0.08391344) (312.7459,41.51307,348.7188)
compute 0.677279185601113(0.201954334974289,0.620001614093781,0.197110876441002) (0.2019534,0.619772,0.2038798) (329.6216,315.2258,108.9867) (-0.07882665,1.174287,0.08406553) (312.9915,42.25536,348.9099)
compute 0.540088887186778(0.198741346597672,0.619909048080444,0.192770630121231) (0.2019543,0.6200016,0.1971109) (328.2072,313.83,115.2141) (-0.08287141,1.174928,0.08693574) (313.6427,42.68983,348.7013)
compute 0.466309872512425(0.195039331912994,0.62136310338974,0.190336436033249) (0.1987413,0.619909,0.1927706) (323.9895,311.2981,122.3244) (-0.08591428,1.174485,0.08952259) (313.7152,43.33376,348.0251)
compute 0.324772085869119(0.191970229148865,0.621829986572266,0.189382329583168) (0.1950393,0.6213631,0.1903364) (321.7005,306.8238,132.9017) (-0.08739864,1.173044,0.09623574) (314.6315,43.82926,347.5571)
compute 0.285381406046933(0.189121201634407,0.621877610683441,0.189224123954773) (0.1919702,0.62183,0.1893823) (320.4992,303.6402,140.3124) (-0.08389907,1.167883,0.1049171) (315.7766,44.25425,347.1144)
compute 44.8085277053057(0.108006231486797,1.03127694129944,0.352297633886337) (0.1891212,0.6218776,0.1892241) (319.3196,300.4287,147.0006) (-0.07206887,1.165728,0.114904) (317.489,44.92228,346.5805)
compute 6.97670939276014(0.111831642687321,1.10093832015991,0.3526231944561) (0.1080062,1.031277,0.3522976) (317.7979,295.1201,155.6284) (-0.0534941,1.165164,0.1215132) (317.8074,44.02525,346.4413)
compute 6.90040121530511(0.130794584751129,1.16634249687195,0.363770127296448) (0.1118316,1.100938,0.3526232) (318.4196,290.6006,164.2389) (-0.03007001,1.160102,0.1283976) (318.0324,42.09498,346.8791)
compute 7.86005377202569(0.158897697925568,1.23690247535706,0.384007453918457) (0.1307946,1.166342,0.3637701) (317.2063,287.9977,168.8353) (0.002925273,1.160346,0.1373796) (318.2311,38.90869,348.0476)
compute 11.2400654945459(0.197139129042625,1.33513987064362,0.423006355762482) (0.1588977,1.236902,0.3840075) (312.107,291.6998,162.9101) (0.03315761,1.179887,0.1487062) (317.699,37.90179,346.9544)
compute 12.6226338311069(0.256464332342148,1.41863691806793,0.496775269508362) (0.1971391,1.33514,0.4230064) (305.6369,306.7891,145.7839) (0.06186575,1.202724,0.1607107) (317.5952,36.12431,345.9041)
compute 9.06423842731631(0.307146996259689,1.40886759757996,0.571286141872406) (0.2564643,1.418637,0.4967753) (318.3189,335.3209,112.5133) (0.08019189,1.209488,0.1654714) (318.568,35.56052,346.3716)
compute 7.82010352410161(0.344319075345993,1.345259308815,0.597508728504181) (0.307147,1.408868,0.5712861) (320.5353,351.6942,82.28261) (0.08928697,1.183823,0.1654833) (322.9401,36.21299,345.7731)
compute 9.41680721590444(0.335368752479553,1.25163781642914,0.602255702018738) (0.3443191,1.345259,0.5975087) (340.4444,344.8058,88.48328) (0.08647831,1.17243,0.1614817) (326.9476,37.37085,345.9618)
compute 6.97195051162156(0.317844450473785,1.19032561779022,0.574068427085876) (0.3353688,1.251638,0.6022557) (341.3887,340.1775,85.67218) (0.07637555,1.160008,0.1544247) (330.7976,38.99267,346.3072)
compute 5.85198364602342(0.316590964794159,1.13695228099823,0.550104141235352) (0.3178445,1.190326,0.5740684) (347.2224,339.4196,80.94997) (0.0648102,1.155038,0.1441466) (333.739,41.00652,345.0727)
compute 2.17759837556812(0.33498939871788,1.12971210479736,0.540978848934174) (0.316591,1.136952,0.5501041) (345.1471,344.2173,81.1704) (0.06041205,1.154886,0.1424701) (336.1027,41.7355,345.7116)
compute 3.34444387899073(0.359411269426346,1.10865771770477,0.532101035118103) (0.3349894,1.129712,0.5409788) (346.8513,345.8283,78.51488) (0.07078451,1.149904,0.1462416) (338.9171,42.46072,346.5559)
compute 2.53681024172341(0.363806933164597,1.13183069229126,0.541440844535828) (0.3594113,1.108658,0.532101) (333.1655,343.629,77.37793) (0.09306445,1.145387,0.1549914) (341.3747,39.63666,346.6387)
compute 12.7821168216404(0.400411188602448,1.03570473194122,0.617323517799377) (0.3638069,1.131831,0.5414408) (350.4008,351.6648,74.11784) (0.1237158,1.133376,0.1709166) (345.7053,37.70273,347.852)
compute 12.3639102638783(0.383157819509506,0.916975259780884,0.647194266319275) (0.4004112,1.035705,0.6173235) (5.713509,344.9642,73.93861) (0.1531491,1.125317,0.1871684) (353.0337,35.49232,350.1815)
compute 7.77276023393782(0.390743851661682,0.841842114925385,0.665607392787933) (0.3831578,0.9169753,0.6471943) (14.05634,343.3414,80.03667) (0.1773836,1.120472,0.194235) (353.4519,35.48063,348.5344)
compute 1.83767375288119(0.407585084438324,0.848821878433228,0.663292169570923) (0.3907439,0.8418421,0.6656074) (1.881321,343.0266,69.94375) (0.201645,1.117058,0.2048033) (356.487,36.92289,348.4033)
compute 8.3258711231129(0.47222712635994,0.809591352939606,0.628444135189056) (0.4075851,0.8488219,0.6632922) (12.11946,346.9344,71.84764) (0.2228424,1.111224,0.2114299) (358.4778,40.02453,347.345)
compute 11.1330089231277(0.572666645050049,0.769830226898193,0.601511895656586) (0.4722271,0.8095914,0.6284441) (8.839112,4.008559,67.8284) (0.2458866,1.106968,0.2232766) (358.6982,39.93115,347.1369)
compute 9.55031539512816(0.63580060005188,0.702134132385254,0.578013062477112) (0.5726666,0.7698302,0.6015119) (18.07724,20.90571,70.33118) (0.2548613,1.121266,0.2250446) (352.1612,35.78937,345.2213)
compute 7.04489935560018(0.627078354358673,0.633324325084686,0.565676391124725) (0.6358006,0.7021341,0.5780131) (35.69617,10.28579,60.66217) (0.2333238,1.153369,0.2101231) (340.9884,26.60704,346.0374)
compute 2.80117275913179(0.609232366085052,0.643693208694458,0.584614813327789) (0.6270784,0.6333243,0.5656764) (26.04658,4.3946,49.1655) (0.1921507,1.189038,0.17881) (323.7376,12.46823,348.4794)
compute 11.4948879091295(0.57643860578537,0.748099565505981,0.619787633419037) (0.6092324,0.6436932,0.5846148) (11.85271,355.6971,59.50792) (0.1683327,1.200908,0.1449656) (314.7726,3.467608,352.4462)
compute 17.9512423164388(0.481632828712463,0.900504767894745,0.61674964427948) (0.5764386,0.7480996,0.6197876) (353.3353,338.1574,62.66957) (0.153091,1.204286,0.1260131) (308.3954,359.1332,354.8733)
compute 16.447775132619(0.38778030872345,1.0345311164856,0.599969506263733) (0.4816328,0.9005048,0.6167496) (342.1436,324.3034,83.84195) (0.139691,1.200149,0.1162717) (305.9471,356.2625,357.1403)
compute 15.4326663093027(0.299414396286011,1.15402507781982,0.558383703231812) (0.3877803,1.034531,0.5999695) (325.9139,309.455,101.1838) (0.117205,1.188596,0.1130821) (305.4767,354.7967,358.5028)
compute 11.3657878503243(0.227190911769867,1.23415815830231,0.522598624229431) (0.2994144,1.154025,0.5583837) (317.666,296.6537,119.4282) (0.08571836,1.184334,0.1120485) (305.0349,354.4749,357.7875)
compute 9.9201994729068(0.145990967750549,1.28216862678528,0.491896837949753) (0.2271909,1.234158,0.5225986) (315.9052,286.8991,127.6581) (0.04752336,1.185706,0.1096817) (306.8632,350.9817,0.0769384)
compute 4.65627110461803(0.108537130057812,1.25466966629028,0.488879680633545) (0.145991,1.282169,0.4918968) (318.4037,286.4641,121.3131) (0.03080564,1.181158,0.1398622) (317.7323,7.260366,349.9692)
compute 11.8799685403277(0.116794086992741,1.13718497753143,0.504453241825104) (0.1085371,1.25467,0.4888797) (321.4916,290.2291,116.4855) (0.06469101,1.156696,0.1682544) (332.6236,28.54826,342.5358)
compute 16.5470319180309(0.209499806165695,1.0064651966095,0.545665085315704) (0.1167941,1.137185,0.5044532) (322.3002,313.2871,99.71224) (0.1273127,1.134501,0.1807778) (344.577,47.87139,341.6521)
compute 14.4388577346303(0.331476628780365,0.929393589496613,0.551113367080688) (0.2094998,1.006465,0.5456651) (325.4214,331.0937,93.15561) (0.1459052,1.133982,0.1815084) (342.8775,47.37669,339.4412)
compute 10.5831720998152(0.435334593057632,0.914249241352081,0.537529349327087) (0.3314766,0.9293936,0.5511134) (320.5878,345.1242,91.69745) (0.1791146,1.125767,0.1898436) (348.3538,48.11747,340.766)
compute 8.19293182744463(0.512206554412842,0.898986876010895,0.513651013374329) (0.4353346,0.9142492,0.5375293) (314.0849,359.0919,81.88053) (0.2124797,1.118387,0.2084189) (353.4353,46.80386,344.0307)
compute 5.64305784380353(0.503694236278534,0.848718643188477,0.537838935852051) (0.5122066,0.8989869,0.513651) (326.287,352.0026,84.74651) (0.2311873,1.123709,0.2139537) (350.8169,44.31602,343.842)
compute 11.6755458271795(0.435547381639481,0.759200572967529,0.569053649902344) (0.5036942,0.8487186,0.5378389) (354.1095,334.8699,88.91935) (0.2346643,1.124807,0.2171847) (351.3045,39.72667,345.0092)
compute 10.0933214665388(0.483477026224136,0.674482345581055,0.595757305622101) (0.4355474,0.7592006,0.5690536) (6.515607,354.1671,70.65467) (0.2188806,1.131224,0.2133317) (348.476,34.53853,345.8826)
compute 5.30299926328944(0.523705840110779,0.702898919582367,0.615412354469299) (0.483477,0.6744823,0.5957573) (353.6207,11.7506,63.95252) (0.2013464,1.134008,0.206948) (347.9016,31.00928,345.7292)
compute 9.0380695424287(0.491748064756393,0.782144010066986,0.644867181777954) (0.5237058,0.7028989,0.6154124) (336.3376,358.2285,75.27081) (0.2070476,1.122303,0.2049967) (351.6233,32.71524,344.1233)
compute 3.0314321300289(0.476700335741043,0.756493031978607,0.650745213031769) (0.4917481,0.782144,0.6448672) (356.6916,359.8496,71.53503) (0.1980317,1.136583,0.1981089) (345.2712,29.02745,343.5164)
compute 5.03810848473559(0.426392525434494,0.756949961185455,0.648067653179169) (0.4767003,0.756493,0.6507452) (1.707349,347.2258,80.0622) (0.1484531,1.162155,0.1827146) (331.8882,18.1012,343.1351)
compute 13.0586501390136(0.329340517520905,0.843823850154877,0.638757944107056) (0.4263925,0.75695,0.6480677) (340.4963,335.1351,67.55684) (0.10003,1.173681,0.1699926) (322.3655,4.97718,348.3154)
compute 14.1879477742216(0.223818197846413,0.930176198482513,0.599539339542389) (0.3293405,0.8438239,0.6387579) (333.9302,315.1569,83.86143) (0.0607154,1.178706,0.1575266) (316.6623,355.5581,352.4551)
compute 14.600479877586(0.138660728931427,1.04445600509644,0.56782603263855) (0.2238182,0.9301762,0.5995393) (324.6032,301.558,95.71461) (0.03295599,1.17869,0.155016) (315.4206,350.9501,355.407)
compute 10.5598350843647(0.0918936207890511,1.13770043849945,0.551414906978607) (0.1386607,1.044456,0.567826) (322.5833,288.5544,117.71) (0.01568169,1.177836,0.1637457) (316.8967,354.8718,354.7985)
compute 5.1438339032778(0.0972124114632607,1.1711802482605,0.590102314949036) (0.09189362,1.1377,0.5514149) (320.8562,296.5817,112.9093) (0.008551609,1.170575,0.1878694) (324.7291,3.91588,349.4931)
compute 13.9965216178101(0.0727477520704269,1.05338823795319,0.661634027957916) (0.09721241,1.17118,0.5901023) (348.4213,307.4912,98.9256) (0.01161236,1.163986,0.202788) (330.8901,6.737673,350.4056)
compute 6.61303162994887(0.0740158557891846,0.992955923080444,0.688458383083344) (0.07274775,1.053388,0.661634) (351.8914,312.3463,95.64574) (0.0230813,1.149128,0.2159085) (339.296,7.884626,351.7361)
compute 4.60103317895182(0.0688868835568428,0.955995202064514,0.661540925502777) (0.07401586,0.9929559,0.6884584) (357.4869,309.403,91.71602) (0.03567697,1.146468,0.2212248) (338.8218,9.593497,351.77)
compute 5.66893844305245(0.0756155923008919,0.986332774162292,0.614127397537231) (0.06888688,0.9559952,0.6615409) (353.0079,303.5974,97.59892) (0.05291566,1.159195,0.2137577) (333.0066,18.4359,350.257)
compute 14.3219352910699(0.152540624141693,1.10228133201599,0.580211997032166) (0.07561559,0.9863328,0.6141274) (323.7941,306.9985,97.04481) (0.06650945,1.16401,0.2080885) (330.0256,25.27493,348.068)
compute 13.6492669658646(0.229936838150024,1.20872104167938,0.544008910655975) (0.1525406,1.102281,0.580212) (304.8844,305.7021,114.1758) (0.08199733,1.16577,0.2062897) (328.7605,29.22618,346.9359)
compute 8.32316649560398(0.299990087747574,1.25293338298798,0.552091062068939) (0.2299368,1.208721,0.5440089) (303.4807,324.3211,108.5661) (0.09365618,1.166877,0.2037106) (328.9208,31.59475,344.7783)
compute 11.346016348454(0.391994655132294,1.21253252029419,0.60478013753891) (0.2999901,1.252933,0.5520911) (317.4235,353.2124,77.04072) (0.09703846,1.165788,0.2020804) (326.8809,29.78378,345.481)
compute 12.588183032251(0.484200567007065,1.12995564937592,0.627700984477997) (0.3919947,1.212533,0.6047801) (327.8507,16.20866,64.25889) (0.09311651,1.16533,0.2003186) (326.0519,27.7572,346.0981)
compute 3.75910676382764(0.499617993831635,1.09628283977509,0.634145617485046) (0.4842006,1.129956,0.627701) (341.1441,18.66,71.61935) (0.08961771,1.166811,0.2019449) (326.75,25.82932,346.5238)
compute 14.4541196646624(0.383942514657974,1.18205654621124,0.621727347373962) (0.499618,1.096283,0.6341456) (319.7428,356.2785,73.27386) (0.08867346,1.166152,0.2076212) (327,25.12959,346.3701)
compute 14.186508176332(0.245157301425934,1.20591568946838,0.604548633098602) (0.3839425,1.182057,0.6217273) (320.0016,319.9697,97.02955) (0.0875544,1.164138,0.2092431) (328.3665,24.89068,346.6165)
compute 6.94218214183386(0.235307469964027,1.17350566387177,0.665145337581635) (0.2451573,1.205916,0.6045486) (332.0818,330.6909,98.09351) (0.08372915,1.159788,0.2072472) (330.2534,25.77434,346.6563)
compute 2.92360763324906(0.233019545674324,1.14455759525299,0.668539881706238) (0.2353075,1.173506,0.6651453) (340.3359,332.754,95.57276) (0.07709575,1.163308,0.2098414) (327.764,28.53405,345.9271)
compute 6.08843284974262(0.249572291970253,1.18317127227783,0.624472975730896) (0.2330195,1.144558,0.6685399) (328.4476,326.4428,94.18202) (0.07652217,1.168262,0.2041755) (324.8938,34.53249,344.5279)
compute 13.24558217308(0.349368095397949,1.25975239276886,0.58299195766449) (0.2495723,1.183171,0.624473) (307.2423,342.4145,85.9612) (0.09048149,1.167913,0.2009733) (324.5569,38.55184,343.792)
compute 9.75310748641226(0.423512011766434,1.31257605552673,0.547996938228607) (0.3493681,1.259752,0.582992) (300.4936,357.7059,80.31065) (0.1209071,1.165787,0.2003645) (322.26,38.97738,341.9674)
compute 5.92382205904549(0.475394576787949,1.34116268157959,0.547583222389221) (0.423512,1.312576,0.5479969) (303.5709,3.415723,79.6969) (0.1515632,1.164687,0.2048572) (320.2256,36.89718,341.8379)
compute 6.59787876623005(0.534566879272461,1.35127699375153,0.574960947036743) (0.4753946,1.341163,0.5475832) (307.4571,17.65257,66.51101) (0.1667502,1.189047,0.2130281) (315.257,23.88508,348.419)
compute 6.66558494555831(0.550137937068939,1.30679035186768,0.622093558311462) (0.5345669,1.351277,0.5749609) (326.3177,13.63797,71.43938) (0.1458293,1.191734,0.2227273) (313.2107,2.044575,358.6105)
compute 5.58396727339993(0.497868597507477,1.32328343391418,0.632768929004669) (0.5501379,1.30679,0.6220936) (317.2924,4.923193,72.47788) (0.1196086,1.182507,0.227723) (315.9422,345.5348,4.818992)
compute 20.4423182536531(0.305424213409424,1.37430119514465,0.586388051509857) (0.4978686,1.323283,0.6327689) (303.9254,323.5517,98.42963) (0.09728752,1.180259,0.227733) (317.1768,339.2973,8.046861)
compute 23.2424916863205(0.0900978744029999,1.36454129219055,0.499436020851135) (0.3054242,1.374301,0.5863881) (316.0166,280.8235,131.5247) (0.07003713,1.170977,0.2209844) (316.6086,340.0984,6.819443)
compute 12.5710937346943(-0.0270150359719992,1.32492303848267,0.476672023534775) (0.09009787,1.364541,0.499436) (329.7834,272.4809,134.1129) (0.03383895,1.164925,0.2054455) (315.4996,343.1821,4.261387)
compute 11.9577764916455(-0.0835876688361168,1.25641047954559,0.556699573993683) (-0.02701504,1.324923,0.476672) (346.5412,290.2769,125.5079) (-0.008136861,1.164077,0.1898841) (315.356,348.9297,0.3791888)
compute 4.67789896551549(-0.12523078918457,1.24090719223022,0.571320533752441) (-0.08358767,1.25641,0.5566996) (340.2113,284.0627,122.2453) (-0.05439372,1.168965,0.1781569) (318.5467,349.9539,0.8457571)
compute 4.83604124906269(-0.158091560006142,1.23279690742493,0.605862140655518) (-0.1252308,1.240907,0.5713205) (335.1007,288.9276,108.6843) (-0.08140808,1.169573,0.1715947) (323.2164,348.3857,3.788502)
compute 8.32966702754551(-0.167210727930069,1.16862094402313,0.658174872398376) (-0.1580916,1.232797,0.6058621) (359.2549,304.8797,120.6983) (-0.1166284,1.160941,0.1701075) (330.7436,342.0211,7.084879)
compute 4.33877442398363(-0.182434856891632,1.18099534511566,0.619476079940796) (-0.1672107,1.168621,0.6581749) (346.9078,294.2876,102.6244) (-0.1384144,1.150522,0.1717952) (336.7692,327.6108,11.42091)
compute 1.19533285949848(-0.182261765003204,1.17724406719208,0.608127951622009) (-0.1824349,1.180995,0.6194761) (350.6929,290.2928,106.5251) (-0.1271323,1.166311,0.1612086) (326.8718,326.0084,11.78886)
compute 5.60926754700093(-0.178768292069435,1.22505307197571,0.578999221324921) (-0.1822618,1.177244,0.608128) (340.1175,287.7061,109.8539) (-0.1025137,1.173985,0.1478355) (320.8038,328.5623,11.30763)
compute 4.7572689861497(-0.181145995855331,1.26070272922516,0.547588884830475) (-0.1787683,1.225053,0.5789992) (336.1478,283.9302,116.8004) (-0.10583,1.174207,0.14034) (319.7142,326.6208,13.07581)
compute 4.87373717354323(-0.222643420100212,1.2737500667572,0.525610208511353) (-0.181146,1.260703,0.5475889) (334.5159,279.2274,119.5182) (-0.1302226,1.173416,0.133121) (319.8391,325.6971,13.63606)
compute 8.49856377403557(-0.299204289913177,1.27631199359894,0.488807648420334) (-0.2226434,1.27375,0.5256102) (336.5265,272.7498,127.5543) (-0.1661556,1.163442,0.1316949) (320.0214,325.5343,13.65031)
compute 12.1486984880007(-0.413142949342728,1.27023303508759,0.447092950344086) (-0.2992043,1.276312,0.4888076) (341.8619,266.0165,129.5617) (-0.2121552,1.161544,0.1348822) (320.8559,325.3897,12.81528)
compute 11.0458856129983(-0.522783160209656,1.26480484008789,0.459369689226151) (-0.4131429,1.270233,0.447093) (344.2094,267.081,125.8535) (-0.2502274,1.162922,0.1448413) (323.0273,324.5601,13.43699)
compute 10.7687628468568(-0.576767086982727,1.20634281635284,0.531926929950714) (-0.5227832,1.264805,0.4593697) (355.6362,282.0446,129.0465) (-0.2727386,1.158759,0.1519327) (323.2793,324.2509,13.76579)
compute 9.6233787996425(-0.572677195072174,1.12403404712677,0.581620812416077) (-0.5767671,1.206343,0.5319269) (8.42186,291.7644,127.9247) (-0.2802954,1.156176,0.160927) (324.1732,328.0127,13.17428)
compute 4.90276734079985(-0.52539473772049,1.11694490909576,0.570766031742096) (-0.5726772,1.124034,0.5816208) (9.629132,286.5242,128.1009) (-0.2398484,1.166432,0.1685044) (321.8527,342.99,6.922412)
compute 13.9624411430696(-0.401766300201416,1.17269551753998,0.537556767463684) (-0.5253947,1.116945,0.570766) (345.8883,279.0502,122.394) (-0.2032775,1.170809,0.1746011) (321.3391,353.0551,2.257527)
compute 15.8741456556695(-0.252117335796356,1.22266590595245,0.555078148841858) (-0.4017663,1.172696,0.5375568) (334.0811,285.777,129.7096) (-0.1812303,1.171073,0.1833545) (321.925,355.8456,1.61346)
compute 12.3774182327808(-0.171186834573746,1.26555824279785,0.638328075408936) (-0.2521173,1.222666,0.5550781) (327.2641,306.812,120.1875) (-0.1625877,1.171398,0.1922163) (323.4003,357.6554,359.7219)
compute 13.7451359545198(-0.127931877970696,1.18867874145508,0.743738830089569) (-0.1711868,1.265558,0.6383281) (350.3007,332.5551,111.9159) (-0.1600317,1.168038,0.1965076) (323.8495,358.5637,359.5319)
compute 4.77723144375246(-0.132539704442024,1.14127588272095,0.747471272945404) (-0.1279319,1.188679,0.7437388) (3.573891,330.9623,111.5517) (-0.166927,1.166835,0.196027) (323.1479,358.9575,358.3518)
compute 16.1848884901105(-0.161113813519478,1.27249956130981,0.657144486904144) (-0.1325397,1.141276,0.7474713) (322.1062,306.3424,111.2151) (-0.1766118,1.168913,0.1971624) (322.1031,358.8273,358.8925)
compute 7.30308078325842(-0.151278987526894,1.33682680130005,0.623996615409851) (-0.1611138,1.2725,0.6571445) (309.6552,297.2701,123.1214) (-0.18471,1.170749,0.1969736) (322.6803,358.8378,358.4053)
compute 7.64282071383898(-0.143703758716583,1.29786348342896,0.689309298992157) (-0.151279,1.336827,0.6239966) (327.0519,326.2239,107.5479) (-0.2108758,1.170403,0.1967878) (322.5881,355.5305,359.0463)
compute 15.9738563491974(-0.286783367395401,1.28272438049316,0.619915902614594) (-0.1437038,1.297863,0.6893093) (322.681,296.5396,114.5315) (-0.230276,1.169006,0.1983002) (324.0467,349.4549,2.24461)
compute 18.4308201281362(-0.441035449504852,1.19231975078583,0.575163125991821) (-0.2867834,1.282724,0.6199159) (344.6751,279.7463,121.1758) (-0.2377899,1.166912,0.1978882) (324.7731,349.3104,2.786737)
compute 12.15155298123(-0.441482961177826,1.08545434474945,0.633004367351532) (-0.4410354,1.19232,0.5751631) (13.45254,305.4739,129.8403) (-0.2422894,1.172375,0.1911722) (318.566,354.1219,1.005498)
compute 3.64618409577118(-0.40508896112442,1.08639919757843,0.63099193572998) (-0.441483,1.085454,0.6330044) (9.762716,301.6314,125.0212) (-0.2333177,1.177706,0.1835001) (315.5236,3.37428,358.4079)
compute 3.49268510141237(-0.372027099132538,1.08861994743347,0.619952619075775) (-0.405089,1.086399,0.6309919) (9.404539,298.2849,120.8845) (-0.2128474,1.177886,0.1809369) (315.9837,15.09372,353.6496)
compute 4.0861043635818(-0.340386152267456,1.11428654193878,0.623067319393158) (-0.3720271,1.08862,0.6199526) (2.408018,298.0434,124.57) (-0.1938841,1.176221,0.183471) (315.5166,23.78571,349.4184)
compute 7.95616837131407(-0.296358168125153,1.18039107322693,0.618399441242218) (-0.3403862,1.114287,0.6230673) (350.0017,298.6583,124.9702) (-0.1766235,1.176952,0.1820821) (314.5348,25.94666,348.6076)
compute 5.19644500248077(-0.256384044885635,1.21033823490143,0.604062736034393) (-0.2963582,1.180391,0.6183994) (346.3509,299.9977,127.7714) (-0.1502824,1.175664,0.1807156) (315.192,25.91673,349.6619)
compute 3.42015872356301(-0.232214078307152,1.18668949604034,0.598934531211853) (-0.256384,1.210338,0.6040627) (350.4479,299.203,126.6901) (-0.1195149,1.172824,0.1801049) (314.419,25.88072,350.4506)
compute 4.35886993759736(-0.193288698792458,1.16900265216827,0.607417762279511) (-0.2322141,1.186689,0.5989345) (351.7266,298.3928,129.9055) (-0.08513536,1.169858,0.1802094) (313.7892,27.05837,348.4399)
compute 7.38749120280298(-0.125171467661858,1.19729936122894,0.611521661281586) (-0.1932887,1.169003,0.6074178) (342.3346,298.6593,129.5608) (-0.05449823,1.171375,0.1805182) (314.3834,28.25305,348.7716)
compute 10.7383971163802(-0.0398874469101429,1.26225101947784,0.605257868766785) (-0.1251715,1.197299,0.6115217) (330.3796,301.8685,133.0237) (-0.03032764,1.175799,0.1818436) (313.9888,28.09458,349.3748)
compute 11.4967824193976(0.0383054614067078,1.34170544147491,0.577142655849457) (-0.03988745,1.262251,0.6052579) (316.0407,304.0358,133.7654) (-0.0121218,1.179996,0.1875306) (314.2177,26.96419,350.3747)
compute 9.31896846359228(0.102335751056671,1.40176093578339,0.54587322473526) (0.03830546,1.341705,0.5771427) (302.1553,302.8253,136.1572) (-0.006003526,1.181449,0.1947886) (314.6558,25.77005,351.0012)
compute 7.62669435486282(0.163351505994797,1.44456267356873,0.529694974422455) (0.1023358,1.401761,0.5458732) (290.4761,308.5821,129.2804) (-0.003995743,1.190083,0.2046085) (314.3921,24.24356,350.7037)
compute 6.09670860734648(0.207311317324638,1.48599970340729,0.537910401821136) (0.1633515,1.444563,0.529695) (286.565,318.4869,120.8298) (-0.0008250289,1.202297,0.2116278) (312.1252,16.56442,354.7253)
compute 7.24137298456688(0.259715646505356,1.47513222694397,0.586689829826355) (0.2073113,1.486,0.5379104) (294.2296,348.2903,98.54865) (0.003601078,1.203058,0.2147603) (312.3716,13.0047,354.5028)
compute 7.88455712184009(0.281012415885925,1.41289556026459,0.63016015291214) (0.2597156,1.475132,0.5866898) (316.6192,358.5305,92.90015) (0.004260123,1.191781,0.2140811) (314.642,11.79648,355.7357)
compute 5.73691946699024(0.226880297064781,1.39614856243134,0.621189296245575) (0.2810124,1.412896,0.6301602) (310.8806,335.8567,100.3612) (0.003847953,1.177379,0.2170797) (316.1521,9.121529,357.5987)
compute 14.8742573383973(0.0846118107438087,1.36400187015533,0.592023849487305) (0.2268803,1.396149,0.6211893) (313.0115,297.6489,127.1333) (-0.003325943,1.178275,0.2193647) (316.3205,8.864448,357.1919)
compute 9.35564164413571(-0.00425157463178039,1.34197461605072,0.611282646656036) (0.08461181,1.364002,0.5920238) (323.5973,287.1331,139.5712) (-0.02053627,1.179105,0.2248207) (317.7475,9.701446,356.2693)
compute 8.98334805266713(0.00924666970968246,1.30159747600555,0.69038724899292) (-0.004251575,1.341975,0.6112826) (334.3796,321.3575,120.6201) (-0.04597162,1.178473,0.2281513) (318.6583,11.2878,355.496)
compute 7.90253248295761(-0.02433767542243,1.34091889858246,0.630630075931549) (0.00924667,1.301597,0.6903872) (320.9788,298.6126,132.2023) (-0.06206889,1.177637,0.2344015) (317.5536,10.50523,356.5483)
compute 8.72028661496897(0.0468382984399796,1.38595986366272,0.653205096721649) (-0.02433768,1.340919,0.6306301) (309.4004,325.8375,102.1635) (-0.0683824,1.182088,0.2420824) (318.6634,15.74249,354.5037)
compute 4.72087125226558(0.0590136609971523,1.34106576442719,0.661263823509216) (0.0468383,1.38596,0.6532051) (317.0859,329.7318,106.766) (-0.03839215,1.176112,0.2479455) (325.5161,32.94637,347.1691)
compute 10.3448471102417(0.0482458882033825,1.24647343158722,0.62079244852066) (0.05901366,1.341066,0.6612638) (316.7404,311.0653,110.2873) (-0.003809894,1.166326,0.2395153) (329.9718,47.80394,343.9367)
compute 11.2072242168384(0.093712642788887,1.14601504802704,0.600765585899353) (0.04824589,1.246473,0.6207924) (323.1024,311.0314,114.6172) (0.02162212,1.158206,0.2260051) (333.8852,54.07836,342.6047)
compute 10.0226675847591(0.172926649451256,1.08896923065186,0.578043282032013) (0.09371264,1.146015,0.6007656) (321.5024,317.4022,110.9724) (0.0495925,1.156095,0.2144109) (334.7889,55.0036,342.4237)
compute 7.74292531534311(0.236274987459183,1.05365240573883,0.55093240737915) (0.1729266,1.088969,0.5780433) (321.9131,324.3103,106.2681) (0.08381416,1.149651,0.2054054) (335.4792,52.53709,341.8024)
compute 6.54910487551682(0.283063977956772,1.01038265228271,0.53584611415863) (0.236275,1.053652,0.5509324) (323.0129,326.244,103.5716) (0.12133,1.137638,0.1983202) (342.3189,48.84425,344.9136)
compute 16.9750777180698(0.43594291806221,0.936779499053955,0.540938496589661) (0.283064,1.010383,0.5358461) (320.4087,349.8869,95.11353) (0.154958,1.128502,0.1964868) (348.1975,48.9537,345.2874)
compute 11.4046331395385(0.523662030696869,0.864094257354736,0.535573899745941) (0.4359429,0.9367795,0.5409385) (333.6379,14.23617,72.38963) (0.1727951,1.145528,0.1996926) (341.0774,45.12215,343.2829)
compute 6.16931589722049(0.472930461168289,0.89918714761734,0.534655869007111) (0.523662,0.8640943,0.5355739) (321.7922,359.886,81.76523) (0.1460952,1.173409,0.1999148) (326.4185,28.65241,342.8993)
compute 9.14694838996728(0.392301291227341,0.942038595676422,0.529237687587738) (0.4729305,0.8991871,0.5346559) (311.539,339.1588,93.31106) (0.102144,1.18001,0.2000026) (318.4842,7.350439,350.1096)
compute 8.74767346783432(0.316454410552979,0.985538125038147,0.526550531387329) (0.3923013,0.9420386,0.5292377) (307.5222,318.3315,108.1195) (0.07126567,1.184294,0.1912045) (313.8184,349.6016,358.6551)
compute 8.67250415485077(0.248273178935051,1.03819417953491,0.536545157432556) (0.3164544,0.9855381,0.5265505) (307.1016,303.5514,115.0015) (0.05270628,1.184174,0.1860204) (312.778,347.7477,0.5759335)
compute 12.0005720797985(0.158080875873566,1.11727380752563,0.532921016216278) (0.2482732,1.038194,0.5365452) (311.6976,287.1923,128.3108) (0.03519147,1.183609,0.1855731) (312.748,348.9164,0.6176975)
compute 18.5039144073503(-0.00626354478299618,1.17337989807129,0.469026535749435) (0.1580809,1.117274,0.532921) (323.4807,258.9167,151.011) (0.00925203,1.181006,0.1920695) (313.8546,347.7941,1.611297)
compute 19.8247446127459(-0.176578938961029,1.08805799484253,0.523934543132782) (-0.006263545,1.17338,0.4690265) (341.0554,255.1518,136.6379) (-0.02061357,1.174288,0.1962252) (315.3406,345.645,2.198901)
compute 21.9874689088339(-0.156076341867447,0.966130375862122,0.70575362443924) (-0.1765789,1.088058,0.5239345) (14.44378,308.9776,129.8215) (-0.05169214,1.17419,0.2037209) (315.0333,346.9047,0.7963927)
compute 3.73053530746765(-0.160737663507462,1.00301885604858,0.708787024021149) (-0.1560763,0.9661304,0.7057536) (4.514576,300.5584,113.0414) (-0.07507658,1.179911,0.2193681) (315.2064,346.1186,2.238717)
compute 18.3154826636472(-0.177920445799828,1.18185389041901,0.673171401023865) (-0.1607377,1.003019,0.708787) (334.2952,287.5746,124.6139) (-0.09481908,1.184244,0.2367672) (315.7442,347.0041,3.592334)
compute 17.102659886885(-0.17568239569664,1.33608198165894,0.599287807941437) (-0.1779204,1.181854,0.6731714) (311.78,267.5634,139.6837) (-0.1052722,1.187765,0.2483298) (316.4555,346.7715,3.630052)
compute 5.06850685959119(-0.182649508118629,1.37883961200714,0.625597894191742) (-0.1756824,1.336082,0.5992878) (314.1596,289.4329,131.8169) (-0.1085561,1.186255,0.2519771) (316.8179,347.9604,2.772558)
compute 1.55014064126242(-0.192792594432831,1.3672069311142,0.624151468276978) (-0.1826495,1.37884,0.6255979) (320.2304,287.8903,135.653) (-0.1056115,1.185732,0.2487098) (316.7342,353.3236,0.9091539)
compute 4.1668969763674(-0.173841044306755,1.33689475059509,0.602743208408356) (-0.1927926,1.367207,0.6241515) (323.8445,281.5791,139.7702) (-0.08540103,1.184074,0.242568) (315.5128,7.421374,356.0057)
compute 9.95132304064033(-0.074533574283123,1.33051013946533,0.603126406669617) (-0.173841,1.336895,0.6027432) (314.5576,284.6714,135.2048) (-0.05602688,1.183003,0.2351564) (316.3525,17.32722,351.9887)
compute 16.3474457181557(0.0879380851984024,1.33651781082153,0.62017834186554) (-0.07453357,1.33051,0.6031264) (303.3235,300.5702,134.3324) (-0.03005399,1.181092,0.2329704) (317.1133,22.07594,349.3887)
compute 16.4106967945864(0.248940899968147,1.33832657337189,0.651894569396973) (0.08793809,1.336518,0.6201783) (295.4468,350.864,90.20616) (-0.0005617365,1.179778,0.2301147) (314.7871,21.91729,348.2483)
compute 6.59790946733716(0.262340635061264,1.29266512393951,0.697597086429596) (0.2489409,1.338327,0.6518946) (315.7453,348.4316,90.06397) (0.02142018,1.186672,0.2319096) (311.5555,18.30082,351.1233)
compute 2.02781015309353(0.249527633190155,1.2817188501358,0.708875715732574) (0.2623406,1.292665,0.6975971) (321.5984,338.0352,101.0687) (0.03135656,1.187136,0.2337189) (310.9161,14.05688,352.2559)
compute 9.3747773336568(0.200306832790375,1.35144293308258,0.670087695121765) (0.2495276,1.281719,0.7088757) (302.4078,318.6449,110.2964) (0.0426283,1.187354,0.240023) (310.9448,11.03453,352.7583)
compute 9.03583114065008(0.133547976613045,1.40655565261841,0.644194304943085) (0.2003068,1.351443,0.6700877) (302.6597,306.4158,120.765) (0.04506495,1.18844,0.243808) (312.0894,9.019041,354.0324)
compute 6.81879950540365(0.0783207714557648,1.44655013084412,0.644216537475586) (0.133548,1.406556,0.6441943) (307.8447,302.7405,129.7378) (0.02918158,1.188409,0.2461939) (311.4822,4.392091,355.9176)
compute 4.94321693994307(0.0400431826710701,1.47655069828033,0.635366022586823) (0.07832077,1.44655,0.6442165) (305.1637,299.7726,133.6984) (-0.01708128,1.190234,0.249462) (311.1226,349.4388,1.990903)
compute 7.44634804784587(-0.0336121767759323,1.46823239326477,0.642472624778748) (0.04004318,1.476551,0.635366) (308.0049,299.7805,124.3444) (-0.05146098,1.185305,0.2483278) (313.0204,338.3684,7.695691)
compute 14.9579353420523(-0.17347314953804,1.41532611846924,0.638755321502686) (-0.03361218,1.468232,0.6424726) (322.682,287.2277,132.8683) (-0.09011094,1.17108,0.2461522) (315.4532,335.7488,7.13646)
compute 12.8824950608115(-0.289333790540695,1.37610423564911,0.598334729671478) (-0.1734731,1.415326,0.6387553) (329.8242,275.824,142.7069) (-0.1296251,1.159582,0.2380959) (314.6425,334.7495,6.653979)
compute 11.1988404260793(-0.387763977050781,1.32549858093262,0.581247627735138) (-0.2893338,1.376104,0.5983347) (341.187,271.7568,141.0894) (-0.163405,1.180272,0.219077) (311.9125,328.3799,10.29771)
compute 6.14176979059858(-0.438067942857742,1.29092705249786,0.588063359260559) (-0.387764,1.325499,0.5812476) (347.0656,277.8625,133.8035) (-0.1831179,1.182165,0.2082018) (310.2925,327.0832,9.67204)
compute 2.63246082577756(-0.451364576816559,1.26992738246918,0.596735060214996) (-0.4380679,1.290927,0.5880634) (353.61,280.9106,137.2721) (-0.1958288,1.184042,0.2020408) (311.477,328.1076,10.05904)
compute 1.74340067928154(-0.455645978450775,1.28652286529541,0.593540668487549) (-0.4513646,1.269927,0.5967351) (346.2136,278.8802,138.8112) (-0.2014414,1.179764,0.1971926) (313.462,327.6684,10.47932)
compute 4.16524131310953(-0.475864320993423,1.31568241119385,0.571726381778717) (-0.455646,1.286523,0.5935407) (338.4181,273.1815,138.8086) (-0.2094075,1.174345,0.1967378) (314.9653,325.8285,11.39769)
compute 5.30185364602084(-0.518070995807648,1.33992755413055,0.550708889961243) (-0.4758643,1.315682,0.5717264) (331.4821,267.251,133.3797) (-0.2261874,1.176253,0.1964791) (316.6919,323.7929,10.53744)
compute 4.20775011882529(-0.549537897109985,1.36166381835938,0.533162236213684) (-0.518071,1.339928,0.5507089) (326.0904,265.3936,136.0469) (-0.2400934,1.172942,0.2010625) (318.7644,323.8319,9.576736)
compute 4.86224173381113(-0.567985892295837,1.33326327800751,0.568050920963287) (-0.5495379,1.361664,0.5331622) (332.8842,282.3762,127.3023) (-0.2431959,1.171151,0.2086172) (321.0433,326.4435,7.743276)
compute 6.25249386362879(-0.568902134895325,1.27639091014862,0.594013631343842) (-0.5679859,1.333263,0.5680509) (345.8321,289.1782,127.9156) (-0.2316415,1.172239,0.2167588) (322.3678,329.9965,7.190999)
compute 7.67717267023907(-0.557944118976593,1.20043694972992,0.596208214759827) (-0.5689021,1.276391,0.5940136) (353.1921,284.239,122.1013) (-0.1947705,1.176588,0.238932) (323.0599,345.6948,0.952132)
compute 13.2985267164083(-0.503866732120514,1.07992398738861,0.580802261829376) (-0.5579441,1.200437,0.5962082) (9.198211,276.1965,124.8324) (-0.1445168,1.173467,0.2624708) (328.8181,8.46256,354.2047)
compute 16.860135596653(-0.399009972810745,0.948493123054504,0.568256139755249) (-0.5038667,1.079924,0.5808023) (23.83071,273.3251,111.7698) (-0.1052603,1.164908,0.2604728) (333.2668,25.58536,351.8416)
compute 11.5973002898582(-0.303995907306671,0.882011234760284,0.566764831542969) (-0.39901,0.9484931,0.5682561) (16.50385,274.6201,103.8918) (-0.07412767,1.158125,0.2514146) (335.3541,36.85552,350.1728)
compute 8.24427093737615(-0.226463854312897,0.853996515274048,0.567634701728821) (-0.3039959,0.8820112,0.5667648) (8.552896,279.8144,101.3104) (-0.04484869,1.152547,0.2464818) (338.2385,41.59197,349.7838)
compute 7.68041643738783(-0.150380775332451,0.849006235599518,0.576872766017914) (-0.2264639,0.8539965,0.5676347) (356.9559,289.273,96.42999) (-0.01743339,1.150609,0.2444499) (338.0429,42.75665,349.7935)
compute 7.38064224754796(-0.0776295065879822,0.855894684791565,0.587226033210754) (-0.1503808,0.8490062,0.5768728) (348.4607,297.8392,97.47025) (0.00820947,1.151607,0.2431971) (336.3481,42.7429,349.1695)
compute 7.84575050505732(-0.00299746822565794,0.879793763160706,0.591030359268188) (-0.07762951,0.8558947,0.587226) (343.3301,303.72,100.0019) (0.0247936,1.163473,0.2369654) (329.4633,41.17721,349.9142)
compute 6.97475548962693(0.0629430562257767,0.900798201560974,0.599712669849396) (-0.002997468,0.8797938,0.5910304) (339.7475,309.1598,100.8775) (0.03829434,1.167331,0.2319039) (326.0909,39.7438,349.7489)
compute 4.09750717643926(0.100415959954262,0.917358636856079,0.599012613296509) (0.06294306,0.9007982,0.5997127) (338.6373,309.953,104.2399) (0.04921044,1.169868,0.2254926) (323.854,40.15393,348.768)
compute 2.10893809303356(0.12146221101284,0.916606724262238,0.600131511688232) (0.100416,0.9173586,0.5990126) (337.9695,311.5935,101.4288) (0.05222747,1.168968,0.2210194) (322.9822,41.85316,347.0777)
compute 1.74533090633545(0.138046503067017,0.913971126079559,0.604888916015625) (0.1214622,0.9166067,0.6001315) (336.8253,313.477,99.84029) (0.04922647,1.167928,0.2196182) (323.0303,44.20692,344.9803)
compute 7.21281834573165(0.186856210231781,0.966272950172424,0.595690727233887) (0.1380465,0.9139711,0.6048889) (326.0732,320.6672,98.5926) (0.03821414,1.16597,0.2224842) (322.5884,47.604,343.4771)
compute 12.3017737237672(0.273047596216202,1.05333364009857,0.584517300128937) (0.1868562,0.966273,0.5956907) (312.4173,331.5257,97.47144) (0.04387161,1.164074,0.23014) (322.4115,48.7408,342.7338)
compute 15.1937760693272(0.371348589658737,1.16426181793213,0.551096677780151) (0.2730476,1.053334,0.5845173) (291.8418,348.3438,84.79709) (0.07334954,1.164364,0.2363119) (322.9309,45.99988,343.5804)
compute 11.3438084936053(0.453847110271454,1.24144315719604,0.540838301181793) (0.3713486,1.164262,0.5510967) (284.4149,6.907311,70.13013) (0.1116565,1.16307,0.2443987) (321.9968,44.69827,342.687)
compute 9.51386254762915(0.528744578361511,1.29988157749176,0.546003401279449) (0.4538471,1.241443,0.5408383) (281.3864,38.81292,38.1205) (0.1420951,1.174883,0.2558321) (316.9815,32.45921,347.2878)
compute 8.43438438247019(0.599855899810791,1.30626380443573,0.590906977653503) (0.5287446,1.299882,0.5460034) (287.7965,42.6305,36.31638) (0.1464307,1.193094,0.2687224) (312.975,6.614757,357.2247)
compute 12.29557786886(0.635277807712555,1.22326111793518,0.67441725730896) (0.5998559,1.306264,0.590907) (319.0763,23.95156,58.4893) (0.1242658,1.193277,0.2683752) (313.616,347.1091,6.070565)
compute 7.57839602805291(0.645530521869659,1.16260302066803,0.718674302101135) (0.6352778,1.223261,0.6744173) (329.1507,17.26992,57.77001) (0.1199141,1.187861,0.2658064) (313.6816,340.2799,8.848937)
compute 2.12613756491538(0.664917230606079,1.15468847751617,0.722356915473938) (0.6455305,1.162603,0.7186743) (326.4681,21.88301,56.06019) (0.1245808,1.18655,0.2661316) (313.7334,344.5985,6.382581)
compute 1.70684754958665(0.672316014766693,1.16563403606415,0.711550176143646) (0.6649172,1.154688,0.7223569) (320.394,22.94121,56.7564) (0.1505277,1.18755,0.2641605) (312.7513,2.979614,357.6785)
compute 2.37632305914817(0.674678087234497,1.17004084587097,0.688318908214569) (0.672316,1.165634,0.7115502) (315.4715,27.32463,51.63253) (0.1907127,1.181111,0.2599395) (319.3276,28.24401,345.4137)
compute 5.91798133811618(0.639527082443237,1.19696533679962,0.649054050445557) (0.6746781,1.170041,0.6883189) (303.5994,21.58511,61.02807) (0.2020314,1.179039,0.2410083) (318.2004,40.43218,340.3504)
compute 10.3551461012618(0.565156996250153,1.2468798160553,0.597087323665619) (0.6395271,1.196965,0.6490541) (294.3409,4.975879,75.28763) (0.1937039,1.178837,0.2303172) (317.9365,37.6851,341.022)
compute 7.68661574654383(0.508292436599731,1.28141665458679,0.558590114116669) (0.565157,1.24688,0.5970873) (287.506,347.5537,88.03347) (0.1786212,1.17708,0.2241762) (318.3369,37.20279,341.7088)
compute 3.33170788627944(0.505887866020203,1.31237924098969,0.546525120735168) (0.5082924,1.281417,0.5585901) (280.9789,357.8271,80.30974) (0.1750455,1.174065,0.2221701) (319.0426,39.06415,340.3621)
compute 5.85293546344844(0.548196792602539,1.35135781764984,0.535740375518799) (0.5058879,1.312379,0.5465251) (281.0792,53.9861,22.83584) (0.1882568,1.179782,0.2217896) (318.3658,37.28736,340.5278)
compute 4.27832140639226(0.573006749153137,1.38613760471344,0.533452153205872) (0.5481968,1.351358,0.5357404) (281.2119,77.67598,358.5681) (0.1948967,1.190231,0.2261599) (314.4512,25.55294,344.6927)
compute 9.95368865934375(0.587605893611908,1.35428535938263,0.626618087291718) (0.5730067,1.386138,0.5334522) (305.3171,24.72994,44.93642) (0.1764727,1.194889,0.2331653) (312.0301,6.588561,354.3509)
compute 9.03694577327043(0.540234684944153,1.30394995212555,0.684832811355591) (0.5876059,1.354285,0.6266181) (328.9034,3.590741,85.49314) (0.1591181,1.194678,0.2371771) (311.2777,358.4107,357.2116)
compute 13.3714938784562(0.425971627235413,1.3725597858429,0.67404717206955) (0.5402347,1.30395,0.6848328) (302.4816,344.8479,83.21352) (0.1326444,1.192721,0.2390606) (309.8454,355.3962,359.5695)
compute 16.3979523939183(0.275970220565796,1.4251651763916,0.633778870105743) (0.4259716,1.37256,0.6740472) (297.7468,302.6228,122.224) (0.107416,1.190585,0.2404736) (308.592,355.0526,359.245)
compute 15.4673867980929(0.132943913340569,1.43691289424896,0.576077282428741) (0.2759702,1.425165,0.6337789) (306.1634,276.3333,137.1011) (0.07656412,1.181994,0.2369546) (308.1044,355.4171,359.346)
compute 11.3738258656279(0.0193891283124685,1.4327380657196,0.571150422096252) (0.1329439,1.436913,0.5760773) (313.692,279.429,139.5284) (0.03651527,1.177769,0.2368714) (307.6153,355.7487,359.5045)
compute 6.44075808382183(-0.038408599793911,1.44737279415131,0.595513999462128) (0.01938913,1.432738,0.5711504) (313.1755,283.5764,141.8556) (-0.004997451,1.182389,0.2393188) (307.3517,353.4341,359.5357)
compute 8.93724703868534(-0.0406883060932159,1.41123521327972,0.677222728729248) (-0.0384086,1.447373,0.595514) (327.6182,318.1852,122.3423) (-0.04520518,1.185709,0.2401033) (308.3895,349.4417,2.22408)
compute 2.948053386617(-0.0662847682833672,1.40675747394562,0.691146552562714) (-0.04068831,1.411235,0.6772227) (321.6071,307.9724,116.665) (-0.07170838,1.187448,0.2389206) (310.0334,346.8475,5.55267)
compute 7.44578395605764(-0.140220150351524,1.40419375896454,0.682722985744476) (-0.06628477,1.406757,0.6911466) (325.6407,295.3224,133.5126) (-0.08900116,1.18253,0.239082) (311.6072,342.6478,9.239377)
compute 15.6127623139359(-0.26530846953392,1.37079107761383,0.595470428466797) (-0.1402202,1.404194,0.682723) (331.4038,275.0098,145.8578) (-0.1052831,1.179835,0.2446582) (314.0733,338.3737,10.91847)
compute 15.7028153644434(-0.382878929376602,1.27599573135376,0.552471935749054) (-0.2653085,1.370791,0.5954704) (347.9958,268.4252,143.3515) (-0.1176074,1.179609,0.2441074) (316.4144,336.7025,12.51718)
compute 10.4855763412996(-0.396632879972458,1.22122514247894,0.640822052955627) (-0.3828789,1.275996,0.5524719) (356.3609,297.6534,136.9889) (-0.1238815,1.177102,0.2423028) (314.3412,337.9265,11.62054)
compute 8.91283867892928(-0.35738679766655,1.14971697330475,0.676741361618042) (-0.3966329,1.221225,0.6408221) (12.64908,302.425,132.8031) (-0.1087366,1.186514,0.2397197) (310.6306,348.9604,6.869232)
compute 4.07756851430111(-0.325360149145126,1.16654253005981,0.657930433750153) (-0.3573868,1.149717,0.6767414) (4.670343,289.2266,133.9632) (-0.08683699,1.189319,0.2409467) (308.4166,357.4482,3.275618)
compute 11.844393221027(-0.246792435646057,1.24953389167786,0.626809477806091) (-0.3253601,1.166543,0.6579304) (341.9983,280.5203,128.2527) (-0.06280219,1.189201,0.2474615) (309.2398,0.8558292,1.374059)
compute 10.4080465969265(-0.158824533224106,1.30199694633484,0.608315706253052) (-0.2467924,1.249534,0.6268095) (330.8289,280.2751,130.5033) (-0.04093388,1.187433,0.2521471) (310.0788,1.234556,0.8166116)
compute 9.52246524445327(-0.0784799307584763,1.35109353065491,0.59410285949707) (-0.1588245,1.301997,0.6083157) (319.6125,276.6424,143.9439) (-0.02768638,1.185665,0.2611806) (311.5121,1.638582,0.2608798)
compute 9.58397858127204(-0.00477478560060263,1.41031312942505,0.578423082828522) (-0.07847993,1.351094,0.5941029) (305.8987,262.3554,162.7225) (-0.02197113,1.186212,0.2684307) (313.0915,1.121278,0.1114548)
compute 11.9437939335962(0.0824830904603004,1.44196224212646,0.653588354587555) (-0.004774786,1.410313,0.5784231) (295.3578,310.613,126.6265) (-0.01949868,1.186485,0.2711028) (313.931,359.5932,0.4261887)
compute 8.69391745717961(0.142984598875046,1.40771102905273,0.705788373947144) (0.08248309,1.441962,0.6535884) (311.46,353.2392,91.67226) (-0.03012558,1.182215,0.2693091) (317.6167,356.1788,2.219994)
compute 7.29508507640593(0.125075772404671,1.34330570697784,0.734995484352112) (0.1429846,1.407711,0.7057884) (325.31,346.7455,90.08372) (-0.06561666,1.171771,0.2727642) (324.7799,342.2531,7.98016)
compute 12.4112613438828(0.0651844441890717,1.23687791824341,0.757133603096008) (0.1250758,1.343306,0.7349955) (352.4434,333.5338,99.68962) (-0.1024531,1.161111,0.2711059) (332.416,327.8655,10.66109)
compute 11.1812727255176(0.00413686223328114,1.14334070682526,0.752027869224548) (0.06518444,1.236878,0.7571336) (7.906434,320.9895,92.04631) (-0.1217011,1.155654,0.2638755) (336.3823,321.9159,10.17062)
compute 7.66948166734163(-0.0478911697864532,1.0889995098114,0.737121045589447) (0.004136862,1.143341,0.7520279) (13.12804,311.7567,92.57945) (-0.139216,1.153405,0.257916) (339.3393,320.0719,9.993499)
compute 6.55076492113611(-0.0994856581091881,1.061190366745,0.707865059375763) (-0.04789117,1.089,0.737121) (12.27651,301.215,89.54298) (-0.1515016,1.151894,0.2519456) (340.1577,319.3686,9.413219)
compute 4.98778415590501(-0.130439683794975,1.03504633903503,0.678776621818542) (-0.09948566,1.06119,0.7078651) (11.86361,293.8025,87.85725) (-0.1583603,1.154997,0.2482428) (337.1133,322.1754,8.877284)
compute 3.5062772741656(-0.144879564642906,1.00983858108521,0.659143567085266) (-0.1304397,1.035046,0.6787766) (11.3848,290.7228,88.54853) (-0.1406446,1.166307,0.2426185) (329.776,331.1953,7.7409)
compute 3.33492044367101(-0.154518872499466,0.987686276435852,0.636153817176819) (-0.1448796,1.009839,0.6591436) (10.15539,289.8561,91.28006) (-0.1046002,1.174029,0.234004) (323.8599,341.6602,5.4002)
compute 2.0034677158699(-0.153596937656403,0.977200925350189,0.619106948375702) (-0.1545189,0.9876863,0.6361538) (7.256389,289.1314,88.86384) (-0.06677766,1.176515,0.2153168) (318.3884,349.2937,2.697921)
compute 2.18611141170872(-0.132457405328751,0.973136365413666,0.61529803276062) (-0.1535969,0.9772009,0.6191069) (4.052042,291.2856,91.36497) (-0.03896542,1.176958,0.1998443) (316.0192,351.9385,1.555461)
compute 2.75313238546706(-0.108715005218983,0.965895652770996,0.60338819026947) (-0.1324574,0.9731364,0.615298) (3.791825,289.5573,94.84792) (-0.01816149,1.179076,0.1929942) (314.6617,352.9433,0.01934086)
compute 2.46171925273666(-0.0856694653630257,0.958909213542938,0.598279476165771) (-0.108715,0.9658957,0.6033882) (1.126764,290.7313,94.17461) (-0.006067406,1.17997,0.189408) (314.8344,353.9499,0.4858037)
compute 2.5541199118235(-0.0631864443421364,0.947505712509155,0.594177424907684) (-0.08566947,0.9589092,0.5982795) (0.7358468,291.8845,94.28431) (0.006863937,1.179933,0.1857577) (314.9924,358.2264,358.8246)
compute 1.90315492247974(-0.0443375520408154,0.946230888366699,0.591876566410065) (-0.06318644,0.9475057,0.5941774) (357.9013,293.9771,93.7388) (0.02223562,1.178573,0.1824289) (315.4106,5.278797,355.3686)
compute 1.95733738237624(-0.025119811296463,0.9425288438797,0.591576099395752) (-0.04433755,0.9462309,0.5918766) (355.7616,296.3279,92.32461) (0.03452932,1.176355,0.1812251) (316.7516,12.24067,352.7349)
compute 2.4175173377721(-0.00327155250124633,0.934154987335205,0.585495710372925) (-0.02511981,0.9425288,0.5915761) (355.4202,298.2936,92.17339) (0.04514154,1.174175,0.1820475) (317.9786,19.19442,350.2553)
compute 3.15651587201588(0.0262428671121597,0.924411714076996,0.579988718032837) (-0.003271553,0.934155,0.5854957) (354.5775,301.7688,91.02703) (0.05730508,1.169453,0.1842311) (321.9243,25.56851,347.9944)
compute 3.14787408348079(0.0551384165883064,0.913308501243591,0.574272334575653) (0.02624287,0.9244117,0.5799887) (352.0493,305.7448,93.17165) (0.06420647,1.165081,0.1935198) (326.2625,29.81333,347.5345)
compute 3.14474697935908(0.0789980217814446,0.896338582038879,0.562796950340271) (0.05513842,0.9133085,0.5742723) (347.9232,308.9208,93.50517) (0.07032336,1.157755,0.201641) (331.519,33.23373,347.1815)
compute 3.03937799726953(0.0957426354289055,0.87945169210434,0.543869912624359) (0.07899802,0.8963386,0.562797) (345.5042,310.2813,96.15121) (0.07365607,1.15389,0.2071889) (334.4932,35.91356,347.1869)
compute 2.72001692768812(0.112012505531311,0.861736178398132,0.531169474124908) (0.09574264,0.8794517,0.5438699) (339.6729,313.8869,93.70995) (0.07400355,1.154098,0.2091271) (335.037,37.56334,347.2263)
compute 2.76752473031702(0.12054742872715,0.836921334266663,0.522377550601959) (0.1120125,0.8617362,0.5311695) (337.8099,315.7677,92.03354) (0.07572936,1.154075,0.209485) (335.095,38.68488,346.8237)
compute 2.85490868704471(0.132150933146477,0.810908079147339,0.524306178092957) (0.1205474,0.8369213,0.5223776) (336.3698,318.1996,90.87396) (0.0758974,1.153538,0.2081662) (334.5229,37.92683,346.7404)
compute 1.78924223777187(0.144302919507027,0.801481664180756,0.515162289142609) (0.1321509,0.8109081,0.5243062) (336.2754,321.2896,87.48343) (0.06996907,1.156426,0.2085332) (332.3411,34.70671,346.9417)
compute 1.66186039401842(0.147898390889168,0.785294950008392,0.516276240348816) (0.1443029,0.8014817,0.5151623) (336.5358,322.7861,83.63389) (0.06224961,1.159728,0.2081948) (330.2891,29.48273,347.7794)
compute 2.12694715943368(0.146145910024643,0.764466881752014,0.52021461725235) (0.1478984,0.785295,0.5162762) (335.4357,321.4656,83.45419) (0.05173892,1.162835,0.2077445) (327.3454,21.08276,349.9534)
compute 1.04560213780085(0.136222451925278,0.767470419406891,0.518861055374146) (0.1461459,0.7644669,0.5202146) (330.1379,318.1313,83.55119) (0.04277375,1.168537,0.2020124) (322.9594,12.48851,351.5536)
Average= 7.20707045518056
Max= 44.8085277053057
Standard Deviation= 6.74662615405561
Right: 27    Miss: 13
0
