yellow 13.14839 19.36444 16.66357 (0.9179864,5,0.7) (0.9179864,2.038608,0.7)
yellow 14.64598 19.48667 13.69355 (0.7869153,5,0.7) (0.7869153,2.095106,0.7)
blue 13.64675 19.98667 10.96188 (0.8231833,5,0.7) (0.8231833,0.07671511,0.7)
purple 13.64675 20.36444 11.5489 (0.8891861,5,0.7) (0.8891861,0.07853024,0.7)
blue 14.64598 20.67556 10.47821 (-0.5864022,5,0.7) (-0.5864022,0.07879221,0.7)
yellow 14.14688 20.72 13.19307 (-0.4611698,5,0.7) (-0.4611698,0.8669801,0.7)
yellow 13.64675 21.16444 14.99573 (-0.8814411,5,0.7) (-0.8814411,0.9292351,0.7)
purple 14.14688 21.44222 12.41768 (0.2232348,5,0.7) (0.2232348,0.07595272,0.7)
yellow 15.64365 21.94222 15.15545 (-0.6799052,5,0.7) (-0.6799052,1.638324,0.7)
blue 16.64277 22.79778 10.67174 (0.6570873,5,0.7) (0.6570873,0.07940051,0.7)
blue 14.14688 22.88667 14.51966 (-0.5889661,5,0.7) (-0.5889661,0.07781088,0.7)
purple 15.64365 23.00889 12.52276 (-0.6120555,5,0.7) (-0.6120555,0.07848408,0.7)
yellow 17.65197 23.06445 13.60585 (0.4716568,5,0.7) (0.4716568,1.719696,0.7)
blue 16.14331 23.39778 12.36321 (-0.6205637,5,0.7) (-0.6205637,0.08146571,0.7)
yellow 17.15189 23.43111 16.44699 (0.8033216,5,0.7) (0.8033216,1.95864,0.7)
blue 13.14839 23.60889 16.87817 (-0.2794956,5,0.7) (-0.2794956,0.08012778,0.7)
purple 14.64598 23.93111 15.29182 (0.8281462,5,0.7) (0.8281462,0.08239736,0.7)
yellow 15.14325 24.08667 14.81025 (0.572526,5,0.7) (0.572526,0.08155152,0.7)
yellow 16.14331 24.28667 16.56513 (-0.335997,5,0.7) (-0.335997,1.088332,0.7)
yellow 16.64277 24.29778 16.23092 (-0.5021811,5,0.7) (-0.5021811,1.232454,0.7)
purple 15.14325 24.37556 19.08327 (-0.5573144,5,0.7) (-0.5573144,1.27664,0.7)
blue 17.65197 24.39778 14.80741 (-0.4710015,5,0.7) (-0.4710015,1.291983,0.7)
blue 15.14325 24.43111 18.91999 (-0.3250641,5,0.7) (-0.3250641,1.21331,0.7)
purple 17.15189 24.73111 12.85419 (0.3744805,5,0.7) (0.3744805,0.07915031,0.7)
blue 18.14973 24.84222 11.51601 (0.7029641,5,0.7) (0.7029641,0.07908815,0.7)
purple 18.6488 24.86444 13.45537 (-0.07538021,5,0.7) (-0.07538021,1.180913,0.7)
purple 16.64277 24.93111 13.87607 (0.4698653,5,0.7) (0.4698653,0.07988317,0.7)
yellow 18.6488 25.32 14.48854 (0.7967906,5,0.7) (0.7967906,1.239333,0.7)
blue 19.14808 25.32 10.70448 (0.002836823,5,0.7) (0.002836823,0.07829154,0.7)
blue 17.15189 25.72 14.28479 (0.01804817,5,0.7) (0.01804817,0.07826237,0.7)
purple 13.14839 25.87556 19.76033 (0.3130231,5,0.7) (0.3130231,0.08184785,0.7)
purple 17.65197 26.12 16.45963 (-0.1693388,5,0.7) (-0.1693388,0.8954692,0.7)
blue 15.64365 26.14222 16.92586 (-0.5905685,5,0.7) (-0.5905685,0.0814357,0.7)
yellow 18.14973 26.16445 15.48401 (-0.09128082,5,0.7) (-0.09128082,0.8199544,0.7)
yellow 19.14808 26.60889 15.09047 (-0.5411551,5,0.7) (-0.5411551,0.9898024,0.7)
purple 18.14973 26.78667 14.37979 (-0.3103479,5,0.7) (-0.3103479,0.0784438,0.7)
blue 20.14569 26.94222 11.67265 (0.1953806,5,0.7) (0.1953806,0.0808392,0.7)
yellow 20.14569 27.23111 16.74688 (0.08198392,5,0.7) (0.08198392,1.643278,0.7)
yellow 21.14523 27.23111 14.98043 (-0.04924405,5,0.7) (-0.04924405,1.706718,0.7)
yellow 19.64852 27.44222 13.15979 (-0.7265294,5,0.7) (-0.7265294,0.07696094,0.7)
blue 19.64852 27.90889 13.84683 (0.7545738,5,0.7) (0.7545738,0.08104876,0.7)
yellow 21.64436 27.98667 15.52343 (-0.653199,5,0.7) (-0.653199,1.710055,0.7)
purple 19.64852 28.03111 19.29759 (-0.7368119,5,0.7) (-0.7368119,1.666121,0.7)
purple 20.14569 28.16445 13.49682 (-0.2587897,5,0.7) (-0.2587897,0.08248626,0.7)
purple 22.14466 28.18667 10.49104 (0.2291914,5,0.7) (0.2291914,0.07635881,0.7)
yellow 22.14466 28.28667 15.78773 (-0.641639,5,0.7) (-0.641639,1.878552,0.7)
blue 20.64312 28.43111 13.1506 (-0.5702763,5,0.7) (-0.5702763,0.08003926,0.7)
purple 21.64436 28.47556 11.72498 (0.1922265,5,0.7) (0.1922265,0.08154094,0.7)
purple 19.14808 28.70889 15.67651 (-0.1020933,5,0.7) (-0.1020933,0.08334154,0.7)
purple 16.14331 28.89778 19.79486 (0.9313688,5,0.7) (0.9313688,0.08416899,0.7)
yellow 22.64286 29.38667 15.43532 (0.9462049,5,0.7) (0.9462049,1.476935,0.7)
blue 22.14466 29.39778 12.35918 (-0.8787694,5,0.7) (-0.8787694,0.0796174,0.7)
yellow 20.64312 29.70889 14.97839 (0.5497503,5,0.7) (0.5497503,0.08049518,0.7)
blue 21.64436 29.98667 13.95227 (-0.5104342,5,0.7) (-0.5104342,0.07841811,0.7)
blue 18.6488 30.03111 18.08204 (0.127611,5,0.7) (0.127611,0.08173389,0.7)
blue 22.64286 31.23111 14.29905 (-0.3899213,5,0.7) (-0.3899213,0.07765593,0.7)
blue 21.14523 31.24222 16.38798 (-0.03656638,5,0.7) (-0.03656638,0.07939952,0.7)
purple 21.14523 33.23111 18.97532 (0.3204894,5,0.7) (0.3204894,0.08479977,0.7)
purple 20.64312 33.27555 19.64296 (0.1003226,5,0.7) (0.1003226,0.08329217,0.7)
purple 22.64286 34.96445 19.25592 (0.0670377,5,0.7) (0.0670377,0.08194208,0.7)
0
yellow 43.85936 48.89778 14.50462 (0.4766702,5,0.7) (0.4766702,2.170895,0.7)
blue 44.85529 48.97556 12.1102 (0.4013471,5,0.7) (0.4013471,2.160157,0.7)
yellow 44.35795 49.84222 13.0647 (-0.5304389,5,0.7) (-0.5304389,1.518777,0.7)
blue 43.85936 49.85334 10.41686 (-0.4585446,5,0.7) (-0.4585446,0.07421871,0.7)
yellow 45.35537 50.98667 14.92301 (0.07235563,5,0.7) (0.07235563,1.941488,0.7)
purple 43.85936 50.99778 18.19972 (0.2413591,5,0.7) (0.2413591,1.94665,0.7)
yellow 45.85526 51.09778 14.02484 (0.03645599,5,0.7) (0.03645599,1.93884,0.7)
purple 46.3544 51.10889 12.51275 (-0.02999341,5,0.7) (-0.02999341,1.836452,0.7)
purple 45.35537 51.37556 10.45506 (-0.2288643,5,0.7) (-0.2288643,0.07588691,0.7)
yellow 44.85529 51.52 16.24076 (0.3301868,5,0.7) (0.3301868,1.72478,0.7)
yellow 46.3544 51.78667 14.48853 (0.4616365,5,0.7) (0.4616365,1.946291,0.7)
purple 44.85529 51.86444 11.99055 (-0.4776949,5,0.7) (-0.4776949,0.07934852,0.7)
yellow 46.86386 52.17556 14.44903 (0.8169899,5,0.7) (0.8169899,1.999762,0.7)
blue 45.85526 52.44222 11.33526 (0.4808469,5,0.7) (0.4808469,0.07421698,0.7)
purple 44.35795 52.86444 14.19493 (-0.9452071,5,0.7) (-0.9452071,0.08030753,0.7)
yellow 47.36157 53.30889 14.49665 (-0.8700297,5,0.7) (-0.8700297,1.651829,0.7)
yellow 48.36083 53.60889 13.44651 (-0.4874355,5,0.7) (-0.4874355,1.777884,0.7)
blue 46.3544 53.67556 12.45418 (-0.457883,5,0.7) (-0.457883,0.07745489,0.7)
blue 46.86386 54.22 12.52818 (0.8965154,5,0.7) (0.8965154,0.08093953,0.7)
purple 46.86386 54.30889 12.65213 (-0.1249799,5,0.7) (-0.1249799,0.07714695,0.7)
yellow 47.86251 54.49778 14.59921 (0.9314637,5,0.7) (0.9314637,1.291745,0.7)
blue 45.35537 54.53111 15.12989 (-0.6099131,5,0.7) (-0.6099131,0.07929839,0.7)
purple 48.36083 54.59778 10.8138 (-0.5328536,5,0.7) (-0.5328536,0.08076823,0.7)
yellow 49.35925 55.68667 14.96554 (-0.6092105,5,0.7) (-0.6092105,1.569228,0.7)
purple 48.85902 55.94222 12.10604 (0.9436784,5,0.7) (0.9436784,0.07841434,0.7)
yellow 48.85902 56.06445 16.32851 (-0.975795,5,0.7) (-0.975795,1.478285,0.7)
purple 47.86251 56.40889 14.26098 (-0.1264004,5,0.7) (-0.1264004,0.08144475,0.7)
yellow 49.85936 56.90889 16.10816 (0.679533,5,0.7) (0.679533,1.497658,0.7)
yellow 50.3584 56.92 15.23431 (0.6886876,5,0.7) (0.6886876,1.516397,0.7)
yellow 51.35476 57.03111 13.65383 (0.5345457,5,0.7) (0.5345457,1.577353,0.7)
yellow 50.85562 57.03111 14.71902 (0.554234,5,0.7) (0.554234,1.587658,0.7)
blue 49.85936 57.03111 12.24182 (0.6747203,5,0.7) (0.6747203,0.0793079,0.7)
blue 50.3584 57.06445 15.87711 (0.5107319,5,0.7) (0.5107319,1.611295,0.7)
blue 48.36083 57.13111 14.5783 (-0.7008326,5,0.7) (-0.7008326,0.08251536,0.7)
blue 51.35476 57.20889 13.92112 (0.422904,5,0.7) (0.422904,1.548119,0.7)
blue 44.35795 57.20889 19.91845 (0.0002604723,5,0.7) (0.0002604723,0.08478223,0.7)
purple 45.85526 57.28667 18.14018 (0.06906426,5,0.7) (0.06906426,0.0822279,0.7)
yellow 52.35381 57.89778 13.56883 (-0.1832129,5,0.7) (-0.1832129,1.634208,0.7)
purple 52.35381 57.93111 13.68197 (-0.08136141,5,0.7) (-0.08136141,1.646397,0.7)
purple 47.36157 58.15334 17.31738 (0.5609353,5,0.7) (0.5609353,0.08053881,0.7)
blue 52.35381 58.28667 10.31967 (-0.1708707,5,0.7) (-0.1708707,0.07863487,0.7)
yellow 53.35368 58.55333 13.2611 (-0.8460782,5,0.7) (-0.8460782,1.760635,0.7)
yellow 51.85487 58.57556 16.39408 (-0.7109656,5,0.7) (-0.7109656,1.734629,0.7)
blue 50.85562 58.64222 18.98919 (-0.8793988,5,0.7) (-0.8793988,1.842107,0.7)
yellow 52.86388 58.73111 15.10285 (-0.8364911,5,0.7) (-0.8364911,1.852579,0.7)
blue 47.86251 59.53111 18.45675 (-0.206314,5,0.7) (-0.206314,0.08416253,0.7)
blue 51.85487 59.58667 13.06215 (-0.6295786,5,0.7) (-0.6295786,0.0770051,0.7)
blue 48.85902 59.80889 17.53172 (-0.4752911,5,0.7) (-0.4752911,0.08461511,0.7)
purple 49.35925 60.02 17.15475 (-0.3459061,5,0.7) (-0.3459061,0.08471304,0.7)
blue 47.36157 60.14222 19.82967 (0.7596002,5,0.7) (0.7596002,0.08225293,0.7)
purple 50.3584 60.57556 16.55445 (0.2536466,5,0.7) (0.2536466,0.08049539,0.7)
purple 53.35368 60.63111 12.39293 (0.6841378,5,0.7) (0.6841378,0.07980694,0.7)
blue 49.35925 61.14222 18.59543 (-0.5376129,5,0.7) (-0.5376129,0.08359176,0.7)
purple 51.35476 61.66444 16.68245 (0.6648242,5,0.7) (0.6648242,0.08390278,0.7)
purple 51.85487 62.07556 16.55659 (0.578738,5,0.7) (0.578738,0.08125604,0.7)
purple 49.85936 62.35334 19.48588 (0.1932205,5,0.7) (0.1932205,0.08538041,0.7)
blue 53.35368 63.15334 15.99611 (-0.7741675,5,0.7) (-0.7741675,0.08404455,0.7)
purple 50.85562 63.36444 19.49121 (0.4457197,5,0.7) (0.4457197,0.08264391,0.7)
blue 52.86388 65.05334 19.11189 (0.01206005,5,0.7) (0.01206005,0.08430055,0.7)
purple 52.86388 65.35333 19.48482 (0.3332176,5,0.7) (0.3332176,0.08494298,0.7)
0
yellow 74.55776 80.22 15.60682 (0.7250283,5,0.7) (0.7250283,2.083257,0.7)
yellow 75.55445 81.09778 15.24762 (0.07880461,5,0.7) (0.07880461,2.06626,0.7)
yellow 75.05544 81.70889 14.513 (-0.326697,5,0.7) (-0.326697,1.259388,0.7)
blue 74.55776 82.35333 13.16937 (-0.8518224,5,0.7) (-0.8518224,0.08108962,0.7)
blue 75.55445 82.50889 11.90351 (-0.4353377,5,0.7) (-0.4353377,0.07803461,0.7)
yellow 76.56411 82.85333 14.50299 (0.9153435,5,0.7) (0.9153435,1.458127,0.7)
purple 74.55776 83.28667 14.51014 (-0.8916588,5,0.7) (-0.8916588,0.0802653,0.7)
yellow 78.06107 84.04222 15.55822 (0.8037221,5,0.7) (0.8037221,1.904314,0.7)
blue 75.05544 84.06445 14.89804 (-0.3051115,5,0.7) (-0.3051115,0.07940444,0.7)
yellow 79.06023 84.32 14.20209 (0.5523009,5,0.7) (0.5523009,1.970647,0.7)
yellow 78.56036 84.42 16.19023 (0.4523894,5,0.7) (0.4523894,2.109924,0.7)
purple 77.56291 84.64223 18.9286 (0.3282335,5,0.7) (0.3282335,2.11582,0.7)
purple 76.56411 84.86445 13.90246 (-0.5170116,5,0.7) (-0.5170116,0.0776124,0.7)
purple 78.06107 85.06445 11.98954 (0.39114,5,0.7) (0.39114,0.07888335,0.7)
yellow 76.05361 85.15334 15.03142 (0.9233344,5,0.7) (0.9233344,0.08305925,0.7)
blue 76.05361 85.44222 15.42964 (0.9803147,5,0.7) (0.9803147,0.08234346,0.7)
blue 79.5595 85.49778 10.33245 (0.7437119,5,0.7) (0.7437119,0.07608485,0.7)
blue 76.56411 85.88667 15.3555 (0.973525,5,0.7) (0.973525,0.08327085,0.7)
yellow 79.5595 85.94222 13.09803 (-0.5986402,5,0.7) (-0.5986402,0.9530604,0.7)
purple 79.5595 86.03111 12.88023 (-0.7041693,5,0.7) (-0.7041693,0.8158116,0.7)
purple 75.05544 86.13111 17.67723 (0.9787021,5,0.7) (0.9787021,0.08013242,0.7)
blue 79.06023 86.32 12.3729 (-0.1201907,5,0.7) (-0.1201907,0.07828898,0.7)
yellow 77.06403 86.52 15.53708 (-0.7041836,5,0.7) (-0.7041836,0.08249456,0.7)
purple 78.56036 86.57555 13.4979 (0.9185524,5,0.7) (0.9185524,0.08292999,0.7)
yellow 77.56291 86.70889 15.10923 (-0.7937427,5,0.7) (-0.7937427,0.08323741,0.7)
blue 77.56291 86.77556 15.19591 (-0.6188576,5,0.7) (-0.6188576,0.08097807,0.7)
blue 82.05371 86.86445 11.35984 (-0.09732687,5,0.7) (-0.09732687,1.427746,0.7)
yellow 80.05749 86.88667 15.46974 (0.01498878,5,0.7) (0.01498878,1.439655,0.7)
yellow 81.0554 86.96445 14.01447 (0.2343878,5,0.7) (0.2343878,1.542211,0.7)
purple 80.05749 87.12 15.60828 (0.3186023,5,0.7) (0.3186023,1.356272,0.7)
blue 78.56036 87.28667 19.16811 (0.0230366,5,0.7) (0.0230366,1.498864,0.7)
purple 81.55559 87.30889 10.03962 (0.827811,5,0.7) (0.827811,0.08024982,0.7)
blue 80.05749 87.36445 12.43775 (-0.2051827,5,0.7) (-0.2051827,0.07750809,0.7)
yellow 81.55559 87.38667 14.65751 (0.0719136,5,0.7) (0.0719136,1.763717,0.7)
purple 75.55445 87.82 19.1909 (0.1497513,5,0.7) (0.1497513,0.08311233,0.7)
blue 77.06403 87.87556 17.34561 (-0.3290235,5,0.7) (-0.3290235,0.08023576,0.7)
yellow 80.55623 87.97556 15.83816 (-0.5186939,5,0.7) (-0.5186939,1.23831,0.7)
purple 76.05361 88.06445 18.87892 (0.3351118,5,0.7) (0.3351118,0.08509341,0.7)
blue 78.06107 88.10889 16.33123 (-0.9448743,5,0.7) (-0.9448743,0.08047238,0.7)
purple 77.06403 88.29778 17.90326 (0.4943993,5,0.7) (0.4943993,0.0839835,0.7)
blue 81.0554 88.43111 12.53366 (-0.3839391,5,0.7) (-0.3839391,0.07593324,0.7)
yellow 82.05371 88.52 16.1996 (-0.2287916,5,0.7) (-0.2287916,1.813963,0.7)
purple 79.06023 88.58667 15.62849 (-0.3517393,5,0.7) (-0.3517393,0.08248556,0.7)
yellow 82.56361 88.75333 14.97157 (-0.6401279,5,0.7) (-0.6401279,1.643714,0.7)
yellow 83.05999 89.08667 14.08448 (-0.9547863,5,0.7) (-0.9547863,1.490533,0.7)
purple 82.56361 89.10889 11.28413 (-0.5940375,5,0.7) (-0.5940375,0.0743552,0.7)
blue 80.55623 89.30889 14.54891 (0.6297884,5,0.7) (0.6297884,0.08323283,0.7)
yellow 84.06129 89.35333 13.63816 (-0.6847715,5,0.7) (-0.6847715,1.803374,0.7)
yellow 83.55803 90.27556 15.41416 (0.1768683,5,0.7) (0.1768683,1.482858,0.7)
purple 81.0554 90.45334 15.43477 (-0.8729722,5,0.7) (-0.8729722,0.07846048,0.7)
purple 83.05999 90.57555 12.75965 (0.1007603,5,0.7) (0.1007603,0.08101058,0.7)
blue 81.55559 91.53111 16.23276 (0.7786283,5,0.7) (0.7786283,0.0827155,0.7)
purple 80.55623 91.98667 18.13737 (0.5169141,5,0.7) (0.5169141,0.08128053,0.7)
purple 84.06129 92.46445 14.0542 (-0.9913077,5,0.7) (-0.9913077,0.08111203,0.7)
blue 83.05999 92.65334 15.71747 (0.4589579,5,0.7) (0.4589579,0.08160022,0.7)
purple 82.05371 93.30889 17.90682 (-0.8640609,5,0.7) (-0.8640609,0.08029479,0.7)
blue 82.56361 93.73111 17.81529 (0.08742726,5,0.7) (0.08742726,0.08325846,0.7)
blue 83.55803 94.85333 17.96675 (0.003990054,5,0.7) (0.003990054,0.08128579,0.7)
purple 83.55803 95.00889 18.17492 (0.8304496,5,0.7) (0.8304496,0.08437505,0.7)
blue 84.06129 96.87556 19.87929 (0.5786042,5,0.7) (0.5786042,0.0851965,0.7)
0
